800.000000  8.536147e-023
800.200000  7.111487e-023
800.400000  8.549263e-023
800.600000  4.915533e-023
800.800000  8.749622e-023
801.000000  3.754264e-023
801.200000  9.542960e-023
801.400000  6.812183e-023
801.600000  6.514836e-023
801.800000  2.792675e-023
802.000000  6.868047e-023
802.200000  1.102810e-022
802.400000  1.058315e-022
802.600000  6.401012e-023
802.800000  6.790800e-023
803.000000  9.802080e-023
803.200000  6.746363e-023
803.400000  9.471550e-023
803.600000  1.531822e-022
803.800000  1.217995e-022
804.000000  1.068290e-022
804.200000  7.579831e-023
804.400000  1.577761e-022
804.600000  8.013304e-023
804.800000  8.325025e-023
805.000000  1.089630e-022
805.200000  1.105090e-022
805.400000  9.251399e-023
805.600000  7.400651e-023
805.800000  8.765914e-023
806.000000  7.459526e-023
806.200000  5.086178e-023
806.400000  3.831497e-023
806.600000  1.101424e-022
806.800000  5.570788e-023
807.000000  2.314646e-023
807.200000  3.482902e-023
807.400000  6.235842e-023
807.600000  4.156821e-023
807.800000  -3.740760e-025
808.000000  4.121154e-023
808.200000  6.161462e-023
808.400000  1.673772e-023
808.600000  1.725948e-023
808.800000  9.699772e-023
809.000000  7.090152e-023
809.200000  4.926000e-023
809.400000  6.621615e-023
809.600000  8.693962e-023
809.800000  7.199585e-023
810.000000  1.716782e-023
810.200000  6.081418e-023
810.400000  9.136792e-023
810.600000  1.106935e-022
810.800000  4.078462e-023
811.000000  4.375989e-023
811.200000  7.833398e-023
811.400000  4.327479e-023
811.600000  5.637171e-023
811.800000  7.409440e-023
812.000000  7.133281e-023
812.200000  5.740854e-023
812.400000  2.990850e-024
812.600000  7.282945e-023
812.800000  8.073400e-023
813.000000  2.470302e-023
813.200000  3.907073e-023
813.400000  3.019158e-023
813.600000  7.527369e-023
813.800000  -7.445159e-024
814.000000  4.924767e-023
814.200000  1.414105e-023
814.400000  2.800423e-023
814.600000  1.243269e-024
814.800000  -1.667784e-023
815.000000  2.665671e-023
815.200000  3.108689e-023
815.400000  1.873933e-023
815.600000  2.253710e-023
815.800000  6.276050e-023
816.000000  4.229870e-023
816.200000  3.927578e-023
816.400000  4.974785e-023
816.600000  3.472807e-023
816.800000  4.150169e-023
817.000000  7.199416e-023
817.200000  8.023263e-024
817.400000  6.167672e-023
817.600000  5.243506e-023
817.800000  -2.955018e-024
818.000000  4.818493e-024
818.200000  2.194701e-023
818.400000  2.780682e-023
818.600000  -2.023251e-023
818.800000  1.786067e-023
819.000000  4.211509e-023
819.200000  2.733324e-023
819.400000  -2.281463e-023
819.600000  3.280068e-023
819.800000  4.299550e-023
820.000000  3.838729e-023
820.200000  -2.040716e-023
820.400000  4.860668e-023
820.600000  6.440533e-023
820.800000  1.490567e-023
821.000000  -3.520634e-023
821.200000  1.616588e-023
821.400000  4.458674e-023
821.600000  -1.430118e-023
821.800000  1.310127e-023
822.000000  6.561190e-023
822.200000  1.489888e-023
822.400000  8.582203e-024
822.600000  5.328704e-023
822.800000  8.110054e-023
823.000000  7.908540e-024
823.200000  -2.230895e-023
823.400000  2.622216e-023
823.600000  7.280316e-023
823.800000  5.101720e-023
824.000000  2.413683e-024
824.200000  5.527230e-023
824.400000  3.693414e-023
824.600000  8.444776e-024
824.800000  -1.549431e-023
825.000000  4.224595e-023
825.200000  4.136472e-023
825.400000  -1.930151e-023
825.600000  -1.714698e-023
825.800000  2.499883e-023
826.000000  2.322050e-023
826.200000  3.488044e-023
826.400000  2.743594e-023
826.600000  4.822665e-023
826.800000  1.459986e-023
827.000000  2.125580e-023
827.200000  7.553388e-023
827.400000  6.976577e-023
827.600000  2.757476e-023
827.800000  2.044640e-023
828.000000  5.006979e-023
828.200000  5.898755e-023
828.400000  1.437770e-023
828.600000  7.755569e-024
828.800000  5.636934e-023
829.000000  1.845672e-023
829.200000  4.561458e-023
829.400000  3.064499e-023
829.600000  5.717751e-023
829.800000  1.998793e-023
830.000000  3.195749e-023
830.200000  7.714987e-024
830.400000  3.295639e-023
830.600000  4.948187e-023
830.800000  1.324373e-023
831.000000  -1.550022e-023
831.200000  -2.425789e-023
831.400000  1.572040e-023
831.600000  -1.894434e-023
831.800000  -2.054808e-023
832.000000  1.439526e-024
832.200000  4.942649e-023
832.400000  -1.930805e-023
832.600000  -1.276786e-023
832.800000  3.306662e-023
833.000000  5.063010e-025
833.200000  2.556411e-023
833.400000  1.340025e-024
833.600000  3.177570e-023
833.800000  -3.462634e-024
834.000000  2.076441e-025
834.200000  -8.803115e-027
834.400000  2.562990e-023
834.600000  -3.585145e-024
834.800000  -3.430292e-023
835.000000  -1.316588e-023
835.200000  2.608743e-023
835.400000  -9.098710e-024
835.600000  -5.544541e-024
835.800000  4.451724e-023
836.000000  4.509822e-023
836.200000  -1.525013e-023
836.400000  2.475707e-023
836.600000  2.741113e-023
836.800000  5.461429e-024
837.000000  1.580123e-023
837.200000  1.449043e-023
837.400000  3.515221e-023
837.600000  2.155349e-023
837.800000  -2.966423e-023
838.000000  -7.604906e-024
838.200000  3.181780e-023
838.400000  -1.727668e-023
838.600000  -3.162866e-023
838.800000  -2.068140e-023
839.000000  -3.297430e-024
839.200000  -6.545339e-023
839.400000  -4.806113e-023
839.600000  -1.294562e-023
839.800000  6.325704e-024
840.000000  -5.512224e-024
840.200000  1.013280e-023
840.400000  2.283168e-023
840.600000  -1.542582e-023
840.800000  1.069827e-023
841.000000  -3.794908e-023
841.200000  2.539026e-023
841.400000  -1.689896e-023
841.600000  -1.868650e-023
841.800000  3.405856e-023
842.000000  -2.250563e-023
842.200000  -6.600494e-024
842.400000  -1.541227e-024
842.600000  4.914633e-023
842.800000  1.540322e-023
843.000000  6.755176e-024
843.200000  1.169110e-023
843.400000  1.776960e-023
843.600000  3.270652e-023
843.800000  -4.547192e-023
844.000000  -2.958938e-023
844.200000  2.297494e-023
844.400000  -1.700088e-023
844.600000  -7.115721e-024
844.800000  -1.954479e-023
845.000000  -5.083339e-024
845.200000  -2.006804e-023
845.400000  1.147313e-023
845.600000  2.582611e-023
845.800000  -1.006633e-023
846.000000  7.206484e-024
846.200000  6.921372e-024
846.400000  -1.301354e-023
846.600000  2.519510e-023
846.800000  -6.754517e-024
847.000000  1.272506e-023
847.200000  -5.695574e-024
847.400000  3.116178e-023
847.600000  4.091740e-023
847.800000  -1.165039e-024
848.000000  -1.521812e-024
848.200000  2.267499e-023
848.400000  2.334551e-023
848.600000  -1.973059e-023
848.800000  1.241291e-023
849.000000  9.722368e-024
849.200000  -2.606142e-023
849.400000  -5.523928e-024
849.600000  -1.701216e-023
849.800000  2.076012e-023
850.000000  -5.197077e-023
850.200000  -4.832910e-023
850.400000  -3.693494e-024
850.600000  -1.168019e-023
850.800000  -4.361900e-023
851.000000  -2.928592e-023
851.200000  -1.005364e-024
851.400000  -3.813553e-023
851.600000  -2.636724e-023
851.800000  -1.364606e-023
852.000000  -8.021046e-024
852.200000  -2.058146e-023
852.400000  -2.763722e-023
852.600000  8.854326e-024
852.800000  6.863003e-024
853.000000  -1.090349e-023
853.200000  -6.474487e-023
853.400000  5.657945e-024
853.600000  5.101858e-024
853.800000  -3.309220e-023
854.000000  -2.376977e-024
854.200000  3.897191e-023
854.400000  -1.015627e-023
854.600000  -4.090594e-023
854.800000  3.601096e-024
855.000000  1.425462e-023
855.200000  -1.998791e-023
855.400000  -3.654231e-023
855.600000  2.415981e-024
855.800000  -9.246732e-024
856.000000  -2.429425e-023
856.200000  -4.538457e-023
856.400000  1.897741e-023
856.600000  -2.298581e-023
856.800000  -2.446005e-023
857.000000  -2.292023e-024
857.200000  -1.329904e-023
857.400000  5.600745e-024
857.600000  5.709527e-024
857.800000  6.516323e-024
858.000000  -2.347959e-024
858.200000  -2.686760e-024
858.400000  -2.870379e-023
858.600000  -1.502117e-023
858.800000  -3.871399e-023
859.000000  -2.329277e-023
859.200000  2.778795e-024
859.400000  -1.347292e-023
859.600000  -1.047079e-023
859.800000  6.398001e-024
860.000000  2.713900e-023
860.200000  6.973687e-024
860.400000  7.806231e-024
860.600000  1.773463e-023
860.800000  -6.892394e-025
861.000000  -3.751823e-024
861.200000  2.545308e-024
861.400000  1.118736e-023
861.600000  -3.731957e-023
861.800000  -1.374362e-023
862.000000  -6.917116e-024
862.200000  -7.779129e-024
862.400000  -6.777085e-023
862.600000  2.026604e-024
862.800000  -8.573487e-024
863.000000  -1.780281e-023
863.200000  -5.427483e-023
863.400000  -3.604364e-023
863.600000  2.263306e-024
863.800000  -1.600767e-023
864.000000  -9.263670e-024
864.200000  5.280524e-025
864.400000  1.813206e-023
864.600000  -1.071829e-023
864.800000  -2.231419e-023
865.000000  1.655557e-023
865.200000  1.910892e-023
865.400000  -1.707976e-023
865.600000  2.074263e-023
865.800000  6.517518e-023
866.000000  2.395590e-023
866.200000  6.593875e-024
866.400000  1.250045e-023
866.600000  4.785378e-023
866.800000  -5.843547e-024
867.000000  -1.238817e-023
867.200000  6.267874e-025
867.400000  3.299616e-023
867.600000  -3.520913e-023
867.800000  2.339907e-023
868.000000  1.259782e-023
868.200000  2.185729e-023
868.400000  -2.821475e-023
868.600000  -1.671470e-023
868.800000  2.030175e-023
869.000000  -2.976866e-023
869.200000  -1.839521e-023
869.400000  1.571945e-024
869.600000  1.290730e-023
869.800000  -2.628353e-023
870.000000  -2.487617e-023
870.200000  4.378145e-024
870.400000  4.183069e-024
870.600000  -1.052589e-024
870.800000  8.420554e-024
871.000000  3.521966e-023
871.200000  4.977933e-023
871.400000  -1.464713e-024
871.600000  3.369567e-023
871.800000  4.435419e-023
872.000000  5.831495e-023
872.200000  -8.760670e-025
872.400000  4.847600e-023
872.600000  4.815556e-023
872.800000  -7.299612e-024
873.000000  5.532103e-024
873.200000  4.920188e-023
873.400000  4.474245e-024
873.600000  3.202414e-023
873.800000  2.653353e-023
874.000000  1.289605e-023
874.200000  1.658855e-023
874.400000  2.046386e-023
874.600000  1.592428e-024
874.800000  1.797715e-023
875.000000  8.811902e-024
875.200000  1.799799e-023
875.400000  1.298321e-023
875.600000  1.917834e-023
875.800000  2.673002e-023
876.000000  3.730885e-023
876.200000  1.068206e-023
876.400000  3.571832e-023
876.600000  3.787174e-023
876.800000  7.053534e-023
877.000000  1.064271e-023
877.200000  3.134954e-023
877.400000  4.571526e-023
877.600000  5.672672e-023
877.800000  4.235681e-023
878.000000  4.699939e-023
878.200000  8.674244e-023
878.400000  4.409035e-023
878.600000  7.240259e-023
878.800000  6.527134e-023
879.000000  9.844591e-023
879.200000  9.021078e-023
879.400000  1.152760e-022
879.600000  1.122917e-022
879.800000  1.356907e-022
880.000000  1.308978e-022
880.200000  1.230965e-022
880.400000  1.618522e-022
880.600000  1.221006e-022
880.800000  1.108909e-022
881.000000  1.369528e-022
881.200000  1.531133e-022
881.400000  9.336496e-023
881.600000  8.534551e-023
881.800000  1.443850e-022
882.000000  9.241610e-023
882.200000  7.047946e-023
882.400000  9.699887e-023
882.600000  1.018058e-022
882.800000  1.051975e-022
883.000000  9.717929e-023
883.200000  7.378647e-023
883.400000  1.135051e-022
883.600000  1.118962e-022
883.800000  8.285387e-023
884.000000  1.221526e-022
884.200000  1.422452e-022
884.400000  1.012525e-022
884.600000  1.056022e-022
884.800000  1.198156e-022
885.000000  1.495657e-022
885.200000  1.345101e-022
885.400000  1.449766e-022
885.600000  1.437872e-022
885.800000  1.586313e-022
886.000000  1.375831e-022
886.200000  1.317291e-022
886.400000  1.923056e-022
886.600000  1.718211e-022
886.800000  1.824545e-022
887.000000  1.910561e-022
887.200000  1.889037e-022
887.400000  1.750105e-022
887.600000  1.821619e-022
887.800000  1.465599e-022
888.000000  2.231953e-022
888.200000  1.592518e-022
888.400000  1.947369e-022
888.600000  1.560947e-022
888.800000  2.019775e-022
889.000000  2.155772e-022
889.200000  1.605249e-022
889.400000  1.646484e-022
889.600000  2.019767e-022
889.800000  2.014900e-022
890.000000  2.138375e-022
890.200000  1.979770e-022
890.400000  2.248411e-022
890.600000  1.896004e-022
890.800000  1.976743e-022
891.000000  2.243197e-022
891.200000  2.812518e-022
891.400000  2.601759e-022
891.600000  2.315237e-022
891.800000  2.783592e-022
892.000000  3.060441e-022
892.200000  3.092818e-022
892.400000  2.989260e-022
892.600000  3.150571e-022
892.800000  3.362259e-022
893.000000  3.537058e-022
893.200000  3.044360e-022
893.400000  3.627252e-022
893.600000  3.582042e-022
893.800000  3.408534e-022
894.000000  3.119779e-022
894.200000  3.675248e-022
894.400000  3.694139e-022
894.600000  3.285287e-022
894.800000  3.581943e-022
895.000000  4.024193e-022
895.200000  3.884880e-022
895.400000  3.809454e-022
895.600000  3.674904e-022
895.800000  4.008283e-022
896.000000  3.911911e-022
896.200000  3.593039e-022
896.400000  4.144063e-022
896.600000  4.330878e-022
896.800000  3.920225e-022
897.000000  3.899687e-022
897.200000  4.663877e-022
897.400000  4.768423e-022
897.600000  4.653404e-022
897.800000  4.509654e-022
898.000000  5.312180e-022
898.200000  4.889390e-022
898.400000  4.738356e-022
898.600000  5.116084e-022
898.800000  5.610674e-022
899.000000  5.607428e-022
899.200000  5.295761e-022
899.400000  5.374313e-022
899.600000  6.143983e-022
899.800000  5.595244e-022
900.000000  5.925419e-022
900.200000  5.827156e-022
900.400000  6.249675e-022
900.600000  5.962467e-022
900.800000  6.681394e-022
901.000000  6.393953e-022
901.200000  6.574236e-022
901.400000  6.444450e-022
901.600000  6.790185e-022
901.800000  6.565103e-022
902.000000  7.229186e-022
902.200000  7.252361e-022
902.400000  7.418125e-022
902.600000  7.523297e-022
902.800000  7.769891e-022
903.000000  7.906822e-022
903.200000  7.887230e-022
903.400000  8.179995e-022
903.600000  8.348679e-022
903.800000  8.481853e-022
904.000000  8.717169e-022
904.200000  8.933655e-022
904.400000  8.960073e-022
904.600000  8.823093e-022
904.800000  9.135186e-022
905.000000  9.344240e-022
905.200000  9.575679e-022
905.400000  9.822230e-022
905.600000  1.000284e-021
905.800000  1.007321e-021
906.000000  9.882138e-022
906.200000  1.061317e-021
906.400000  1.047229e-021
906.600000  1.127038e-021
906.800000  1.120068e-021
907.000000  1.130013e-021
907.200000  1.122537e-021
907.400000  1.120612e-021
907.600000  1.110417e-021
907.800000  1.130010e-021
908.000000  1.200159e-021
908.200000  1.191008e-021
908.400000  1.196289e-021
908.600000  1.233239e-021
908.800000  1.249861e-021
909.000000  1.294110e-021
909.200000  1.319029e-021
909.400000  1.286400e-021
909.600000  1.336253e-021
909.800000  1.368681e-021
910.000000  1.364533e-021
910.200000  1.298178e-021
910.400000  1.406861e-021
910.600000  1.419046e-021
910.800000  1.461833e-021
911.000000  1.500010e-021
911.200000  1.546624e-021
911.400000  1.505618e-021
911.600000  1.550692e-021
911.800000  1.541242e-021
912.000000  1.547585e-021
912.200000  1.583885e-021
912.400000  1.588799e-021
912.600000  1.626342e-021
912.800000  1.680293e-021
913.000000  1.629074e-021
913.200000  1.713744e-021
913.400000  1.802687e-021
913.600000  1.698735e-021
913.800000  1.824771e-021
914.000000  1.835025e-021
914.200000  1.871575e-021
914.400000  1.895263e-021
914.600000  1.883617e-021
914.800000  1.954946e-021
915.000000  1.998930e-021
915.200000  1.948779e-021
915.400000  2.095221e-021
915.600000  2.111856e-021
915.800000  2.119277e-021
916.000000  2.176315e-021
916.200000  2.177841e-021
916.400000  2.231423e-021
916.600000  2.244045e-021
916.800000  2.291599e-021
917.000000  2.259794e-021
917.200000  2.303021e-021
917.400000  2.350858e-021
917.600000  2.401168e-021
917.800000  2.349972e-021
918.000000  2.379582e-021
918.200000  2.427631e-021
918.400000  2.519387e-021
918.600000  2.431855e-021
918.800000  2.501524e-021
919.000000  2.532399e-021
919.200000  2.532806e-021
919.400000  2.527881e-021
919.600000  2.586114e-021
919.800000  2.599456e-021
920.000000  2.671591e-021
920.200000  2.674040e-021
920.400000  2.619795e-021
920.600000  2.648118e-021
920.800000  2.607919e-021
921.000000  2.705248e-021
921.200000  2.724660e-021
921.400000  2.719012e-021
921.600000  2.686393e-021
921.800000  2.806137e-021
922.000000  2.782693e-021
922.200000  2.781831e-021
922.400000  2.761470e-021
922.600000  2.759275e-021
922.800000  2.778457e-021
923.000000  2.797632e-021
923.200000  2.853625e-021
923.400000  2.788915e-021
923.600000  3.049983e-021
923.800000  2.789401e-021
924.000000  2.870300e-021
924.200000  3.024268e-021
924.400000  2.880183e-021
924.600000  2.864097e-021
924.800000  3.125245e-021
925.000000  3.049394e-021
925.200000  3.080402e-021
925.400000  2.894691e-021
925.600000  3.063317e-021
925.800000  3.038832e-021
926.000000  3.101378e-021
926.200000  3.012075e-021
926.400000  3.024320e-021
926.600000  3.066590e-021
926.800000  3.037136e-021
927.000000  3.086137e-021
927.200000  3.061245e-021
927.400000  3.087813e-021
927.600000  3.036819e-021
927.800000  3.041397e-021
928.000000  3.077579e-021
928.200000  3.077281e-021
928.400000  2.936756e-021
928.600000  3.020632e-021
928.800000  2.907035e-021
929.000000  3.043668e-021
929.200000  3.063677e-021
929.400000  3.017157e-021
929.600000  2.954176e-021
929.800000  3.082875e-021
930.000000  3.040488e-021
930.200000  2.888154e-021
930.400000  3.069637e-021
930.600000  2.946258e-021
930.800000  3.025524e-021
931.000000  3.045073e-021
931.200000  3.031745e-021
931.400000  3.048180e-021
931.600000  3.082686e-021
931.800000  2.920877e-021
932.000000  2.845685e-021
932.200000  3.057660e-021
932.400000  3.005416e-021
932.600000  3.038633e-021
932.800000  3.057575e-021
933.000000  3.053951e-021
933.200000  3.014224e-021
933.400000  2.905870e-021
933.600000  2.937038e-021
933.800000  3.110322e-021
934.000000  3.068127e-021
934.200000  3.036202e-021
934.400000  3.047106e-021
934.600000  3.119319e-021
934.800000  3.036939e-021
935.000000  3.060587e-021
935.200000  3.067491e-021
935.400000  3.022403e-021
935.600000  3.038503e-021
935.800000  3.064176e-021
936.000000  3.154436e-021
936.200000  3.038100e-021
936.400000  2.952136e-021
936.600000  3.085218e-021
936.800000  3.083284e-021
937.000000  3.096161e-021
937.200000  3.105594e-021
937.400000  3.119948e-021
937.600000  3.148007e-021
937.800000  3.089125e-021
938.000000  3.134227e-021
938.200000  3.142744e-021
938.400000  3.153702e-021
938.600000  3.138262e-021
938.800000  3.160425e-021
939.000000  3.178143e-021
939.200000  3.245881e-021
939.400000  3.104299e-021
939.600000  3.238853e-021
939.800000  3.150108e-021
940.000000  3.165198e-021
940.200000  3.153610e-021
940.400000  3.167567e-021
940.600000  3.135357e-021
940.800000  3.047325e-021
941.000000  3.196908e-021
941.200000  3.181774e-021
941.400000  3.198889e-021
941.600000  3.205293e-021
941.800000  3.178566e-021
942.000000  3.214835e-021
942.200000  3.267073e-021
942.400000  3.251700e-021
942.600000  3.198606e-021
942.800000  3.255843e-021
943.000000  3.303101e-021
943.200000  3.361485e-021
943.400000  3.376972e-021
943.600000  3.290471e-021
943.800000  3.376139e-021
944.000000  3.354597e-021
944.200000  3.308598e-021
944.400000  3.369081e-021
944.600000  3.481844e-021
944.800000  3.363668e-021
945.000000  3.364616e-021
945.200000  3.420080e-021
945.400000  3.441303e-021
945.600000  3.401159e-021
945.800000  3.427204e-021
946.000000  3.548622e-021
946.200000  3.496978e-021
946.400000  3.439534e-021
946.600000  3.530800e-021
946.800000  3.650391e-021
947.000000  3.451965e-021
947.200000  3.487847e-021
947.400000  3.511115e-021
947.600000  3.556899e-021
947.800000  3.594522e-021
948.000000  3.495697e-021
948.200000  3.585272e-021
948.400000  3.571839e-021
948.600000  3.589879e-021
948.800000  3.548344e-021
949.000000  3.665485e-021
949.200000  3.587472e-021
949.400000  3.629735e-021
949.600000  3.532976e-021
949.800000  3.613518e-021
950.000000  3.570850e-021
950.200000  3.692912e-021
950.400000  3.630919e-021
950.600000  3.557129e-021
950.800000  3.680572e-021
951.000000  3.668331e-021
951.200000  3.658873e-021
951.400000  3.619417e-021
951.600000  3.642143e-021
951.800000  3.669687e-021
952.000000  3.751564e-021
952.200000  3.656564e-021
952.400000  3.662345e-021
952.600000  3.703834e-021
952.800000  3.712457e-021
953.000000  3.678944e-021
953.200000  3.759842e-021
953.400000  3.681011e-021
953.600000  3.739667e-021
953.800000  3.682905e-021
954.000000  3.759783e-021
954.200000  3.682942e-021
954.400000  3.696618e-021
954.600000  3.695579e-021
954.800000  3.714782e-021
955.000000  3.707930e-021
955.200000  3.756279e-021
955.400000  3.762841e-021
955.600000  3.755002e-021
955.800000  3.809644e-021
956.000000  3.735679e-021
956.200000  3.722000e-021
956.400000  3.739704e-021
956.600000  3.740292e-021
956.800000  3.671152e-021
957.000000  3.708127e-021
957.200000  3.786939e-021
957.400000  3.705976e-021
957.600000  3.658095e-021
957.800000  3.685492e-021
958.000000  3.675782e-021
958.200000  3.698447e-021
958.400000  3.735796e-021
958.600000  3.585498e-021
958.800000  3.693602e-021
959.000000  3.809336e-021
959.200000  3.740325e-021
959.400000  3.711351e-021
959.600000  3.596947e-021
959.800000  3.648218e-021
960.000000  3.556882e-021
960.200000  3.620190e-021
960.400000  3.649933e-021
960.600000  3.578854e-021
960.800000  3.613670e-021
961.000000  3.573831e-021
961.200000  3.610306e-021
961.400000  3.616395e-021
961.600000  3.571523e-021
961.800000  3.625927e-021
962.000000  3.615887e-021
962.200000  3.552285e-021
962.400000  3.564623e-021
962.600000  3.662600e-021
962.800000  3.685530e-021
963.000000  3.529569e-021
963.200000  3.596571e-021
963.400000  3.613444e-021
963.600000  3.565625e-021
963.800000  3.525572e-021
964.000000  3.558259e-021
964.200000  3.686178e-021
964.400000  3.531918e-021
964.600000  3.599039e-021
964.800000  3.687156e-021
965.000000  3.695451e-021
965.200000  3.611451e-021
965.400000  3.590599e-021
965.600000  3.623996e-021
965.800000  3.607186e-021
966.000000  3.579732e-021
966.200000  3.602944e-021
966.400000  3.599336e-021
966.600000  3.607898e-021
966.800000  3.572965e-021
967.000000  3.635686e-021
967.200000  3.685713e-021
967.400000  3.691393e-021
967.600000  3.690347e-021
967.800000  3.739464e-021
968.000000  3.854708e-021
968.200000  3.804189e-021
968.400000  3.914995e-021
968.600000  3.915374e-021
968.800000  3.948977e-021
969.000000  4.010028e-021
969.200000  4.155862e-021
969.400000  4.277299e-021
969.600000  4.315474e-021
969.800000  4.360738e-021
970.000000  4.382945e-021
970.200000  4.778248e-021
970.400000  4.914471e-021
970.600000  5.140046e-021
970.800000  5.370887e-021
971.000000  5.597535e-021
971.200000  5.891512e-021
971.400000  6.223701e-021
971.600000  6.620500e-021
971.800000  7.043978e-021
972.000000  7.537909e-021
972.200000  8.104566e-021
972.400000  8.705941e-021
972.600000  9.381645e-021
972.800000  1.012594e-020
973.000000  1.091084e-020
973.200000  1.167848e-020
973.400000  1.248841e-020
973.600000  1.326454e-020
973.800000  1.401537e-020
974.000000  1.469383e-020
974.200000  1.535621e-020
974.400000  1.592875e-020
974.600000  1.632817e-020
974.800000  1.654632e-020
975.000000  1.666933e-020
975.200000  1.662804e-020
975.400000  1.643590e-020
975.600000  1.613425e-020
975.800000  1.574985e-020
976.000000  1.529062e-020
976.200000  1.471979e-020
976.400000  1.409416e-020
976.600000  1.349914e-020
976.800000  1.289143e-020
977.000000  1.226736e-020
977.200000  1.163281e-020
977.400000  1.107515e-020
977.600000  1.049132e-020
977.800000  9.941113e-021
978.000000  9.418963e-021
978.200000  8.929073e-021
978.400000  8.467392e-021
978.600000  8.026168e-021
978.800000  7.630375e-021
979.000000  7.247613e-021
979.200000  6.857784e-021
979.400000  6.521513e-021
979.600000  6.191792e-021
979.800000  5.895770e-021
980.000000  5.594671e-021
980.200000  5.347232e-021
980.400000  5.080930e-021
980.600000  4.860714e-021
980.800000  4.625028e-021
981.000000  4.470620e-021
981.200000  4.276679e-021
981.400000  4.105011e-021
981.600000  3.961460e-021
981.800000  3.813170e-021
982.000000  3.665053e-021
982.200000  3.523588e-021
982.400000  3.407974e-021
982.600000  3.293111e-021
982.800000  3.180696e-021
983.000000  3.079264e-021
983.200000  3.025561e-021
983.400000  2.939100e-021
983.600000  2.888924e-021
983.800000  2.782509e-021
984.000000  2.738724e-021
984.200000  2.683774e-021
984.400000  2.626248e-021
984.600000  2.593795e-021
984.800000  2.520772e-021
985.000000  2.479761e-021
985.200000  2.456663e-021
985.400000  2.373522e-021
985.600000  2.333337e-021
985.800000  2.262197e-021
986.000000  2.243318e-021
986.200000  2.201377e-021
986.400000  2.175127e-021
986.600000  2.151517e-021
986.800000  2.130401e-021
987.000000  2.091274e-021
987.200000  2.029107e-021
987.400000  2.029938e-021
987.600000  2.013736e-021
987.800000  1.972594e-021
988.000000  1.994098e-021
988.200000  1.927911e-021
988.400000  1.979873e-021
988.600000  1.949232e-021
988.800000  1.906392e-021
989.000000  1.937858e-021
989.200000  1.908658e-021
989.400000  1.909631e-021
989.600000  1.865377e-021
989.800000  1.877735e-021
990.000000  1.884466e-021
990.200000  1.858379e-021
990.400000  1.836377e-021
990.600000  1.848216e-021
990.800000  1.847390e-021
991.000000  1.837331e-021
991.200000  1.821767e-021
991.400000  1.809672e-021
991.600000  1.820105e-021
991.800000  1.757214e-021
992.000000  1.786070e-021
992.200000  1.780413e-021
992.400000  1.759238e-021
992.600000  1.757315e-021
992.800000  1.760576e-021
993.000000  1.782504e-021
993.200000  1.728804e-021
993.400000  1.706902e-021
993.600000  1.746169e-021
993.800000  1.700811e-021
994.000000  1.667288e-021
994.200000  1.649407e-021
994.400000  1.676385e-021
994.600000  1.624304e-021
994.800000  1.605250e-021
995.000000  1.605687e-021
995.200000  1.597385e-021
995.400000  1.560527e-021
995.600000  1.552339e-021
995.800000  1.558151e-021
996.000000  1.534770e-021
996.200000  1.531089e-021
996.400000  1.499795e-021
996.600000  1.515612e-021
996.800000  1.468028e-021
997.000000  1.475476e-021
997.200000  1.447802e-021
997.400000  1.453881e-021
997.600000  1.429295e-021
997.800000  1.420602e-021
998.000000  1.414519e-021
998.200000  1.401918e-021
998.400000  1.401430e-021
998.600000  1.375756e-021
998.800000  1.367895e-021
999.000000  1.335550e-021
999.200000  1.318945e-021
999.400000  1.295704e-021
999.600000  1.290831e-021
999.800000  1.277438e-021
1000.000000  1.285324e-021
1000.200000  1.253713e-021
1000.400000  1.257089e-021
1000.600000  1.223667e-021
1000.800000  1.240732e-021
1001.000000  1.221784e-021
1001.200000  1.193846e-021
1001.400000  1.199859e-021
1001.600000  1.168208e-021
1001.800000  1.135982e-021
1002.000000  1.113060e-021
1002.200000  1.142856e-021
1002.400000  1.107242e-021
1002.600000  1.069465e-021
1002.800000  1.076734e-021
1003.000000  1.086909e-021
1003.200000  1.052216e-021
1003.400000  1.048597e-021
1003.600000  1.040539e-021
1003.800000  1.042074e-021
1004.000000  1.000782e-021
1004.200000  9.895577e-022
1004.400000  9.945726e-022
1004.600000  9.779733e-022
1004.800000  9.305162e-022
1005.000000  9.258418e-022
1005.200000  9.280674e-022
1005.400000  8.928870e-022
1005.600000  8.765996e-022
1005.800000  8.907231e-022
1006.000000  8.815866e-022
1006.200000  8.503313e-022
1006.400000  8.295824e-022
1006.600000  8.312444e-022
1006.800000  8.311994e-022
1007.000000  7.936762e-022
1007.200000  7.729499e-022
1007.400000  7.720652e-022
1007.600000  7.551630e-022
1007.800000  7.249961e-022
1008.000000  7.148131e-022
1008.200000  7.227508e-022
1008.400000  7.089592e-022
1008.600000  6.851919e-022
1008.800000  6.743072e-022
1009.000000  6.819177e-022
1009.200000  6.655999e-022
1009.400000  6.613703e-022
1009.600000  6.522498e-022
1009.800000  6.461767e-022
1010.000000  6.334817e-022
1010.200000  6.184785e-022
1010.400000  6.261863e-022
1010.600000  6.301704e-022
1010.800000  6.062729e-022
1011.000000  6.023927e-022
1011.200000  6.020291e-022
1011.400000  6.113489e-022
1011.600000  5.961211e-022
1011.800000  5.750492e-022
1012.000000  5.784584e-022
1012.200000  5.612105e-022
1012.400000  5.481902e-022
1012.600000  5.498460e-022
1012.800000  5.257503e-022
1013.000000  5.267180e-022
1013.200000  5.083113e-022
1013.400000  5.009292e-022
1013.600000  4.865644e-022
1013.800000  4.802871e-022
1014.000000  4.881619e-022
1014.200000  4.680458e-022
1014.400000  4.577037e-022
1014.600000  4.456512e-022
1014.800000  4.483807e-022
1015.000000  4.359760e-022
1015.200000  4.496143e-022
1015.400000  4.401789e-022
1015.600000  4.189934e-022
1015.800000  4.244549e-022
1016.000000  4.162088e-022
1016.200000  4.348727e-022
1016.400000  4.027678e-022
1016.600000  3.901283e-022
1016.800000  3.950081e-022
1017.000000  3.966912e-022
1017.200000  3.655016e-022
1017.400000  3.505845e-022
1017.600000  3.598656e-022
1017.800000  3.543405e-022
1018.000000  3.173260e-022
1018.200000  3.220291e-022
1018.400000  3.263610e-022
1018.600000  3.033847e-022
1018.800000  2.903250e-022
1019.000000  3.027761e-022
1019.200000  3.113020e-022
1019.400000  2.933396e-022
1019.600000  2.690006e-022
1019.800000  2.861732e-022
1020.000000  2.889987e-022
1020.200000  2.445465e-022
1020.400000  2.638618e-022
1020.600000  2.757618e-022
1020.800000  2.542939e-022
1021.000000  2.473200e-022
1021.200000  2.488065e-022
1021.400000  2.647970e-022
1021.600000  2.458487e-022
1021.800000  2.295949e-022
1022.000000  2.455901e-022
1022.200000  2.605830e-022
1022.400000  2.175245e-022
1022.600000  2.124550e-022
1022.800000  2.381801e-022
1023.000000  2.259492e-022
1023.200000  2.069880e-022
1023.400000  2.066091e-022
1023.600000  2.289965e-022
1023.800000  2.172681e-022
1024.000000  2.093845e-022
1024.200000  2.252550e-022
1024.400000  2.246063e-022
1024.600000  2.118081e-022
1024.800000  1.891872e-022
1025.000000  2.019965e-022
1025.200000  1.985992e-022
1025.400000  1.784612e-022
1025.600000  1.850939e-022
1025.800000  1.804786e-022
1026.000000  1.913838e-022
1026.200000  1.772296e-022
1026.400000  1.935184e-022
1026.600000  1.822379e-022
1026.800000  1.858927e-022
1027.000000  1.860411e-022
1027.200000  1.814635e-022
1027.400000  1.763880e-022
1027.600000  1.614085e-022
1027.800000  1.582234e-022
1028.000000  1.618115e-022
1028.200000  1.508218e-022
1028.400000  1.454239e-022
1028.600000  1.381042e-022
1028.800000  1.133554e-022
1029.000000  1.192573e-022
1029.200000  1.281498e-022
1029.400000  1.297514e-022
1029.600000  1.113885e-022
1029.800000  1.087128e-022
1030.000000  9.859264e-023
1030.200000  9.842347e-023
1030.400000  8.633761e-023
1030.600000  8.986070e-023
1030.800000  8.636535e-023
1031.000000  8.615464e-023
1031.200000  8.199363e-023
1031.400000  7.412243e-023
1031.600000  9.512209e-023
1031.800000  7.069558e-023
1032.000000  7.024132e-023
1032.200000  1.016444e-022
1032.400000  7.740650e-023
1032.600000  7.506495e-023
1032.800000  8.021940e-023
1033.000000  7.677585e-023
1033.200000  5.917984e-023
1033.400000  6.552137e-023
1033.600000  6.954367e-023
1033.800000  7.268110e-023
1034.000000  4.132803e-023
1034.200000  6.000300e-023
1034.400000  7.300510e-023
1034.600000  6.827771e-023
1034.800000  5.209960e-023
1035.000000  5.047417e-023
1035.200000  6.935915e-023
1035.400000  4.891117e-023
1035.600000  3.671295e-023
1035.800000  6.166324e-023
1036.000000  5.894715e-023
1036.200000  4.205989e-023
1036.400000  3.550393e-023
1036.600000  5.152752e-023
1036.800000  5.873352e-023
1037.000000  6.809039e-023
1037.200000  6.718725e-023
1037.400000  6.338472e-023
1037.600000  5.530167e-023
1037.800000  4.280770e-023
1038.000000  4.768028e-023
1038.200000  4.212838e-023
1038.400000  3.609811e-023
1038.600000  1.824743e-023
1038.800000  3.154852e-023
1039.000000  2.163592e-023
1039.200000  1.161507e-023
1039.400000  1.819750e-023
1039.600000  1.264105e-023
1039.800000  7.238909e-024
1040.000000  3.507316e-024
1040.200000  1.000943e-023
1040.400000  1.159112e-023
1040.600000  1.576604e-023
1040.800000  5.356968e-024
1041.000000  -1.800282e-024
1041.200000  1.231726e-024
1041.400000  -3.059873e-023
1041.600000  -1.531921e-023
1041.800000  -3.201612e-023
1042.000000  -2.847594e-023
1042.200000  -3.526125e-023
1042.400000  -2.343738e-023
1042.600000  -3.296389e-023
1042.800000  -4.369845e-023
1043.000000  -4.696172e-023
1043.200000  -3.841638e-023
1043.400000  -5.245903e-023
1043.600000  -5.498103e-023
1043.800000  -5.178653e-023
1044.000000  -5.651536e-023
1044.200000  -7.821233e-023
1044.400000  -7.559395e-023
1044.600000  -6.683895e-023
1044.800000  -6.754507e-023
1045.000000  -7.744454e-023
1045.200000  -5.995811e-023
1045.400000  -5.784416e-023
1045.600000  -5.695345e-023
1045.800000  -5.184333e-023
1046.000000  -5.122906e-023
1046.200000  -6.328541e-023
1046.400000  -7.700246e-023
1046.600000  -8.080568e-023
1046.800000  -6.345054e-023
1047.000000  -9.082536e-023
1047.200000  -1.055249e-022
1047.400000  -9.390454e-023
1047.600000  -7.705768e-023
1047.800000  -9.564736e-023
1048.000000  -1.019575e-022
1048.200000  -9.656947e-023
1048.400000  -7.391237e-023
1048.600000  -1.064331e-022
1048.800000  -9.944511e-023
1049.000000  -7.768288e-023
1049.200000  -8.253675e-023
1049.400000  -9.895820e-023
1049.600000  -6.304584e-023
1049.800000  -6.223309e-023
1050.000000  -5.997927e-023
1050.200000  -3.138940e-023
1050.400000  -3.294071e-023
1050.600000  -8.805115e-024
1050.800000  -9.180325e-024
1051.000000  -2.684461e-023
1051.200000  -1.791486e-023
1051.400000  -7.429013e-024
1051.600000  -1.726250e-023
1051.800000  -3.790058e-023
1052.000000  -3.310188e-023
1052.200000  -4.603935e-023
1052.400000  -3.904644e-023
1052.600000  -4.244267e-023
1052.800000  -3.762216e-023
1053.000000  -3.494995e-023
1053.200000  -4.762636e-023
1053.400000  -3.814897e-023
1053.600000  -2.378709e-023
1053.800000  -2.325559e-023
1054.000000  -3.056179e-023
1054.200000  -1.473785e-023
1054.400000  -1.330902e-023
1054.600000  -3.058981e-023
1054.800000  -2.832165e-023
1055.000000  -2.385491e-023
1055.200000  -3.412840e-023
1055.400000  -5.109399e-023
1055.600000  -2.589490e-023
1055.800000  -3.218628e-023
1056.000000  -4.590511e-023
1056.200000  -3.784311e-023
1056.400000  -1.952514e-023
1056.600000  -2.763160e-023
1056.800000  -4.169863e-023
1057.000000  -3.582332e-023
1057.200000  -3.264300e-023
1057.400000  -4.772903e-023
1057.600000  -7.322074e-023
1057.800000  -5.880294e-023
1058.000000  -4.870976e-023
1058.200000  -7.200302e-023
1058.400000  -8.276854e-023
1058.600000  -7.052722e-023
1058.800000  -6.964679e-023
1059.000000  -8.022909e-023
1059.200000  -6.099949e-023
1059.400000  -6.006493e-023
1059.600000  -5.937083e-023
1059.800000  -6.796991e-023
1060.000000  -6.305316e-023
1060.200000  -3.620903e-023
1060.400000  -4.170547e-023
1060.600000  -5.359042e-023
1060.800000  -3.449996e-023
1061.000000  -3.245605e-023
1061.200000  -4.666289e-023
1061.400000  -2.745092e-023
1061.600000  -8.243708e-024
1061.800000  -1.218228e-023
1062.000000  -1.880968e-023
1062.200000  -1.584622e-024
1062.400000  6.140691e-024
1062.600000  1.565272e-023
1062.800000  3.328863e-024
1063.000000  2.204552e-023
1063.200000  1.742467e-024
1063.400000  -1.827470e-023
1063.600000  -1.412534e-023
1063.800000  3.647462e-025
1064.000000  -2.242763e-023
1064.200000  -3.221660e-023
1064.400000  -3.349707e-023
1064.600000  -6.971838e-024
1064.800000  -5.473671e-023
1065.000000  -4.195042e-023
1065.200000  -1.893685e-023
1065.400000  -2.331599e-023
1065.600000  -3.815240e-023
1065.800000  -3.619274e-023
1066.000000  -1.853695e-023
1066.200000  -3.643716e-023
1066.400000  -3.886489e-023
1066.600000  -2.887080e-023
1066.800000  -3.539441e-023
1067.000000  -3.779142e-023
1067.200000  -2.351084e-023
1067.400000  -2.275215e-023
1067.600000  -2.560685e-023
1067.800000  -3.727551e-023
1068.000000  -2.038014e-023
1068.200000  -1.277346e-023
1068.400000  -3.476503e-023
1068.600000  -4.052891e-023
1068.800000  -3.571528e-023
1069.000000  -3.408131e-023
1069.200000  -6.435676e-023
1069.400000  -4.856370e-023
1069.600000  -3.501304e-023
1069.800000  -5.343547e-023
1070.000000  -6.905536e-023
1070.200000  -4.073306e-023
1070.400000  -2.176720e-023
1070.600000  -4.531107e-023
1070.800000  -4.818175e-023
1071.000000  -5.097189e-023
1071.200000  -4.859473e-023
1071.400000  -5.927159e-023
1071.600000  -6.856046e-023
1071.800000  -5.082125e-023
1072.000000  -4.721101e-023
1072.200000  -6.089862e-023
1072.400000  -4.020895e-023
1072.600000  -2.471450e-023
1072.800000  -3.640256e-023
1073.000000  -2.522241e-023
1073.200000  -1.081413e-023
1073.400000  -1.414940e-024
1073.600000  -7.361138e-024
1073.800000  -1.465161e-023
1074.000000  4.320190e-024
1074.200000  -3.084067e-024
1074.400000  -1.541194e-023
1074.600000  -1.273867e-023
1074.800000  -1.136206e-023
1075.000000  -2.062225e-023
1075.200000  -3.869026e-024
1075.400000  -4.209136e-024
1075.600000  5.332603e-024
1075.800000  1.276786e-024
1076.000000  1.046756e-023
1076.200000  9.623995e-024
1076.400000  8.258254e-024
1076.600000  7.492153e-024
1076.800000  5.721182e-024
1077.000000  -4.789111e-024
1077.200000  -1.019186e-023
1077.400000  -3.131158e-023
1077.600000  -2.754324e-023
1077.800000  -2.947861e-023
1078.000000  -3.840193e-023
1078.200000  -3.631049e-023
1078.400000  -1.258160e-023
1078.600000  -3.589375e-023
1078.800000  -1.761449e-023
1079.000000  -2.398273e-023
1079.200000  -7.799484e-024
1079.400000  -3.524317e-023
1079.600000  -2.512515e-023
1079.800000  -2.201658e-023
1080.000000  -2.613365e-023
1080.200000  -4.738512e-023
1080.400000  -2.310932e-023
1080.600000  -1.833118e-023
1080.800000  -2.591192e-023
1081.000000  -3.035594e-023
1081.200000  -1.417894e-023
1081.400000  -1.690395e-023
1081.600000  -3.395518e-023
1081.800000  -2.486758e-023
1082.000000  -2.385550e-023
1082.200000  -2.685627e-023
1082.400000  -4.306177e-023
1082.600000  -2.666443e-023
1082.800000  -2.488990e-023
1083.000000  -4.334886e-023
1083.200000  -4.539520e-023
1083.400000  -3.035033e-023
1083.600000  -2.329154e-023
1083.800000  -4.997907e-023
1084.000000  -4.104707e-023
1084.200000  -1.731560e-023
1084.400000  -3.136131e-023
1084.600000  -4.450652e-023
1084.800000  -3.746062e-023
1085.000000  -2.661547e-023
1085.200000  -4.938708e-023
1085.400000  -6.273713e-023
1085.600000  -2.363265e-023
1085.800000  -2.924273e-023
1086.000000  -5.558285e-023
1086.200000  -4.197512e-023
1086.400000  -1.485766e-023
1086.600000  -1.617680e-023
1086.800000  -1.832282e-023
1087.000000  1.493370e-023
1087.200000  4.523281e-023
1087.400000  2.608157e-023
1087.600000  2.505970e-023
1087.800000  4.726811e-023
1088.000000  3.846528e-023
1088.200000  2.981856e-023
1088.400000  2.486181e-023
1088.600000  5.595879e-023
1088.800000  3.872955e-023
1089.000000  4.066636e-023
1089.200000  5.367024e-023
1089.400000  6.176314e-023
1089.600000  5.291775e-023
1089.800000  4.660177e-023
1090.000000  5.894707e-023
1090.200000  5.661236e-023
1090.400000  3.909455e-023
1090.600000  4.218729e-023
1090.800000  6.077496e-023
1091.000000  4.331656e-023
1091.200000  3.347400e-023
1091.400000  2.967762e-023
1091.600000  3.846802e-023
1091.800000  2.706788e-023
1092.000000  3.286326e-023
1092.200000  3.918708e-023
1092.400000  4.377440e-023
1092.600000  3.964064e-023
1092.800000  3.501829e-023
1093.000000  5.111106e-023
1093.200000  4.305393e-023
1093.400000  3.270140e-023
1093.600000  5.143913e-023
1093.800000  5.043131e-023
1094.000000  3.909538e-023
1094.200000  3.314322e-023
1094.400000  4.559111e-023
1094.600000  5.090535e-023
1094.800000  3.587272e-023
1095.000000  4.855355e-023
1095.200000  5.706128e-023
1095.400000  5.205446e-023
1095.600000  5.011343e-023
1095.800000  5.971542e-023
1096.000000  6.237003e-023
1096.200000  5.166622e-023
1096.400000  7.139315e-023
1096.600000  5.840589e-023
1096.800000  5.254404e-023
1097.000000  3.555952e-023
1097.200000  6.028898e-023
1097.400000  6.833459e-023
1097.600000  4.913547e-023
1097.800000  4.300311e-023
1098.000000  5.107717e-023
1098.200000  4.546534e-023
1098.400000  2.906620e-023
1098.600000  3.536952e-023
1098.800000  5.031473e-023
1099.000000  3.041088e-023
1099.200000  1.712505e-023
1099.400000  2.743049e-023
1099.600000  5.210547e-023
1099.800000  3.422981e-023
1100.000000  2.340581e-023
