800.000000  1.077563e-022
800.200000  8.612891e-023
800.400000  8.873115e-023
800.600000  7.941294e-023
800.800000  1.115649e-022
801.000000  5.459282e-023
801.200000  9.141931e-023
801.400000  1.024476e-022
801.600000  8.390102e-023
801.800000  3.346874e-023
802.000000  9.381924e-023
802.200000  9.111900e-023
802.400000  8.882601e-023
802.600000  6.376194e-023
802.800000  9.358821e-023
803.000000  1.034797e-022
803.200000  7.753160e-023
803.400000  9.781063e-023
803.600000  1.474034e-022
803.800000  9.887903e-023
804.000000  9.057005e-023
804.200000  7.719107e-023
804.400000  1.492510e-022
804.600000  8.140820e-023
804.800000  1.060404e-022
805.000000  1.256749e-022
805.200000  1.265222e-022
805.400000  9.919852e-023
805.600000  6.968898e-023
805.800000  1.003584e-022
806.000000  6.673983e-023
806.200000  8.152683e-023
806.400000  3.756953e-023
806.600000  9.621538e-023
806.800000  3.859953e-023
807.000000  1.446279e-023
807.200000  2.603021e-023
807.400000  5.968485e-023
807.600000  6.349486e-023
807.800000  2.941342e-023
808.000000  4.263103e-023
808.200000  8.162046e-023
808.400000  1.736305e-023
808.600000  3.162140e-023
808.800000  1.043490e-022
809.000000  9.419163e-023
809.200000  6.645391e-023
809.400000  8.537305e-023
809.600000  6.638609e-023
809.800000  5.374558e-023
810.000000  4.716694e-023
810.200000  6.162533e-023
810.400000  8.817337e-023
810.600000  9.849876e-023
810.800000  4.632750e-023
811.000000  3.770263e-023
811.200000  5.088666e-023
811.400000  5.822939e-023
811.600000  6.437980e-023
811.800000  5.243150e-023
812.000000  5.264122e-023
812.200000  6.938250e-023
812.400000  1.613798e-023
812.600000  6.751662e-023
812.800000  8.373029e-023
813.000000  5.553886e-023
813.200000  4.698991e-023
813.400000  2.451590e-023
813.600000  7.558155e-023
813.800000  3.078160e-023
814.000000  3.658220e-023
814.200000  2.497826e-023
814.400000  7.485440e-023
814.600000  5.097620e-023
814.800000  -2.202567e-023
815.000000  4.874526e-023
815.200000  7.646027e-023
815.400000  1.021775e-023
815.600000  -1.290964e-023
815.800000  6.886907e-023
816.000000  7.752124e-023
816.200000  3.084881e-023
816.400000  2.840616e-023
816.600000  4.220162e-023
816.800000  3.590386e-023
817.000000  4.148909e-023
817.200000  3.074687e-023
817.400000  5.694948e-023
817.600000  3.820715e-023
817.800000  -2.102465e-023
818.000000  -1.346382e-023
818.200000  3.295102e-023
818.400000  4.295872e-023
818.600000  -2.784521e-023
818.800000  2.110964e-023
819.000000  6.983308e-023
819.200000  2.058926e-023
819.400000  -6.129223e-024
819.600000  4.231778e-023
819.800000  6.204457e-023
820.000000  1.205612e-023
820.200000  2.945520e-023
820.400000  5.810590e-023
820.600000  5.242092e-023
820.800000  1.807830e-023
821.000000  -3.063955e-023
821.200000  3.137395e-023
821.400000  2.990969e-023
821.600000  -5.627518e-024
821.800000  -4.350189e-024
822.000000  4.486050e-023
822.200000  1.711121e-023
822.400000  1.721361e-023
822.600000  4.516192e-023
822.800000  8.351770e-023
823.000000  2.496929e-023
823.200000  -2.116625e-023
823.400000  3.269480e-023
823.600000  4.783743e-023
823.800000  4.492918e-023
824.000000  3.362922e-023
824.200000  2.541437e-023
824.400000  3.680453e-023
824.600000  1.579106e-023
824.800000  9.075402e-024
825.000000  -9.722159e-024
825.200000  6.606609e-023
825.400000  -7.369215e-024
825.600000  -4.252141e-024
825.800000  1.364981e-023
826.000000  2.992606e-023
826.200000  6.535931e-023
826.400000  8.291202e-024
826.600000  3.690523e-023
826.800000  4.861692e-023
827.000000  4.325791e-023
827.200000  5.297829e-023
827.400000  4.724524e-023
827.600000  3.519452e-023
827.800000  -6.831903e-024
828.000000  6.334669e-024
828.200000  4.957019e-023
828.400000  1.013181e-023
828.600000  2.651631e-024
828.800000  4.839690e-023
829.000000  1.980681e-023
829.200000  4.070535e-023
829.400000  1.452499e-023
829.600000  2.230860e-023
829.800000  5.571089e-023
830.000000  3.582059e-023
830.200000  -2.733427e-023
830.400000  4.088987e-023
830.600000  5.507181e-023
830.800000  -7.632125e-026
831.000000  -4.597320e-023
831.200000  -2.683943e-023
831.400000  -3.908108e-024
831.600000  -3.337287e-023
831.800000  -2.189691e-023
832.000000  1.929569e-023
832.200000  5.514155e-023
832.400000  8.001490e-024
832.600000  -2.378471e-023
832.800000  5.755467e-023
833.000000  2.054314e-023
833.200000  3.336628e-023
833.400000  1.497414e-023
833.600000  5.738280e-023
833.800000  2.527958e-023
834.000000  -1.218916e-023
834.200000  -1.091107e-023
834.400000  1.055134e-023
834.600000  -5.361829e-024
834.800000  -3.234201e-023
835.000000  -7.691915e-024
835.200000  2.357967e-023
835.400000  -3.121146e-023
835.600000  2.763047e-024
835.800000  2.730104e-023
836.000000  3.388178e-023
836.200000  6.409485e-025
836.400000  2.531676e-023
836.600000  2.676965e-023
836.800000  3.117792e-023
837.000000  1.612868e-023
837.200000  2.954454e-023
837.400000  2.362792e-023
837.600000  5.034050e-024
837.800000  -9.324135e-024
838.000000  -3.828254e-023
838.200000  1.679181e-023
838.400000  -3.837257e-023
838.600000  -3.117585e-023
838.800000  -3.112961e-023
839.000000  -1.662340e-024
839.200000  -3.749775e-023
839.400000  -2.941345e-023
839.600000  -3.392630e-023
839.800000  -1.464399e-024
840.000000  1.522843e-023
840.200000  1.517883e-023
840.400000  3.953721e-024
840.600000  -7.944766e-024
840.800000  4.458776e-024
841.000000  -4.365181e-023
841.200000  -8.620712e-024
841.400000  2.333336e-024
841.600000  -6.807624e-024
841.800000  1.586747e-023
842.000000  -4.313397e-023
842.200000  2.856728e-023
842.400000  6.844113e-024
842.600000  1.544860e-023
842.800000  1.914447e-023
843.000000  2.728964e-023
843.200000  1.504970e-023
843.400000  -1.178322e-023
843.600000  2.781809e-023
843.800000  -2.390826e-023
844.000000  -3.337778e-023
844.200000  1.393614e-023
844.400000  -2.078819e-023
844.600000  -2.603485e-023
844.800000  -3.857058e-023
845.000000  1.474872e-024
845.200000  4.635157e-024
845.400000  -1.613018e-024
845.600000  -1.803284e-024
845.800000  9.696561e-024
846.000000  1.669018e-023
846.200000  -6.080794e-024
846.400000  -1.600236e-023
846.600000  4.379566e-023
846.800000  1.841222e-023
847.000000  5.209882e-024
847.200000  -1.039959e-023
847.400000  1.182807e-023
847.600000  3.366412e-023
847.800000  -1.265010e-023
848.000000  -4.669058e-024
848.200000  1.598540e-023
848.400000  2.403252e-023
848.600000  -2.467191e-023
848.800000  1.885091e-023
849.000000  1.392304e-023
849.200000  -1.441275e-023
849.400000  4.219207e-024
849.600000  2.943259e-025
849.800000  2.123190e-024
850.000000  -5.566288e-023
850.200000  -3.649366e-023
850.400000  -2.091777e-024
850.600000  -4.286011e-024
850.800000  -4.510912e-023
851.000000  -4.055511e-023
851.200000  9.432238e-025
851.400000  -3.179764e-023
851.600000  -7.072597e-024
851.800000  -2.959111e-023
852.000000  -1.520983e-023
852.200000  -1.027324e-023
852.400000  -2.324547e-023
852.600000  -1.253103e-023
852.800000  -7.618421e-024
853.000000  3.406490e-024
853.200000  -4.843860e-023
853.400000  -1.364146e-024
853.600000  -1.736607e-025
853.800000  -1.818286e-023
854.000000  -1.387518e-023
854.200000  1.615690e-023
854.400000  -2.340685e-023
854.600000  -2.787044e-023
854.800000  -1.925712e-023
855.000000  -3.987165e-024
855.200000  -5.192919e-024
855.400000  -4.514995e-023
855.600000  2.001414e-024
855.800000  -1.926382e-023
856.000000  1.405955e-023
856.200000  -3.891144e-023
856.400000  -1.475708e-024
856.600000  -2.321625e-023
856.800000  -1.434933e-023
857.000000  -1.659686e-023
857.200000  -3.173807e-023
857.400000  -5.049588e-024
857.600000  1.331489e-025
857.800000  -4.018514e-024
858.000000  -3.271348e-023
858.200000  8.675036e-024
858.400000  -2.737980e-023
858.600000  -3.423524e-023
858.800000  -1.266978e-023
859.000000  -2.167959e-023
859.200000  -2.047257e-023
859.400000  -3.618725e-023
859.600000  -1.565792e-023
859.800000  3.644401e-024
860.000000  -1.024364e-024
860.200000  -3.393307e-023
860.400000  1.057374e-023
860.600000  8.469373e-024
860.800000  -5.814232e-026
861.000000  -1.095573e-023
861.200000  1.190157e-023
861.400000  1.477020e-024
861.600000  -3.767482e-023
861.800000  -2.451511e-023
862.000000  -1.649346e-023
862.200000  -1.325130e-023
862.400000  -6.562743e-023
862.600000  3.455132e-024
862.800000  -8.926183e-024
863.000000  -1.991976e-023
863.200000  -5.515929e-023
863.400000  -2.670539e-023
863.600000  -7.312966e-024
863.800000  -4.539803e-023
864.000000  -6.764585e-024
864.200000  4.977152e-025
864.400000  2.275067e-023
864.600000  -6.418354e-026
864.800000  4.257158e-024
865.000000  2.146635e-023
865.200000  1.922981e-024
865.400000  -1.709638e-023
865.600000  4.021578e-024
865.800000  3.907536e-023
866.000000  1.830094e-023
866.200000  1.288888e-023
866.400000  2.240779e-023
866.600000  2.985748e-023
866.800000  -8.705746e-024
867.000000  -4.532413e-024
867.200000  9.031164e-024
867.400000  1.582824e-023
867.600000  -1.160296e-023
867.800000  -1.767507e-024
868.000000  1.106644e-023
868.200000  1.684439e-024
868.400000  -1.986153e-023
868.600000  9.829910e-025
868.800000  4.849026e-025
869.000000  -4.105502e-023
869.200000  -6.488629e-024
869.400000  -8.214302e-024
869.600000  -7.040960e-024
869.800000  4.326945e-025
870.000000  7.942588e-024
870.200000  2.139324e-023
870.400000  -5.061895e-024
870.600000  7.020388e-024
870.800000  7.609872e-024
871.000000  -7.239768e-024
871.200000  2.705739e-023
871.400000  5.057200e-024
871.600000  3.447928e-023
871.800000  1.665409e-023
872.000000  3.013236e-023
872.200000  1.102794e-023
872.400000  2.377832e-023
872.600000  1.953598e-023
872.800000  1.254546e-023
873.000000  1.278761e-023
873.200000  1.400116e-023
873.400000  -2.290000e-023
873.600000  3.648951e-023
873.800000  3.847765e-023
874.000000  -9.479582e-024
874.200000  1.791402e-023
874.400000  2.545696e-023
874.600000  1.656216e-024
874.800000  -3.873189e-024
875.000000  1.616264e-023
875.200000  3.205777e-023
875.400000  1.461040e-023
875.600000  2.273293e-023
875.800000  3.256095e-023
876.000000  3.401890e-023
876.200000  9.066735e-025
876.400000  1.953566e-023
876.600000  2.655780e-023
876.800000  6.359597e-023
877.000000  2.748970e-023
877.200000  1.826249e-023
877.400000  5.540540e-023
877.600000  4.230217e-023
877.800000  1.342957e-023
878.000000  6.085688e-023
878.200000  6.652541e-023
878.400000  4.959676e-023
878.600000  5.801292e-023
878.800000  7.632704e-023
879.000000  9.813576e-023
879.200000  7.048135e-023
879.400000  9.376113e-023
879.600000  1.181239e-022
879.800000  1.444515e-022
880.000000  1.187269e-022
880.200000  1.206684e-022
880.400000  1.421199e-022
880.600000  9.447977e-023
880.800000  8.559325e-023
881.000000  1.242930e-022
881.200000  1.391374e-022
881.400000  1.070428e-022
881.600000  1.171710e-022
881.800000  1.422207e-022
882.000000  9.861850e-023
882.200000  8.243395e-023
882.400000  8.383397e-023
882.600000  9.665134e-023
882.800000  1.013202e-022
883.000000  1.177156e-022
883.200000  6.821396e-023
883.400000  1.032072e-022
883.600000  9.502105e-023
883.800000  8.542231e-023
884.000000  1.153401e-022
884.200000  1.381435e-022
884.400000  8.461928e-023
884.600000  1.256606e-022
884.800000  1.174686e-022
885.000000  1.322605e-022
885.200000  1.542746e-022
885.400000  1.273304e-022
885.600000  1.318103e-022
885.800000  1.397086e-022
886.000000  1.485871e-022
886.200000  1.326702e-022
886.400000  1.412174e-022
886.600000  1.782877e-022
886.800000  1.726573e-022
887.000000  1.909049e-022
887.200000  1.838862e-022
887.400000  2.047666e-022
887.600000  1.816574e-022
887.800000  1.492515e-022
888.000000  2.086451e-022
888.200000  1.977281e-022
888.400000  1.767240e-022
888.600000  1.554207e-022
888.800000  1.931570e-022
889.000000  2.116405e-022
889.200000  1.633942e-022
889.400000  1.705627e-022
889.600000  2.080792e-022
889.800000  2.208125e-022
890.000000  2.013948e-022
890.200000  1.829628e-022
890.400000  2.453052e-022
890.600000  2.180046e-022
890.800000  1.846693e-022
891.000000  2.142657e-022
891.200000  2.812734e-022
891.400000  2.669015e-022
891.600000  2.545710e-022
891.800000  2.804771e-022
892.000000  2.890282e-022
892.200000  3.024751e-022
892.400000  2.774394e-022
892.600000  3.180702e-022
892.800000  3.344666e-022
893.000000  3.564627e-022
893.200000  3.333403e-022
893.400000  3.585404e-022
893.600000  3.412342e-022
893.800000  3.442825e-022
894.000000  3.268670e-022
894.200000  3.675118e-022
894.400000  3.547504e-022
894.600000  3.260365e-022
894.800000  3.586816e-022
895.000000  3.963573e-022
895.200000  3.646025e-022
895.400000  3.536052e-022
895.600000  3.815723e-022
895.800000  4.108834e-022
896.000000  3.861589e-022
896.200000  3.774298e-022
896.400000  4.021114e-022
896.600000  4.174781e-022
896.800000  4.178829e-022
897.000000  4.191279e-022
897.200000  4.608569e-022
897.400000  4.717382e-022
897.600000  4.847573e-022
897.800000  4.808991e-022
898.000000  5.065741e-022
898.200000  4.964456e-022
898.400000  5.151506e-022
898.600000  5.035082e-022
898.800000  5.362791e-022
899.000000  5.605898e-022
899.200000  5.332439e-022
899.400000  5.510070e-022
899.600000  5.959058e-022
899.800000  5.722192e-022
900.000000  6.026738e-022
900.200000  6.191212e-022
900.400000  6.100672e-022
900.600000  6.197259e-022
900.800000  6.382886e-022
901.000000  6.349236e-022
901.200000  6.688862e-022
901.400000  6.510616e-022
901.600000  6.940479e-022
901.800000  6.654333e-022
902.000000  6.972694e-022
902.200000  7.389247e-022
902.400000  7.442386e-022
902.600000  7.368985e-022
902.800000  7.717012e-022
903.000000  8.008643e-022
903.200000  7.803944e-022
903.400000  8.305303e-022
903.600000  8.277501e-022
903.800000  8.781644e-022
904.000000  8.752720e-022
904.200000  8.895285e-022
904.400000  9.269561e-022
904.600000  9.046997e-022
904.800000  9.215509e-022
905.000000  9.733622e-022
905.200000  9.817105e-022
905.400000  9.891867e-022
905.600000  1.026871e-021
905.800000  1.021054e-021
906.000000  1.018842e-021
906.200000  1.032647e-021
906.400000  1.049424e-021
906.600000  1.119405e-021
906.800000  1.094928e-021
907.000000  1.090841e-021
907.200000  1.105101e-021
907.400000  1.190636e-021
907.600000  1.097876e-021
907.800000  1.157477e-021
908.000000  1.212025e-021
908.200000  1.252056e-021
908.400000  1.227579e-021
908.600000  1.235028e-021
908.800000  1.290736e-021
909.000000  1.302849e-021
909.200000  1.279120e-021
909.400000  1.377250e-021
909.600000  1.379074e-021
909.800000  1.382336e-021
910.000000  1.400453e-021
910.200000  1.413804e-021
910.400000  1.396911e-021
910.600000  1.424762e-021
910.800000  1.460780e-021
911.000000  1.531441e-021
911.200000  1.521459e-021
911.400000  1.531729e-021
911.600000  1.541586e-021
911.800000  1.596903e-021
912.000000  1.578112e-021
912.200000  1.622696e-021
912.400000  1.677757e-021
912.600000  1.663020e-021
912.800000  1.699262e-021
913.000000  1.690431e-021
913.200000  1.759008e-021
913.400000  1.803785e-021
913.600000  1.763467e-021
913.800000  1.826207e-021
914.000000  1.857880e-021
914.200000  1.861568e-021
914.400000  1.968245e-021
914.600000  1.977762e-021
914.800000  1.986237e-021
915.000000  2.091864e-021
915.200000  2.154501e-021
915.400000  2.125938e-021
915.600000  2.154762e-021
915.800000  2.146686e-021
916.000000  2.245110e-021
916.200000  2.229738e-021
916.400000  2.247940e-021
916.600000  2.315135e-021
916.800000  2.334755e-021
917.000000  2.317460e-021
917.200000  2.385201e-021
917.400000  2.441919e-021
917.600000  2.403868e-021
917.800000  2.441243e-021
918.000000  2.525155e-021
918.200000  2.488741e-021
918.400000  2.531334e-021
918.600000  2.538926e-021
918.800000  2.585059e-021
919.000000  2.593179e-021
919.200000  2.569905e-021
919.400000  2.694601e-021
919.600000  2.665469e-021
919.800000  2.692689e-021
920.000000  2.694166e-021
920.200000  2.820351e-021
920.400000  2.807348e-021
920.600000  2.746930e-021
920.800000  2.771379e-021
921.000000  2.799554e-021
921.200000  2.812908e-021
921.400000  2.790782e-021
921.600000  3.001021e-021
921.800000  3.024042e-021
922.000000  3.033476e-021
922.200000  2.847271e-021
922.400000  3.106743e-021
922.600000  2.899098e-021
922.800000  3.071068e-021
923.000000  3.026969e-021
923.200000  3.177266e-021
923.400000  3.070885e-021
923.600000  3.121486e-021
923.800000  3.106694e-021
924.000000  3.039853e-021
924.200000  3.117858e-021
924.400000  3.088234e-021
924.600000  3.080214e-021
924.800000  3.270735e-021
925.000000  3.241080e-021
925.200000  3.185349e-021
925.400000  3.154080e-021
925.600000  3.253838e-021
925.800000  3.137457e-021
926.000000  3.208678e-021
926.200000  3.205786e-021
926.400000  3.289567e-021
926.600000  3.201811e-021
926.800000  3.152419e-021
927.000000  3.324813e-021
927.200000  3.273202e-021
927.400000  3.205255e-021
927.600000  3.202701e-021
927.800000  3.250823e-021
928.000000  3.201583e-021
928.200000  3.153944e-021
928.400000  3.172716e-021
928.600000  3.191900e-021
928.800000  3.183064e-021
929.000000  3.208368e-021
929.200000  3.222458e-021
929.400000  3.224353e-021
929.600000  3.123661e-021
929.800000  3.139138e-021
930.000000  3.135355e-021
930.200000  3.151254e-021
930.400000  3.203984e-021
930.600000  3.102813e-021
930.800000  3.331194e-021
931.000000  3.133621e-021
931.200000  3.097180e-021
931.400000  3.151447e-021
931.600000  3.185919e-021
931.800000  3.101475e-021
932.000000  3.118280e-021
932.200000  3.119275e-021
932.400000  3.153150e-021
932.600000  3.140113e-021
932.800000  3.088615e-021
933.000000  3.174705e-021
933.200000  3.130440e-021
933.400000  3.184897e-021
933.600000  3.113055e-021
933.800000  3.138619e-021
934.000000  3.224934e-021
934.200000  3.178418e-021
934.400000  3.095627e-021
934.600000  3.271654e-021
934.800000  3.141031e-021
935.000000  3.181298e-021
935.200000  3.075622e-021
935.400000  3.171920e-021
935.600000  3.129992e-021
935.800000  3.137755e-021
936.000000  3.142997e-021
936.200000  3.133826e-021
936.400000  3.165783e-021
936.600000  3.169159e-021
936.800000  3.155509e-021
937.000000  3.335264e-021
937.200000  3.209635e-021
937.400000  3.250369e-021
937.600000  3.203484e-021
937.800000  3.202639e-021
938.000000  3.237885e-021
938.200000  3.240080e-021
938.400000  3.223690e-021
938.600000  3.342431e-021
938.800000  3.207559e-021
939.000000  3.173558e-021
939.200000  3.299512e-021
939.400000  3.194337e-021
939.600000  3.309613e-021
939.800000  3.170050e-021
940.000000  3.335289e-021
940.200000  3.225910e-021
940.400000  3.191072e-021
940.600000  3.247548e-021
940.800000  3.270310e-021
941.000000  3.341384e-021
941.200000  3.290310e-021
941.400000  3.302732e-021
941.600000  3.259697e-021
941.800000  3.300211e-021
942.000000  3.259878e-021
942.200000  3.430301e-021
942.400000  3.341817e-021
942.600000  3.334949e-021
942.800000  3.421258e-021
943.000000  3.335176e-021
943.200000  3.453254e-021
943.400000  3.379432e-021
943.600000  3.488851e-021
943.800000  3.464541e-021
944.000000  3.526138e-021
944.200000  3.491108e-021
944.400000  3.454818e-021
944.600000  3.578840e-021
944.800000  3.580551e-021
945.000000  3.479327e-021
945.200000  3.542491e-021
945.400000  3.547888e-021
945.600000  3.572847e-021
945.800000  3.606868e-021
946.000000  3.575483e-021
946.200000  3.551509e-021
946.400000  3.539137e-021
946.600000  3.606520e-021
946.800000  3.621787e-021
947.000000  3.649263e-021
947.200000  3.592321e-021
947.400000  3.615232e-021
947.600000  3.623714e-021
947.800000  3.691478e-021
948.000000  3.612546e-021
948.200000  3.705562e-021
948.400000  3.737786e-021
948.600000  3.693537e-021
948.800000  3.799968e-021
949.000000  3.735271e-021
949.200000  3.767940e-021
949.400000  3.726810e-021
949.600000  3.700782e-021
949.800000  3.717793e-021
950.000000  3.673658e-021
950.200000  3.829684e-021
950.400000  3.757348e-021
950.600000  3.807990e-021
950.800000  3.756259e-021
951.000000  3.861623e-021
951.200000  3.773637e-021
951.400000  3.751774e-021
951.600000  3.861616e-021
951.800000  3.782582e-021
952.000000  3.787637e-021
952.200000  3.718276e-021
952.400000  3.843654e-021
952.600000  3.815709e-021
952.800000  3.792606e-021
953.000000  3.774619e-021
953.200000  3.874397e-021
953.400000  3.746272e-021
953.600000  3.783399e-021
953.800000  3.826854e-021
954.000000  3.869053e-021
954.200000  3.897614e-021
954.400000  3.800879e-021
954.600000  3.851443e-021
954.800000  3.844385e-021
955.000000  3.869426e-021
955.200000  3.750252e-021
955.400000  3.956089e-021
955.600000  3.880921e-021
955.800000  3.848056e-021
956.000000  3.837602e-021
956.200000  3.788233e-021
956.400000  3.961091e-021
956.600000  3.811044e-021
956.800000  3.763598e-021
957.000000  3.835730e-021
957.200000  3.870958e-021
957.400000  3.819346e-021
957.600000  3.828636e-021
957.800000  3.814814e-021
958.000000  3.782522e-021
958.200000  3.772200e-021
958.400000  3.708742e-021
958.600000  3.798264e-021
958.800000  3.749930e-021
959.000000  3.700945e-021
959.200000  3.709727e-021
959.400000  3.749873e-021
959.600000  3.712753e-021
959.800000  3.591362e-021
960.000000  3.694669e-021
960.200000  3.669333e-021
960.400000  3.661095e-021
960.600000  3.615640e-021
960.800000  3.595308e-021
961.000000  3.595520e-021
961.200000  3.637331e-021
961.400000  3.551741e-021
961.600000  3.575612e-021
961.800000  3.708523e-021
962.000000  3.530610e-021
962.200000  3.550816e-021
962.400000  3.537440e-021
962.600000  3.537843e-021
962.800000  3.524666e-021
963.000000  3.535171e-021
963.200000  3.589581e-021
963.400000  3.567225e-021
963.600000  3.493802e-021
963.800000  3.448490e-021
964.000000  3.516805e-021
964.200000  3.549246e-021
964.400000  3.475421e-021
964.600000  3.555518e-021
964.800000  3.527123e-021
965.000000  3.547503e-021
965.200000  3.530970e-021
965.400000  3.571255e-021
965.600000  3.507195e-021
965.800000  3.483565e-021
966.000000  3.445170e-021
966.200000  3.449793e-021
966.400000  3.434384e-021
966.600000  3.429824e-021
966.800000  3.475369e-021
967.000000  3.485338e-021
967.200000  3.542778e-021
967.400000  3.479737e-021
967.600000  3.545849e-021
967.800000  3.581488e-021
968.000000  3.593755e-021
968.200000  3.609978e-021
968.400000  3.629924e-021
968.600000  3.776497e-021
968.800000  3.727688e-021
969.000000  3.766857e-021
969.200000  3.856853e-021
969.400000  4.006107e-021
969.600000  4.050505e-021
969.800000  4.117153e-021
970.000000  4.181914e-021
970.200000  4.567475e-021
970.400000  4.696140e-021
970.600000  4.919523e-021
970.800000  5.154002e-021
971.000000  5.387111e-021
971.200000  5.689457e-021
971.400000  6.038365e-021
971.600000  6.456326e-021
971.800000  6.905431e-021
972.000000  7.431699e-021
972.200000  8.038366e-021
972.400000  8.691317e-021
972.600000  9.428162e-021
972.800000  1.023930e-020
973.000000  1.109635e-020
973.200000  1.197181e-020
973.400000  1.291829e-020
973.600000  1.380604e-020
973.800000  1.469339e-020
974.000000  1.557350e-020
974.200000  1.639271e-020
974.400000  1.706114e-020
974.600000  1.765216e-020
974.800000  1.806220e-020
975.000000  1.806570e-020
975.200000  1.792849e-020
975.400000  1.765871e-020
975.600000  1.726873e-020
975.800000  1.684413e-020
976.000000  1.632735e-020
976.200000  1.574993e-020
976.400000  1.505021e-020
976.600000  1.437147e-020
976.800000  1.364222e-020
977.000000  1.292948e-020
977.200000  1.222628e-020
977.400000  1.159727e-020
977.600000  1.095105e-020
977.800000  1.034468e-020
978.000000  9.774426e-021
978.200000  9.223541e-021
978.400000  8.706136e-021
978.600000  8.217853e-021
978.800000  7.782353e-021
979.000000  7.361986e-021
979.200000  6.940639e-021
979.400000  6.580340e-021
979.600000  6.226178e-021
979.800000  5.906146e-021
980.000000  5.584733e-021
980.200000  5.319511e-021
980.400000  5.034799e-021
980.600000  4.797494e-021
980.800000  4.546770e-021
981.000000  4.377877e-021
981.200000  4.173102e-021
981.400000  3.992484e-021
981.600000  3.840254e-021
981.800000  3.683808e-021
982.000000  3.529934e-021
982.200000  3.383426e-021
982.400000  3.262264e-021
982.600000  3.143851e-021
982.800000  3.028569e-021
983.000000  2.929161e-021
983.200000  2.884091e-021
983.400000  2.731123e-021
983.600000  2.685213e-021
983.800000  2.631760e-021
984.000000  2.605818e-021
984.200000  2.488471e-021
984.400000  2.438097e-021
984.600000  2.392629e-021
984.800000  2.347594e-021
985.000000  2.272071e-021
985.200000  2.182307e-021
985.400000  2.167284e-021
985.600000  2.078539e-021
985.800000  2.040460e-021
986.000000  2.019520e-021
986.200000  1.978378e-021
986.400000  1.948103e-021
986.600000  1.902178e-021
986.800000  1.917694e-021
987.000000  1.971349e-021
987.200000  1.934882e-021
987.400000  1.900913e-021
987.600000  1.891795e-021
987.800000  1.898366e-021
988.000000  1.825902e-021
988.200000  1.827924e-021
988.400000  1.847092e-021
988.600000  1.760013e-021
988.800000  1.787428e-021
989.000000  1.751409e-021
989.200000  1.735523e-021
989.400000  1.718393e-021
989.600000  1.726863e-021
989.800000  1.729062e-021
990.000000  1.707799e-021
990.200000  1.676039e-021
990.400000  1.665527e-021
990.600000  1.706173e-021
990.800000  1.698671e-021
991.000000  1.644629e-021
991.200000  1.664316e-021
991.400000  1.645258e-021
991.600000  1.654544e-021
991.800000  1.627469e-021
992.000000  1.657182e-021
992.200000  1.615109e-021
992.400000  1.604403e-021
992.600000  1.594705e-021
992.800000  1.611409e-021
993.000000  1.598673e-021
993.200000  1.586651e-021
993.400000  1.568743e-021
993.600000  1.575278e-021
993.800000  1.548533e-021
994.000000  1.553553e-021
994.200000  1.525566e-021
994.400000  1.511858e-021
994.600000  1.492192e-021
994.800000  1.487879e-021
995.000000  1.457967e-021
995.200000  1.428639e-021
995.400000  1.444953e-021
995.600000  1.441004e-021
995.800000  1.402835e-021
996.000000  1.395742e-021
996.200000  1.405820e-021
996.400000  1.387745e-021
996.600000  1.378300e-021
996.800000  1.344929e-021
997.000000  1.346829e-021
997.200000  1.316048e-021
997.400000  1.298770e-021
997.600000  1.304832e-021
997.800000  1.308542e-021
998.000000  1.263779e-021
998.200000  1.273358e-021
998.400000  1.253707e-021
998.600000  1.233555e-021
998.800000  1.234357e-021
999.000000  1.206147e-021
999.200000  1.191357e-021
999.400000  1.184520e-021
999.600000  1.152589e-021
999.800000  1.152527e-021
1000.000000  1.147067e-021
1000.200000  1.129738e-021
1000.400000  1.106223e-021
1000.600000  1.096054e-021
1000.800000  1.098465e-021
1001.000000  1.061995e-021
1001.200000  1.051200e-021
1001.400000  1.043725e-021
1001.600000  1.047249e-021
1001.800000  1.007304e-021
1002.000000  9.827693e-022
1002.200000  1.007902e-021
1002.400000  9.725342e-022
1002.600000  9.597390e-022
1002.800000  9.692455e-022
1003.000000  9.652741e-022
1003.200000  9.248546e-022
1003.400000  9.307921e-022
1003.600000  9.233465e-022
1003.800000  9.231108e-022
1004.000000  8.957718e-022
1004.200000  8.811840e-022
1004.400000  8.659123e-022
1004.600000  8.660408e-022
1004.800000  8.176354e-022
1005.000000  8.224828e-022
1005.200000  8.154920e-022
1005.400000  7.962661e-022
1005.600000  7.811493e-022
1005.800000  7.854951e-022
1006.000000  7.637152e-022
1006.200000  7.503223e-022
1006.400000  7.574353e-022
1006.600000  7.127661e-022
1006.800000  7.089440e-022
1007.000000  7.008736e-022
1007.200000  6.910784e-022
1007.400000  6.597207e-022
1007.600000  6.523338e-022
1007.800000  6.397210e-022
1008.000000  6.208237e-022
1008.200000  6.121207e-022
1008.400000  6.007889e-022
1008.600000  6.002808e-022
1008.800000  5.622038e-022
1009.000000  5.642420e-022
1009.200000  5.589617e-022
1009.400000  5.510955e-022
1009.600000  5.423638e-022
1009.800000  5.229743e-022
1010.000000  5.178521e-022
1010.200000  5.102119e-022
1010.400000  5.068717e-022
1010.600000  4.954173e-022
1010.800000  5.002989e-022
1011.000000  5.137125e-022
1011.200000  4.898176e-022
1011.400000  5.019603e-022
1011.600000  5.054058e-022
1011.800000  4.855357e-022
1012.000000  4.662830e-022
1012.200000  4.571844e-022
1012.400000  4.550765e-022
1012.600000  4.392019e-022
1012.800000  4.124273e-022
1013.000000  4.244009e-022
1013.200000  4.306565e-022
1013.400000  3.850358e-022
1013.600000  4.077534e-022
1013.800000  4.032818e-022
1014.000000  3.844030e-022
1014.200000  3.639291e-022
1014.400000  3.627116e-022
1014.600000  3.432613e-022
1014.800000  3.445872e-022
1015.000000  3.423749e-022
1015.200000  3.423692e-022
1015.400000  3.587326e-022
1015.600000  3.219018e-022
1015.800000  3.270378e-022
1016.000000  3.373254e-022
1016.200000  3.282018e-022
1016.400000  3.064293e-022
1016.600000  3.230288e-022
1016.800000  2.927078e-022
1017.000000  2.923945e-022
1017.200000  2.771436e-022
1017.400000  2.709425e-022
1017.600000  2.591964e-022
1017.800000  2.589035e-022
1018.000000  2.347687e-022
1018.200000  2.401297e-022
1018.400000  2.271038e-022
1018.600000  2.105876e-022
1018.800000  2.270974e-022
1019.000000  2.204539e-022
1019.200000  2.060087e-022
1019.400000  2.230982e-022
1019.600000  2.012052e-022
1019.800000  1.963430e-022
1020.000000  1.835767e-022
1020.200000  1.928259e-022
1020.400000  1.868999e-022
1020.600000  1.699799e-022
1020.800000  1.902670e-022
1021.000000  1.831033e-022
1021.200000  1.782835e-022
1021.400000  1.879675e-022
1021.600000  1.932172e-022
1021.800000  1.740892e-022
1022.000000  1.650057e-022
1022.200000  1.627351e-022
1022.400000  1.729758e-022
1022.600000  1.563417e-022
1022.800000  1.382118e-022
1023.000000  1.438748e-022
1023.200000  1.525395e-022
1023.400000  1.363483e-022
1023.600000  1.478813e-022
1023.800000  1.554715e-022
1024.000000  1.636131e-022
1024.200000  1.455389e-022
1024.400000  1.324949e-022
1024.600000  1.422821e-022
1024.800000  1.270889e-022
1025.000000  1.208735e-022
1025.200000  1.090881e-022
1025.400000  1.125104e-022
1025.600000  1.141017e-022
1025.800000  8.120880e-023
1026.000000  1.048703e-022
1026.200000  1.119754e-022
1026.400000  1.108415e-022
1026.600000  9.566927e-023
1026.800000  1.233987e-022
1027.000000  1.202506e-022
1027.200000  1.076100e-022
1027.400000  9.721322e-023
1027.600000  1.061325e-022
1027.800000  1.024981e-022
1028.000000  7.624359e-023
1028.200000  9.667931e-023
1028.400000  8.864883e-023
1028.600000  7.860946e-023
1028.800000  5.923971e-023
1029.000000  8.094589e-023
1029.200000  9.081879e-023
1029.400000  8.384053e-023
1029.600000  6.744719e-023
1029.800000  8.013500e-023
1030.000000  7.219470e-023
1030.200000  3.051573e-023
1030.400000  5.420256e-023
1030.600000  5.437622e-023
1030.800000  4.133722e-023
1031.000000  2.317368e-023
1031.200000  1.615736e-023
1031.400000  3.162560e-023
1031.600000  1.066361e-023
1031.800000  2.603997e-024
1032.000000  2.266242e-023
1032.200000  4.904245e-023
1032.400000  4.695265e-024
1032.600000  1.849937e-023
1032.800000  2.494001e-023
1033.000000  1.639236e-023
1033.200000  1.066357e-023
1033.400000  9.870699e-024
1033.600000  9.680582e-024
1033.800000  8.736288e-024
1034.000000  -8.768967e-024
1034.200000  2.841018e-024
1034.400000  2.002408e-024
1034.600000  9.459219e-024
1034.800000  -1.364306e-024
1035.000000  -1.653631e-024
1035.200000  -2.740413e-024
1035.400000  1.954701e-025
1035.600000  2.750715e-024
1035.800000  -1.021784e-024
1036.000000  -3.805300e-024
1036.200000  6.843674e-024
1036.400000  -1.022620e-023
1036.600000  -9.754967e-024
1036.800000  -1.303333e-024
1037.000000  1.615777e-023
1037.200000  1.366831e-023
1037.400000  -1.754477e-023
1037.600000  -3.321262e-024
1037.800000  3.191452e-024
1038.000000  -8.317790e-024
1038.200000  -5.231184e-024
1038.400000  4.412909e-024
1038.600000  -1.685240e-023
1038.800000  -7.172518e-024
1039.000000  -2.495753e-023
1039.200000  -3.220554e-023
1039.400000  -9.204437e-024
1039.600000  -3.566350e-023
1039.800000  -1.544130e-024
1040.000000  -1.558942e-023
1040.200000  -4.555325e-024
1040.400000  -1.708153e-023
1040.600000  -2.617044e-023
1040.800000  -4.942741e-024
1041.000000  -3.071278e-023
1041.200000  -3.077100e-023
1041.400000  -3.969548e-023
1041.600000  -2.141553e-023
1041.800000  -7.405692e-023
1042.000000  -4.433966e-023
1042.200000  -5.367571e-023
1042.400000  -6.912265e-023
1042.600000  -6.463228e-023
1042.800000  -6.602700e-023
1043.000000  -7.736791e-023
1043.200000  -6.862608e-023
1043.400000  -8.866055e-023
1043.600000  -6.932070e-023
1043.800000  -7.633420e-023
1044.000000  -9.245335e-023
1044.200000  -1.016685e-022
1044.400000  -8.932847e-023
1044.600000  -8.745449e-023
1044.800000  -1.070467e-022
1045.000000  -9.174792e-023
1045.200000  -8.979048e-023
1045.400000  -8.796605e-023
1045.600000  -7.083851e-023
1045.800000  -7.865091e-023
1046.000000  -8.403500e-023
1046.200000  -7.769751e-023
1046.400000  -9.099552e-023
1046.600000  -8.335102e-023
1046.800000  -8.332084e-023
1047.000000  -1.172588e-022
1047.200000  -1.167053e-022
1047.400000  -1.251241e-022
1047.600000  -1.020931e-022
1047.800000  -1.193705e-022
1048.000000  -1.051018e-022
1048.200000  -1.188664e-022
1048.400000  -1.168995e-022
1048.600000  -1.212068e-022
1048.800000  -9.149288e-023
1049.000000  -1.100810e-022
1049.200000  -1.114021e-022
1049.400000  -1.060863e-022
1049.600000  -8.415060e-023
1049.800000  -1.039389e-022
1050.000000  -8.608612e-023
1050.200000  -6.660860e-023
1050.400000  -4.007692e-023
1050.600000  -4.182789e-023
1050.800000  -5.287064e-023
1051.000000  -3.613105e-023
1051.200000  -3.591987e-023
1051.400000  -4.958455e-023
1051.600000  -3.248767e-023
1051.800000  -2.965230e-023
1052.000000  -3.500482e-023
1052.200000  -7.433040e-023
1052.400000  -6.165223e-023
1052.600000  -4.529000e-023
1052.800000  -4.012128e-023
1053.000000  -6.178284e-023
1053.200000  -4.653825e-023
1053.400000  -3.715679e-023
1053.600000  -4.259850e-023
1053.800000  -4.465708e-023
1054.000000  -3.251154e-023
1054.200000  -3.272752e-023
1054.400000  -4.088725e-023
1054.600000  -2.603523e-023
1054.800000  -3.418207e-023
1055.000000  -4.078523e-023
1055.200000  -4.886661e-023
1055.400000  -5.040426e-023
1055.600000  -3.817182e-023
1055.800000  -4.314964e-023
1056.000000  -5.990777e-023
1056.200000  -3.761334e-023
1056.400000  -3.652225e-023
1056.600000  -4.233945e-023
1056.800000  -3.363318e-023
1057.000000  -2.830452e-023
1057.200000  -4.243410e-023
1057.400000  -4.867344e-023
1057.600000  -4.231176e-023
1057.800000  -5.688058e-023
1058.000000  -6.662243e-023
1058.200000  -6.770457e-023
1058.400000  -6.190333e-023
1058.600000  -5.856508e-023
1058.800000  -7.641378e-023
1059.000000  -6.666434e-023
1059.200000  -3.894253e-023
1059.400000  -4.468340e-023
1059.600000  -5.335215e-023
1059.800000  -2.885274e-023
1060.000000  -3.356900e-023
1060.200000  -2.838163e-023
1060.400000  -3.265535e-023
1060.600000  -3.292053e-023
1060.800000  -4.988499e-023
1061.000000  -4.320148e-023
1061.200000  -4.724461e-023
1061.400000  -2.093232e-023
1061.600000  -1.872038e-023
1061.800000  -7.822339e-024
1062.000000  -3.154033e-024
1062.200000  8.617318e-025
1062.400000  -1.788703e-023
1062.600000  -4.067191e-024
1062.800000  2.142186e-023
1063.000000  4.493028e-024
1063.200000  -1.269224e-023
1063.400000  1.267117e-024
1063.600000  -3.013789e-025
1063.800000  -2.691856e-023
1064.000000  -3.645886e-023
1064.200000  -9.732909e-024
1064.400000  -2.783522e-023
1064.600000  -3.940780e-023
1064.800000  -4.796285e-023
1065.000000  -2.417842e-023
1065.200000  -2.210503e-023
1065.400000  -4.701322e-023
1065.600000  -3.084123e-023
1065.800000  -1.315549e-023
1066.000000  -3.278671e-023
1066.200000  -3.978448e-023
1066.400000  -2.796665e-023
1066.600000  -1.649361e-023
1066.800000  -5.251653e-023
1067.000000  -4.180330e-023
1067.200000  -4.122378e-023
1067.400000  -4.111449e-023
1067.600000  -5.061973e-023
1067.800000  -4.581354e-023
1068.000000  -3.102901e-023
1068.200000  -3.493770e-023
1068.400000  -3.627269e-023
1068.600000  -3.459104e-023
1068.800000  -4.171107e-023
1069.000000  -5.326794e-023
1069.200000  -5.012294e-023
1069.400000  -4.618526e-023
1069.600000  -5.837545e-023
1069.800000  -7.206358e-023
1070.000000  -5.628788e-023
1070.200000  -4.906528e-023
1070.400000  -4.841712e-023
1070.600000  -5.548241e-023
1070.800000  -3.680865e-023
1071.000000  -4.596524e-023
1071.200000  -5.598712e-023
1071.400000  -5.672465e-023
1071.600000  -4.845383e-023
1071.800000  -5.213156e-023
1072.000000  -6.606620e-023
1072.200000  -6.392657e-023
1072.400000  -4.522590e-023
1072.600000  -4.270306e-023
1072.800000  -4.401522e-023
1073.000000  -2.571345e-023
1073.200000  -1.142999e-023
1073.400000  -1.613678e-023
1073.600000  -2.830922e-025
1073.800000  -4.453445e-024
1074.000000  -1.183856e-023
1074.200000  -2.185052e-023
1074.400000  -1.892773e-023
1074.600000  -1.190103e-023
1074.800000  -3.095965e-023
1075.000000  -2.702134e-023
1075.200000  -1.298501e-023
1075.400000  -2.454930e-023
1075.600000  -1.539191e-023
1075.800000  -8.746273e-024
1076.000000  3.526149e-024
1076.200000  -1.039251e-023
1076.400000  -8.207277e-024
1076.600000  5.887636e-024
1076.800000  -9.277919e-024
1077.000000  -3.725638e-023
1077.200000  -3.114225e-023
1077.400000  -3.529466e-023
1077.600000  -5.250098e-023
1077.800000  -6.785159e-023
1078.000000  -5.064083e-023
1078.200000  -3.613566e-023
1078.400000  -4.221267e-023
1078.600000  -5.568165e-023
1078.800000  -1.871987e-023
1079.000000  -2.958104e-023
1079.200000  -4.191522e-023
1079.400000  -4.418335e-023
1079.600000  -3.189051e-023
1079.800000  -3.578552e-023
1080.000000  -5.492894e-023
1080.200000  -5.150744e-023
1080.400000  -3.656361e-023
1080.600000  -4.242624e-023
1080.800000  -4.318361e-023
1081.000000  -3.496171e-023
1081.200000  -2.379806e-023
1081.400000  -2.851032e-023
1081.600000  -2.177352e-023
1081.800000  -1.338016e-023
1082.000000  -1.335167e-023
1082.200000  -2.358209e-023
1082.400000  -2.028690e-023
1082.600000  -2.497499e-023
1082.800000  -4.878879e-023
1083.000000  -6.100650e-023
1083.200000  -3.896144e-023
1083.400000  -5.037496e-023
1083.600000  -4.975184e-023
1083.800000  -5.123683e-023
1084.000000  -3.303466e-023
1084.200000  -3.382165e-023
1084.400000  -5.488607e-023
1084.600000  -1.749991e-023
1084.800000  -1.994091e-023
1085.000000  -2.919340e-023
1085.200000  -2.687584e-023
1085.400000  -3.733009e-023
1085.600000  -2.503376e-023
1085.800000  -4.384168e-023
1086.000000  -3.461254e-023
1086.200000  -2.429956e-023
1086.400000  -1.819224e-023
1086.600000  -1.990163e-023
1086.800000  2.152853e-025
1087.000000  2.780626e-023
1087.200000  2.351102e-023
1087.400000  2.408930e-023
1087.600000  4.872516e-023
1087.800000  2.749495e-023
1088.000000  2.237999e-023
1088.200000  2.409295e-023
1088.400000  3.100157e-023
1088.600000  1.630747e-023
1088.800000  3.498458e-024
1089.000000  1.955666e-023
1089.200000  2.546195e-023
1089.400000  1.441771e-023
1089.600000  9.911983e-024
1089.800000  1.977670e-023
1090.000000  7.892343e-024
1090.200000  -3.885699e-024
1090.400000  1.546295e-023
1090.600000  2.059063e-023
1090.800000  5.960226e-024
1091.000000  -9.664529e-024
1091.200000  3.257217e-024
1091.400000  -1.081202e-023
1091.600000  -1.532518e-023
1091.800000  -1.739484e-023
1092.000000  1.919711e-024
1092.200000  -3.179840e-024
1092.400000  -8.492885e-024
1092.600000  -2.857377e-024
1092.800000  2.102502e-023
1093.000000  1.270970e-023
1093.200000  4.183728e-024
1093.400000  2.628942e-023
1093.600000  4.035752e-023
1093.800000  8.111595e-024
1094.000000  1.087640e-023
1094.200000  2.335462e-023
1094.400000  2.915561e-023
1094.600000  1.848064e-023
1094.800000  1.400588e-023
1095.000000  3.978314e-023
1095.200000  3.926047e-023
1095.400000  3.773902e-023
1095.600000  4.249879e-023
1095.800000  5.415704e-023
1096.000000  4.934906e-023
1096.200000  5.305364e-023
1096.400000  5.888897e-023
1096.600000  4.544154e-023
1096.800000  3.082499e-023
1097.000000  3.360244e-023
1097.200000  4.457911e-023
1097.400000  3.583844e-023
1097.600000  2.954125e-023
1097.800000  2.311758e-023
1098.000000  3.487657e-023
1098.200000  1.524798e-023
1098.400000  1.516502e-023
1098.600000  2.949228e-023
1098.800000  3.076079e-023
1099.000000  1.443797e-023
1099.200000  1.835816e-023
1099.400000  2.618256e-023
1099.600000  1.468655e-023
1099.800000  3.309685e-024
1100.000000  2.031036e-023
