800.000000  NaN
800.200000  NaN
800.400000  NaN
800.600000  1.637422e-030
800.800000  2.605819e-030
801.000000  9.112361e-031
801.200000  1.834644e-030
801.400000  2.399483e-030
801.600000  1.444373e-030
801.800000  4.424515e-032
802.000000  1.666824e-030
802.200000  2.274259e-030
802.400000  2.784609e-030
802.600000  2.241486e-030
802.800000  1.297390e-030
803.000000  1.945571e-030
803.200000  2.379732e-030
803.400000  2.200531e-030
803.600000  3.150390e-030
803.800000  2.553329e-030
804.000000  3.513501e-030
804.200000  3.196155e-030
804.400000  4.639422e-030
804.600000  2.083544e-030
804.800000  4.097488e-030
805.000000  3.862617e-030
805.200000  5.039642e-030
805.400000  4.371963e-030
805.600000  2.229915e-030
805.800000  3.960048e-030
806.000000  3.357248e-030
806.200000  3.265497e-030
806.400000  2.278801e-030
806.600000  2.972112e-030
806.800000  2.261893e-030
807.000000  2.065727e-030
807.200000  4.058923e-031
807.400000  3.003964e-031
807.600000  1.726827e-030
807.800000  1.940054e-030
808.000000  2.213339e-030
808.200000  2.475123e-030
808.400000  2.343036e-030
808.600000  1.565103e-030
808.800000  5.828827e-030
809.000000  3.727200e-030
809.200000  4.883937e-030
809.400000  5.021881e-030
809.600000  3.688191e-030
809.800000  3.619871e-030
810.000000  -6.202479e-031
810.200000  6.770354e-030
810.400000  4.212423e-030
810.600000  7.772069e-030
810.800000  3.531414e-030
811.000000  3.452678e-030
811.200000  4.966617e-030
811.400000  3.437080e-030
811.600000  3.474035e-030
811.800000  4.569701e-030
812.000000  4.265670e-030
812.200000  6.080700e-030
812.400000  2.031255e-030
812.600000  6.197245e-030
812.800000  6.203198e-030
813.000000  4.198692e-030
813.200000  4.803231e-030
813.400000  3.827564e-030
813.600000  8.872138e-030
813.800000  1.190858e-030
814.000000  7.021261e-030
814.200000  1.414648e-030
814.400000  6.555357e-030
814.600000  6.461938e-030
814.800000  -8.696150e-031
815.000000  6.406608e-030
815.200000  8.680218e-030
815.400000  -5.205732e-031
815.600000  1.148099e-030
815.800000  1.179321e-029
816.000000  9.286170e-030
816.200000  3.935285e-030
816.400000  2.871397e-030
816.600000  3.545339e-030
816.800000  5.273508e-030
817.000000  6.469340e-030
817.200000  1.899697e-030
817.400000  7.976574e-030
817.600000  2.217438e-030
817.800000  -9.289694e-031
818.000000  4.072933e-031
818.200000  -1.066322e-030
818.400000  7.594865e-031
818.600000  2.374248e-030
818.800000  4.370298e-030
819.000000  5.765460e-030
819.200000  4.172476e-030
819.400000  -2.851532e-031
819.600000  6.808408e-030
819.800000  8.718255e-030
820.000000  7.103103e-030
820.200000  -8.947095e-031
820.400000  9.691425e-030
820.600000  7.406021e-030
820.800000  1.017972e-029
821.000000  -4.954814e-030
821.200000  5.133083e-030
821.400000  2.857774e-030
821.600000  -3.614375e-031
821.800000  -4.089105e-030
822.000000  1.270395e-029
822.200000  1.261513e-030
822.400000  9.763048e-030
822.600000  1.916861e-029
822.800000  1.747118e-029
823.000000  1.344418e-029
823.200000  -2.866255e-030
823.400000  1.238775e-029
823.600000  2.127491e-029
823.800000  2.416049e-029
824.000000  9.864222e-030
824.200000  1.250492e-029
824.400000  1.722870e-029
824.600000  8.066150e-030
824.800000  1.171237e-030
825.000000  -1.243360e-030
825.200000  1.507965e-029
825.400000  -1.504197e-029
825.600000  -4.094774e-030
825.800000  7.900526e-031
826.000000  1.531518e-029
826.200000  2.202382e-029
826.400000  2.365594e-030
826.600000  1.065811e-029
826.800000  1.083145e-029
827.000000  1.738358e-029
827.200000  2.468479e-029
827.400000  9.036160e-030
827.600000  1.301735e-029
827.800000  7.666808e-030
828.000000  6.586722e-030
828.200000  1.284042e-029
828.400000  -1.399734e-029
828.600000  -1.019199e-029
828.800000  3.825877e-029
829.000000  3.872737e-030
829.200000  1.130108e-029
829.400000  2.066864e-029
829.600000  2.155542e-029
829.800000  1.972168e-029
830.000000  3.530038e-029
830.200000  7.071596e-031
830.400000  1.877042e-029
830.600000  2.553097e-029
830.800000  4.002519e-031
831.000000  -1.630947e-029
831.200000  -3.953716e-029
831.400000  -1.621431e-031
831.600000  -2.006338e-029
831.800000  -1.235923e-029
832.000000  5.748246e-030
832.200000  3.227030e-029
832.400000  -2.186492e-030
832.600000  2.042996e-029
832.800000  4.498639e-029
833.000000  1.286890e-030
833.200000  5.348741e-030
833.400000  1.707385e-029
833.600000  4.300695e-029
833.800000  -5.418745e-030
834.000000  -1.075638e-029
834.200000  -2.454946e-029
834.400000  -2.010052e-029
834.600000  -7.489573e-030
834.800000  1.239171e-030
835.000000  -5.584817e-030
835.200000  4.909379e-030
835.400000  -1.099905e-029
835.600000  3.087006e-029
835.800000  1.206378e-029
836.000000  4.768329e-029
836.200000  1.315888e-029
836.400000  3.391105e-029
836.600000  1.439026e-029
836.800000  2.879842e-029
837.000000  1.258354e-029
837.200000  3.328818e-029
837.400000  1.132257e-029
837.600000  1.541496e-029
837.800000  -2.159206e-029
838.000000  -2.851475e-029
838.200000  4.375803e-029
838.400000  -2.715459e-029
838.600000  -3.966166e-029
838.800000  -4.558983e-029
839.000000  -2.452344e-029
839.200000  -9.452242e-029
839.400000  -1.142603e-028
839.600000  -9.957088e-029
839.800000  1.198518e-030
840.000000  1.223726e-029
840.200000  3.210873e-029
840.400000  -4.076890e-029
840.600000  -2.595760e-029
840.800000  -1.621702e-029
841.000000  -1.256332e-028
841.200000  -5.332936e-029
841.400000  -5.174656e-029
841.600000  -6.489524e-029
841.800000  4.608007e-029
842.000000  -1.372388e-028
842.200000  4.293329e-029
842.400000  -5.449076e-029
842.600000  7.652564e-029
842.800000  5.293038e-029
843.000000  3.690575e-029
843.200000  9.584719e-029
843.400000  8.376428e-029
843.600000  1.586813e-028
843.800000  -6.403514e-029
844.000000  -2.150455e-029
844.200000  5.484447e-029
844.400000  -2.625363e-031
844.600000  -8.608075e-029
844.800000  -9.768553e-029
845.000000  -4.997424e-029
845.200000  -1.121160e-028
845.400000  -3.234023e-029
845.600000  6.029446e-029
845.800000  -7.557141e-030
846.000000  1.089411e-029
846.200000  -4.677802e-029
846.400000  -5.907371e-029
846.600000  5.111785e-029
846.800000  4.756923e-030
847.000000  -1.709100e-029
847.200000  3.077693e-029
847.400000  1.157973e-028
847.600000  1.156166e-028
847.800000  6.776545e-029
848.000000  9.010911e-029
848.200000  5.300708e-029
848.400000  -6.594840e-030
848.600000  -1.255431e-028
848.800000  -4.339995e-030
849.000000  -5.349857e-029
849.200000  -2.389552e-028
849.400000  -5.475704e-030
849.600000  -1.789586e-028
849.800000  -1.025348e-028
850.000000  -1.909435e-028
850.200000  -1.648871e-028
850.400000  -2.755566e-028
850.600000  -3.266350e-028
850.800000  -2.450265e-028
851.000000  -4.412212e-028
851.200000  -9.683626e-029
851.400000  -4.244246e-028
851.600000  -2.271085e-028
851.800000  -1.897190e-028
852.000000  -2.676135e-028
852.200000  -1.165118e-028
852.400000  -2.742683e-028
852.600000  -1.053327e-028
852.800000  -1.654541e-028
853.000000  -1.002687e-028
853.200000  -4.569896e-028
853.400000  -2.441792e-028
853.600000  -2.161240e-028
853.800000  -2.740294e-028
854.000000  -2.227881e-028
854.200000  2.002246e-029
854.400000  -2.562173e-028
854.600000  -4.703486e-028
854.800000  -2.558908e-028
855.000000  1.156981e-028
855.200000  -1.795258e-028
855.400000  -3.852754e-028
855.600000  -2.788255e-029
855.800000  -3.448616e-028
856.000000  3.018358e-029
856.200000  -4.836368e-028
856.400000  -1.387135e-029
856.600000  -3.354028e-028
856.800000  2.427532e-029
857.000000  -1.853824e-029
857.200000  -3.069530e-028
857.400000  -9.522260e-029
857.600000  -2.163049e-028
857.800000  -7.011754e-029
858.000000  -3.649686e-028
858.200000  -2.848534e-028
858.400000  -7.957922e-028
858.600000  -8.638572e-028
858.800000  -7.793299e-028
859.000000  -8.752245e-028
859.200000  -5.754799e-028
859.400000  -4.337003e-028
859.600000  -1.340031e-028
859.800000  2.982865e-028
860.000000  2.422664e-028
860.200000  -1.070118e-028
860.400000  4.620081e-028
860.600000  -1.834616e-028
860.800000  2.137032e-028
861.000000  -3.250384e-028
861.200000  1.926602e-028
861.400000  3.876325e-029
861.600000  -1.067479e-027
861.800000  -8.259365e-028
862.000000  -9.886369e-028
862.200000  -6.875294e-028
862.400000  -1.718409e-027
862.600000  -2.109940e-028
862.800000  -8.718320e-028
863.000000  -4.771424e-028
863.200000  -1.237344e-027
863.400000  -1.318161e-027
863.600000  -6.990931e-028
863.800000  -9.844596e-028
864.000000  -2.394658e-028
864.200000  -5.434433e-028
864.400000  4.675568e-028
864.600000  -1.459798e-028
864.800000  -3.577564e-028
865.000000  -3.233507e-028
865.200000  3.212700e-028
865.400000  -3.702965e-028
865.600000  2.095616e-028
865.800000  1.394557e-027
866.000000  1.192265e-027
866.200000  1.393993e-027
866.400000  1.060014e-027
866.600000  1.718470e-027
866.800000  6.649712e-028
867.000000  8.763769e-028
867.200000  -6.442954e-028
867.400000  3.744322e-028
867.600000  1.758138e-029
867.800000  6.302025e-028
868.000000  -2.397026e-028
868.200000  1.036561e-029
868.400000  -1.798858e-027
868.600000  -9.758007e-028
868.800000  -4.308287e-028
869.000000  -1.405439e-027
869.200000  -6.543319e-028
869.400000  -1.481024e-027
869.600000  -1.517174e-027
869.800000  -1.582519e-027
870.000000  -4.429341e-028
870.200000  -3.842857e-028
870.400000  -1.067527e-028
870.600000  -2.016929e-028
870.800000  5.591232e-028
871.000000  1.615137e-027
871.200000  3.280245e-027
871.400000  2.767439e-027
871.600000  3.029302e-027
871.800000  1.046547e-027
872.000000  4.009298e-027
872.200000  8.681103e-028
872.400000  1.542686e-027
872.600000  1.698375e-027
872.800000  2.622873e-028
873.000000  8.047155e-028
873.200000  2.412528e-027
873.400000  6.984835e-029
873.600000  3.108542e-027
873.800000  4.138129e-027
874.000000  -6.308065e-028
874.200000  1.403503e-027
874.400000  3.132850e-027
874.600000  -1.452475e-027
874.800000  2.959839e-027
875.000000  4.022305e-027
875.200000  3.736123e-027
875.400000  1.637039e-027
875.600000  3.030672e-027
875.800000  4.384816e-027
876.000000  2.189905e-027
876.200000  2.970119e-027
876.400000  6.775815e-027
876.600000  1.485228e-027
876.800000  4.189555e-027
877.000000  3.369721e-027
877.200000  2.479516e-027
877.400000  8.508231e-027
877.600000  5.308601e-027
877.800000  6.964341e-027
878.000000  6.975246e-027
878.200000  8.641303e-027
878.400000  8.553341e-027
878.600000  7.183769e-027
878.800000  1.090593e-026
879.000000  1.366001e-026
879.200000  1.501329e-026
879.400000  1.685579e-026
879.600000  1.835741e-026
879.800000  2.392985e-026
880.000000  2.307106e-026
880.200000  2.446022e-026
880.400000  3.053264e-026
880.600000  2.472457e-026
880.800000  2.378943e-026
881.000000  2.573408e-026
881.200000  2.356027e-026
881.400000  2.326410e-026
881.600000  2.417817e-026
881.800000  2.749685e-026
882.000000  2.058442e-026
882.200000  1.953307e-026
882.400000  2.369370e-026
882.600000  2.492956e-026
882.800000  2.904820e-026
883.000000  2.725184e-026
883.200000  1.359345e-026
883.400000  2.555472e-026
883.600000  2.842591e-026
883.800000  2.529096e-026
884.000000  3.287665e-026
884.200000  3.054323e-026
884.400000  2.409413e-026
884.600000  3.574397e-026
884.800000  3.284030e-026
885.000000  3.789320e-026
885.200000  4.190268e-026
885.400000  4.557573e-026
885.600000  4.388311e-026
885.800000  4.034866e-026
886.000000  5.039559e-026
886.200000  5.174435e-026
886.400000  4.875623e-026
886.600000  6.255988e-026
886.800000  5.863321e-026
887.000000  5.923586e-026
887.200000  6.187681e-026
887.400000  6.256356e-026
887.600000  6.464356e-026
887.800000  5.210994e-026
888.000000  7.772197e-026
888.200000  6.183587e-026
888.400000  6.532263e-026
888.600000  6.973071e-026
888.800000  8.269703e-026
889.000000  1.004967e-025
889.200000  7.713284e-026
889.400000  8.109202e-026
889.600000  8.030017e-026
889.800000  9.995609e-026
890.000000  1.007422e-025
890.200000  8.751229e-026
890.400000  1.104866e-025
890.600000  9.778665e-026
890.800000  1.091869e-025
891.000000  1.253407e-025
891.200000  1.369236e-025
891.400000  1.465987e-025
891.600000  1.526435e-025
891.800000  1.613504e-025
892.000000  1.803265e-025
892.200000  1.971540e-025
892.400000  1.785790e-025
892.600000  1.830059e-025
892.800000  2.161437e-025
893.000000  2.292240e-025
893.200000  2.215249e-025
893.400000  2.312116e-025
893.600000  2.400766e-025
893.800000  2.588711e-025
894.000000  2.214486e-025
894.200000  2.641109e-025
894.400000  2.753629e-025
894.600000  2.633814e-025
894.800000  2.711873e-025
895.000000  3.048964e-025
895.200000  3.176169e-025
895.400000  3.153905e-025
895.600000  3.156755e-025
895.800000  3.508516e-025
896.000000  3.472898e-025
896.200000  3.474597e-025
896.400000  3.844813e-025
896.600000  4.021321e-025
896.800000  4.078071e-025
897.000000  4.093121e-025
897.200000  4.503334e-025
897.400000  4.774195e-025
897.600000  5.132498e-025
897.800000  5.156914e-025
898.000000  5.463244e-025
898.200000  5.935077e-025
898.400000  5.728546e-025
898.600000  5.880283e-025
898.800000  6.213909e-025
899.000000  6.641862e-025
899.200000  6.979165e-025
899.400000  6.799572e-025
899.600000  7.739677e-025
899.800000  7.542010e-025
900.000000  8.190650e-025
900.200000  7.919458e-025
900.400000  8.689641e-025
900.600000  8.825508e-025
900.800000  9.239634e-025
901.000000  9.238375e-025
901.200000  1.005538e-024
901.400000  1.037954e-024
901.600000  1.062310e-024
901.800000  1.098192e-024
902.000000  1.185065e-024
902.200000  1.201230e-024
902.400000  1.266109e-024
902.600000  1.309534e-024
902.800000  1.445041e-024
903.000000  1.518612e-024
903.200000  1.492148e-024
903.400000  1.562039e-024
903.600000  1.664053e-024
903.800000  1.694637e-024
904.000000  1.747806e-024
904.200000  1.841660e-024
904.400000  1.846620e-024
904.600000  2.008818e-024
904.800000  2.064838e-024
905.000000  2.145157e-024
905.200000  2.201611e-024
905.400000  2.369356e-024
905.600000  2.368619e-024
905.800000  2.603383e-024
906.000000  2.568413e-024
906.200000  2.719807e-024
906.400000  2.788415e-024
906.600000  3.048045e-024
906.800000  3.025737e-024
907.000000  3.099147e-024
907.200000  3.138673e-024
907.400000  3.374229e-024
907.600000  3.517086e-024
907.800000  3.538508e-024
908.000000  3.801905e-024
908.200000  3.663378e-024
908.400000  3.976371e-024
908.600000  4.105435e-024
908.800000  4.225961e-024
909.000000  4.256323e-024
909.200000  4.692328e-024
909.400000  4.631052e-024
909.600000  4.819716e-024
909.800000  5.093054e-024
910.000000  5.315748e-024
910.200000  5.359724e-024
910.400000  5.550630e-024
910.600000  5.890505e-024
910.800000  6.102907e-024
911.000000  6.221931e-024
911.200000  6.488440e-024
911.400000  6.848145e-024
911.600000  6.790492e-024
911.800000  7.315614e-024
912.000000  7.406822e-024
912.200000  7.972775e-024
912.400000  7.988660e-024
912.600000  8.429960e-024
912.800000  8.868467e-024
913.000000  8.790968e-024
913.200000  9.220450e-024
913.400000  9.761748e-024
913.600000  1.002960e-023
913.800000  1.032748e-023
914.000000  1.052324e-023
914.200000  1.148016e-023
914.400000  1.186500e-023
914.600000  1.251243e-023
914.800000  1.274828e-023
915.000000  1.330517e-023
915.200000  1.390355e-023
915.400000  1.413896e-023
915.600000  1.451768e-023
915.800000  1.458105e-023
916.000000  1.518340e-023
916.200000  1.584157e-023
916.400000  1.647173e-023
916.600000  1.670757e-023
916.800000  1.790913e-023
917.000000  1.794631e-023
917.200000  1.837561e-023
917.400000  1.946554e-023
917.600000  2.029367e-023
917.800000  1.999559e-023
918.000000  2.077625e-023
918.200000  2.186444e-023
918.400000  2.298118e-023
918.600000  2.255044e-023
918.800000  2.347492e-023
919.000000  2.406278e-023
919.200000  2.492667e-023
919.400000  2.590489e-023
919.600000  2.624660e-023
919.800000  2.884661e-023
920.000000  2.904023e-023
920.200000  2.874297e-023
920.400000  2.962748e-023
920.600000  3.170669e-023
920.800000  3.205093e-023
921.000000  3.194385e-023
921.200000  3.378681e-023
921.400000  3.515517e-023
921.600000  3.581713e-023
921.800000  3.541752e-023
922.000000  3.756475e-023
922.200000  3.979984e-023
922.400000  3.923967e-023
922.600000  3.887458e-023
922.800000  4.056699e-023
923.000000  4.341893e-023
923.200000  4.420079e-023
923.400000  4.203653e-023
923.600000  4.590434e-023
923.800000  4.497614e-023
924.000000  4.661242e-023
924.200000  4.744358e-023
924.400000  5.058541e-023
924.600000  4.974841e-023
924.800000  4.998824e-023
925.000000  5.220844e-023
925.200000  5.428222e-023
925.400000  5.495142e-023
925.600000  5.466130e-023
925.800000  5.821533e-023
926.000000  5.741097e-023
926.200000  6.004051e-023
926.400000  5.831796e-023
926.600000  6.357807e-023
926.800000  6.318205e-023
927.000000  6.518893e-023
927.200000  6.639482e-023
927.400000  6.777502e-023
927.600000  6.624726e-023
927.800000  6.824927e-023
928.000000  7.156300e-023
928.200000  7.184431e-023
928.400000  7.347397e-023
928.600000  7.389207e-023
928.800000  7.452785e-023
929.000000  7.435127e-023
929.200000  7.781043e-023
929.400000  7.786960e-023
929.600000  7.780749e-023
929.800000  8.194506e-023
930.000000  8.270396e-023
930.200000  8.274107e-023
930.400000  8.785053e-023
930.600000  8.864536e-023
930.800000  8.697594e-023
931.000000  8.810727e-023
931.200000  9.152390e-023
931.400000  9.114523e-023
931.600000  9.799196e-023
931.800000  9.677760e-023
932.000000  9.533343e-023
932.200000  9.957515e-023
932.400000  1.015969e-022
932.600000  1.006480e-022
932.800000  1.044651e-022
933.000000  1.079990e-022
933.200000  1.075382e-022
933.400000  1.120335e-022
933.600000  1.135805e-022
933.800000  1.169157e-022
934.000000  1.142617e-022
934.200000  1.200818e-022
934.400000  1.192824e-022
934.600000  1.264013e-022
934.800000  1.250453e-022
935.000000  1.298023e-022
935.200000  1.294560e-022
935.400000  1.358344e-022
935.600000  1.322893e-022
935.800000  1.353851e-022
936.000000  1.472627e-022
936.200000  1.410051e-022
936.400000  1.440450e-022
936.600000  1.486109e-022
936.800000  1.524782e-022
937.000000  1.508288e-022
937.200000  1.623472e-022
937.400000  1.602760e-022
937.600000  1.613530e-022
937.800000  1.683251e-022
938.000000  1.724724e-022
938.200000  1.709983e-022
938.400000  1.773462e-022
938.600000  1.779929e-022
938.800000  1.795983e-022
939.000000  1.871986e-022
939.200000  1.892482e-022
939.400000  1.911405e-022
939.600000  1.964574e-022
939.800000  2.037709e-022
940.000000  2.021412e-022
940.200000  2.084015e-022
940.400000  2.096172e-022
940.600000  2.243467e-022
940.800000  2.131681e-022
941.000000  2.280082e-022
941.200000  2.306173e-022
941.400000  2.426008e-022
941.600000  2.400757e-022
941.800000  2.474853e-022
942.000000  2.500007e-022
942.200000  2.593877e-022
942.400000  2.644102e-022
942.600000  2.682798e-022
942.800000  2.667176e-022
943.000000  2.779714e-022
943.200000  2.898537e-022
943.400000  2.971808e-022
943.600000  3.026010e-022
943.800000  3.088695e-022
944.000000  3.116528e-022
944.200000  3.143353e-022
944.400000  3.323554e-022
944.600000  3.299483e-022
944.800000  3.418230e-022
945.000000  3.452048e-022
945.200000  3.550018e-022
945.400000  3.737491e-022
945.600000  3.658344e-022
945.800000  3.772830e-022
946.000000  3.951091e-022
946.200000  3.834209e-022
946.400000  4.010691e-022
946.600000  4.172376e-022
946.800000  4.195824e-022
947.000000  4.099343e-022
947.200000  4.269423e-022
947.400000  4.378045e-022
947.600000  4.629622e-022
947.800000  4.658274e-022
948.000000  4.806795e-022
948.200000  4.923934e-022
948.400000  4.946654e-022
948.600000  5.275785e-022
948.800000  5.107243e-022
949.000000  5.434826e-022
949.200000  5.419667e-022
949.400000  5.491594e-022
949.600000  5.477477e-022
949.800000  5.762664e-022
950.000000  5.889072e-022
950.200000  5.906842e-022
950.400000  6.090029e-022
950.600000  6.091019e-022
950.800000  6.205032e-022
951.000000  6.469282e-022
951.200000  6.828942e-022
951.400000  6.655121e-022
951.600000  6.795549e-022
951.800000  6.877370e-022
952.000000  7.118538e-022
952.200000  7.013337e-022
952.400000  7.343654e-022
952.600000  7.549748e-022
952.800000  7.774986e-022
953.000000  7.718738e-022
953.200000  8.001727e-022
953.400000  8.078738e-022
953.600000  8.236749e-022
953.800000  8.202627e-022
954.000000  8.677999e-022
954.200000  8.603323e-022
954.400000  8.955231e-022
954.600000  8.847719e-022
954.800000  9.320588e-022
955.000000  9.382775e-022
955.200000  9.598566e-022
955.400000  9.654984e-022
955.600000  9.852941e-022
955.800000  9.918306e-022
956.000000  1.009405e-021
956.200000  1.024550e-021
956.400000  1.050496e-021
956.600000  1.046142e-021
956.800000  1.082952e-021
957.000000  1.079042e-021
957.200000  1.092184e-021
957.400000  1.137026e-021
957.600000  1.132277e-021
957.800000  1.159661e-021
958.000000  1.147016e-021
958.200000  1.191332e-021
958.400000  1.222118e-021
958.600000  1.195165e-021
958.800000  1.229214e-021
959.000000  1.227718e-021
959.200000  1.248265e-021
959.400000  1.259121e-021
959.600000  1.281970e-021
959.800000  1.307535e-021
960.000000  1.300088e-021
960.200000  1.291027e-021
960.400000  1.332530e-021
960.600000  1.393516e-021
960.800000  1.344691e-021
961.000000  1.381814e-021
961.200000  1.382516e-021
961.400000  1.423276e-021
961.600000  1.393354e-021
961.800000  1.449120e-021
962.000000  1.461557e-021
962.200000  1.513088e-021
962.400000  1.451175e-021
962.600000  1.498910e-021
962.800000  1.515273e-021
963.000000  1.555909e-021
963.200000  1.526354e-021
963.400000  1.586344e-021
963.600000  1.582660e-021
963.800000  1.583139e-021
964.000000  1.619875e-021
964.200000  1.655451e-021
964.400000  1.648979e-021
964.600000  1.686478e-021
964.800000  1.710106e-021
965.000000  1.723308e-021
965.200000  1.697737e-021
965.400000  1.753301e-021
965.600000  1.756909e-021
965.800000  1.797598e-021
966.000000  1.804324e-021
966.200000  1.728799e-021
966.400000  1.785776e-021
966.600000  1.879015e-021
966.800000  1.782636e-021
967.000000  1.921959e-021
967.200000  1.964570e-021
967.400000  1.984958e-021
967.600000  1.924137e-021
967.800000  2.076372e-021
968.000000  2.097873e-021
968.200000  2.059748e-021
968.400000  2.163221e-021
968.600000  2.206235e-021
968.800000  2.280744e-021
969.000000  2.293829e-021
969.200000  2.368185e-021
969.400000  2.475565e-021
969.600000  2.541436e-021
969.800000  2.632522e-021
970.000000  2.750012e-021
970.200000  2.955012e-021
970.400000  3.097639e-021
970.600000  3.327793e-021
970.800000  3.577475e-021
971.000000  3.842523e-021
971.200000  4.193167e-021
971.400000  4.608109e-021
971.600000  5.117924e-021
971.800000  5.695141e-021
972.000000  6.388764e-021
972.200000  7.214386e-021
972.400000  8.148369e-021
972.600000  9.238722e-021
972.800000  1.049267e-020
973.000000  1.189484e-020
973.200000  1.341555e-020
973.400000  1.512553e-020
973.600000  1.691652e-020
973.800000  1.884296e-020
974.000000  2.082224e-020
974.200000  2.297242e-020
974.400000  2.531623e-020
974.600000  2.751272e-020
974.800000  2.929457e-020
975.000000  3.060626e-020
975.200000  3.104318e-020
975.400000  3.036698e-020
975.600000  2.964766e-020
975.800000  2.889857e-020
976.000000  2.821983e-020
976.200000  2.731696e-020
976.400000  2.643182e-020
976.600000  2.557519e-020
976.800000  2.450605e-020
977.000000  2.333966e-020
977.200000  2.216623e-020
977.400000  2.111264e-020
977.600000  2.002122e-020
977.800000  1.898877e-020
978.000000  1.799884e-020
978.200000  1.705695e-020
978.400000  1.615777e-020
978.600000  1.527872e-020
978.800000  1.447524e-020
979.000000  1.369967e-020
979.200000  1.290863e-020
979.400000  1.221468e-020
979.600000  1.153509e-020
979.800000  1.091922e-020
980.000000  1.029404e-020
980.200000  9.775267e-021
980.400000  9.219902e-021
980.600000  8.754938e-021
980.800000  8.258554e-021
981.000000  7.931400e-021
981.200000  7.524659e-021
981.400000  7.166776e-021
981.600000  6.872567e-021
981.800000  6.392070e-021
982.000000  6.119625e-021
982.200000  5.847775e-021
982.400000  5.596167e-021
982.600000  5.418329e-021
982.800000  5.247635e-021
983.000000  4.885912e-021
983.200000  4.940722e-021
983.400000  4.733676e-021
983.600000  4.657318e-021
983.800000  4.528495e-021
984.000000  4.543672e-021
984.200000  4.444523e-021
984.400000  4.414110e-021
984.600000  4.410972e-021
984.800000  4.334545e-021
985.000000  4.318040e-021
985.200000  4.266708e-021
985.400000  4.273220e-021
985.600000  4.276990e-021
985.800000  4.157540e-021
986.000000  4.176377e-021
986.200000  4.223376e-021
986.400000  4.208197e-021
986.600000  4.166363e-021
986.800000  4.125924e-021
987.000000  4.234385e-021
987.200000  4.160106e-021
987.400000  4.161298e-021
987.600000  4.200506e-021
987.800000  4.270535e-021
988.000000  4.278084e-021
988.200000  4.219197e-021
988.400000  4.284686e-021
988.600000  4.288304e-021
988.800000  4.282600e-021
989.000000  4.470492e-021
989.200000  4.498120e-021
989.400000  4.490553e-021
989.600000  4.573334e-021
989.800000  4.600418e-021
990.000000  4.692007e-021
990.200000  4.740939e-021
990.400000  4.882675e-021
990.600000  4.960023e-021
990.800000  4.989452e-021
991.000000  5.176901e-021
991.200000  5.193279e-021
991.400000  5.383784e-021
991.600000  5.466504e-021
991.800000  5.485267e-021
992.000000  5.695303e-021
992.200000  5.673060e-021
992.400000  5.756754e-021
992.600000  5.923641e-021
992.800000  5.975837e-021
993.000000  6.037346e-021
993.200000  6.127072e-021
993.400000  6.268601e-021
993.600000  6.345308e-021
993.800000  6.286329e-021
994.000000  6.203930e-021
994.200000  6.300083e-021
994.400000  6.370810e-021
994.600000  6.297154e-021
994.800000  6.307968e-021
995.000000  6.523463e-021
995.200000  6.403868e-021
995.400000  6.418600e-021
995.600000  6.415225e-021
995.800000  6.502666e-021
996.000000  6.522967e-021
996.200000  6.454210e-021
996.400000  6.575502e-021
996.600000  6.589619e-021
996.800000  6.569659e-021
997.000000  6.572445e-021
997.200000  6.525725e-021
997.400000  6.506023e-021
997.600000  6.490786e-021
997.800000  6.652730e-021
998.000000  6.533124e-021
998.200000  6.583386e-021
998.400000  6.668883e-021
998.600000  6.765537e-021
998.800000  6.885977e-021
999.000000  6.676566e-021
999.200000  6.658806e-021
999.400000  6.754167e-021
999.600000  6.544896e-021
999.800000  6.582046e-021
1000.000000  6.769588e-021
1000.200000  6.750026e-021
1000.400000  6.579715e-021
1000.600000  6.556477e-021
1000.800000  6.852208e-021
1001.000000  6.735694e-021
1001.200000  6.427012e-021
1001.400000  6.583283e-021
1001.600000  6.589274e-021
1001.800000  6.392852e-021
1002.000000  6.283718e-021
1002.200000  6.341089e-021
1002.400000  6.314512e-021
1002.600000  6.192460e-021
1002.800000  6.159110e-021
1003.000000  6.556828e-021
1003.200000  6.453901e-021
1003.400000  6.363666e-021
1003.600000  6.259600e-021
1003.800000  6.585385e-021
1004.000000  6.321034e-021
1004.200000  6.201544e-021
1004.400000  6.249002e-021
1004.600000  6.211350e-021
1004.800000  6.194296e-021
1005.000000  6.193582e-021
1005.200000  6.212842e-021
1005.400000  6.164786e-021
1005.600000  6.145927e-021
1005.800000  6.168707e-021
1006.000000  6.153650e-021
1006.200000  6.101199e-021
1006.400000  6.119054e-021
1006.600000  6.126075e-021
1006.800000  6.083681e-021
1007.000000  6.065576e-021
1007.200000  6.076070e-021
1007.400000  6.028794e-021
1007.600000  5.976752e-021
1007.800000  6.025386e-021
1008.000000  6.005458e-021
1008.200000  5.968046e-021
1008.400000  5.947277e-021
1008.600000  5.939366e-021
1008.800000  5.883474e-021
1009.000000  5.810815e-021
1009.200000  5.819835e-021
1009.400000  5.859352e-021
1009.600000  5.797895e-021
1009.800000  5.681036e-021
1010.000000  5.749150e-021
1010.200000  5.744474e-021
1010.400000  5.612424e-021
1010.600000  5.551119e-021
1010.800000  5.608228e-021
1011.000000  5.544230e-021
1011.200000  5.488458e-021
1011.400000  5.500475e-021
1011.600000  5.505042e-021
1011.800000  5.447885e-021
1012.000000  5.365002e-021
1012.200000  5.408190e-021
1012.400000  5.417500e-021
1012.600000  5.363504e-021
1012.800000  5.359502e-021
1013.000000  5.387852e-021
1013.200000  5.386110e-021
1013.400000  5.330620e-021
1013.600000  5.350538e-021
1013.800000  5.422329e-021
1014.000000  5.416170e-021
1014.200000  5.362487e-021
1014.400000  5.400264e-021
1014.600000  5.418464e-021
1014.800000  5.360329e-021
1015.000000  5.359045e-021
1015.200000  5.365339e-021
1015.400000  5.392451e-021
1015.600000  5.360900e-021
1015.800000  5.367146e-021
1016.000000  5.374076e-021
1016.200000  5.381355e-021
1016.400000  5.336233e-021
1016.600000  5.340385e-021
1016.800000  5.337383e-021
1017.000000  5.320754e-021
1017.200000  5.317590e-021
1017.400000  5.330258e-021
1017.600000  5.328770e-021
1017.800000  5.281483e-021
1018.000000  5.302229e-021
1018.200000  5.315526e-021
1018.400000  5.321261e-021
1018.600000  5.289826e-021
1018.800000  5.312678e-021
1019.000000  5.338911e-021
1019.200000  5.276239e-021
1019.400000  5.246410e-021
1019.600000  5.290067e-021
1019.800000  5.266709e-021
1020.000000  5.198080e-021
1020.200000  5.209132e-021
1020.400000  5.212612e-021
1020.600000  5.182004e-021
1020.800000  5.133629e-021
1021.000000  5.148174e-021
1021.200000  5.157958e-021
1021.400000  5.095085e-021
1021.600000  5.080648e-021
1021.800000  5.086720e-021
1022.000000  5.083978e-021
1022.200000  5.013385e-021
1022.400000  5.026463e-021
1022.600000  5.004884e-021
1022.800000  4.986222e-021
1023.000000  4.956482e-021
1023.200000  4.963268e-021
1023.400000  4.964443e-021
1023.600000  4.883524e-021
1023.800000  4.863226e-021
1024.000000  4.881261e-021
1024.200000  4.826733e-021
1024.400000  4.772259e-021
1024.600000  4.773799e-021
1024.800000  4.729813e-021
1025.000000  4.668056e-021
1025.200000  4.658084e-021
1025.400000  4.666524e-021
1025.600000  4.593814e-021
1025.800000  4.532267e-021
1026.000000  4.522479e-021
1026.200000  4.513565e-021
1026.400000  4.425095e-021
1026.600000  4.372524e-021
1026.800000  4.385350e-021
1027.000000  4.352202e-021
1027.200000  4.260621e-021
1027.400000  4.247178e-021
1027.600000  4.258159e-021
1027.800000  4.192855e-021
1028.000000  4.139136e-021
1028.200000  4.144828e-021
1028.400000  4.172804e-021
1028.600000  4.139364e-021
1028.800000  4.064302e-021
1029.000000  4.138746e-021
1029.200000  4.117496e-021
1029.400000  4.071364e-021
1029.600000  4.063637e-021
1029.800000  4.110414e-021
1030.000000  4.066448e-021
1030.200000  4.023638e-021
1030.400000  4.028480e-021
1030.600000  4.039369e-021
1030.800000  3.999089e-021
1031.000000  3.971584e-021
1031.200000  3.969476e-021
1031.400000  3.949014e-021
1031.600000  3.908184e-021
1031.800000  3.870686e-021
1032.000000  3.859585e-021
1032.200000  3.845741e-021
1032.400000  3.791003e-021
1032.600000  3.778236e-021
1032.800000  3.765601e-021
1033.000000  3.719610e-021
1033.200000  3.683141e-021
1033.400000  3.670304e-021
1033.600000  3.655552e-021
1033.800000  3.633816e-021
1034.000000  3.630204e-021
1034.200000  3.615184e-021
1034.400000  3.601699e-021
1034.600000  3.581135e-021
1034.800000  3.569825e-021
1035.000000  3.540952e-021
1035.200000  3.530299e-021
1035.400000  3.489859e-021
1035.600000  3.511534e-021
1035.800000  3.494382e-021
1036.000000  3.470676e-021
1036.200000  3.476366e-021
1036.400000  3.468512e-021
1036.600000  3.431651e-021
1036.800000  3.416071e-021
1037.000000  3.409254e-021
1037.200000  3.384526e-021
1037.400000  3.358351e-021
1037.600000  3.345408e-021
1037.800000  3.342897e-021
1038.000000  3.339969e-021
1038.200000  3.307579e-021
1038.400000  3.292295e-021
1038.600000  3.306790e-021
1038.800000  3.288408e-021
1039.000000  3.267807e-021
1039.200000  3.291301e-021
1039.400000  3.303054e-021
1039.600000  3.282837e-021
1039.800000  3.292295e-021
1040.000000  3.307229e-021
1040.200000  3.293894e-021
1040.400000  3.247916e-021
1040.600000  3.243788e-021
1040.800000  3.262567e-021
1041.000000  3.257450e-021
1041.200000  3.222090e-021
1041.400000  3.218787e-021
1041.600000  3.189090e-021
1041.800000  3.126029e-021
1042.000000  3.108528e-021
1042.200000  3.080490e-021
1042.400000  3.077305e-021
1042.600000  3.023119e-021
1042.800000  3.035229e-021
1043.000000  3.021532e-021
1043.200000  2.992206e-021
1043.400000  2.987754e-021
1043.600000  2.946863e-021
1043.800000  2.910578e-021
1044.000000  2.908633e-021
1044.200000  2.887790e-021
1044.400000  2.879081e-021
1044.600000  2.858986e-021
1044.800000  2.859649e-021
1045.000000  2.850244e-021
1045.200000  2.811246e-021
1045.400000  2.796222e-021
1045.600000  2.775923e-021
1045.800000  2.760020e-021
1046.000000  2.743755e-021
1046.200000  2.748146e-021
1046.400000  2.743221e-021
1046.600000  2.725708e-021
1046.800000  2.731261e-021
1047.000000  2.734628e-021
1047.200000  2.727156e-021
1047.400000  2.702128e-021
1047.600000  2.708010e-021
1047.800000  2.702162e-021
1048.000000  2.680973e-021
1048.200000  2.660760e-021
1048.400000  2.664716e-021
1048.600000  2.647277e-021
1048.800000  2.623088e-021
1049.000000  2.597702e-021
1049.200000  2.582904e-021
1049.400000  2.551381e-021
1049.600000  2.487377e-021
1049.800000  2.470947e-021
1050.000000  2.463460e-021
1050.200000  2.390995e-021
1050.400000  2.361002e-021
1050.600000  2.337548e-021
1050.800000  2.329567e-021
1051.000000  2.294284e-021
1051.200000  2.276562e-021
1051.400000  2.275611e-021
1051.600000  2.275944e-021
1051.800000  2.243402e-021
1052.000000  2.219785e-021
1052.200000  2.219128e-021
1052.400000  2.192259e-021
1052.600000  2.158264e-021
1052.800000  2.150377e-021
1053.000000  2.144363e-021
1053.200000  2.119317e-021
1053.400000  2.086431e-021
1053.600000  2.077201e-021
1053.800000  2.064165e-021
1054.000000  2.027867e-021
1054.200000  2.014006e-021
1054.400000  2.001723e-021
1054.600000  1.975965e-021
1054.800000  1.931973e-021
1055.000000  1.939947e-021
1055.200000  1.930813e-021
1055.400000  1.915122e-021
1055.600000  1.891754e-021
1055.800000  1.889138e-021
1056.000000  1.873725e-021
1056.200000  1.836820e-021
1056.400000  1.829355e-021
1056.600000  1.835611e-021
1056.800000  1.814624e-021
1057.000000  1.789826e-021
1057.200000  1.778845e-021
1057.400000  1.777861e-021
1057.600000  1.758941e-021
1057.800000  1.743142e-021
1058.000000  1.744983e-021
1058.200000  1.729910e-021
1058.400000  1.699239e-021
1058.600000  1.681466e-021
1058.800000  1.676897e-021
1059.000000  1.654881e-021
1059.200000  1.628496e-021
1059.400000  1.615358e-021
1059.600000  1.601690e-021
1059.800000  1.570425e-021
1060.000000  1.551825e-021
1060.200000  1.545608e-021
1060.400000  1.536296e-021
1060.600000  1.506780e-021
1060.800000  1.489113e-021
1061.000000  1.469927e-021
1061.200000  1.457351e-021
1061.400000  1.431055e-021
1061.600000  1.426027e-021
1061.800000  1.415516e-021
1062.000000  1.384948e-021
1062.200000  1.366261e-021
1062.400000  1.352377e-021
1062.600000  1.345169e-021
1062.800000  1.319656e-021
1063.000000  1.308233e-021
1063.200000  1.299225e-021
1063.400000  1.281631e-021
1063.600000  1.271275e-021
1063.800000  1.253517e-021
1064.000000  1.257918e-021
1064.200000  1.234369e-021
1064.400000  1.226907e-021
1064.600000  1.215146e-021
1064.800000  1.200915e-021
1065.000000  1.183400e-021
1065.200000  1.174500e-021
1065.400000  1.171219e-021
1065.600000  1.149001e-021
1065.800000  1.127126e-021
1066.000000  1.124869e-021
1066.200000  1.112564e-021
1066.400000  1.102121e-021
1066.600000  1.086957e-021
1066.800000  1.078193e-021
1067.000000  1.055967e-021
1067.200000  1.041817e-021
1067.400000  1.030273e-021
1067.600000  1.026470e-021
1067.800000  1.003437e-021
1068.000000  9.893043e-022
1068.200000  9.842501e-022
1068.400000  9.725099e-022
1068.600000  9.525870e-022
1068.800000  9.366788e-022
1069.000000  9.351645e-022
1069.200000  9.224864e-022
1069.400000  8.982576e-022
1069.600000  8.953017e-022
1069.800000  8.945857e-022
1070.000000  8.725078e-022
1070.200000  8.649748e-022
1070.400000  8.562781e-022
1070.600000  8.532122e-022
1070.800000  8.296331e-022
1071.000000  8.280208e-022
1071.200000  8.213190e-022
1071.400000  8.161065e-022
1071.600000  7.960645e-022
1071.800000  7.845169e-022
1072.000000  7.833342e-022
1072.200000  7.606506e-022
1072.400000  7.428143e-022
1072.600000  7.435043e-022
1072.800000  7.386168e-022
1073.000000  7.197449e-022
1073.200000  7.119652e-022
1073.400000  7.104752e-022
1073.600000  6.944301e-022
1073.800000  6.837963e-022
1074.000000  6.713174e-022
1074.200000  6.674347e-022
1074.400000  6.565648e-022
1074.600000  6.458988e-022
1074.800000  6.357338e-022
1075.000000  6.281003e-022
1075.200000  6.230747e-022
1075.400000  6.111416e-022
1075.600000  6.097962e-022
1075.800000  5.966809e-022
1076.000000  5.830990e-022
1076.200000  5.768593e-022
1076.400000  5.688481e-022
1076.600000  5.622745e-022
1076.800000  5.581555e-022
1077.000000  5.581240e-022
1077.200000  5.457860e-022
1077.400000  5.411795e-022
1077.600000  5.364297e-022
1077.800000  5.382908e-022
1078.000000  5.300005e-022
1078.200000  5.241008e-022
1078.400000  5.251871e-022
1078.600000  5.134533e-022
1078.800000  5.101698e-022
1079.000000  4.969286e-022
1079.200000  4.980508e-022
1079.400000  4.921047e-022
1079.600000  4.788031e-022
1079.800000  4.746655e-022
1080.000000  4.695521e-022
1080.200000  4.546587e-022
1080.400000  4.488955e-022
1080.600000  4.514189e-022
1080.800000  4.462518e-022
1081.000000  4.346082e-022
1081.200000  4.275984e-022
1081.400000  4.245830e-022
1081.600000  4.178347e-022
1081.800000  4.090853e-022
1082.000000  4.090164e-022
1082.200000  4.096061e-022
1082.400000  3.971934e-022
1082.600000  3.921762e-022
1082.800000  3.901050e-022
1083.000000  3.859605e-022
1083.200000  3.744188e-022
1083.400000  3.725115e-022
1083.600000  3.732051e-022
1083.800000  3.711712e-022
1084.000000  3.611330e-022
1084.200000  3.565527e-022
1084.400000  3.594841e-022
1084.600000  3.525505e-022
1084.800000  3.457324e-022
1085.000000  3.438941e-022
1085.200000  3.398722e-022
1085.400000  3.379230e-022
1085.600000  3.327753e-022
1085.800000  3.356167e-022
1086.000000  3.345428e-022
1086.200000  3.158233e-022
1086.400000  3.081570e-022
1086.600000  3.048868e-022
1086.800000  3.048743e-022
1087.000000  3.054631e-022
1087.200000  3.000304e-022
1087.400000  2.948796e-022
1087.600000  2.946680e-022
1087.800000  2.885264e-022
1088.000000  2.849612e-022
1088.200000  2.823459e-022
1088.400000  2.754760e-022
1088.600000  2.768752e-022
1088.800000  2.685362e-022
1089.000000  2.687350e-022
1089.200000  2.601878e-022
1089.400000  2.594047e-022
1089.600000  2.559953e-022
1089.800000  2.550338e-022
1090.000000  2.558857e-022
1090.200000  2.509923e-022
1090.400000  2.439284e-022
1090.600000  2.439727e-022
1090.800000  2.419623e-022
1091.000000  2.373651e-022
1091.200000  2.380391e-022
1091.400000  2.342168e-022
1091.600000  2.293997e-022
1091.800000  2.308929e-022
1092.000000  2.245296e-022
1092.200000  2.255710e-022
1092.400000  2.179726e-022
1092.600000  2.161193e-022
1092.800000  2.149803e-022
1093.000000  2.148101e-022
1093.200000  2.091985e-022
1093.400000  2.076625e-022
1093.600000  2.115374e-022
1093.800000  2.053256e-022
1094.000000  2.025545e-022
1094.200000  1.959268e-022
1094.400000  2.004608e-022
1094.600000  1.977800e-022
1094.800000  1.903629e-022
1095.000000  1.905808e-022
1095.200000  1.908056e-022
1095.400000  1.864842e-022
1095.600000  1.843203e-022
1095.800000  1.816776e-022
1096.000000  1.778479e-022
1096.200000  1.727360e-022
1096.400000  1.765675e-022
1096.600000  1.740768e-022
1096.800000  1.722933e-022
1097.000000  1.651848e-022
1097.200000  1.602949e-022
1097.400000  1.626397e-022
1097.600000  1.555446e-022
1097.800000  1.533794e-022
1098.000000  1.478595e-022
1098.200000  1.508743e-022
1098.400000  1.458403e-022
1098.600000  1.390556e-022
1098.800000  1.446757e-022
1099.000000  1.405688e-022
1099.200000  1.369656e-022
1099.400000  1.336858e-022
1099.600000  1.370169e-022
1099.800000  1.314703e-022
1100.000000  1.296845e-022
