800.000000  1.193897e-022
800.200000  8.255308e-023
800.400000  9.184034e-023
800.600000  1.020543e-022
800.800000  1.299006e-022
801.000000  7.526138e-023
801.200000  9.582252e-023
801.400000  1.123223e-022
801.600000  9.694188e-023
801.800000  2.655009e-023
802.000000  6.886158e-023
802.200000  1.126099e-022
802.400000  1.148931e-022
802.600000  8.952830e-023
802.800000  7.100357e-023
803.000000  8.376770e-023
803.200000  7.455597e-023
803.400000  6.218780e-023
803.600000  1.345781e-022
803.800000  1.191889e-022
804.000000  1.340127e-022
804.200000  7.749883e-023
804.400000  1.447989e-022
804.600000  7.388811e-023
804.800000  1.126312e-022
805.000000  1.146797e-022
805.200000  1.214446e-022
805.400000  1.344911e-022
805.600000  7.539660e-023
805.800000  6.536372e-023
806.000000  8.024832e-023
806.200000  9.151257e-023
806.400000  4.408806e-023
806.600000  1.000703e-022
806.800000  6.506700e-023
807.000000  4.881770e-023
807.200000  5.333704e-023
807.400000  5.557334e-023
807.600000  5.171223e-023
807.800000  3.940505e-023
808.000000  5.473189e-023
808.200000  9.083124e-023
808.400000  5.284925e-023
808.600000  4.005098e-023
808.800000  1.350576e-022
809.000000  1.013419e-022
809.200000  8.398865e-023
809.400000  1.079892e-022
809.600000  1.052748e-022
809.800000  6.603905e-023
810.000000  3.068000e-023
810.200000  6.389757e-023
810.400000  7.434898e-023
810.600000  9.803409e-023
810.800000  5.271936e-023
811.000000  5.360435e-023
811.200000  9.171775e-023
811.400000  1.560512e-023
811.600000  3.900646e-023
811.800000  8.795273e-023
812.000000  5.288545e-023
812.200000  5.701459e-023
812.400000  5.441388e-023
812.600000  6.889809e-023
812.800000  8.422878e-023
813.000000  6.904292e-023
813.200000  6.761275e-023
813.400000  3.546658e-023
813.600000  6.694885e-023
813.800000  2.704189e-023
814.000000  7.203976e-023
814.200000  3.831439e-024
814.400000  4.328300e-023
814.600000  5.402276e-023
814.800000  -1.244661e-023
815.000000  2.406469e-023
815.200000  3.897686e-023
815.400000  2.108397e-023
815.600000  2.335696e-023
815.800000  7.928533e-023
816.000000  7.197576e-023
816.200000  3.629472e-023
816.400000  3.992906e-023
816.600000  2.672592e-023
816.800000  4.737394e-023
817.000000  7.129988e-023
817.200000  1.867310e-023
817.400000  1.874325e-023
817.600000  1.690405e-023
817.800000  3.991886e-024
818.000000  1.088995e-023
818.200000  2.936280e-023
818.400000  3.875818e-023
818.600000  1.146144e-023
818.800000  1.851180e-023
819.000000  4.198843e-023
819.200000  2.415645e-023
819.400000  5.127635e-024
819.600000  4.291113e-023
819.800000  3.381536e-023
820.000000  2.665667e-023
820.200000  1.375562e-024
820.400000  5.657100e-023
820.600000  5.985084e-023
820.800000  2.059969e-023
821.000000  -6.024289e-024
821.200000  5.734267e-023
821.400000  4.994195e-023
821.600000  -1.832506e-024
821.800000  1.651805e-023
822.000000  4.932232e-023
822.200000  6.723768e-024
822.400000  4.126218e-023
822.600000  7.382014e-023
822.800000  1.019514e-022
823.000000  2.113278e-023
823.200000  -1.223748e-023
823.400000  2.458253e-023
823.600000  6.539483e-023
823.800000  7.397802e-023
824.000000  3.228447e-023
824.200000  5.482040e-023
824.400000  5.501776e-023
824.600000  5.421958e-023
824.800000  1.646976e-023
825.000000  1.708757e-023
825.200000  5.075279e-023
825.400000  3.722559e-024
825.600000  1.640238e-023
825.800000  8.113186e-024
826.000000  2.569098e-023
826.200000  4.697000e-023
826.400000  3.178357e-023
826.600000  4.032476e-024
826.800000  3.136842e-023
827.000000  4.900186e-023
827.200000  5.286345e-023
827.400000  2.614429e-023
827.600000  3.970784e-023
827.800000  3.450588e-023
828.000000  2.881352e-023
828.200000  2.238933e-023
828.400000  2.173500e-023
828.600000  3.566946e-023
828.800000  4.025699e-023
829.000000  7.212621e-024
829.200000  1.651742e-023
829.400000  2.579624e-023
829.600000  1.575021e-023
829.800000  2.618656e-023
830.000000  5.994309e-023
830.200000  1.863819e-023
830.400000  2.302859e-023
830.600000  5.274701e-023
830.800000  3.071984e-023
831.000000  -7.094986e-024
831.200000  -2.844377e-023
831.400000  1.801407e-023
831.600000  1.025641e-023
831.800000  5.582203e-024
832.000000  2.060478e-024
832.200000  4.906052e-023
832.400000  2.498093e-023
832.600000  -1.424155e-023
832.800000  4.071052e-023
833.000000  2.150856e-023
833.200000  2.697750e-023
833.400000  -5.808277e-025
833.600000  4.302254e-023
833.800000  1.790826e-023
834.000000  -3.868524e-024
834.200000  4.000989e-024
834.400000  3.155044e-024
834.600000  -4.512790e-024
834.800000  -3.438652e-023
835.000000  -1.314874e-024
835.200000  3.863550e-023
835.400000  -1.367600e-023
835.600000  2.160716e-023
835.800000  2.747515e-023
836.000000  4.629997e-023
836.200000  4.922873e-024
836.400000  2.972919e-023
836.600000  2.065814e-023
836.800000  4.116712e-024
837.000000  2.070133e-023
837.200000  1.247125e-023
837.400000  3.181940e-023
837.600000  1.646989e-023
837.800000  1.355811e-023
838.000000  -1.543090e-025
838.200000  2.250682e-023
838.400000  -2.790139e-023
838.600000  -3.426865e-023
838.800000  -2.592868e-023
839.000000  -9.059504e-024
839.200000  -4.257642e-023
839.400000  -3.076857e-023
839.600000  -1.845321e-023
839.800000  2.325870e-024
840.000000  1.532082e-023
840.200000  -1.131302e-023
840.400000  1.264569e-023
840.600000  -1.927891e-023
840.800000  4.149498e-024
841.000000  -3.934655e-023
841.200000  -1.626624e-023
841.400000  -2.558161e-023
841.600000  -1.075260e-023
841.800000  1.720508e-023
842.000000  -3.883778e-023
842.200000  2.320053e-023
842.400000  -7.667060e-024
842.600000  1.647454e-023
842.800000  8.307438e-024
843.000000  2.249631e-023
843.200000  3.679827e-023
843.400000  1.310924e-023
843.600000  2.782561e-023
843.800000  -8.869439e-024
844.000000  -1.899394e-023
844.200000  1.907255e-024
844.400000  -4.136288e-024
844.600000  -2.402915e-023
844.800000  -2.452045e-023
845.000000  -2.950895e-023
845.200000  -1.367974e-025
845.400000  2.995889e-023
845.600000  9.910788e-024
845.800000  8.188731e-024
846.000000  3.969297e-023
846.200000  1.862578e-023
846.400000  -2.262423e-023
846.600000  2.573385e-023
846.800000  1.659255e-023
847.000000  -2.286813e-025
847.200000  -6.160759e-024
847.400000  1.574872e-023
847.600000  3.862875e-023
847.800000  2.519981e-023
848.000000  -1.205546e-024
848.200000  9.811558e-024
848.400000  2.506070e-023
848.600000  -2.338410e-023
848.800000  7.224597e-025
849.000000  -7.504163e-024
849.200000  6.990250e-024
849.400000  -2.339123e-023
849.600000  -1.388608e-023
849.800000  8.492159e-024
850.000000  -3.824162e-023
850.200000  -5.172955e-023
850.400000  -1.991191e-023
850.600000  -1.141658e-023
850.800000  -3.106216e-023
851.000000  -2.837015e-023
851.200000  9.004279e-024
851.400000  -4.235199e-023
851.600000  -2.314360e-023
851.800000  9.620686e-024
852.000000  3.492222e-024
852.200000  -1.453541e-023
852.400000  -6.866760e-024
852.600000  2.167537e-023
852.800000  -5.210673e-024
853.000000  -2.752753e-023
853.200000  -5.031213e-023
853.400000  -1.463052e-023
853.600000  -7.048836e-025
853.800000  -3.070722e-023
854.000000  -8.356350e-024
854.200000  8.150201e-024
854.400000  -4.779784e-024
854.600000  -4.249236e-023
854.800000  -1.238733e-023
855.000000  2.692638e-024
855.200000  -2.432193e-023
855.400000  -2.798934e-023
855.600000  1.205539e-024
855.800000  -2.026516e-023
856.000000  -1.994472e-023
856.200000  -5.316450e-023
856.400000  -2.831494e-023
856.600000  -3.405274e-023
856.800000  -1.914714e-023
857.000000  -8.528041e-024
857.200000  -4.046817e-023
857.400000  -2.598575e-023
857.600000  6.620958e-024
857.800000  -9.819087e-024
858.000000  -1.279834e-023
858.200000  2.091610e-024
858.400000  -1.364098e-023
858.600000  -1.422557e-023
858.800000  -3.033490e-023
859.000000  -3.028559e-023
859.200000  -2.002923e-023
859.400000  -7.761630e-024
859.600000  -4.364445e-023
859.800000  -2.466946e-024
860.000000  3.429107e-023
860.200000  -1.806149e-023
860.400000  -7.150177e-025
860.600000  -2.052972e-023
860.800000  -1.298714e-024
861.000000  -1.038716e-023
861.200000  6.081523e-024
861.400000  1.035649e-023
861.600000  -4.120485e-023
861.800000  -3.606337e-023
862.000000  -2.906637e-023
862.200000  -1.809835e-023
862.400000  -5.923550e-023
862.600000  -2.842021e-023
862.800000  -1.961074e-023
863.000000  -2.236024e-024
863.200000  -5.539563e-023
863.400000  -3.721481e-023
863.600000  -1.386039e-023
863.800000  -3.315562e-023
864.000000  -3.328598e-023
864.200000  -1.691339e-023
864.400000  8.287902e-024
864.600000  -8.043978e-024
864.800000  5.269018e-024
865.000000  2.149521e-023
865.200000  6.959887e-024
865.400000  -1.142572e-023
865.600000  1.644310e-023
865.800000  5.368442e-023
866.000000  5.691362e-024
866.200000  6.465422e-024
866.400000  2.416159e-023
866.600000  4.350261e-023
866.800000  -8.203535e-024
867.000000  -1.391842e-023
867.200000  -2.078179e-023
867.400000  2.411001e-024
867.600000  -2.907443e-023
867.800000  -1.872594e-023
868.000000  -7.694620e-024
868.200000  3.315350e-024
868.400000  -6.431163e-023
868.600000  -3.040355e-023
868.800000  -1.134414e-023
869.000000  -3.354094e-023
869.200000  -2.253946e-023
869.400000  -1.416284e-023
869.600000  -1.911666e-023
869.800000  -3.452990e-023
870.000000  -1.629741e-023
870.200000  -1.048142e-023
870.400000  -3.579153e-023
870.600000  -2.219928e-024
870.800000  7.079757e-024
871.000000  3.583108e-025
871.200000  2.579106e-023
871.400000  1.373469e-024
871.600000  2.451263e-023
871.800000  6.615252e-024
872.000000  1.771461e-023
872.200000  9.566391e-024
872.400000  3.957457e-023
872.600000  8.505915e-024
872.800000  -1.863038e-023
873.000000  9.003567e-025
873.200000  2.051811e-023
873.400000  -7.990510e-024
873.600000  2.011889e-023
873.800000  3.992759e-023
874.000000  -8.558028e-024
874.200000  7.518828e-024
874.400000  2.174383e-023
874.600000  -1.730503e-024
874.800000  -8.339729e-026
875.000000  -3.371921e-024
875.200000  1.965919e-023
875.400000  -1.207469e-024
875.600000  5.614971e-024
875.800000  1.192050e-023
876.000000  3.749138e-024
876.200000  1.753236e-023
876.400000  1.046857e-023
876.600000  7.803819e-024
876.800000  8.045981e-023
877.000000  1.859719e-023
877.200000  1.406097e-023
877.400000  4.024491e-023
877.600000  1.983450e-023
877.800000  2.117291e-023
878.000000  2.325150e-023
878.200000  4.741038e-023
878.400000  5.860499e-023
878.600000  4.955335e-023
878.800000  4.807364e-023
879.000000  9.625568e-023
879.200000  7.820596e-023
879.400000  8.177976e-023
879.600000  8.437393e-023
879.800000  1.370991e-022
880.000000  1.196984e-022
880.200000  1.308965e-022
880.400000  1.498167e-022
880.600000  1.079987e-022
880.800000  8.650722e-023
881.000000  1.088751e-022
881.200000  1.253067e-022
881.400000  8.736713e-023
881.600000  8.695056e-023
881.800000  9.909465e-023
882.000000  7.653048e-023
882.200000  5.956695e-023
882.400000  6.789794e-023
882.600000  8.921364e-023
882.800000  8.704494e-023
883.000000  1.014214e-022
883.200000  4.338534e-023
883.400000  1.123363e-022
883.600000  7.908607e-023
883.800000  6.887987e-023
884.000000  9.256108e-023
884.200000  9.836605e-023
884.400000  7.234412e-023
884.600000  9.874643e-023
884.800000  8.660683e-023
885.000000  1.220995e-022
885.200000  1.051229e-022
885.400000  1.067704e-022
885.600000  1.204033e-022
885.800000  1.170651e-022
886.000000  1.219463e-022
886.200000  1.171653e-022
886.400000  1.276263e-022
886.600000  1.474304e-022
886.800000  1.590749e-022
887.000000  1.616724e-022
887.200000  1.601598e-022
887.400000  1.636990e-022
887.600000  1.629556e-022
887.800000  1.238248e-022
888.000000  1.793554e-022
888.200000  1.527972e-022
888.400000  1.475146e-022
888.600000  1.477704e-022
888.800000  1.590018e-022
889.000000  1.886767e-022
889.200000  1.734987e-022
889.400000  1.556149e-022
889.600000  1.669316e-022
889.800000  1.625087e-022
890.000000  1.841217e-022
890.200000  1.384666e-022
890.400000  1.845434e-022
890.600000  1.794696e-022
890.800000  1.813293e-022
891.000000  1.860998e-022
891.200000  2.391769e-022
891.400000  2.400154e-022
891.600000  2.145948e-022
891.800000  2.362543e-022
892.000000  2.768893e-022
892.200000  2.808268e-022
892.400000  2.688256e-022
892.600000  2.689785e-022
892.800000  3.214479e-022
893.000000  3.158853e-022
893.200000  2.760535e-022
893.400000  3.370870e-022
893.600000  3.408003e-022
893.800000  3.412412e-022
894.000000  2.964653e-022
894.200000  3.394168e-022
894.400000  3.627914e-022
894.600000  3.039827e-022
894.800000  2.981695e-022
895.000000  3.451362e-022
895.200000  3.489718e-022
895.400000  3.583298e-022
895.600000  3.326144e-022
895.800000  3.817184e-022
896.000000  3.756650e-022
896.200000  3.606605e-022
896.400000  3.640099e-022
896.600000  3.645849e-022
896.800000  3.853311e-022
897.000000  3.844568e-022
897.200000  4.252213e-022
897.400000  4.304066e-022
897.600000  4.666610e-022
897.800000  4.374585e-022
898.000000  4.858915e-022
898.200000  4.747275e-022
898.400000  4.859083e-022
898.600000  4.739031e-022
898.800000  5.281310e-022
899.000000  5.384881e-022
899.200000  5.293244e-022
899.400000  5.237608e-022
899.600000  5.656864e-022
899.800000  5.380214e-022
900.000000  5.752373e-022
900.200000  5.578028e-022
900.400000  5.880383e-022
900.600000  5.819497e-022
900.800000  5.909312e-022
901.000000  5.895012e-022
901.200000  6.227128e-022
901.400000  6.055534e-022
901.600000  6.798350e-022
901.800000  6.483839e-022
902.000000  6.721811e-022
902.200000  7.183773e-022
902.400000  7.021347e-022
902.600000  7.175824e-022
902.800000  7.370501e-022
903.000000  7.936870e-022
903.200000  7.775327e-022
903.400000  8.242511e-022
903.600000  8.220039e-022
903.800000  8.692718e-022
904.000000  8.491878e-022
904.200000  8.776623e-022
904.400000  9.327372e-022
904.600000  9.191281e-022
904.800000  9.321091e-022
905.000000  9.336303e-022
905.200000  9.930342e-022
905.400000  1.013776e-021
905.600000  1.023951e-021
905.800000  1.024490e-021
906.000000  1.035011e-021
906.200000  1.062501e-021
906.400000  1.086564e-021
906.600000  1.136025e-021
906.800000  1.127653e-021
907.000000  1.108800e-021
907.200000  1.109414e-021
907.400000  1.201573e-021
907.600000  1.187783e-021
907.800000  1.169231e-021
908.000000  1.235344e-021
908.200000  1.268348e-021
908.400000  1.267323e-021
908.600000  1.282960e-021
908.800000  1.309427e-021
909.000000  1.323775e-021
909.200000  1.403715e-021
909.400000  1.327399e-021
909.600000  1.442371e-021
909.800000  1.456789e-021
910.000000  1.460304e-021
910.200000  1.489577e-021
910.400000  1.487873e-021
910.600000  1.480247e-021
910.800000  1.609554e-021
911.000000  1.591147e-021
911.200000  1.608253e-021
911.400000  1.633297e-021
911.600000  1.684118e-021
911.800000  1.704360e-021
912.000000  1.689065e-021
912.200000  1.776809e-021
912.400000  1.782315e-021
912.600000  1.782776e-021
912.800000  1.778496e-021
913.000000  1.801507e-021
913.200000  1.925460e-021
913.400000  1.931137e-021
913.600000  1.950989e-021
913.800000  2.093681e-021
914.000000  2.137573e-021
914.200000  2.165514e-021
914.400000  2.201457e-021
914.600000  2.186891e-021
914.800000  2.240580e-021
915.000000  2.262862e-021
915.200000  2.322090e-021
915.400000  2.304818e-021
915.600000  2.352061e-021
915.800000  2.376588e-021
916.000000  2.392158e-021
916.200000  2.439886e-021
916.400000  2.571451e-021
916.600000  2.614126e-021
916.800000  2.612089e-021
917.000000  2.536569e-021
917.200000  2.669521e-021
917.400000  2.679213e-021
917.600000  2.761868e-021
917.800000  2.727837e-021
918.000000  2.803849e-021
918.200000  2.759114e-021
918.400000  2.768813e-021
918.600000  2.815674e-021
918.800000  3.059217e-021
919.000000  2.905474e-021
919.200000  3.018909e-021
919.400000  2.901859e-021
919.600000  3.171087e-021
919.800000  3.031951e-021
920.000000  3.177977e-021
920.200000  3.257783e-021
920.400000  3.258622e-021
920.600000  3.213469e-021
920.800000  3.203479e-021
921.000000  3.238355e-021
921.200000  3.403500e-021
921.400000  3.328566e-021
921.600000  3.321894e-021
921.800000  3.447781e-021
922.000000  3.470827e-021
922.200000  3.418812e-021
922.400000  3.422793e-021
922.600000  3.397271e-021
922.800000  3.514246e-021
923.000000  3.362266e-021
923.200000  3.482595e-021
923.400000  3.508287e-021
923.600000  3.581571e-021
923.800000  3.294611e-021
924.000000  3.633285e-021
924.200000  3.681120e-021
924.400000  3.578655e-021
924.600000  3.489485e-021
924.800000  3.619293e-021
925.000000  3.653218e-021
925.200000  3.557879e-021
925.400000  3.592955e-021
925.600000  3.647447e-021
925.800000  3.711364e-021
926.000000  3.628289e-021
926.200000  3.651880e-021
926.400000  3.688857e-021
926.600000  3.719111e-021
926.800000  3.637839e-021
927.000000  3.620474e-021
927.200000  3.761982e-021
927.400000  3.681143e-021
927.600000  3.571268e-021
927.800000  3.717144e-021
928.000000  3.712579e-021
928.200000  3.753396e-021
928.400000  3.590534e-021
928.600000  3.627904e-021
928.800000  3.625290e-021
929.000000  3.547452e-021
929.200000  3.578988e-021
929.400000  3.585455e-021
929.600000  3.545240e-021
929.800000  3.533976e-021
930.000000  3.631672e-021
930.200000  3.600486e-021
930.400000  3.574935e-021
930.600000  3.506127e-021
930.800000  3.558876e-021
931.000000  3.517459e-021
931.200000  3.512052e-021
931.400000  3.517222e-021
931.600000  3.556384e-021
931.800000  3.577725e-021
932.000000  3.549823e-021
932.200000  3.397442e-021
932.400000  3.527082e-021
932.600000  3.505593e-021
932.800000  3.486849e-021
933.000000  3.306214e-021
933.200000  3.569247e-021
933.400000  3.514620e-021
933.600000  3.449802e-021
933.800000  3.459861e-021
934.000000  3.405803e-021
934.200000  3.577469e-021
934.400000  3.435719e-021
934.600000  3.458017e-021
934.800000  3.462688e-021
935.000000  3.467595e-021
935.200000  3.371857e-021
935.400000  3.419819e-021
935.600000  3.500282e-021
935.800000  3.402898e-021
936.000000  3.521190e-021
936.200000  3.285356e-021
936.400000  3.506228e-021
936.600000  3.422497e-021
936.800000  3.432574e-021
937.000000  3.378205e-021
937.200000  3.484911e-021
937.400000  3.501498e-021
937.600000  3.376509e-021
937.800000  3.404887e-021
938.000000  3.495163e-021
938.200000  3.460424e-021
938.400000  3.443130e-021
938.600000  3.390122e-021
938.800000  3.535606e-021
939.000000  3.434295e-021
939.200000  3.427920e-021
939.400000  3.519698e-021
939.600000  3.448577e-021
939.800000  3.393646e-021
940.000000  3.478695e-021
940.200000  3.451561e-021
940.400000  3.456851e-021
940.600000  3.406345e-021
940.800000  3.374403e-021
941.000000  3.498907e-021
941.200000  3.515147e-021
941.400000  3.513693e-021
941.600000  3.528587e-021
941.800000  3.691587e-021
942.000000  3.610097e-021
942.200000  3.504618e-021
942.400000  3.695301e-021
942.600000  3.638309e-021
942.800000  3.532329e-021
943.000000  3.576483e-021
943.200000  3.727509e-021
943.400000  3.675054e-021
943.600000  3.654276e-021
943.800000  3.684665e-021
944.000000  3.740046e-021
944.200000  3.796581e-021
944.400000  3.722346e-021
944.600000  3.686814e-021
944.800000  3.836335e-021
945.000000  3.837355e-021
945.200000  3.696831e-021
945.400000  3.783680e-021
945.600000  3.824906e-021
945.800000  3.912885e-021
946.000000  3.819665e-021
946.200000  3.835738e-021
946.400000  3.870928e-021
946.600000  3.931036e-021
946.800000  3.897140e-021
947.000000  3.820197e-021
947.200000  4.015690e-021
947.400000  3.963500e-021
947.600000  3.936675e-021
947.800000  4.003773e-021
948.000000  3.953975e-021
948.200000  3.962054e-021
948.400000  4.041245e-021
948.600000  4.098621e-021
948.800000  4.033795e-021
949.000000  4.002868e-021
949.200000  4.011174e-021
949.400000  4.066929e-021
949.600000  3.976948e-021
949.800000  3.953557e-021
950.000000  3.997398e-021
950.200000  3.978549e-021
950.400000  4.032608e-021
950.600000  4.069974e-021
950.800000  3.950659e-021
951.000000  4.125359e-021
951.200000  4.085005e-021
951.400000  4.075714e-021
951.600000  4.107486e-021
951.800000  4.161163e-021
952.000000  4.040638e-021
952.200000  4.135749e-021
952.400000  4.192012e-021
952.600000  4.188502e-021
952.800000  4.220632e-021
953.000000  4.211169e-021
953.200000  4.134645e-021
953.400000  4.243840e-021
953.600000  4.194624e-021
953.800000  4.071772e-021
954.000000  4.270066e-021
954.200000  4.236900e-021
954.400000  4.083353e-021
954.600000  4.103367e-021
954.800000  4.203110e-021
955.000000  4.260388e-021
955.200000  4.262051e-021
955.400000  4.194884e-021
955.600000  4.326420e-021
955.800000  4.140195e-021
956.000000  4.312663e-021
956.200000  4.170515e-021
956.400000  4.189886e-021
956.600000  4.092248e-021
956.800000  4.101882e-021
957.000000  4.147884e-021
957.200000  4.188175e-021
957.400000  4.101438e-021
957.600000  4.081975e-021
957.800000  4.041039e-021
958.000000  4.100277e-021
958.200000  3.975304e-021
958.400000  3.939290e-021
958.600000  3.981899e-021
958.800000  3.984443e-021
959.000000  3.899824e-021
959.200000  3.926338e-021
959.400000  3.904456e-021
959.600000  3.841094e-021
959.800000  3.719130e-021
960.000000  3.811413e-021
960.200000  3.725610e-021
960.400000  3.698762e-021
960.600000  3.734927e-021
960.800000  3.614488e-021
961.000000  3.672617e-021
961.200000  3.586634e-021
961.400000  3.568576e-021
961.600000  3.582423e-021
961.800000  3.566286e-021
962.000000  3.560235e-021
962.200000  3.439784e-021
962.400000  3.469674e-021
962.600000  3.396208e-021
962.800000  3.408100e-021
963.000000  3.295891e-021
963.200000  3.317947e-021
963.400000  3.247171e-021
963.600000  3.291055e-021
963.800000  3.148283e-021
964.000000  3.222998e-021
964.200000  3.107744e-021
964.400000  3.112569e-021
964.600000  3.152805e-021
964.800000  3.116781e-021
965.000000  3.070315e-021
965.200000  3.067455e-021
965.400000  2.888960e-021
965.600000  2.862776e-021
965.800000  2.824128e-021
966.000000  2.822087e-021
966.200000  2.749293e-021
966.400000  2.764256e-021
966.600000  2.704112e-021
966.800000  2.660686e-021
967.000000  2.661343e-021
967.200000  2.657996e-021
967.400000  2.618183e-021
967.600000  2.637049e-021
967.800000  2.654922e-021
968.000000  2.629840e-021
968.200000  2.641659e-021
968.400000  2.645810e-021
968.600000  2.639673e-021
968.800000  2.668151e-021
969.000000  2.652279e-021
969.200000  2.662961e-021
969.400000  2.769163e-021
969.600000  2.794598e-021
969.800000  2.787931e-021
970.000000  3.028919e-021
970.200000  3.207111e-021
970.400000  3.307955e-021
970.600000  3.503992e-021
970.800000  3.715698e-021
971.000000  3.937539e-021
971.200000  4.240976e-021
971.400000  4.607140e-021
971.600000  5.063060e-021
971.800000  5.576897e-021
972.000000  6.194316e-021
972.200000  6.931431e-021
972.400000  7.753875e-021
972.600000  8.707134e-021
972.800000  9.791327e-021
973.000000  1.099267e-020
973.200000  1.227740e-020
973.400000  1.372061e-020
973.600000  1.524022e-020
973.800000  1.687974e-020
974.000000  1.864275e-020
974.200000  2.036120e-020
974.400000  2.191242e-020
974.600000  2.251676e-020
974.800000  2.265540e-020
975.000000  2.283781e-020
975.200000  2.307343e-020
975.400000  2.354196e-020
975.600000  2.291237e-020
975.800000  2.202974e-020
976.000000  2.118025e-020
976.200000  2.028687e-020
976.400000  1.933989e-020
976.600000  1.839453e-020
976.800000  1.748005e-020
977.000000  1.646093e-020
977.200000  1.540715e-020
977.400000  1.440568e-020
977.600000  1.338450e-020
977.800000  1.243431e-020
978.000000  1.154065e-020
978.200000  1.070450e-020
978.400000  9.925988e-021
978.600000  9.191471e-021
978.800000  8.526442e-021
979.000000  7.899102e-021
979.200000  7.282495e-021
979.400000  6.742888e-021
979.600000  6.228723e-021
979.800000  5.764167e-021
980.000000  5.310403e-021
980.200000  4.926119e-021
980.400000  4.534981e-021
980.600000  4.202166e-021
980.800000  3.866996e-021
981.000000  3.623402e-021
981.200000  3.352496e-021
981.400000  3.116428e-021
981.600000  2.811420e-021
981.800000  2.625310e-021
982.000000  2.429713e-021
982.200000  2.280036e-021
982.400000  2.149347e-021
982.600000  1.956262e-021
982.800000  1.841875e-021
983.000000  1.745667e-021
983.200000  1.661311e-021
983.400000  1.555381e-021
983.600000  1.517208e-021
983.800000  1.455140e-021
984.000000  1.397361e-021
984.200000  1.333506e-021
984.400000  1.326570e-021
984.600000  1.263221e-021
984.800000  1.232517e-021
985.000000  1.203050e-021
985.200000  1.177195e-021
985.400000  1.153231e-021
985.600000  1.108173e-021
985.800000  1.062520e-021
986.000000  1.052860e-021
986.200000  1.040454e-021
986.400000  1.010009e-021
986.600000  9.968388e-022
986.800000  9.816317e-022
987.000000  9.721348e-022
987.200000  9.487641e-022
987.400000  9.343286e-022
987.600000  9.361594e-022
987.800000  9.260715e-022
988.000000  9.096077e-022
988.200000  8.912848e-022
988.400000  8.786918e-022
988.600000  8.687977e-022
988.800000  8.520050e-022
989.000000  8.483274e-022
989.200000  8.498689e-022
989.400000  8.653592e-022
989.600000  8.450398e-022
989.800000  8.568212e-022
990.000000  8.705206e-022
990.200000  8.622145e-022
990.400000  8.620154e-022
990.600000  8.572029e-022
990.800000  8.783858e-022
991.000000  8.641460e-022
991.200000  8.598683e-022
991.400000  8.697908e-022
991.600000  8.657534e-022
991.800000  8.684414e-022
992.000000  8.826482e-022
992.200000  8.657277e-022
992.400000  8.663448e-022
992.600000  8.671977e-022
992.800000  8.624896e-022
993.000000  8.611377e-022
993.200000  8.494583e-022
993.400000  8.464149e-022
993.600000  8.419354e-022
993.800000  8.225792e-022
994.000000  8.140480e-022
994.200000  7.939709e-022
994.400000  7.840343e-022
994.600000  7.665200e-022
994.800000  7.626172e-022
995.000000  7.441835e-022
995.200000  7.351423e-022
995.400000  7.237095e-022
995.600000  7.283924e-022
995.800000  7.025353e-022
996.000000  6.885310e-022
996.200000  6.775325e-022
996.400000  6.706763e-022
996.600000  6.542016e-022
996.800000  6.324938e-022
997.000000  6.311883e-022
997.200000  6.164843e-022
997.400000  6.004784e-022
997.600000  5.837806e-022
997.800000  5.895169e-022
998.000000  5.761642e-022
998.200000  5.759487e-022
998.400000  5.604590e-022
998.600000  5.542227e-022
998.800000  5.553359e-022
999.000000  5.306555e-022
999.200000  5.023374e-022
999.400000  4.949717e-022
999.600000  4.833321e-022
999.800000  4.721870e-022
1000.000000  4.645074e-022
1000.200000  4.537320e-022
1000.400000  4.405371e-022
1000.600000  4.256401e-022
1000.800000  4.304354e-022
1001.000000  4.135995e-022
1001.200000  3.942966e-022
1001.400000  3.784973e-022
1001.600000  3.728799e-022
1001.800000  3.459718e-022
1002.000000  3.343446e-022
1002.200000  3.364175e-022
1002.400000  3.235255e-022
1002.600000  3.177676e-022
1002.800000  3.166100e-022
1003.000000  3.244499e-022
1003.200000  2.945376e-022
1003.400000  3.108708e-022
1003.600000  2.877950e-022
1003.800000  3.008402e-022
1004.000000  2.966720e-022
1004.200000  2.797229e-022
1004.400000  2.667295e-022
1004.600000  2.566916e-022
1004.800000  2.447393e-022
1005.000000  2.315460e-022
1005.200000  2.218088e-022
1005.400000  2.158957e-022
1005.600000  2.104784e-022
1005.800000  2.010098e-022
1006.000000  1.942442e-022
1006.200000  1.900012e-022
1006.400000  1.741826e-022
1006.600000  1.678293e-022
1006.800000  1.530907e-022
1007.000000  1.630024e-022
1007.200000  1.386412e-022
1007.400000  1.358081e-022
1007.600000  1.266464e-022
1007.800000  1.207208e-022
1008.000000  9.422603e-023
1008.200000  1.142113e-022
1008.400000  1.102847e-022
1008.600000  9.986194e-023
1008.800000  8.140309e-023
1009.000000  1.122143e-022
1009.200000  9.398554e-023
1009.400000  8.567317e-023
1009.600000  7.186045e-023
1009.800000  7.847114e-023
1010.000000  7.570730e-023
1010.200000  7.432636e-023
1010.400000  5.815640e-023
1010.600000  5.607211e-023
1010.800000  6.681507e-023
1011.000000  6.506734e-023
1011.200000  6.271269e-023
1011.400000  7.298077e-023
1011.600000  6.632679e-023
1011.800000  6.082116e-023
1012.000000  5.867833e-023
1012.200000  4.359873e-023
1012.400000  4.439549e-023
1012.600000  4.747010e-023
1012.800000  1.416577e-023
1013.000000  1.751212e-023
1013.200000  3.435412e-024
1013.400000  1.477983e-024
1013.600000  -6.136077e-024
1013.800000  1.010755e-023
1014.000000  -6.257808e-024
1014.200000  -1.022261e-023
1014.400000  -2.108087e-023
1014.600000  -3.370850e-023
1014.800000  -2.528912e-023
1015.000000  -1.232267e-023
1015.200000  -2.529244e-023
1015.400000  -1.347484e-023
1015.600000  -2.937657e-023
1015.800000  -1.543565e-023
1016.000000  -1.715205e-023
1016.200000  -1.020171e-023
1016.400000  -1.822381e-023
1016.600000  -7.929766e-024
1016.800000  -3.418870e-023
1017.000000  -2.416853e-023
1017.200000  -4.354966e-023
1017.400000  -4.916141e-023
1017.600000  -6.269366e-023
1017.800000  -5.296615e-023
1018.000000  -7.347102e-023
1018.200000  -7.583013e-023
1018.400000  -7.870038e-023
1018.600000  -8.734712e-023
1018.800000  -8.851134e-023
1019.000000  -9.151264e-023
1019.200000  -7.696541e-023
1019.400000  -6.699709e-023
1019.600000  -8.353803e-023
1019.800000  -8.149312e-023
1020.000000  -9.051379e-023
1020.200000  -8.908723e-023
1020.400000  -8.927804e-023
1020.600000  -8.755574e-023
1020.800000  -6.963844e-023
1021.000000  -8.048574e-023
1021.200000  -8.220105e-023
1021.400000  -7.497115e-023
1021.600000  -5.852211e-023
1021.800000  -8.277382e-023
1022.000000  -7.030366e-023
1022.200000  -5.828229e-023
1022.400000  -7.109951e-023
1022.600000  -8.345530e-023
1022.800000  -8.291970e-023
1023.000000  -7.354043e-023
1023.200000  -7.966105e-023
1023.400000  -8.529425e-023
1023.600000  -8.323627e-023
1023.800000  -7.425815e-023
1024.000000  -7.747560e-023
1024.200000  -7.332807e-023
1024.400000  -7.994931e-023
1024.600000  -9.667258e-023
1024.800000  -9.411076e-023
1025.000000  -8.805261e-023
1025.200000  -9.138220e-023
1025.400000  -9.669494e-023
1025.600000  -9.138977e-023
1025.800000  -9.496057e-023
1026.000000  -8.106435e-023
1026.200000  -9.225466e-023
1026.400000  -7.920521e-023
1026.600000  -8.285853e-023
1026.800000  -8.989241e-023
1027.000000  -7.665592e-023
1027.200000  -7.417051e-023
1027.400000  -6.327734e-023
1027.600000  -8.739349e-023
1027.800000  -7.895662e-023
1028.000000  -9.740400e-023
1028.200000  -8.568427e-023
1028.400000  -9.490980e-023
1028.600000  -8.724392e-023
1028.800000  -1.058846e-022
1029.000000  -8.565774e-023
1029.200000  -8.956358e-023
1029.400000  -7.847268e-023
1029.600000  -8.931008e-023
1029.800000  -9.125585e-023
1030.000000  -1.104702e-022
1030.200000  -8.913770e-023
1030.400000  -9.436239e-023
1030.600000  -9.798969e-023
1030.800000  -9.786436e-023
1031.000000  -9.917842e-023
1031.200000  -1.114850e-022
1031.400000  -1.100405e-022
1031.600000  -1.011978e-022
1031.800000  -1.130034e-022
1032.000000  -1.116366e-022
1032.200000  -9.829369e-023
1032.400000  -1.139464e-022
1032.600000  -1.032860e-022
1032.800000  -1.139320e-022
1033.000000  -1.144282e-022
1033.200000  -1.048845e-022
1033.400000  -1.191747e-022
1033.600000  -1.164320e-022
1033.800000  -1.134712e-022
1034.000000  -1.245700e-022
1034.200000  -1.152435e-022
1034.400000  -1.177951e-022
1034.600000  -9.979952e-023
1034.800000  -1.088441e-022
1035.000000  -1.134700e-022
1035.200000  -1.256898e-022
1035.400000  -1.198111e-022
1035.600000  -1.217900e-022
1035.800000  -1.203635e-022
1036.000000  -1.207340e-022
1036.200000  -1.030300e-022
1036.400000  -1.159767e-022
1036.600000  -1.065266e-022
1036.800000  -9.059742e-023
1037.000000  -7.271243e-023
1037.200000  -8.379123e-023
1037.400000  -8.558561e-023
1037.600000  -7.227186e-023
1037.800000  -7.881284e-023
1038.000000  -7.881708e-023
1038.200000  -7.457342e-023
1038.400000  -7.455267e-023
1038.600000  -7.808177e-023
1038.800000  -8.315098e-023
1039.000000  -8.686808e-023
1039.200000  -9.191613e-023
1039.400000  -6.831380e-023
1039.600000  -8.882598e-023
1039.800000  -8.250013e-023
1040.000000  -7.747510e-023
1040.200000  -7.579380e-023
1040.400000  -7.253333e-023
1040.600000  -8.395557e-023
1040.800000  -9.085766e-023
1041.000000  -9.355863e-023
1041.200000  -7.846819e-023
1041.400000  -1.161609e-022
1041.600000  -9.912394e-023
1041.800000  -1.275986e-022
1042.000000  -1.164756e-022
1042.200000  -1.292944e-022
1042.400000  -1.192149e-022
1042.600000  -1.137349e-022
1042.800000  -1.314608e-022
1043.000000  -1.409853e-022
1043.200000  -1.480223e-022
1043.400000  -1.472432e-022
1043.600000  -1.527040e-022
1043.800000  -1.667164e-022
1044.000000  -1.674969e-022
1044.200000  -1.663847e-022
1044.400000  -1.563777e-022
1044.600000  -1.816902e-022
1044.800000  -1.803556e-022
1045.000000  -1.550824e-022
1045.200000  -1.514906e-022
1045.400000  -1.596326e-022
1045.600000  -1.464707e-022
1045.800000  -1.488359e-022
1046.000000  -1.456438e-022
1046.200000  -1.520862e-022
1046.400000  -1.440771e-022
1046.600000  -1.525617e-022
1046.800000  -1.576096e-022
1047.000000  -1.728140e-022
1047.200000  -1.653295e-022
1047.400000  -1.638072e-022
1047.600000  -1.490121e-022
1047.800000  -1.483770e-022
1048.000000  -1.584639e-022
1048.200000  -1.551250e-022
1048.400000  -1.476283e-022
1048.600000  -1.486429e-022
1048.800000  -1.437339e-022
1049.000000  -1.461963e-022
1049.200000  -1.427165e-022
1049.400000  -1.523989e-022
1049.600000  -1.395256e-022
1049.800000  -1.487029e-022
1050.000000  -1.217183e-022
1050.200000  -8.878511e-023
1050.400000  -6.689933e-023
1050.600000  -6.955263e-023
1050.800000  -5.290700e-023
1051.000000  -6.356752e-023
1051.200000  -6.377827e-023
1051.400000  -6.937503e-023
1051.600000  -4.491420e-023
1051.800000  -7.034229e-023
1052.000000  -8.211087e-023
1052.200000  -1.105600e-022
1052.400000  -8.625745e-023
1052.600000  -7.570282e-023
1052.800000  -7.970283e-023
1053.000000  -8.127743e-023
1053.200000  -7.021040e-023
1053.400000  -7.387313e-023
1053.600000  -7.218619e-023
1053.800000  -6.337133e-023
1054.000000  -7.593221e-023
1054.200000  -6.295458e-023
1054.400000  -7.049508e-023
1054.600000  -7.683894e-023
1054.800000  -7.558881e-023
1055.000000  -8.473109e-023
1055.200000  -8.364755e-023
1055.400000  -8.374445e-023
1055.600000  -7.697713e-023
1055.800000  -7.184383e-023
1056.000000  -7.275929e-023
1056.200000  -8.999968e-023
1056.400000  -8.568643e-023
1056.600000  -6.720050e-023
1056.800000  -7.796576e-023
1057.000000  -6.648967e-023
1057.200000  -8.014664e-023
1057.400000  -6.672481e-023
1057.600000  -7.214148e-023
1057.800000  -7.281644e-023
1058.000000  -8.907159e-023
1058.200000  -7.456150e-023
1058.400000  -9.637700e-023
1058.600000  -8.999003e-023
1058.800000  -1.071750e-022
1059.000000  -9.716009e-023
1059.200000  -8.801854e-023
1059.400000  -9.066991e-023
1059.600000  -9.317757e-023
1059.800000  -8.291471e-023
1060.000000  -7.932882e-023
1060.200000  -6.801245e-023
1060.400000  -6.637702e-023
1060.600000  -6.074992e-023
1060.800000  -5.986786e-023
1061.000000  -5.556038e-023
1061.200000  -6.419055e-023
1061.400000  -3.899495e-023
1061.600000  -3.118814e-023
1061.800000  -4.255448e-024
1062.000000  -2.830824e-023
1062.200000  -1.906119e-024
1062.400000  -9.568096e-024
1062.600000  -9.026645e-024
1062.800000  -1.919767e-023
1063.000000  -1.797847e-023
1063.200000  -4.641824e-023
1063.400000  -2.520698e-023
1063.600000  -3.622335e-023
1063.800000  -4.096474e-023
1064.000000  -6.019089e-023
1064.200000  -4.857115e-023
1064.400000  -6.922740e-023
1064.600000  -4.644448e-023
1064.800000  -6.435716e-023
1065.000000  -4.594248e-023
1065.200000  -7.111454e-023
1065.400000  -6.683765e-023
1065.600000  -5.050421e-023
1065.800000  -6.472872e-023
1066.000000  -6.215478e-023
1066.200000  -5.788555e-023
1066.400000  -6.752699e-023
1066.600000  -5.505287e-023
1066.800000  -5.945436e-023
1067.000000  -5.659636e-023
1067.200000  -4.745449e-023
1067.400000  -6.862403e-023
1067.600000  -6.457319e-023
1067.800000  -6.236915e-023
1068.000000  -6.619970e-023
1068.200000  -6.326644e-023
1068.400000  -6.442384e-023
1068.600000  -7.190109e-023
1068.800000  -7.810783e-023
1069.000000  -6.880260e-023
1069.200000  -7.658165e-023
1069.400000  -7.359387e-023
1069.600000  -6.729704e-023
1069.800000  -6.338633e-023
1070.000000  -7.445155e-023
1070.200000  -6.080569e-023
1070.400000  -5.190934e-023
1070.600000  -5.235780e-023
1070.800000  -5.558044e-023
1071.000000  -6.225347e-023
1071.200000  -6.206219e-023
1071.400000  -5.273773e-023
1071.600000  -6.459275e-023
1071.800000  -5.315247e-023
1072.000000  -5.166172e-023
1072.200000  -3.574407e-023
1072.400000  -3.382368e-023
1072.600000  -2.465869e-023
1072.800000  -2.121232e-023
1073.000000  -1.999161e-023
1073.200000  -1.773105e-023
1073.400000  -1.733728e-023
1073.600000  -1.945656e-023
1073.800000  -1.336446e-023
1074.000000  -2.266661e-023
1074.200000  -3.088895e-023
1074.400000  -3.591398e-023
1074.600000  -1.907130e-023
1074.800000  -3.523558e-023
1075.000000  -4.257784e-023
1075.200000  -3.175781e-023
1075.400000  -2.545788e-023
1075.600000  -3.490082e-023
1075.800000  -3.537840e-023
1076.000000  -2.773763e-023
1076.200000  -2.366146e-023
1076.400000  -4.517345e-023
1076.600000  -3.245799e-023
1076.800000  -1.910937e-023
1077.000000  -3.495868e-023
1077.200000  -4.529665e-023
1077.400000  -2.455994e-023
1077.600000  -2.039048e-023
1077.800000  -3.745307e-023
1078.000000  -5.575967e-023
1078.200000  -3.317603e-023
1078.400000  -2.617698e-023
1078.600000  -5.602845e-023
1078.800000  -2.390351e-023
1079.000000  -2.464966e-023
1079.200000  -3.538581e-023
1079.400000  -6.255457e-023
1079.600000  -3.967711e-023
1079.800000  -3.343488e-023
1080.000000  -6.068552e-023
1080.200000  -7.436433e-023
1080.400000  -4.000029e-023
1080.600000  -4.229040e-023
1080.800000  -6.599765e-023
1081.000000  -5.279337e-023
1081.200000  -3.134723e-023
1081.400000  -6.345265e-023
1081.600000  -6.566646e-023
1081.800000  -5.835330e-023
1082.000000  -5.689956e-023
1082.200000  -6.098054e-023
1082.400000  -5.921000e-023
1082.600000  -5.543292e-023
1082.800000  -6.259850e-023
1083.000000  -7.991973e-023
1083.200000  -6.709447e-023
1083.400000  -4.446098e-023
1083.600000  -4.718218e-023
1083.800000  -7.656618e-023
1084.000000  -5.802521e-023
1084.200000  -3.137996e-023
1084.400000  -4.718124e-023
1084.600000  -4.288555e-023
1084.800000  -3.594132e-023
1085.000000  -2.193102e-023
1085.200000  -4.680077e-023
1085.400000  -4.909365e-023
1085.600000  -1.862044e-023
1085.800000  -3.970092e-023
1086.000000  -4.488620e-023
1086.200000  -2.259990e-023
1086.400000  -1.529655e-023
1086.600000  -2.874405e-023
1086.800000  4.099978e-024
1087.000000  3.370165e-023
1087.200000  4.339873e-023
1087.400000  2.655278e-023
1087.600000  5.267250e-023
1087.800000  5.214054e-023
1088.000000  2.589381e-023
1088.200000  1.172243e-023
1088.400000  3.539604e-023
1088.600000  5.256814e-023
1088.800000  3.297143e-023
1089.000000  3.120137e-023
1089.200000  4.107547e-023
1089.400000  2.368204e-023
1089.600000  5.157623e-024
1089.800000  1.525637e-023
1090.000000  2.121543e-023
1090.200000  1.324457e-023
1090.400000  8.487142e-026
1090.600000  1.920940e-023
1090.800000  3.308847e-023
1091.000000  -1.062673e-023
1091.200000  -6.416880e-024
1091.400000  4.011901e-024
1091.600000  -1.843148e-023
1091.800000  -3.325530e-023
1092.000000  -6.635417e-025
1092.200000  2.044543e-023
1092.400000  9.134594e-024
1092.600000  -1.074064e-023
1092.800000  6.253483e-024
1093.000000  9.862088e-024
1093.200000  -2.139802e-023
1093.400000  -2.474644e-023
1093.600000  2.122811e-023
1093.800000  -6.427151e-024
1094.000000  -1.201775e-023
1094.200000  6.926443e-024
1094.400000  2.099574e-023
1094.600000  6.020073e-024
1094.800000  1.086305e-023
1095.000000  2.251043e-023
1095.200000  1.755681e-023
1095.400000  1.395455e-023
1095.600000  2.967502e-023
1095.800000  4.263363e-023
1096.000000  1.443784e-023
1096.200000  3.023440e-024
1096.400000  4.521202e-023
1096.600000  3.588016e-023
1096.800000  7.196280e-024
1097.000000  1.023354e-023
1097.200000  3.539177e-023
1097.400000  4.106534e-023
1097.600000  -1.587340e-024
1097.800000  6.988323e-024
1098.000000  3.618147e-023
1098.200000  5.830873e-024
1098.400000  -1.687256e-023
1098.600000  1.137880e-023
1098.800000  2.325509e-023
1099.000000  -1.562529e-023
1099.200000  -2.692486e-023
1099.400000  1.582636e-023
1099.600000  2.630668e-024
1099.800000  7.931885e-024
1100.000000  1.769379e-023
