800.000000  -8.498834e-033
800.200000  -8.498834e-033
800.400000  -8.498834e-033
800.600000  -8.498834e-033
800.800000  -1.167900e-032
801.000000  -9.142182e-033
801.200000  -7.631749e-033
801.400000  -1.211191e-032
801.600000  -1.219768e-032
801.800000  -9.039129e-033
802.000000  -8.503681e-033
802.200000  -1.058842e-032
802.400000  -6.717785e-033
802.600000  -5.789875e-033
802.800000  -7.786915e-033
803.000000  -1.327974e-032
803.200000  -9.962720e-033
803.400000  -1.318278e-032
803.600000  -1.949627e-032
803.800000  -1.837199e-032
804.000000  -1.633827e-032
804.200000  -1.505905e-032
804.400000  -2.040669e-032
804.600000  -1.630322e-032
804.800000  -1.370640e-032
805.000000  -1.528357e-032
805.200000  -1.936597e-032
805.400000  -1.380873e-032
805.600000  -1.166999e-032
805.800000  -1.237101e-032
806.000000  -1.359296e-032
806.200000  -7.203355e-033
806.400000  -8.410328e-033
806.600000  -1.216791e-032
806.800000  -1.044170e-032
807.000000  -8.068464e-033
807.200000  -1.626834e-032
807.400000  -2.306516e-032
807.600000  -1.802005e-032
807.800000  -1.444344e-032
808.000000  -2.445749e-032
808.200000  -2.892265e-032
808.400000  -2.089096e-032
808.600000  -2.505147e-032
808.800000  -2.426227e-032
809.000000  -1.113993e-032
809.200000  -3.097847e-033
809.400000  -1.909218e-032
809.600000  -2.843805e-032
809.800000  -1.982918e-032
810.000000  -2.847291e-032
810.200000  -3.813520e-032
810.400000  -2.698371e-032
810.600000  -1.655892e-032
810.800000  -8.066001e-033
811.000000  -1.432653e-032
811.200000  1.459216e-033
811.400000  6.715584e-033
811.600000  -8.603454e-033
811.800000  -1.073283e-032
812.000000  1.710076e-033
812.200000  -1.411970e-032
812.400000  -3.685327e-032
812.600000  -3.750619e-032
812.800000  -4.269745e-033
813.000000  -1.354631e-032
813.200000  -2.651074e-032
813.400000  -3.031309e-032
813.600000  -5.332205e-032
813.800000  -9.836448e-032
814.000000  -1.012105e-031
814.200000  -6.433601e-032
814.400000  -7.293898e-032
814.600000  -7.294967e-032
814.800000  -5.371938e-032
815.000000  -2.335413e-032
815.200000  -3.758648e-032
815.400000  -4.049452e-032
815.600000  -8.526008e-033
815.800000  7.590126e-033
816.000000  -6.580698e-033
816.200000  -1.518360e-032
816.400000  1.104320e-032
816.600000  -2.252581e-033
816.800000  -2.877282e-032
817.000000  -4.056115e-033
817.200000  3.870118e-033
817.400000  -6.871719e-033
817.600000  -4.736334e-032
817.800000  -1.983154e-032
818.000000  -4.574024e-032
818.200000  -8.851550e-032
818.400000  -1.034332e-031
818.600000  -5.199038e-032
818.800000  -8.894997e-032
819.000000  -1.443039e-031
819.200000  -1.457526e-031
819.400000  -1.354544e-031
819.600000  -1.169009e-031
819.800000  -8.839603e-032
820.000000  -6.403641e-032
820.200000  -6.504604e-032
820.400000  -9.830732e-032
820.600000  -6.849995e-032
820.800000  8.436300e-034
821.000000  -2.187283e-033
821.200000  -6.271728e-032
821.400000  -1.178039e-032
821.600000  9.606109e-033
821.800000  -6.889677e-032
822.000000  -1.022288e-031
822.200000  7.531951e-033
822.400000  3.212391e-032
822.600000  -4.618477e-032
822.800000  -1.738015e-032
823.000000  -1.016679e-031
823.200000  -2.128723e-031
823.400000  -2.815799e-031
823.600000  -1.974074e-031
823.800000  -2.125900e-031
824.000000  -3.633977e-031
824.200000  -4.468702e-031
824.400000  -2.751837e-031
824.600000  -3.099672e-031
824.800000  -3.325629e-031
825.000000  -2.763555e-031
825.200000  -1.330292e-031
825.400000  -1.387643e-031
825.600000  -1.350362e-031
825.800000  4.324021e-032
826.000000  7.782572e-032
826.200000  -3.983248e-033
826.400000  -1.221890e-031
826.600000  6.645084e-032
826.800000  1.456420e-031
827.000000  2.218920e-032
827.200000  1.092487e-031
827.400000  -2.888300e-033
827.600000  -2.820858e-031
827.800000  -4.708349e-031
828.000000  -4.351763e-031
828.200000  -4.335945e-031
828.400000  -4.376907e-031
828.600000  -3.367994e-031
828.800000  -2.831613e-031
829.000000  -2.942096e-031
829.200000  -5.163641e-031
829.400000  -4.518640e-031
829.600000  -3.867078e-031
829.800000  -4.295870e-031
830.000000  -6.545931e-031
830.200000  -3.802399e-031
830.400000  -4.252649e-031
830.600000  -4.285567e-031
830.800000  -3.399502e-031
831.000000  9.336702e-032
831.200000  1.249459e-031
831.400000  -2.839426e-031
831.600000  -3.906440e-031
831.800000  -4.809693e-031
832.000000  -8.200595e-031
832.200000  -8.761696e-031
832.400000  -6.601563e-031
832.600000  -1.371640e-031
832.800000  -1.683215e-031
833.000000  -1.290070e-031
833.200000  2.965500e-031
833.400000  1.151858e-031
833.600000  -1.724272e-031
833.800000  4.194625e-032
834.000000  1.057841e-032
834.200000  -5.234399e-031
834.400000  -9.840845e-031
834.600000  -6.661813e-031
834.800000  -1.019877e-030
835.000000  -1.243516e-030
835.200000  -5.859406e-031
835.400000  1.564896e-031
835.600000  -2.476116e-031
835.800000  -5.184718e-031
836.000000  9.305286e-032
836.200000  2.693235e-032
836.400000  -8.754370e-031
836.600000  -7.611126e-031
836.800000  1.527231e-031
837.000000  -5.345802e-031
837.200000  -1.883819e-030
837.400000  -1.297460e-030
837.600000  -9.220121e-031
837.800000  -8.141465e-031
838.000000  -1.400150e-030
838.200000  -7.561100e-031
838.400000  -6.070696e-031
838.600000  -1.223871e-030
838.800000  -1.171686e-030
839.000000  -3.249851e-032
839.200000  -5.619361e-031
839.400000  -9.165772e-031
839.600000  -1.323331e-031
839.800000  8.537763e-031
840.000000  3.415165e-031
840.200000  -3.263899e-031
840.400000  1.320065e-030
840.600000  1.211567e-030
840.800000  6.436732e-031
841.000000  2.315033e-031
841.200000  6.924786e-031
841.400000  2.814587e-032
841.600000  -9.026630e-031
841.800000  -3.219688e-032
842.000000  6.691411e-031
842.200000  -4.304247e-031
842.400000  -1.366629e-030
842.600000  -5.239718e-031
842.800000  -4.704516e-031
843.000000  -2.042599e-030
843.200000  -1.644585e-030
843.400000  -1.116965e-030
843.600000  -2.162294e-030
843.800000  -2.754767e-030
844.000000  -2.125059e-030
844.200000  1.137644e-030
844.400000  1.558595e-030
844.600000  1.119023e-030
844.800000  1.839309e-030
845.000000  1.855555e-030
845.200000  2.667409e-031
845.400000  3.379758e-031
845.600000  1.921666e-031
845.800000  -1.052510e-030
846.000000  -2.656747e-030
846.200000  -2.118270e-031
846.400000  9.421514e-031
846.600000  6.683209e-032
846.800000  -1.916974e-030
847.000000  -5.175202e-031
847.200000  -2.655350e-030
847.400000  -5.406409e-030
847.600000  -3.357489e-030
847.800000  -1.052722e-030
848.000000  -2.087143e-030
848.200000  -3.632218e-030
848.400000  -1.717181e-030
848.600000  -2.989483e-031
848.800000  -1.337777e-030
849.000000  1.007932e-030
849.200000  3.210656e-030
849.400000  3.555325e-030
849.600000  -3.053164e-031
849.800000  1.375453e-030
850.000000  5.560080e-030
850.200000  2.137236e-030
850.400000  -2.083074e-030
850.600000  1.958551e-030
850.800000  2.070592e-030
851.000000  -3.112516e-030
851.200000  -8.509720e-030
851.400000  -3.890182e-030
851.600000  -2.187122e-030
851.800000  -5.390513e-030
852.000000  -4.834627e-030
852.200000  -6.126840e-031
852.400000  -1.477930e-030
852.600000  -5.844465e-030
852.800000  -2.820838e-030
853.000000  -3.475713e-030
853.200000  -8.911809e-030
853.400000  -8.802731e-030
853.600000  -1.291009e-030
853.800000  -6.686424e-030
854.000000  -1.185063e-029
854.200000  -6.236722e-030
854.400000  -5.075827e-031
854.600000  1.277050e-030
854.800000  -5.748105e-031
855.000000  5.229682e-030
855.200000  1.022073e-029
855.400000  5.473156e-030
855.600000  1.330213e-029
855.800000  1.594541e-029
856.000000  9.448920e-030
856.200000  1.310744e-030
856.400000  -7.823424e-031
856.600000  7.451228e-031
856.800000  -1.069525e-029
857.000000  -9.252950e-030
857.200000  3.472288e-030
857.400000  5.576591e-030
857.600000  -8.995982e-030
857.800000  -1.442445e-029
858.000000  -1.430791e-029
858.200000  -2.125853e-029
858.400000  -2.561329e-029
858.600000  -1.066034e-029
858.800000  -1.664935e-030
859.000000  -1.056805e-029
859.200000  -1.885427e-029
859.400000  -1.932817e-030
859.600000  7.608079e-030
859.800000  4.293196e-030
860.000000  7.786223e-030
860.200000  2.961718e-029
860.400000  1.366668e-029
860.600000  3.165474e-030
860.800000  8.080158e-030
861.000000  1.578092e-029
861.200000  -5.412747e-030
861.400000  -2.121803e-029
861.600000  3.472798e-030
861.800000  3.422598e-030
862.000000  -1.564209e-029
862.200000  -4.390997e-030
862.400000  1.101496e-029
862.600000  -1.814264e-029
862.800000  -4.433001e-029
863.000000  -8.878232e-030
863.200000  3.576017e-030
863.400000  4.650594e-030
863.600000  -3.398529e-030
863.800000  3.023169e-029
864.000000  1.444332e-029
864.200000  -7.651635e-030
864.400000  5.534320e-030
864.600000  2.313081e-029
864.800000  -2.008544e-030
865.000000  -2.135363e-029
865.200000  -1.683856e-029
865.400000  1.415739e-029
865.600000  -1.033555e-029
865.800000  -9.499519e-031
866.000000  4.490580e-029
866.200000  2.853542e-029
866.400000  3.245488e-029
866.600000  2.659411e-029
866.800000  5.949271e-029
867.000000  7.305696e-029
867.200000  5.576840e-029
867.400000  9.423655e-029
867.600000  7.671838e-029
867.800000  5.104396e-029
868.000000  9.103849e-030
868.200000  2.855197e-029
868.400000  -3.324364e-029
868.600000  -7.035999e-029
868.800000  -8.685843e-029
869.000000  -3.869477e-029
869.200000  -4.560093e-029
869.400000  -1.963527e-029
869.600000  4.521235e-029
869.800000  9.280705e-029
870.000000  7.397269e-029
870.200000  9.053955e-029
870.400000  1.459702e-028
870.600000  1.019762e-028
870.800000  2.978497e-029
871.000000  5.899069e-029
871.200000  1.085964e-028
871.400000  5.127890e-029
871.600000  1.001050e-028
871.800000  1.893764e-028
872.000000  1.910830e-028
872.200000  1.207955e-028
872.400000  1.308638e-028
872.600000  1.957014e-028
872.800000  1.775347e-028
873.000000  1.166812e-028
873.200000  1.506646e-028
873.400000  2.108922e-028
873.600000  2.099120e-028
873.800000  1.958771e-028
874.000000  3.517713e-028
874.200000  3.061625e-028
874.400000  2.339343e-028
874.600000  2.267379e-028
874.800000  2.880609e-028
875.000000  3.112597e-028
875.200000  2.695586e-028
875.400000  2.560739e-028
875.600000  1.916822e-028
875.800000  6.929583e-029
876.000000  -5.844249e-030
876.200000  8.683432e-029
876.400000  3.927108e-029
876.600000  1.839416e-028
876.800000  3.476707e-028
877.000000  4.525175e-028
877.200000  4.077392e-028
877.400000  4.078125e-028
877.600000  5.660019e-028
877.800000  5.319167e-028
878.000000  3.846353e-028
878.200000  5.099932e-028
878.400000  6.910165e-028
878.600000  7.373404e-028
878.800000  6.639054e-028
879.000000  7.701770e-028
879.200000  9.543869e-028
879.400000  9.344460e-028
879.600000  7.214695e-028
879.800000  8.651850e-028
880.000000  8.561660e-028
880.200000  5.989533e-028
880.400000  5.869764e-028
880.600000  8.708055e-028
880.800000  8.705797e-028
881.000000  7.149136e-028
881.200000  8.119123e-028
881.400000  9.268973e-028
881.600000  8.051555e-028
881.800000  6.686352e-028
882.000000  1.021718e-027
882.200000  1.296202e-027
882.400000  1.481093e-027
882.600000  1.538364e-027
882.800000  1.981194e-027
883.000000  1.991379e-027
883.200000  1.765179e-027
883.400000  1.976092e-027
883.600000  2.224481e-027
883.800000  2.202403e-027
884.000000  2.346198e-027
884.200000  2.662216e-027
884.400000  2.740552e-027
884.600000  2.381991e-027
884.800000  2.250160e-027
885.000000  2.216059e-027
885.200000  1.883495e-027
885.400000  1.892189e-027
885.600000  2.572848e-027
885.800000  2.731736e-027
886.000000  2.778834e-027
886.200000  3.039424e-027
886.400000  3.925249e-027
886.600000  4.213849e-027
886.800000  4.284802e-027
887.000000  4.709406e-027
887.200000  5.256120e-027
887.400000  5.172029e-027
887.600000  4.812045e-027
887.800000  5.385093e-027
888.000000  5.640237e-027
888.200000  5.739770e-027
888.400000  5.822476e-027
888.600000  6.973277e-027
888.800000  7.117736e-027
889.000000  7.359248e-027
889.200000  7.835337e-027
889.400000  8.361637e-027
889.600000  8.393127e-027
889.800000  8.151585e-027
890.000000  9.278842e-027
890.200000  1.007005e-026
890.400000  9.220869e-027
890.600000  9.008159e-027
890.800000  1.027549e-026
891.000000  1.086232e-026
891.200000  1.067783e-026
891.400000  1.109773e-026
891.600000  1.285336e-026
891.800000  1.352118e-026
892.000000  1.412039e-026
892.200000  1.526814e-026
892.400000  1.674701e-026
892.600000  1.625509e-026
892.800000  1.619144e-026
893.000000  1.748613e-026
893.200000  1.853805e-026
893.400000  1.911567e-026
893.600000  2.086378e-026
893.800000  2.247414e-026
894.000000  2.392907e-026
894.200000  2.296197e-026
894.400000  2.448196e-026
894.600000  2.379535e-026
894.800000  2.379392e-026
895.000000  2.364554e-026
895.200000  2.580016e-026
895.400000  2.724711e-026
895.600000  2.726711e-026
895.800000  2.824130e-026
896.000000  3.094425e-026
896.200000  3.157894e-026
896.400000  3.119990e-026
896.600000  3.413934e-026
896.800000  3.390395e-026
897.000000  3.380494e-026
897.200000  3.384339e-026
897.400000  3.807873e-026
897.600000  4.125937e-026
897.800000  4.407258e-026
898.000000  4.683231e-026
898.200000  5.095239e-026
898.400000  4.993710e-026
898.600000  4.929276e-026
898.800000  5.095530e-026
899.000000  5.119453e-026
899.200000  4.996990e-026
899.400000  5.146988e-026
899.600000  5.650167e-026
899.800000  5.653642e-026
900.000000  5.638506e-026
900.200000  5.949021e-026
900.400000  6.147140e-026
900.600000  6.377432e-026
900.800000  6.696100e-026
901.000000  7.340354e-026
901.200000  7.684345e-026
901.400000  7.679556e-026
901.600000  8.481202e-026
901.800000  9.328996e-026
902.000000  9.204390e-026
902.200000  9.266610e-026
902.400000  9.882866e-026
902.600000  1.041842e-025
902.800000  1.054864e-025
903.000000  1.069420e-025
903.200000  1.164761e-025
903.400000  1.206388e-025
903.600000  1.234296e-025
903.800000  1.275879e-025
904.000000  1.377654e-025
904.200000  1.415078e-025
904.400000  1.434890e-025
904.600000  1.470089e-025
904.800000  1.510924e-025
905.000000  1.566701e-025
905.200000  1.570275e-025
905.400000  1.669796e-025
905.600000  1.730126e-025
905.800000  1.767616e-025
906.000000  1.846856e-025
906.200000  1.959699e-025
906.400000  2.019715e-025
906.600000  2.120426e-025
906.800000  2.254070e-025
907.000000  2.373689e-025
907.200000  2.430729e-025
907.400000  2.538778e-025
907.600000  2.702892e-025
907.800000  2.809711e-025
908.000000  2.850109e-025
908.200000  2.998465e-025
908.400000  3.105053e-025
908.600000  3.170390e-025
908.800000  3.153038e-025
909.000000  3.348341e-025
909.200000  3.556725e-025
909.400000  3.705440e-025
909.600000  3.849211e-025
909.800000  4.178891e-025
910.000000  4.352367e-025
910.200000  4.469643e-025
910.400000  4.780472e-025
910.600000  5.071202e-025
910.800000  5.236354e-025
911.000000  5.453607e-025
911.200000  5.816593e-025
911.400000  6.182409e-025
911.600000  6.462443e-025
911.800000  6.796056e-025
912.000000  7.294049e-025
912.200000  7.662133e-025
912.400000  8.023361e-025
912.600000  8.457486e-025
912.800000  8.931725e-025
913.000000  9.380693e-025
913.200000  9.810324e-025
913.400000  1.043020e-024
913.600000  1.097711e-024
913.800000  1.144248e-024
914.000000  1.213227e-024
914.200000  1.289604e-024
914.400000  1.349547e-024
914.600000  1.414487e-024
914.800000  1.496778e-024
915.000000  1.596153e-024
915.200000  1.683400e-024
915.400000  1.767429e-024
915.600000  1.890826e-024
915.800000  2.023737e-024
916.000000  2.134253e-024
916.200000  2.278076e-024
916.400000  2.451270e-024
916.600000  2.601623e-024
916.800000  2.761574e-024
917.000000  2.952298e-024
917.200000  3.150830e-024
917.400000  3.350020e-024
917.600000  3.576097e-024
917.800000  3.835110e-024
918.000000  4.055954e-024
918.200000  4.271284e-024
918.400000  4.483448e-024
918.600000  4.743751e-024
918.800000  4.943903e-024
919.000000  5.134741e-024
919.200000  5.355674e-024
919.400000  5.547157e-024
919.600000  5.704647e-024
919.800000  5.877746e-024
920.000000  6.070683e-024
920.200000  6.215477e-024
920.400000  6.359028e-024
920.600000  6.580905e-024
920.800000  6.796364e-024
921.000000  6.964157e-024
921.200000  7.139460e-024
921.400000  7.335984e-024
921.600000  7.550868e-024
921.800000  7.743376e-024
922.000000  7.980998e-024
922.200000  8.223398e-024
922.400000  8.420945e-024
922.600000  8.580164e-024
922.800000  8.724890e-024
923.000000  8.856564e-024
923.200000  8.941764e-024
923.400000  9.026754e-024
923.600000  9.191755e-024
923.800000  9.304937e-024
924.000000  9.398380e-024
924.200000  9.543315e-024
924.400000  9.704401e-024
924.600000  9.759939e-024
924.800000  9.826410e-024
925.000000  1.000671e-023
925.200000  1.023935e-023
925.400000  1.038700e-023
925.600000  1.048762e-023
925.800000  1.069402e-023
926.000000  1.085016e-023
926.200000  1.097221e-023
926.400000  1.111672e-023
926.600000  1.134898e-023
926.800000  1.152102e-023
927.000000  1.167795e-023
927.200000  1.191296e-023
927.400000  1.215694e-023
927.600000  1.230617e-023
927.800000  1.246575e-023
928.000000  1.274742e-023
928.200000  1.300682e-023
928.400000  1.313809e-023
928.600000  1.334508e-023
928.800000  1.360298e-023
929.000000  1.372146e-023
929.200000  1.391573e-023
929.400000  1.425899e-023
929.600000  1.463610e-023
929.800000  1.488671e-023
930.000000  1.516710e-023
930.200000  1.557138e-023
930.400000  1.583288e-023
930.600000  1.609291e-023
930.800000  1.650112e-023
931.000000  1.697027e-023
931.200000  1.715579e-023
931.400000  1.732436e-023
931.600000  1.774495e-023
931.800000  1.805720e-023
932.000000  1.829800e-023
932.200000  1.867233e-023
932.400000  1.908011e-023
932.600000  1.939985e-023
932.800000  1.970681e-023
933.000000  2.007502e-023
933.200000  2.058652e-023
933.400000  2.097532e-023
933.600000  2.133849e-023
933.800000  2.186497e-023
934.000000  2.223186e-023
934.200000  2.250287e-023
934.400000  2.307715e-023
934.600000  2.371110e-023
934.800000  2.397171e-023
935.000000  2.409007e-023
935.200000  2.429824e-023
935.400000  2.489587e-023
935.600000  2.520097e-023
935.800000  2.543415e-023
936.000000  2.597098e-023
936.200000  2.632258e-023
936.400000  2.631359e-023
936.600000  2.649613e-023
936.800000  2.703141e-023
937.000000  2.726615e-023
937.200000  2.763612e-023
937.400000  2.811214e-023
937.600000  2.863791e-023
937.800000  2.921263e-023
938.000000  2.994358e-023
938.200000  3.113047e-023
938.400000  3.196928e-023
938.600000  3.250217e-023
938.800000  3.359500e-023
939.000000  3.524075e-023
939.200000  3.644338e-023
939.400000  3.757155e-023
939.600000  3.911599e-023
939.800000  4.075734e-023
940.000000  4.179415e-023
940.200000  4.324093e-023
940.400000  4.515396e-023
940.600000  4.669439e-023
940.800000  4.799372e-023
941.000000  4.970427e-023
941.200000  5.156144e-023
941.400000  5.346591e-023
941.600000  5.507431e-023
941.800000  5.680203e-023
942.000000  5.854823e-023
942.200000  5.970945e-023
942.400000  6.083493e-023
942.600000  6.255231e-023
942.800000  6.369066e-023
943.000000  6.481559e-023
943.200000  6.661051e-023
943.400000  6.837541e-023
943.600000  6.922271e-023
943.800000  6.998640e-023
944.000000  7.156592e-023
944.200000  7.316535e-023
944.400000  7.431397e-023
944.600000  7.525586e-023
944.800000  7.718048e-023
945.000000  7.905243e-023
945.200000  8.022706e-023
945.400000  8.170020e-023
945.600000  8.359075e-023
945.800000  8.454014e-023
946.000000  8.614098e-023
946.200000  8.844683e-023
946.400000  9.026524e-023
946.600000  9.164860e-023
946.800000  9.311287e-023
947.000000  9.558191e-023
947.200000  9.766793e-023
947.400000  9.903352e-023
947.600000  1.010106e-022
947.800000  1.034498e-022
948.000000  1.053457e-022
948.200000  1.072019e-022
948.400000  1.103058e-022
948.600000  1.134735e-022
948.800000  1.146442e-022
949.000000  1.166696e-022
949.200000  1.204524e-022
949.400000  1.229942e-022
949.600000  1.253392e-022
949.800000  1.287203e-022
950.000000  1.323647e-022
950.200000  1.354013e-022
950.400000  1.379253e-022
950.600000  1.415859e-022
950.800000  1.447543e-022
951.000000  1.471453e-022
951.200000  1.502549e-022
951.400000  1.557130e-022
951.600000  1.594433e-022
951.800000  1.629816e-022
952.000000  1.686909e-022
952.200000  1.745884e-022
952.400000  1.787468e-022
952.600000  1.829867e-022
952.800000  1.893089e-022
953.000000  1.947900e-022
953.200000  1.985017e-022
953.400000  2.025324e-022
953.600000  2.087587e-022
953.800000  2.146669e-022
954.000000  2.195233e-022
954.200000  2.254075e-022
954.400000  2.319331e-022
954.600000  2.371148e-022
954.800000  2.424893e-022
955.000000  2.488474e-022
955.200000  2.539713e-022
955.400000  2.617919e-022
955.600000  2.670390e-022
955.800000  2.739087e-022
956.000000  2.830084e-022
956.200000  2.912002e-022
956.400000  2.962144e-022
956.600000  3.022704e-022
956.800000  3.117178e-022
957.000000  3.184740e-022
957.200000  3.248017e-022
957.400000  3.351651e-022
957.600000  3.481638e-022
957.800000  3.563383e-022
958.000000  3.678613e-022
958.200000  3.802142e-022
958.400000  3.911759e-022
958.600000  3.991383e-022
958.800000  4.131232e-022
959.000000  4.267640e-022
959.200000  4.369531e-022
959.400000  4.459724e-022
959.600000  4.580733e-022
959.800000  4.724316e-022
960.000000  4.812297e-022
960.200000  4.924263e-022
960.400000  5.080053e-022
960.600000  5.220438e-022
960.800000  5.333717e-022
961.000000  5.463582e-022
961.200000  5.624977e-022
961.400000  5.682255e-022
961.600000  5.760331e-022
961.800000  5.901275e-022
962.000000  6.066891e-022
962.200000  6.160735e-022
962.400000  6.286019e-022
962.600000  6.460217e-022
962.800000  6.638020e-022
963.000000  6.850563e-022
963.200000  7.344370e-022
963.400000  8.459572e-022
963.600000  1.009679e-021
963.800000  1.145688e-021
964.000000  1.145978e-021
964.200000  1.042177e-021
964.400000  9.240488e-022
964.600000  8.599951e-022
964.800000  8.442777e-022
965.000000  8.439600e-022
965.200000  8.460700e-022
965.400000  8.604612e-022
965.600000  8.802674e-022
965.800000  8.913833e-022
966.000000  9.071519e-022
966.200000  9.297077e-022
966.400000  9.479313e-022
966.600000  9.575578e-022
966.800000  9.731701e-022
967.000000  9.974793e-022
967.200000  1.015521e-021
967.400000  1.025191e-021
967.600000  1.044271e-021
967.800000  1.061211e-021
968.000000  1.071464e-021
968.200000  1.083863e-021
968.400000  1.107079e-021
968.600000  1.127752e-021
968.800000  1.129672e-021
969.000000  1.142744e-021
969.200000  1.161192e-021
969.400000  1.161782e-021
969.600000  1.162654e-021
969.800000  1.176618e-021
970.000000  1.190991e-021
970.200000  1.190484e-021
970.400000  1.202199e-021
970.600000  1.224429e-021
970.800000  1.235950e-021
971.000000  1.238443e-021
971.200000  1.252903e-021
971.400000  1.279172e-021
971.600000  1.294001e-021
971.800000  1.306293e-021
972.000000  1.330469e-021
972.200000  1.359207e-021
972.400000  1.376921e-021
972.600000  1.402493e-021
972.800000  1.445561e-021
973.000000  1.483875e-021
973.200000  1.510336e-021
973.400000  1.563960e-021
973.600000  1.624630e-021
973.800000  1.663158e-021
974.000000  1.707669e-021
974.200000  1.775031e-021
974.400000  1.847610e-021
974.600000  1.904764e-021
974.800000  1.983375e-021
975.000000  2.095281e-021
975.200000  2.191516e-021
975.400000  2.333184e-021
975.600000  2.423321e-021
975.800000  2.528616e-021
976.000000  2.720826e-021
976.200000  2.892067e-021
976.400000  3.066596e-021
976.600000  3.305887e-021
976.800000  3.597599e-021
977.000000  3.926918e-021
977.200000  4.318849e-021
977.400000  4.723395e-021
977.600000  5.214051e-021
977.800000  5.713002e-021
978.000000  6.235592e-021
978.200000  6.769293e-021
978.400000  7.366904e-021
978.600000  8.008175e-021
978.800000  8.729254e-021
979.000000  9.790261e-021
979.200000  1.077721e-020
979.400000  1.188412e-020
979.600000  1.306994e-020
979.800000  1.418871e-020
980.000000  1.512489e-020
980.200000  1.584737e-020
980.400000  1.622882e-020
980.600000  1.606398e-020
980.800000  1.525318e-020
981.000000  1.441826e-020
981.200000  1.312524e-020
981.400000  1.186800e-020
981.600000  1.082585e-020
981.800000  9.887899e-021
982.000000  8.965702e-021
982.200000  8.179270e-021
982.400000  7.488695e-021
982.600000  6.831215e-021
982.800000  6.434930e-021
983.000000  6.030729e-021
983.200000  5.757449e-021
983.400000  5.772128e-021
983.600000  5.871076e-021
983.800000  5.941546e-021
984.000000  6.206683e-021
984.200000  6.531853e-021
984.400000  6.755998e-021
984.600000  6.908438e-021
984.800000  7.150910e-021
985.000000  7.277807e-021
985.200000  7.300932e-021
985.400000  7.448141e-021
985.600000  7.567506e-021
985.800000  7.582484e-021
986.000000  7.620372e-021
986.200000  7.623995e-021
986.400000  7.556610e-021
986.600000  7.471694e-021
986.800000  7.412097e-021
987.000000  7.348975e-021
987.200000  7.188924e-021
987.400000  7.073538e-021
987.600000  7.071325e-021
987.800000  7.001628e-021
988.000000  6.904014e-021
988.200000  6.888673e-021
988.400000  6.889190e-021
988.600000  6.833490e-021
988.800000  6.837857e-021
989.000000  7.052164e-021
989.200000  7.213624e-021
989.400000  7.295043e-021
989.600000  7.352306e-021
989.800000  7.514734e-021
990.000000  7.622675e-021
990.200000  7.642274e-021
990.400000  7.673388e-021
990.600000  7.845204e-021
990.800000  7.917732e-021
991.000000  7.933139e-021
991.200000  8.012478e-021
991.400000  8.043535e-021
991.600000  7.880118e-021
991.800000  7.715140e-021
992.000000  7.687129e-021
992.200000  7.431942e-021
992.400000  7.028057e-021
992.600000  6.777050e-021
992.800000  6.662492e-021
993.000000  6.396385e-021
993.200000  6.090477e-021
993.400000  5.932084e-021
993.600000  5.697014e-021
993.800000  5.273623e-021
994.000000  4.914777e-021
994.200000  4.799890e-021
994.400000  4.690051e-021
994.600000  4.559892e-021
994.800000  4.504219e-021
995.000000  4.477803e-021
995.200000  4.250785e-021
995.400000  4.163812e-021
995.600000  4.118557e-021
995.800000  4.066496e-021
996.000000  3.983259e-021
996.200000  3.914978e-021
996.400000  3.861699e-021
996.600000  3.791465e-021
996.800000  3.689894e-021
997.000000  3.624400e-021
997.200000  3.576509e-021
997.400000  3.514989e-021
997.600000  3.440645e-021
997.800000  3.383093e-021
998.000000  3.306763e-021
998.200000  3.231974e-021
998.400000  3.155331e-021
998.600000  3.097246e-021
998.800000  3.036485e-021
999.000000  2.969633e-021
999.200000  2.913735e-021
999.400000  2.873948e-021
999.600000  2.817835e-021
999.800000  2.751337e-021
1000.000000  2.701835e-021
1000.200000  2.663378e-021
1000.400000  2.632566e-021
1000.600000  2.582787e-021
1000.800000  2.567308e-021
1001.000000  2.544046e-021
1001.200000  2.516426e-021
1001.400000  2.496512e-021
1001.600000  2.495552e-021
1001.800000  2.483350e-021
1002.000000  2.466795e-021
1002.200000  2.445007e-021
1002.400000  2.452649e-021
1002.600000  2.463775e-021
1002.800000  2.437566e-021
1003.000000  2.441737e-021
1003.200000  2.437209e-021
1003.400000  2.450095e-021
1003.600000  2.442072e-021
1003.800000  2.442760e-021
1004.000000  2.441699e-021
1004.200000  2.430135e-021
1004.400000  2.434308e-021
1004.600000  2.449880e-021
1004.800000  2.458461e-021
1005.000000  2.458274e-021
1005.200000  2.469513e-021
1005.400000  2.477251e-021
1005.600000  2.485882e-021
1005.800000  2.491000e-021
1006.000000  2.514661e-021
1006.200000  2.537483e-021
1006.400000  2.543544e-021
1006.600000  2.548728e-021
1006.800000  2.578732e-021
1007.000000  2.559118e-021
1007.200000  2.568764e-021
1007.400000  2.597091e-021
1007.600000  2.614794e-021
1007.800000  2.628968e-021
1008.000000  2.636035e-021
1008.200000  2.670775e-021
1008.400000  2.694863e-021
1008.600000  2.717207e-021
1008.800000  2.744067e-021
1009.000000  2.766497e-021
1009.200000  2.792556e-021
1009.400000  2.811483e-021
1009.600000  2.848414e-021
1009.800000  2.878220e-021
1010.000000  2.902679e-021
1010.200000  2.902851e-021
1010.400000  2.944516e-021
1010.600000  2.975425e-021
1010.800000  2.986506e-021
1011.000000  3.036511e-021
1011.200000  3.089329e-021
1011.400000  3.103265e-021
1011.600000  3.113594e-021
1011.800000  3.146650e-021
1012.000000  3.180677e-021
1012.200000  3.192012e-021
1012.400000  3.209745e-021
1012.600000  3.244836e-021
1012.800000  3.261735e-021
1013.000000  3.254905e-021
1013.200000  3.284645e-021
1013.400000  3.313525e-021
1013.600000  3.323211e-021
1013.800000  3.327409e-021
1014.000000  3.343548e-021
1014.200000  3.375343e-021
1014.400000  3.374991e-021
1014.600000  3.384767e-021
1014.800000  3.391792e-021
1015.000000  3.382216e-021
1015.200000  3.373541e-021
1015.400000  3.383338e-021
1015.600000  3.408885e-021
1015.800000  3.392786e-021
1016.000000  3.381289e-021
1016.200000  3.392045e-021
1016.400000  3.387951e-021
1016.600000  3.366172e-021
1016.800000  3.357380e-021
1017.000000  3.374663e-021
1017.200000  3.379849e-021
1017.400000  3.367298e-021
1017.600000  3.374348e-021
1017.800000  3.397314e-021
1018.000000  3.404399e-021
1018.200000  3.394620e-021
1018.400000  3.402647e-021
1018.600000  3.391900e-021
1018.800000  3.403693e-021
1019.000000  3.421153e-021
1019.200000  3.446180e-021
1019.400000  3.447676e-021
1019.600000  3.449172e-021
1019.800000  3.478067e-021
1020.000000  3.492829e-021
1020.200000  3.503828e-021
1020.400000  3.499683e-021
1020.600000  3.532520e-021
1020.800000  3.542629e-021
1021.000000  3.547051e-021
1021.200000  3.564798e-021
1021.400000  3.604477e-021
1021.600000  3.605148e-021
1021.800000  3.609632e-021
1022.000000  3.617942e-021
1022.200000  3.644428e-021
1022.400000  3.641296e-021
1022.600000  3.645817e-021
1022.800000  3.653219e-021
1023.000000  3.662551e-021
1023.200000  3.649800e-021
1023.400000  3.668755e-021
1023.600000  3.701220e-021
1023.800000  3.710618e-021
1024.000000  3.691096e-021
1024.200000  3.685048e-021
1024.400000  3.701210e-021
1024.600000  3.692250e-021
1024.800000  3.662934e-021
1025.000000  3.670386e-021
1025.200000  3.668148e-021
1025.400000  3.644536e-021
1025.600000  3.651008e-021
1025.800000  3.668191e-021
1026.000000  3.667873e-021
1026.200000  3.667550e-021
1026.400000  3.682835e-021
1026.600000  3.692285e-021
1026.800000  3.704683e-021
1027.000000  3.718079e-021
1027.200000  3.761867e-021
1027.400000  3.803774e-021
1027.600000  3.806496e-021
1027.800000  3.836730e-021
1028.000000  3.862101e-021
1028.200000  3.866844e-021
1028.400000  3.888343e-021
1028.600000  3.901003e-021
1028.800000  3.934416e-021
1029.000000  3.972831e-021
1029.200000  4.002413e-021
1029.400000  4.005313e-021
1029.600000  4.021100e-021
1029.800000  4.065683e-021
1030.000000  4.070626e-021
1030.200000  4.087502e-021
1030.400000  4.113361e-021
1030.600000  4.149226e-021
1030.800000  4.147272e-021
1031.000000  4.163272e-021
1031.200000  4.205269e-021
1031.400000  4.216347e-021
1031.600000  4.216434e-021
1031.800000  4.224530e-021
1032.000000  4.248681e-021
1032.200000  4.257818e-021
1032.400000  4.254912e-021
1032.600000  4.281159e-021
1032.800000  4.280274e-021
1033.000000  4.276359e-021
1033.200000  4.266380e-021
1033.400000  4.269501e-021
1033.600000  4.253423e-021
1033.800000  4.214044e-021
1034.000000  4.202934e-021
1034.200000  4.194838e-021
1034.400000  4.163390e-021
1034.600000  4.114613e-021
1034.800000  4.092164e-021
1035.000000  4.061528e-021
1035.200000  4.000276e-021
1035.400000  3.932785e-021
1035.600000  3.881485e-021
1035.800000  3.808632e-021
1036.000000  3.731546e-021
1036.200000  3.665563e-021
1036.400000  3.606618e-021
1036.600000  3.518848e-021
1036.800000  3.438087e-021
1037.000000  3.397231e-021
1037.200000  3.336756e-021
1037.400000  3.265867e-021
1037.600000  3.197928e-021
1037.800000  3.145323e-021
1038.000000  3.092614e-021
1038.200000  3.021201e-021
1038.400000  2.976537e-021
1038.600000  2.948348e-021
1038.800000  2.908702e-021
1039.000000  2.854456e-021
1039.200000  2.827096e-021
1039.400000  2.799679e-021
1039.600000  2.741001e-021
1039.800000  2.705113e-021
1040.000000  2.692082e-021
1040.200000  2.671720e-021
1040.400000  2.622078e-021
1040.600000  2.613101e-021
1040.800000  2.607244e-021
1041.000000  2.578332e-021
1041.200000  2.553555e-021
1041.400000  2.544467e-021
1041.600000  2.542710e-021
1041.800000  2.516767e-021
1042.000000  2.506557e-021
1042.200000  2.513176e-021
1042.400000  2.495557e-021
1042.600000  2.485288e-021
1042.800000  2.489785e-021
1043.000000  2.512263e-021
1043.200000  2.500914e-021
1043.400000  2.496956e-021
1043.600000  2.520558e-021
1043.800000  2.530404e-021
1044.000000  2.524330e-021
1044.200000  2.528875e-021
1044.400000  2.563232e-021
1044.600000  2.565687e-021
1044.800000  2.563878e-021
1045.000000  2.591954e-021
1045.200000  2.606189e-021
1045.400000  2.611892e-021
1045.600000  2.629380e-021
1045.800000  2.659758e-021
1046.000000  2.688046e-021
1046.200000  2.683101e-021
1046.400000  2.695339e-021
1046.600000  2.734490e-021
1046.800000  2.729567e-021
1047.000000  2.727864e-021
1047.200000  2.744495e-021
1047.400000  2.754676e-021
1047.600000  2.752983e-021
1047.800000  2.745875e-021
1048.000000  2.771238e-021
1048.200000  2.760876e-021
1048.400000  2.746151e-021
1048.600000  2.743341e-021
1048.800000  2.737261e-021
1049.000000  2.732255e-021
1049.200000  2.708721e-021
1049.400000  2.702583e-021
1049.600000  2.705159e-021
1049.800000  2.679338e-021
1050.000000  2.672052e-021
1050.200000  2.666937e-021
1050.400000  2.644283e-021
1050.600000  2.610619e-021
1050.800000  2.595545e-021
1051.000000  2.595819e-021
1051.200000  2.571900e-021
1051.400000  2.534726e-021
1051.600000  2.518409e-021
1051.800000  2.493237e-021
1052.000000  2.470222e-021
1052.200000  2.422854e-021
1052.400000  2.379817e-021
1052.600000  2.344444e-021
1052.800000  2.323405e-021
1053.000000  2.289015e-021
1053.200000  2.256778e-021
1053.400000  2.235588e-021
1053.600000  2.203233e-021
1053.800000  2.170815e-021
1054.000000  2.123846e-021
1054.200000  2.101324e-021
1054.400000  2.065360e-021
1054.600000  2.008094e-021
1054.800000  1.974206e-021
1055.000000  1.945849e-021
1055.200000  1.911834e-021
1055.400000  1.863169e-021
1055.600000  1.831252e-021
1055.800000  1.795900e-021
1056.000000  1.749231e-021
1056.200000  1.710353e-021
1056.400000  1.677035e-021
1056.600000  1.641395e-021
1056.800000  1.605687e-021
1057.000000  1.573299e-021
1057.200000  1.541980e-021
1057.400000  1.504938e-021
1057.600000  1.467824e-021
1057.800000  1.437446e-021
1058.000000  1.412687e-021
1058.200000  1.378786e-021
1058.400000  1.350508e-021
1058.600000  1.341535e-021
1058.800000  1.314305e-021
1059.000000  1.285881e-021
1059.200000  1.257403e-021
1059.400000  1.241443e-021
1059.600000  1.212866e-021
1059.800000  1.192250e-021
1060.000000  1.169302e-021
1060.200000  1.149751e-021
1060.400000  1.124190e-021
1060.600000  1.116398e-021
1060.800000  1.101111e-021
1061.000000  1.079459e-021
1061.200000  1.063530e-021
1061.400000  1.052877e-021
1061.600000  1.042781e-021
1061.800000  1.017173e-021
1062.000000  9.927877e-022
1062.200000  9.851513e-022
1062.400000  9.659054e-022
1062.600000  9.481308e-022
1062.800000  9.460033e-022
1063.000000  9.363133e-022
1063.200000  9.245092e-022
1063.400000  9.013826e-022
1063.600000  8.913870e-022
1063.800000  8.750694e-022
1064.000000  8.699347e-022
1064.200000  8.562537e-022
1064.400000  8.393861e-022
1064.600000  8.358405e-022
1064.800000  8.164578e-022
1065.000000  8.121781e-022
1065.200000  8.085944e-022
1065.400000  8.021809e-022
1065.600000  7.877511e-022
1065.800000  7.842496e-022
1066.000000  7.786181e-022
1066.200000  7.588116e-022
1066.400000  7.472370e-022
1066.600000  7.422619e-022
1066.800000  7.369216e-022
1067.000000  7.280163e-022
1067.200000  7.169591e-022
1067.400000  7.189368e-022
1067.600000  6.990571e-022
1067.800000  6.913879e-022
1068.000000  6.835845e-022
1068.200000  6.698088e-022
1068.400000  6.612537e-022
1068.600000  6.548304e-022
1068.800000  6.500670e-022
1069.000000  6.449352e-022
1069.200000  6.322521e-022
1069.400000  6.328437e-022
1069.600000  6.194046e-022
1069.800000  6.189036e-022
1070.000000  6.014602e-022
1070.200000  5.975729e-022
1070.400000  5.986130e-022
1070.600000  5.777261e-022
1070.800000  5.742862e-022
1071.000000  5.771162e-022
1071.200000  5.689560e-022
1071.400000  5.587240e-022
1071.600000  5.547669e-022
1071.800000  5.484997e-022
1072.000000  5.522861e-022
1072.200000  5.395702e-022
1072.400000  5.422606e-022
1072.600000  5.374154e-022
1072.800000  5.213616e-022
1073.000000  5.097854e-022
1073.200000  5.089192e-022
1073.400000  5.081729e-022
1073.600000  4.980166e-022
1073.800000  4.965239e-022
1074.000000  4.935590e-022
1074.200000  4.859321e-022
1074.400000  4.801301e-022
1074.600000  4.714934e-022
1074.800000  4.703351e-022
1075.000000  4.562610e-022
1075.200000  4.521311e-022
1075.400000  4.550159e-022
1075.600000  4.468065e-022
1075.800000  4.391984e-022
1076.000000  4.302167e-022
1076.200000  4.269066e-022
1076.400000  4.227234e-022
1076.600000  4.101068e-022
1076.800000  4.046592e-022
1077.000000  4.080143e-022
1077.200000  3.901293e-022
1077.400000  3.887505e-022
1077.600000  3.853772e-022
1077.800000  3.803775e-022
1078.000000  3.686340e-022
1078.200000  3.627349e-022
1078.400000  3.544507e-022
1078.600000  3.531538e-022
1078.800000  3.482242e-022
1079.000000  3.409046e-022
1079.200000  3.367062e-022
1079.400000  3.235878e-022
1079.600000  3.197417e-022
1079.800000  3.226788e-022
1080.000000  3.102650e-022
1080.200000  3.077808e-022
1080.400000  3.042828e-022
1080.600000  3.012828e-022
1080.800000  2.888019e-022
1081.000000  2.909660e-022
1081.200000  2.823754e-022
1081.400000  2.817499e-022
1081.600000  2.700910e-022
1081.800000  2.709754e-022
1082.000000  2.742749e-022
1082.200000  2.628302e-022
1082.400000  2.564550e-022
1082.600000  2.538894e-022
1082.800000  2.580768e-022
1083.000000  2.501471e-022
1083.200000  2.499949e-022
1083.400000  2.472850e-022
1083.600000  2.480253e-022
1083.800000  2.373659e-022
1084.000000  2.392518e-022
1084.200000  2.387026e-022
1084.400000  2.299311e-022
1084.600000  2.289861e-022
1084.800000  2.259800e-022
1085.000000  2.196192e-022
1085.200000  2.177588e-022
1085.400000  2.157657e-022
1085.600000  2.208729e-022
1085.800000  2.065966e-022
1086.000000  2.114454e-022
1086.200000  2.111221e-022
1086.400000  2.004266e-022
1086.600000  2.030767e-022
1086.800000  2.026142e-022
1087.000000  1.960407e-022
1087.200000  1.845103e-022
1087.400000  1.885873e-022
1087.600000  1.873268e-022
1087.800000  1.871077e-022
1088.000000  1.867573e-022
1088.200000  1.807852e-022
1088.400000  1.783346e-022
1088.600000  1.783676e-022
1088.800000  1.763031e-022
1089.000000  1.721355e-022
1089.200000  1.654649e-022
1089.400000  1.698230e-022
1089.600000  1.602433e-022
1089.800000  1.581518e-022
1090.000000  1.600104e-022
1090.200000  1.589700e-022
1090.400000  1.533058e-022
1090.600000  1.515961e-022
1090.800000  1.568944e-022
1091.000000  1.489613e-022
1091.200000  1.517485e-022
1091.400000  1.435305e-022
1091.600000  1.481764e-022
1091.800000  1.396739e-022
1092.000000  1.424623e-022
1092.200000  1.416608e-022
1092.400000  1.359270e-022
1092.600000  1.321834e-022
1092.800000  1.291803e-022
1093.000000  1.346972e-022
1093.200000  1.288418e-022
1093.400000  1.238458e-022
1093.600000  1.199794e-022
1093.800000  1.212292e-022
1094.000000  1.170712e-022
1094.200000  1.215988e-022
1094.400000  1.187244e-022
1094.600000  1.174060e-022
1094.800000  1.148322e-022
1095.000000  1.118085e-022
1095.200000  1.134764e-022
1095.400000  1.100538e-022
1095.600000  1.117230e-022
1095.800000  1.054230e-022
1096.000000  9.903012e-023
1096.200000  1.052223e-022
1096.400000  9.976741e-023
1096.600000  1.012033e-022
1096.800000  9.744774e-023
1097.000000  9.639345e-023
1097.200000  9.058323e-023
1097.400000  9.692380e-023
1097.600000  9.387349e-023
1097.800000  9.167802e-023
1098.000000  9.069520e-023
1098.200000  9.391141e-023
1098.400000  9.172338e-023
1098.600000  8.603557e-023
1098.800000  8.611392e-023
1099.000000  8.518976e-023
1099.200000  8.565220e-023
1099.400000  8.087334e-023
1099.600000  7.480499e-023
1099.800000  7.826383e-023
1100.000000  8.190825e-023
1100.200000  8.065709e-023
1100.400000  7.387505e-023
1100.600000  7.363786e-023
1100.800000  7.298477e-023
1101.000000  6.634332e-023
1101.200000  7.067606e-023
1101.400000  6.360376e-023
1101.600000  6.992902e-023
1101.800000  6.728017e-023
1102.000000  6.163319e-023
1102.200000  6.283179e-023
1102.400000  6.146618e-023
1102.600000  6.166156e-023
1102.800000  6.385533e-023
1103.000000  6.490621e-023
1103.200000  6.453114e-023
1103.400000  6.174547e-023
1103.600000  5.512628e-023
1103.800000  6.043981e-023
1104.000000  5.849965e-023
1104.200000  5.941041e-023
1104.400000  5.576268e-023
1104.600000  5.327750e-023
1104.800000  5.047758e-023
1105.000000  5.381153e-023
1105.200000  5.669946e-023
1105.400000  5.634077e-023
1105.600000  5.241532e-023
1105.800000  5.192453e-023
1106.000000  4.444371e-023
1106.200000  4.703801e-023
1106.400000  4.938132e-023
1106.600000  4.644079e-023
1106.800000  4.878770e-023
1107.000000  5.693483e-023
1107.200000  4.508444e-023
1107.400000  3.844842e-023
1107.600000  5.454755e-023
1107.800000  3.943262e-023
1108.000000  5.084092e-023
1108.200000  3.969000e-023
1108.400000  5.025919e-023
1108.600000  4.519807e-023
1108.800000  3.928071e-023
1109.000000  4.460429e-023
1109.200000  4.536367e-023
1109.400000  3.751564e-023
1109.600000  3.937939e-023
1109.800000  3.606903e-023
1110.000000  4.134139e-023
1110.200000  4.181208e-023
1110.400000  3.680291e-023
1110.600000  4.107692e-023
1110.800000  3.488454e-023
1111.000000  4.441344e-023
1111.200000  3.584720e-023
1111.400000  4.099266e-023
1111.600000  3.903769e-023
1111.800000  3.345565e-023
1112.000000  3.958864e-023
1112.200000  3.081886e-023
1112.400000  4.254902e-023
1112.600000  4.229519e-023
1112.800000  3.467348e-023
1113.000000  3.739675e-023
1113.200000  3.407686e-023
1113.400000  2.928524e-023
1113.600000  3.143876e-023
1113.800000  3.339056e-023
1114.000000  3.342055e-023
1114.200000  3.187659e-023
1114.400000  2.629566e-023
1114.600000  3.271488e-023
1114.800000  3.246400e-023
1115.000000  2.850715e-023
1115.200000  2.646406e-023
1115.400000  2.648780e-023
1115.600000  2.850992e-023
1115.800000  2.918738e-023
1116.000000  2.464615e-023
1116.200000  2.794844e-023
1116.400000  2.434867e-023
1116.600000  1.952315e-023
1116.800000  2.354402e-023
1117.000000  2.369917e-023
1117.200000  2.667240e-023
1117.400000  2.426392e-023
1117.600000  2.928915e-023
1117.800000  2.653481e-023
1118.000000  2.341642e-023
1118.200000  2.529439e-023
1118.400000  1.412747e-023
1118.600000  2.214408e-023
1118.800000  1.801941e-023
1119.000000  2.074086e-023
1119.200000  2.328663e-023
1119.400000  2.559603e-023
1119.600000  1.960600e-023
1119.800000  1.929168e-023
1120.000000  1.873523e-023
1120.200000  2.476589e-023
1120.400000  2.164224e-023
1120.600000  1.860382e-023
1120.800000  1.504179e-023
1121.000000  2.179124e-023
1121.200000  1.765193e-023
1121.400000  2.163266e-023
1121.600000  1.607171e-023
1121.800000  1.622301e-023
1122.000000  1.318953e-023
1122.200000  2.166419e-023
1122.400000  1.364337e-023
1122.600000  9.342451e-024
1122.800000  2.383171e-023
1123.000000  1.149348e-023
1123.200000  2.228156e-023
1123.400000  1.669157e-023
1123.600000  1.264718e-023
1123.800000  1.696698e-023
1124.000000  2.389786e-023
1124.200000  1.973521e-023
1124.400000  1.884442e-023
1124.600000  1.742810e-023
1124.800000  1.182032e-023
1125.000000  1.269684e-023
1125.200000  1.138247e-023
1125.400000  2.090780e-023
1125.600000  7.071943e-024
1125.800000  1.083500e-023
1126.000000  1.255025e-023
1126.200000  1.603153e-023
1126.400000  1.055014e-023
1126.600000  2.053755e-023
1126.800000  8.955228e-024
1127.000000  9.397710e-024
1127.200000  1.446917e-023
1127.400000  9.969839e-024
1127.600000  1.070171e-023
1127.800000  7.816538e-024
1128.000000  2.071241e-023
1128.200000  6.654517e-024
1128.400000  1.853947e-023
1128.600000  7.681172e-024
1128.800000  1.392534e-023
1129.000000  8.980140e-024
1129.200000  9.859384e-024
1129.400000  1.349488e-023
1129.600000  1.263557e-023
1129.800000  4.495751e-024
1130.000000  6.387377e-024
1130.200000  1.713971e-023
1130.400000  8.869941e-024
1130.600000  1.364901e-023
1130.800000  6.250046e-024
1131.000000  1.294711e-023
1131.200000  1.470551e-023
1131.400000  1.032265e-023
1131.600000  1.324216e-023
1131.800000  8.738868e-024
1132.000000  1.221625e-023
1132.200000  4.803482e-024
1132.400000  1.398771e-023
1132.600000  6.999233e-024
1132.800000  3.494718e-024
1133.000000  1.588646e-023
1133.200000  8.168749e-024
1133.400000  6.424770e-024
1133.600000  7.873681e-024
1133.800000  5.983500e-024
1134.000000  1.548119e-023
1134.200000  5.408805e-024
1134.400000  1.021885e-023
1134.600000  1.198029e-023
1134.800000  1.140565e-023
1135.000000  4.098361e-024
1135.200000  1.066997e-023
1135.400000  5.413233e-024
1135.600000  9.810322e-024
1135.800000  4.836617e-024
1136.000000  1.024412e-024
1136.200000  6.298519e-024
1136.400000  9.382228e-024
1136.600000  9.242618e-024
1136.800000  7.912256e-024
1137.000000  6.745579e-024
1137.200000  6.751514e-024
1137.400000  8.500628e-024
1137.600000  1.041439e-023
1137.800000  4.403994e-024
1138.000000  8.670219e-024
1138.200000  1.555400e-023
1138.400000  8.958987e-024
1138.600000  9.260291e-024
1138.800000  7.061658e-024
1139.000000  8.081075e-024
1139.200000  6.028737e-024
1139.400000  1.074380e-023
1139.600000  9.279623e-024
1139.800000  0.000000e+000
1140.000000  7.950024e-024
1140.200000  0.000000e+000
1140.400000  7.374118e-024
1140.600000  1.077569e-023
1140.800000  3.545391e-024
1141.000000  1.108948e-023
1141.200000  5.327417e-024
1141.400000  6.073899e-024
1141.600000  1.067518e-023
1141.800000  8.160944e-024
1142.000000  4.752103e-024
1142.200000  8.175248e-024
1142.400000  8.034062e-024
1142.600000  9.530868e-024
1142.800000  9.240330e-024
1143.000000  4.176328e-024
1143.200000  6.121943e-024
1143.400000  6.425295e-024
1143.600000  8.525404e-024
1143.800000  5.688575e-024
1144.000000  9.589401e-024
1144.200000  9.297068e-024
1144.400000  3.902667e-024
1144.600000  5.858277e-024
1144.800000  6.178379e-024
1145.000000  6.787320e-024
1145.200000  0.000000e+000
1145.400000  0.000000e+000
1145.600000  6.652996e-024
1145.800000  3.784489e-024
1146.000000  4.847765e-024
1146.200000  2.274321e-024
1146.400000  0.000000e+000
1146.600000  1.291089e-023
1146.800000  2.431505e-024
1147.000000  3.651290e-024
1147.200000  1.218215e-024
1147.400000  7.773594e-024
1147.600000  3.509096e-024
1147.800000  0.000000e+000
1148.000000  5.959469e-024
1148.200000  5.200488e-024
1148.400000  3.521344e-024
1148.600000  0.000000e+000
1148.800000  4.141105e-024
1149.000000  7.213787e-024
1149.200000  9.216961e-025
1149.400000  5.380668e-024
1149.600000  3.539780e-024
1149.800000  4.322703e-024
1150.000000  3.707905e-024
