800.000000  NaN
800.200000  NaN
800.400000  NaN
800.600000  -6.425970e-030
800.800000  -8.076822e-029
801.000000  -7.826504e-029
801.200000  -3.243350e-029
801.400000  -4.774782e-029
801.600000  -9.976357e-029
801.800000  -6.876634e-029
802.000000  -2.074510e-029
802.200000  -7.676753e-029
802.400000  -1.004608e-028
802.600000  -4.223070e-029
802.800000  -3.826424e-029
803.000000  -1.182526e-028
803.200000  -1.183456e-028
803.400000  -7.759973e-029
803.600000  -1.086945e-028
803.800000  -1.499722e-028
804.000000  -1.243263e-028
804.200000  -5.877709e-029
804.400000  -1.086217e-028
804.600000  -1.305417e-028
804.800000  -4.810432e-029
805.000000  -4.099787e-029
805.200000  -1.235362e-028
805.400000  -1.037585e-028
805.600000  -2.239569e-029
805.800000  -2.606777e-029
806.000000  -1.231385e-028
806.200000  -4.743671e-029
806.400000  8.471720e-030
806.600000  -6.790342e-029
806.800000  -9.613315e-029
807.000000  -1.950700e-029
807.200000  6.694566e-030
807.400000  -1.029359e-028
807.600000  -8.055979e-029
807.800000  2.283398e-029
808.000000  -5.649672e-029
808.200000  -1.729377e-028
808.400000  -1.077969e-028
808.600000  -3.671739e-029
808.800000  -1.374953e-028
809.000000  -1.396679e-028
809.200000  -1.175882e-029
809.400000  -5.275381e-029
809.600000  -1.814903e-028
809.800000  -1.309825e-028
810.000000  -8.383631e-029
810.200000  -1.562696e-028
810.400000  -2.113625e-028
810.600000  -9.276192e-029
810.800000  3.402420e-029
811.000000  -1.085920e-028
811.200000  -8.859778e-029
811.400000  3.741321e-029
811.600000  -2.407268e-029
811.800000  -1.310963e-028
812.000000  -7.447040e-029
812.200000  3.597860e-029
812.400000  -9.974098e-029
812.600000  -2.003972e-028
812.800000  -1.867585e-029
813.000000  2.972610e-029
813.200000  -1.163403e-028
813.400000  -2.082161e-028
813.600000  -1.483201e-028
813.800000  -2.117859e-028
814.000000  -4.343766e-028
814.200000  -2.259068e-028
814.400000  -8.328138e-029
814.600000  -2.195396e-028
814.800000  -2.930580e-028
815.000000  -5.811132e-029
815.200000  -1.913463e-029
815.400000  -2.011386e-028
815.600000  -1.780338e-028
815.800000  6.516097e-029
816.000000  5.202581e-029
816.200000  -2.283622e-028
816.400000  -6.375199e-029
816.600000  1.004071e-028
816.800000  -1.309602e-029
817.000000  -7.110307e-029
817.200000  1.627527e-028
817.400000  2.379704e-028
817.600000  -6.559822e-029
817.800000  -1.086860e-028
818.000000  7.757249e-029
818.200000  -5.877521e-029
818.400000  -3.451569e-028
818.600000  -1.836773e-028
818.800000  -1.125109e-028
819.000000  -3.412751e-028
819.200000  -5.703388e-028
819.400000  -3.066849e-028
819.600000  -1.953602e-028
819.800000  -3.619708e-028
820.000000  -3.287944e-028
820.200000  -8.072134e-029
820.400000  -1.378468e-028
820.600000  -3.746945e-028
820.800000  -1.223504e-029
821.000000  2.033342e-028
821.200000  -4.384378e-029
821.400000  -1.784450e-028
821.600000  2.098262e-028
821.800000  1.349983e-028
822.000000  -2.909148e-028
822.200000  -1.022660e-028
822.400000  2.948257e-028
822.600000  3.785976e-029
822.800000  -4.165436e-028
823.000000  -2.432354e-028
823.200000  -1.930960e-028
823.400000  -5.151231e-028
823.600000  -6.706863e-028
823.800000  -2.471839e-028
824.000000  -4.399541e-028
824.200000  -1.051950e-027
824.400000  -8.838548e-028
824.600000  -4.391353e-028
824.800000  -6.357558e-028
825.000000  -9.057965e-028
825.200000  -4.037940e-028
825.400000  6.088979e-029
825.600000  -2.595302e-028
825.800000  -2.409161e-028
826.000000  3.306538e-028
826.200000  3.370308e-028
826.400000  -3.981390e-028
826.600000  3.562420e-030
826.800000  6.154943e-028
827.000000  2.658078e-028
827.200000  -7.716328e-029
827.400000  -4.417186e-029
827.600000  -3.243599e-029
827.800000  -9.106897e-028
828.000000  -1.002210e-027
828.200000  -5.055625e-028
828.400000  -2.609064e-028
828.600000  -8.839361e-028
828.800000  -5.070290e-028
829.000000  -1.077364e-028
829.200000  -5.385765e-028
829.400000  -7.803630e-028
829.600000  -3.357710e-028
829.800000  1.519002e-029
830.000000  -9.266611e-028
830.200000  -7.418663e-028
830.400000  -1.351130e-028
830.600000  -1.772239e-028
830.800000  -6.498548e-028
831.000000  -1.307837e-028
831.200000  6.899470e-028
831.400000  -2.337492e-028
831.600000  -8.248785e-028
831.800000  -2.320098e-028
832.000000  -1.462711e-028
832.200000  -1.095211e-027
832.400000  -9.197414e-028
832.600000  4.382941e-028
832.800000  3.271980e-028
833.000000  -4.912359e-028
833.200000  1.658747e-028
833.400000  8.872094e-028
833.600000  -1.464481e-028
833.800000  -5.709058e-028
834.000000  1.328454e-028
834.200000  -3.630912e-029
834.400000  -1.516531e-027
834.600000  -1.431596e-027
834.800000  -4.659153e-028
835.000000  -8.462707e-028
835.200000  -9.214353e-028
835.400000  1.305700e-028
835.600000  8.578438e-028
835.800000  -1.938063e-028
836.000000  -6.447208e-029
836.200000  9.469109e-028
836.400000  5.297660e-028
836.600000  -7.348255e-028
836.800000  -1.900227e-028
837.000000  7.196243e-028
837.200000  -1.086111e-027
837.400000  -2.077297e-027
837.600000  -7.669387e-028
837.800000  3.381599e-028
838.000000  -1.077362e-027
838.200000  -1.535287e-027
838.400000  -5.060923e-029
838.600000  -2.336965e-028
838.800000  -1.446892e-027
839.000000  -6.150231e-028
839.200000  7.860933e-028
839.400000  -2.122747e-028
839.600000  -1.243540e-027
839.800000  3.162108e-028
840.000000  1.093617e-027
840.200000  -4.599320e-028
840.400000  -6.759862e-029
840.600000  1.952718e-027
840.800000  2.022305e-027
841.000000  -4.075863e-028
841.200000  4.969504e-028
841.400000  1.804126e-027
841.600000  3.901838e-028
841.800000  -5.729128e-028
842.000000  4.996439e-028
842.200000  9.751366e-028
842.400000  -1.780142e-027
842.600000  -1.891329e-027
842.800000  -1.055129e-028
843.000000  -8.343064e-028
843.200000  -2.555127e-027
843.400000  -1.481379e-027
843.600000  -2.096997e-028
843.800000  -2.200879e-027
844.000000  -2.727457e-027
844.200000  7.523160e-028
844.400000  2.773800e-027
844.600000  3.482713e-028
844.800000  2.551865e-028
845.000000  2.588096e-027
845.200000  1.392670e-027
845.400000  -1.419612e-027
845.600000  -3.334968e-028
845.800000  1.411363e-027
846.000000  -1.265638e-027
846.200000  -2.274318e-027
846.400000  8.935691e-028
846.600000  1.786277e-027
846.800000  -1.769314e-027
847.000000  -2.170256e-027
847.200000  3.161278e-028
847.400000  -1.472209e-027
847.600000  -3.316086e-027
847.800000  -7.682929e-028
848.000000  1.458529e-027
848.200000  -1.331801e-027
848.400000  -3.393124e-027
848.600000  6.146931e-030
848.800000  9.614943e-028
849.000000  -2.118534e-027
849.200000  -7.073687e-028
849.400000  2.930902e-027
849.600000  1.358005e-027
849.800000  -1.346576e-027
850.000000  2.726023e-027
850.200000  4.342507e-027
850.400000  3.139983e-028
850.600000  6.163770e-028
850.800000  3.248562e-027
851.000000  1.478063e-027
851.200000  -4.449298e-027
851.400000  -2.871308e-027
851.600000  2.554253e-027
851.800000  -1.254923e-028
852.000000  -4.104574e-027
852.200000  8.114008e-028
852.400000  4.317613e-027
852.600000  -1.321752e-027
852.800000  -3.222961e-027
853.000000  2.452496e-027
853.200000  1.684400e-027
853.400000  -3.321407e-027
853.600000  -1.404450e-027
853.800000  2.865214e-027
854.000000  -8.830195e-028
854.200000  -5.050793e-027
854.400000  6.562402e-028
854.600000  3.484119e-027
854.800000  7.451890e-029
855.000000  -6.381641e-028
855.200000  6.391266e-027
855.400000  6.362902e-027
855.600000  2.173679e-027
855.800000  4.722593e-027
856.000000  8.480470e-027
856.200000  2.696029e-027
856.400000  -3.860613e-027
856.600000  1.921554e-027
856.800000  5.019990e-027
857.000000  -1.259420e-027
857.200000  -1.129422e-028
857.400000  6.852407e-027
857.600000  3.571180e-027
857.800000  -4.722817e-027
858.000000  -3.350415e-027
858.200000  3.490242e-028
858.400000  -4.548761e-027
858.600000  -7.360833e-027
858.800000  3.163135e-027
859.000000  4.368924e-027
859.200000  -3.376244e-027
859.400000  -3.286921e-027
859.600000  7.412037e-027
859.800000  7.657821e-027
860.000000  -8.539058e-028
860.200000  6.396604e-027
860.400000  1.091104e-026
860.600000  4.899434e-027
860.800000  2.099330e-028
861.000000  8.827528e-027
861.200000  8.640203e-027
861.400000  -3.628991e-027
861.600000  -1.241995e-027
861.800000  8.149761e-027
862.000000  3.508631e-027
862.200000  -6.092280e-027
862.400000  1.842197e-027
862.600000  4.829396e-027
862.800000  -5.668417e-027
863.000000  -6.017765e-027
863.200000  7.454839e-027
863.400000  9.296663e-027
863.600000  -2.106909e-028
863.800000  4.282021e-027
864.000000  1.340209e-026
864.200000  1.024607e-026
864.400000  -1.538800e-027
864.600000  8.982785e-027
864.800000  1.384234e-026
865.000000  -2.347930e-027
865.200000  -8.357155e-027
865.400000  1.064494e-026
865.600000  1.469150e-026
865.800000  -3.395843e-027
866.000000  7.708576e-027
866.200000  2.152037e-026
866.400000  1.861389e-026
866.600000  5.685304e-027
866.800000  1.809309e-026
867.000000  3.092239e-026
867.200000  1.736811e-026
867.400000  1.624765e-026
867.600000  2.764801e-026
867.800000  2.076874e-026
868.000000  2.218442e-027
868.200000  3.406068e-027
868.400000  1.266433e-026
868.600000  1.839696e-027
868.800000  -1.708869e-026
869.000000  5.591568e-027
869.200000  1.661874e-026
869.400000  6.890617e-027
869.600000  8.056788e-027
869.800000  3.096283e-026
870.000000  3.055854e-026
870.200000  9.940068e-027
870.400000  1.858346e-026
870.600000  2.996487e-026
870.800000  1.304165e-026
871.000000  6.705018e-027
871.200000  2.818471e-026
871.400000  3.644607e-026
871.600000  1.829868e-026
871.800000  1.982518e-026
872.000000  4.660490e-026
872.200000  3.614663e-026
872.400000  1.918059e-026
872.600000  2.828472e-026
872.800000  5.063216e-026
873.000000  2.939453e-026
873.200000  1.454213e-026
873.400000  4.231990e-026
873.600000  5.902557e-026
873.800000  2.987575e-026
874.000000  4.011442e-026
874.200000  6.151240e-026
874.400000  4.460513e-026
874.600000  2.554330e-026
874.800000  4.396618e-026
875.000000  7.277058e-026
875.200000  4.469629e-026
875.400000  3.128050e-026
875.600000  4.244538e-026
875.800000  4.324211e-026
876.000000  1.073542e-026
876.200000  1.389135e-026
876.400000  5.378896e-026
876.600000  5.902996e-026
876.800000  3.983579e-026
877.000000  6.449539e-026
877.200000  7.651090e-026
877.400000  4.492277e-026
877.600000  3.946567e-026
877.800000  6.231043e-026
878.000000  6.931186e-026
878.200000  3.997230e-026
878.400000  7.277040e-026
878.600000  1.258283e-025
878.800000  1.028790e-025
879.000000  8.372690e-026
879.200000  1.170518e-025
879.400000  1.350367e-025
879.600000  9.221594e-026
879.800000  7.395065e-026
880.000000  1.102123e-025
880.200000  9.540134e-026
880.400000  4.944927e-026
880.600000  8.158356e-026
880.800000  1.324508e-025
881.000000  1.063207e-025
881.200000  7.963099e-026
881.400000  1.138800e-025
881.600000  1.453113e-025
881.800000  8.357628e-026
882.000000  8.949061e-026
882.200000  1.706101e-025
882.400000  1.800934e-025
882.600000  1.379041e-025
882.800000  1.678634e-025
883.000000  2.220326e-025
883.200000  1.809194e-025
883.400000  1.550906e-025
883.600000  2.166184e-025
883.800000  2.572857e-025
884.000000  2.014786e-025
884.200000  2.175581e-025
884.400000  2.831033e-025
884.600000  2.692755e-025
884.800000  1.957669e-025
885.000000  1.994397e-025
885.200000  2.299568e-025
885.400000  1.891571e-025
885.600000  1.723810e-025
885.800000  2.501807e-025
886.000000  2.780345e-025
886.200000  2.524840e-025
886.400000  2.782400e-025
886.600000  3.687128e-025
886.800000  3.902833e-025
887.000000  3.335085e-025
887.200000  3.870760e-025
887.400000  4.455651e-025
887.600000  3.897966e-025
887.800000  3.560328e-025
888.000000  4.401069e-025
888.200000  4.748618e-025
888.400000  4.051021e-025
888.600000  4.331749e-025
888.800000  5.343426e-025
889.000000  5.355106e-025
889.200000  4.730923e-025
889.400000  5.338585e-025
889.600000  6.000490e-025
889.800000  5.353016e-025
890.000000  5.517160e-025
890.200000  6.412725e-025
890.400000  6.844186e-025
890.600000  5.574741e-025
890.800000  6.003377e-025
891.000000  7.431351e-025
891.200000  6.893976e-025
891.400000  6.427203e-025
891.600000  7.609268e-025
891.800000  8.738503e-025
892.000000  8.317892e-025
892.200000  8.166577e-025
892.400000  9.446007e-025
892.600000  9.695102e-025
892.800000  8.411221e-025
893.000000  9.146405e-025
893.200000  1.066841e-024
893.400000  1.057546e-024
893.600000  1.042749e-024
893.800000  1.160491e-024
894.000000  1.287321e-024
894.200000  1.197605e-024
894.400000  1.143212e-024
894.600000  1.269644e-024
894.800000  1.261929e-024
895.000000  1.140814e-024
895.200000  1.230395e-024
895.400000  1.431257e-024
895.600000  1.385127e-024
895.800000  1.343994e-024
896.000000  1.471664e-024
896.200000  1.603706e-024
896.400000  1.439298e-024
896.600000  1.454588e-024
896.800000  1.612835e-024
897.000000  1.597279e-024
897.200000  1.503893e-024
897.400000  1.688588e-024
897.600000  1.999712e-024
897.800000  2.014420e-024
898.000000  2.000405e-024
898.200000  2.238857e-024
898.400000  2.342812e-024
898.600000  2.164290e-024
898.800000  2.142995e-024
899.000000  2.303842e-024
899.200000  2.242527e-024
899.400000  2.137900e-024
899.600000  2.309577e-024
899.800000  2.497101e-024
900.000000  2.375416e-024
900.200000  2.262293e-024
900.400000  2.475409e-024
900.600000  2.677832e-024
900.800000  2.609416e-024
901.000000  2.759928e-024
901.200000  3.050187e-024
901.400000  3.106167e-024
901.600000  3.075948e-024
901.800000  3.341730e-024
902.000000  3.507177e-024
902.200000  3.414534e-024
902.400000  3.440669e-024
902.600000  3.764596e-024
902.800000  3.906054e-024
903.000000  3.729921e-024
903.200000  3.952616e-024
903.400000  4.296963e-024
903.600000  4.313998e-024
903.800000  4.151857e-024
904.000000  4.463977e-024
904.200000  4.789941e-024
904.400000  4.673111e-024
904.600000  4.656456e-024
904.800000  4.963898e-024
905.000000  5.201405e-024
905.200000  5.014043e-024
905.400000  5.161998e-024
905.600000  5.626942e-024
905.800000  5.731396e-024
906.000000  5.602949e-024
906.200000  6.021770e-024
906.400000  6.354887e-024
906.600000  6.341911e-024
906.800000  6.582416e-024
907.000000  7.103023e-024
907.200000  7.383707e-024
907.400000  7.211177e-024
907.600000  7.469947e-024
907.800000  8.026969e-024
908.000000  8.036369e-024
908.200000  8.013109e-024
908.400000  8.514897e-024
908.600000  8.774591e-024
908.800000  8.441601e-024
909.000000  8.696372e-024
909.200000  9.503939e-024
909.400000  9.962134e-024
909.600000  9.819599e-024
909.800000  1.041153e-023
910.000000  1.131114e-023
910.200000  1.131791e-023
910.400000  1.153336e-023
910.600000  1.236708e-023
910.800000  1.280187e-023
911.000000  1.271922e-023
911.200000  1.308265e-023
911.400000  1.414851e-023
911.600000  1.470562e-023
911.800000  1.485601e-023
912.000000  1.563306e-023
912.200000  1.672909e-023
912.400000  1.715004e-023
912.600000  1.732380e-023
912.800000  1.837423e-023
913.000000  1.929216e-023
913.200000  1.951273e-023
913.400000  2.016120e-023
913.600000  2.151518e-023
913.800000  2.221388e-023
914.000000  2.263902e-023
914.200000  2.371036e-023
914.400000  2.509190e-023
914.600000  2.558927e-023
914.800000  2.634015e-023
915.000000  2.795417e-023
915.200000  2.915468e-023
915.400000  2.971547e-023
915.600000  3.086529e-023
915.800000  3.292162e-023
916.000000  3.427026e-023
916.200000  3.515108e-023
916.400000  3.694952e-023
916.600000  3.883925e-023
916.800000  3.983636e-023
917.000000  4.101934e-023
917.200000  4.343725e-023
917.400000  4.551999e-023
917.600000  4.683609e-023
917.800000  4.919948e-023
918.000000  5.195050e-023
918.200000  5.389258e-023
918.400000  5.518700e-023
918.600000  5.769770e-023
918.800000  6.051309e-023
919.000000  6.154276e-023
919.200000  6.302163e-023
919.400000  6.577530e-023
919.600000  6.772739e-023
919.800000  6.850368e-023
920.000000  7.012614e-023
920.200000  7.241784e-023
920.400000  7.360075e-023
920.600000  7.463147e-023
920.800000  7.674196e-023
921.000000  7.896080e-023
921.200000  7.935705e-023
921.400000  8.019558e-023
921.600000  8.237370e-023
921.800000  8.398868e-023
922.000000  8.422732e-023
922.200000  8.608837e-023
922.400000  8.843586e-023
922.600000  8.935895e-023
922.800000  8.944808e-023
923.000000  9.147230e-023
923.200000  9.259763e-023
923.400000  9.263621e-023
923.600000  9.335373e-023
923.800000  9.553521e-023
924.000000  9.608833e-023
924.200000  9.592929e-023
924.400000  9.674028e-023
924.600000  9.791517e-023
924.800000  9.756784e-023
925.000000  9.787122e-023
925.200000  9.990683e-023
925.400000  1.018912e-022
925.600000  1.012225e-022
925.800000  1.016334e-022
926.000000  1.038248e-022
926.200000  1.045862e-022
926.400000  1.038722e-022
926.600000  1.055551e-022
926.800000  1.073552e-022
927.000000  1.071261e-022
927.200000  1.072798e-022
927.400000  1.093921e-022
927.600000  1.104012e-022
927.800000  1.098773e-022
928.000000  1.105532e-022
928.200000  1.133274e-022
928.400000  1.137525e-022
928.600000  1.126207e-022
928.800000  1.138967e-022
929.000000  1.151141e-022
929.200000  1.145498e-022
929.400000  1.146129e-022
929.600000  1.174798e-022
929.800000  1.190510e-022
930.000000  1.186948e-022
930.200000  1.200760e-022
930.400000  1.229887e-022
930.600000  1.239262e-022
930.800000  1.242761e-022
931.000000  1.264660e-022
931.200000  1.284833e-022
931.400000  1.268070e-022
931.600000  1.263400e-022
931.800000  1.292365e-022
932.000000  1.308949e-022
932.200000  1.301137e-022
932.400000  1.313897e-022
932.600000  1.344746e-022
932.800000  1.348389e-022
933.000000  1.345389e-022
933.200000  1.372418e-022
933.400000  1.402026e-022
933.600000  1.400288e-022
933.800000  1.408476e-022
934.000000  1.442317e-022
934.200000  1.450784e-022
934.400000  1.446413e-022
934.600000  1.479554e-022
934.800000  1.508318e-022
935.000000  1.495098e-022
935.200000  1.482020e-022
935.400000  1.527722e-022
935.600000  1.564575e-022
935.800000  1.562018e-022
936.000000  1.571835e-022
936.200000  1.609898e-022
936.400000  1.616587e-022
936.600000  1.593801e-022
936.800000  1.624278e-022
937.000000  1.658976e-022
937.200000  1.664066e-022
937.400000  1.653884e-022
937.600000  1.695114e-022
937.800000  1.733723e-022
938.000000  1.736755e-022
938.200000  1.770219e-022
938.400000  1.813191e-022
938.600000  1.822904e-022
938.800000  1.814025e-022
939.000000  1.867058e-022
939.200000  1.938506e-022
939.400000  1.942115e-022
939.600000  1.953336e-022
939.800000  2.011333e-022
940.000000  2.058359e-022
940.200000  2.056980e-022
940.400000  2.098261e-022
940.600000  2.170288e-022
940.800000  2.196936e-022
941.000000  2.212912e-022
941.200000  2.277664e-022
941.400000  2.373172e-022
941.600000  2.406100e-022
941.800000  2.427951e-022
942.000000  2.521040e-022
942.200000  2.582589e-022
942.400000  2.566967e-022
942.600000  2.582042e-022
942.800000  2.656114e-022
943.000000  2.683722e-022
943.200000  2.695001e-022
943.400000  2.763434e-022
943.600000  2.816187e-022
943.800000  2.805724e-022
944.000000  2.827531e-022
944.200000  2.929865e-022
944.400000  3.002061e-022
944.600000  2.991689e-022
944.800000  3.016855e-022
945.000000  3.113879e-022
945.200000  3.147943e-022
945.400000  3.114384e-022
945.600000  3.169100e-022
945.800000  3.229820e-022
946.000000  3.227228e-022
946.200000  3.256590e-022
946.400000  3.353169e-022
946.600000  3.404066e-022
946.800000  3.388222e-022
947.000000  3.444269e-022
947.200000  3.556866e-022
947.400000  3.573830e-022
947.600000  3.564778e-022
947.800000  3.641125e-022
948.000000  3.729469e-022
948.200000  3.726384e-022
948.400000  3.756843e-022
948.600000  3.878719e-022
948.800000  3.922479e-022
949.000000  3.887433e-022
949.200000  3.966402e-022
949.400000  4.102147e-022
949.600000  4.115575e-022
949.800000  4.125339e-022
950.000000  4.252118e-022
950.200000  4.359724e-022
950.400000  4.353070e-022
950.600000  4.385461e-022
950.800000  4.518150e-022
951.000000  4.578771e-022
951.200000  4.561803e-022
951.400000  4.659483e-022
951.600000  4.837008e-022
951.800000  4.882175e-022
952.000000  4.922611e-022
952.200000  5.115636e-022
952.400000  5.264492e-022
952.600000  5.266854e-022
952.800000  5.352744e-022
953.000000  5.545345e-022
953.200000  5.610847e-022
953.400000  5.587334e-022
953.600000  5.702340e-022
953.800000  5.900519e-022
954.000000  5.966643e-022
954.200000  5.968675e-022
954.400000  6.143501e-022
954.600000  6.305795e-022
954.800000  6.294324e-022
955.000000  6.354676e-022
955.200000  6.544710e-022
955.400000  6.601030e-022
955.600000  6.639792e-022
955.800000  6.851468e-022
956.000000  7.059233e-022
956.200000  7.084510e-022
956.400000  7.174477e-022
956.600000  7.351066e-022
956.800000  7.437739e-022
957.000000  7.415328e-022
957.200000  7.586585e-022
957.400000  7.835092e-022
957.600000  7.932698e-022
957.800000  8.022675e-022
958.000000  8.285709e-022
958.200000  8.510989e-022
958.400000  8.551997e-022
958.600000  8.685158e-022
958.800000  9.021234e-022
959.000000  9.198448e-022
959.200000  9.199858e-022
959.400000  9.399935e-022
959.600000  9.683579e-022
959.800000  9.737748e-022
960.000000  9.816355e-022
960.200000  1.013096e-021
960.400000  1.039487e-021
960.600000  1.049278e-021
960.800000  1.072392e-021
961.000000  1.109468e-021
961.200000  1.129068e-021
961.400000  1.129764e-021
961.600000  1.154235e-021
961.800000  1.193807e-021
962.000000  1.209538e-021
962.200000  1.222092e-021
962.400000  1.262774e-021
962.600000  1.293757e-021
962.800000  1.304385e-021
963.000000  1.338965e-021
963.200000  1.399262e-021
963.400000  1.446365e-021
963.600000  1.500716e-021
963.800000  1.607455e-021
964.000000  1.750390e-021
964.200000  1.872456e-021
964.400000  1.975890e-021
964.600000  2.035949e-021
964.800000  2.013398e-021
965.000000  1.929415e-021
965.200000  1.861957e-021
965.400000  1.836532e-021
965.600000  1.807499e-021
965.800000  1.782346e-021
966.000000  1.799286e-021
966.200000  1.831654e-021
966.400000  1.831205e-021
966.600000  1.846048e-021
966.800000  1.890928e-021
967.000000  1.926074e-021
967.200000  1.930311e-021
967.400000  1.962432e-021
967.600000  2.007669e-021
967.800000  2.019448e-021
968.000000  2.025569e-021
968.200000  2.074602e-021
968.400000  2.129343e-021
968.600000  2.151494e-021
968.800000  2.177908e-021
969.000000  2.234690e-021
969.200000  2.264973e-021
969.400000  2.258453e-021
969.600000  2.282125e-021
969.800000  2.337013e-021
970.000000  2.352578e-021
970.200000  2.353438e-021
970.400000  2.409430e-021
970.600000  2.458871e-021
970.800000  2.457951e-021
971.000000  2.477493e-021
971.200000  2.535975e-021
971.400000  2.572297e-021
971.600000  2.578475e-021
971.800000  2.627761e-021
972.000000  2.694959e-021
972.200000  2.718798e-021
972.400000  2.748170e-021
972.600000  2.821957e-021
972.800000  2.893625e-021
973.000000  2.928819e-021
973.200000  2.991416e-021
973.400000  3.105633e-021
973.600000  3.182981e-021
973.800000  3.222245e-021
974.000000  3.320667e-021
974.200000  3.452275e-021
974.400000  3.533933e-021
974.600000  3.611230e-021
974.800000  3.751469e-021
975.000000  3.898597e-021
975.200000  4.021314e-021
975.400000  4.150033e-021
975.600000  4.284348e-021
975.800000  4.469763e-021
976.000000  4.656485e-021
976.200000  4.833009e-021
976.400000  5.048190e-021
976.600000  5.237553e-021
976.800000  5.466479e-021
977.000000  5.772948e-021
977.200000  5.998186e-021
977.400000  6.280981e-021
977.600000  6.645026e-021
977.800000  6.869817e-021
978.000000  7.087725e-021
978.200000  7.482355e-021
978.400000  7.760612e-021
978.600000  7.993555e-021
978.800000  8.240848e-021
979.000000  8.565889e-021
979.200000  8.817553e-021
979.400000  9.072565e-021
979.600000  9.246864e-021
979.800000  9.388720e-021
980.000000  9.490381e-021
980.200000  9.575409e-021
980.400000  9.587671e-021
980.600000  9.538830e-021
980.800000  9.427533e-021
981.000000  9.228598e-021
981.200000  9.094646e-021
981.400000  8.918090e-021
981.600000  8.575864e-021
981.800000  8.352135e-021
982.000000  8.137606e-021
982.200000  7.831030e-021
982.400000  7.635310e-021
982.600000  7.521378e-021
982.800000  7.352668e-021
983.000000  7.081558e-021
983.200000  6.950278e-021
983.400000  6.883719e-021
983.600000  6.777006e-021
983.800000  6.717677e-021
984.000000  6.705075e-021
984.200000  6.659102e-021
984.400000  6.631612e-021
984.600000  6.578603e-021
984.800000  6.580655e-021
985.000000  6.578936e-021
985.200000  6.521678e-021
985.400000  6.492164e-021
985.600000  6.543034e-021
985.800000  6.570573e-021
986.000000  6.538913e-021
986.200000  6.473625e-021
986.400000  6.488545e-021
986.600000  6.459620e-021
986.800000  6.346026e-021
987.000000  6.315906e-021
987.200000  6.289860e-021
987.400000  6.206425e-021
987.600000  6.132474e-021
987.800000  6.125207e-021
988.000000  6.135994e-021
988.200000  6.067508e-021
988.400000  5.990854e-021
988.600000  6.003558e-021
988.800000  6.017445e-021
989.000000  6.030373e-021
989.200000  6.073386e-021
989.400000  6.131149e-021
989.600000  6.092807e-021
989.800000  6.010377e-021
990.000000  6.019535e-021
990.200000  6.024840e-021
990.400000  5.875408e-021
990.600000  5.824648e-021
990.800000  5.870603e-021
991.000000  5.870415e-021
991.200000  5.769610e-021
991.400000  5.746075e-021
991.600000  5.748194e-021
991.800000  5.628597e-021
992.000000  5.505959e-021
992.200000  5.469710e-021
992.400000  5.357834e-021
992.600000  5.185901e-021
992.800000  5.135971e-021
993.000000  5.146050e-021
993.200000  5.053551e-021
993.400000  4.897396e-021
993.600000  4.806134e-021
993.800000  4.698095e-021
994.000000  4.359605e-021
994.200000  4.252992e-021
994.400000  4.239021e-021
994.600000  4.210473e-021
994.800000  3.997845e-021
995.000000  3.934515e-021
995.200000  3.911965e-021
995.400000  3.872493e-021
995.600000  3.821534e-021
995.800000  3.770468e-021
996.000000  3.736651e-021
996.200000  3.708552e-021
996.400000  3.662567e-021
996.600000  3.608796e-021
996.800000  3.562318e-021
997.000000  3.543217e-021
997.200000  3.527565e-021
997.400000  3.490903e-021
997.600000  3.454747e-021
997.800000  3.428584e-021
998.000000  3.409816e-021
998.200000  3.375796e-021
998.400000  3.331165e-021
998.600000  3.290250e-021
998.800000  3.259663e-021
999.000000  3.238261e-021
999.200000  3.202115e-021
999.400000  3.171630e-021
999.600000  3.150358e-021
999.800000  3.133758e-021
1000.000000  3.109151e-021
1000.200000  3.077402e-021
1000.400000  3.044255e-021
1000.600000  3.024210e-021
1000.800000  3.017604e-021
1001.000000  3.010536e-021
1001.200000  2.995730e-021
1001.400000  2.974205e-021
1001.600000  2.965871e-021
1001.800000  2.969727e-021
1002.000000  2.963750e-021
1002.200000  2.938661e-021
1002.400000  2.928302e-021
1002.600000  2.927338e-021
1002.800000  2.928164e-021
1003.000000  2.920900e-021
1003.200000  2.906420e-021
1003.400000  2.905866e-021
1003.600000  2.910867e-021
1003.800000  2.912565e-021
1004.000000  2.901618e-021
1004.200000  2.894263e-021
1004.400000  2.901822e-021
1004.600000  2.912262e-021
1004.800000  2.919091e-021
1005.000000  2.921393e-021
1005.200000  2.925512e-021
1005.400000  2.935548e-021
1005.600000  2.946360e-021
1005.800000  2.952329e-021
1006.000000  2.947359e-021
1006.200000  2.968553e-021
1006.400000  2.980646e-021
1006.600000  2.983913e-021
1006.800000  2.981689e-021
1007.000000  2.980373e-021
1007.200000  3.003524e-021
1007.400000  3.010181e-021
1007.600000  3.006734e-021
1007.800000  3.004043e-021
1008.000000  3.017467e-021
1008.200000  3.040137e-021
1008.400000  3.050847e-021
1008.600000  3.054182e-021
1008.800000  3.058136e-021
1009.000000  3.074132e-021
1009.200000  3.098807e-021
1009.400000  3.108218e-021
1009.600000  3.112847e-021
1009.800000  3.122593e-021
1010.000000  3.146779e-021
1010.200000  3.162936e-021
1010.400000  3.168400e-021
1010.600000  3.173092e-021
1010.800000  3.187755e-021
1011.000000  3.223953e-021
1011.200000  3.239000e-021
1011.400000  3.243297e-021
1011.600000  3.251195e-021
1011.800000  3.264581e-021
1012.000000  3.272821e-021
1012.200000  3.281074e-021
1012.400000  3.286984e-021
1012.600000  3.298402e-021
1012.800000  3.311724e-021
1013.000000  3.311847e-021
1013.200000  3.299992e-021
1013.400000  3.302304e-021
1013.600000  3.311563e-021
1013.800000  3.321785e-021
1014.000000  3.328226e-021
1014.200000  3.319476e-021
1014.400000  3.326396e-021
1014.600000  3.336022e-021
1014.800000  3.337724e-021
1015.000000  3.323210e-021
1015.200000  3.315665e-021
1015.400000  3.319091e-021
1015.600000  3.316940e-021
1015.800000  3.303610e-021
1016.000000  3.284498e-021
1016.200000  3.276219e-021
1016.400000  3.277043e-021
1016.600000  3.268091e-021
1016.800000  3.246929e-021
1017.000000  3.227648e-021
1017.200000  3.224395e-021
1017.400000  3.220167e-021
1017.600000  3.208198e-021
1017.800000  3.192172e-021
1018.000000  3.186276e-021
1018.200000  3.190699e-021
1018.400000  3.188822e-021
1018.600000  3.170920e-021
1018.800000  3.147796e-021
1019.000000  3.150887e-021
1019.200000  3.159822e-021
1019.400000  3.149766e-021
1019.600000  3.139199e-021
1019.800000  3.137233e-021
1020.000000  3.143569e-021
1020.200000  3.150566e-021
1020.400000  3.143371e-021
1020.600000  3.133054e-021
1020.800000  3.127783e-021
1021.000000  3.132813e-021
1021.200000  3.125394e-021
1021.400000  3.115497e-021
1021.600000  3.115264e-021
1021.800000  3.125218e-021
1022.000000  3.134201e-021
1022.200000  3.118824e-021
1022.400000  3.104897e-021
1022.600000  3.100344e-021
1022.800000  3.105360e-021
1023.000000  3.112365e-021
1023.200000  3.088268e-021
1023.400000  3.088471e-021
1023.600000  3.099449e-021
1023.800000  3.110113e-021
1024.000000  3.111823e-021
1024.200000  3.092246e-021
1024.400000  3.092103e-021
1024.600000  3.107454e-021
1024.800000  3.124331e-021
1025.000000  3.118700e-021
1025.200000  3.113722e-021
1025.400000  3.128804e-021
1025.600000  3.145922e-021
1025.800000  3.152343e-021
1026.000000  3.140653e-021
1026.200000  3.148418e-021
1026.400000  3.165271e-021
1026.600000  3.181817e-021
1026.800000  3.195023e-021
1027.000000  3.208251e-021
1027.200000  3.233652e-021
1027.400000  3.265686e-021
1027.600000  3.284083e-021
1027.800000  3.286942e-021
1028.000000  3.290819e-021
1028.200000  3.313014e-021
1028.400000  3.319462e-021
1028.600000  3.316574e-021
1028.800000  3.313167e-021
1029.000000  3.320475e-021
1029.200000  3.325748e-021
1029.400000  3.320281e-021
1029.600000  3.311215e-021
1029.800000  3.307255e-021
1030.000000  3.318679e-021
1030.200000  3.330806e-021
1030.400000  3.323414e-021
1030.600000  3.312229e-021
1030.800000  3.310120e-021
1031.000000  3.327085e-021
1031.200000  3.326183e-021
1031.400000  3.315459e-021
1031.600000  3.306262e-021
1031.800000  3.304292e-021
1032.000000  3.309568e-021
1032.200000  3.303094e-021
1032.400000  3.283104e-021
1032.600000  3.273466e-021
1032.800000  3.279065e-021
1033.000000  3.285713e-021
1033.200000  3.268741e-021
1033.400000  3.249124e-021
1033.600000  3.239039e-021
1033.800000  3.234159e-021
1034.000000  3.213568e-021
1034.200000  3.188744e-021
1034.400000  3.171208e-021
1034.600000  3.159582e-021
1034.800000  3.145303e-021
1035.000000  3.112591e-021
1035.200000  3.075602e-021
1035.400000  3.056976e-021
1035.600000  3.036376e-021
1035.800000  3.005706e-021
1036.000000  2.969161e-021
1036.200000  2.947349e-021
1036.400000  2.926551e-021
1036.600000  2.903236e-021
1036.800000  2.873332e-021
1037.000000  2.832219e-021
1037.200000  2.805902e-021
1037.400000  2.787509e-021
1037.600000  2.761447e-021
1037.800000  2.728226e-021
1038.000000  2.704539e-021
1038.200000  2.689348e-021
1038.400000  2.671985e-021
1038.600000  2.647454e-021
1038.800000  2.618409e-021
1039.000000  2.595202e-021
1039.200000  2.581963e-021
1039.400000  2.567621e-021
1039.600000  2.543214e-021
1039.800000  2.514811e-021
1040.000000  2.503586e-021
1040.200000  2.485867e-021
1040.400000  2.463795e-021
1040.600000  2.445998e-021
1040.800000  2.437356e-021
1041.000000  2.438977e-021
1041.200000  2.432653e-021
1041.400000  2.412759e-021
1041.600000  2.394090e-021
1041.800000  2.385162e-021
1042.000000  2.388177e-021
1042.200000  2.379584e-021
1042.400000  2.362253e-021
1042.600000  2.350341e-021
1042.800000  2.349139e-021
1043.000000  2.355035e-021
1043.200000  2.346355e-021
1043.400000  2.336561e-021
1043.600000  2.335879e-021
1043.800000  2.343969e-021
1044.000000  2.349876e-021
1044.200000  2.340403e-021
1044.400000  2.338611e-021
1044.600000  2.340851e-021
1044.800000  2.343644e-021
1045.000000  2.343682e-021
1045.200000  2.339299e-021
1045.400000  2.345960e-021
1045.600000  2.350418e-021
1045.800000  2.348975e-021
1046.000000  2.347526e-021
1046.200000  2.345333e-021
1046.400000  2.352018e-021
1046.600000  2.355008e-021
1046.800000  2.348541e-021
1047.000000  2.333705e-021
1047.200000  2.329245e-021
1047.400000  2.327006e-021
1047.600000  2.327739e-021
1047.800000  2.326234e-021
1048.000000  2.311293e-021
1048.200000  2.309765e-021
1048.400000  2.307110e-021
1048.600000  2.292100e-021
1048.800000  2.271067e-021
1049.000000  2.267985e-021
1049.200000  2.262643e-021
1049.400000  2.255035e-021
1049.600000  2.239515e-021
1049.800000  2.220953e-021
1050.000000  2.214783e-021
1050.200000  2.217647e-021
1050.400000  2.203532e-021
1050.600000  2.184477e-021
1050.800000  2.168976e-021
1051.000000  2.161957e-021
1051.200000  2.160985e-021
1051.400000  2.139532e-021
1051.600000  2.117277e-021
1051.800000  2.101436e-021
1052.000000  2.086703e-021
1052.200000  2.072701e-021
1052.400000  2.045526e-021
1052.600000  2.017343e-021
1052.800000  1.991968e-021
1053.000000  1.964823e-021
1053.200000  1.956747e-021
1053.400000  1.942336e-021
1053.600000  1.918892e-021
1053.800000  1.890607e-021
1054.000000  1.868600e-021
1054.200000  1.852698e-021
1054.400000  1.828686e-021
1054.600000  1.802702e-021
1054.800000  1.777052e-021
1055.000000  1.750194e-021
1055.200000  1.736411e-021
1055.400000  1.713324e-021
1055.600000  1.686710e-021
1055.800000  1.659851e-021
1056.000000  1.633520e-021
1056.200000  1.613344e-021
1056.400000  1.587887e-021
1056.600000  1.559076e-021
1056.800000  1.532737e-021
1057.000000  1.518612e-021
1057.200000  1.497444e-021
1057.400000  1.470381e-021
1057.600000  1.444438e-021
1057.800000  1.424893e-021
1058.000000  1.415286e-021
1058.200000  1.397827e-021
1058.400000  1.375042e-021
1058.600000  1.354371e-021
1058.800000  1.337979e-021
1059.000000  1.322733e-021
1059.200000  1.297227e-021
1059.400000  1.271082e-021
1059.600000  1.249812e-021
1059.800000  1.234026e-021
1060.000000  1.219393e-021
1060.200000  1.192871e-021
1060.400000  1.179950e-021
1060.600000  1.166013e-021
1060.800000  1.146696e-021
1061.000000  1.127937e-021
1061.200000  1.113113e-021
1061.400000  1.104223e-021
1061.600000  1.090938e-021
1061.800000  1.072847e-021
1062.000000  1.059505e-021
1062.200000  1.046935e-021
1062.400000  1.033741e-021
1062.600000  1.021921e-021
1062.800000  1.009777e-021
1063.000000  9.921009e-022
1063.200000  9.756336e-022
1063.400000  9.653347e-022
1063.600000  9.527056e-022
1063.800000  9.383631e-022
1064.000000  9.320818e-022
1064.200000  9.203092e-022
1064.400000  9.121424e-022
1064.600000  9.004481e-022
1064.800000  8.855193e-022
1065.000000  8.751103e-022
1065.200000  8.664617e-022
1065.400000  8.593151e-022
1065.600000  8.488899e-022
1065.800000  8.361105e-022
1066.000000  8.276328e-022
1066.200000  8.214154e-022
1066.400000  8.104234e-022
1066.600000  7.974545e-022
1066.800000  7.863565e-022
1067.000000  7.820327e-022
1067.200000  7.721439e-022
1067.400000  7.640758e-022
1067.600000  7.547638e-022
1067.800000  7.447372e-022
1068.000000  7.381355e-022
1068.200000  7.233936e-022
1068.400000  7.160186e-022
1068.600000  7.099037e-022
1068.800000  7.023978e-022
1069.000000  6.943208e-022
1069.200000  6.811145e-022
1069.400000  6.746934e-022
1069.600000  6.678051e-022
1069.800000  6.589595e-022
1070.000000  6.524561e-022
1070.200000  6.414653e-022
1070.400000  6.333769e-022
1070.600000  6.281160e-022
1070.800000  6.241742e-022
1071.000000  6.186025e-022
1071.200000  6.081079e-022
1071.400000  5.994055e-022
1071.600000  5.940433e-022
1071.800000  5.909662e-022
1072.000000  5.865041e-022
1072.200000  5.779346e-022
1072.400000  5.697880e-022
1072.600000  5.622751e-022
1072.800000  5.553556e-022
1073.000000  5.487374e-022
1073.200000  5.406779e-022
1073.400000  5.342428e-022
1073.600000  5.284266e-022
1073.800000  5.219460e-022
1074.000000  5.132386e-022
1074.200000  5.009687e-022
1074.400000  4.967877e-022
1074.600000  4.929366e-022
1074.800000  4.867497e-022
1075.000000  4.806779e-022
1075.200000  4.797681e-022
1075.400000  4.750359e-022
1075.600000  4.667253e-022
1075.800000  4.580161e-022
1076.000000  4.550367e-022
1076.200000  4.491540e-022
1076.400000  4.440276e-022
1076.600000  4.373545e-022
1076.800000  4.293867e-022
1077.000000  4.229433e-022
1077.200000  4.136623e-022
1077.400000  4.090551e-022
1077.600000  4.045891e-022
1077.800000  4.002860e-022
1078.000000  4.007434e-022
1078.200000  3.911385e-022
1078.400000  3.833231e-022
1078.600000  3.775178e-022
1078.800000  3.724344e-022
1079.000000  3.652694e-022
1079.200000  3.600780e-022
1079.400000  3.580550e-022
1079.600000  3.515481e-022
1079.800000  3.421477e-022
1080.000000  3.407301e-022
1080.200000  3.355768e-022
1080.400000  3.345843e-022
1080.600000  3.319806e-022
1080.800000  3.265427e-022
1081.000000  3.216172e-022
1081.200000  3.107519e-022
1081.400000  3.071986e-022
1081.600000  3.049490e-022
1081.800000  3.021265e-022
1082.000000  3.010054e-022
1082.200000  2.930479e-022
1082.400000  2.877721e-022
1082.600000  2.855803e-022
1082.800000  2.833622e-022
1083.000000  2.744784e-022
1083.200000  2.728835e-022
1083.400000  2.671887e-022
1083.600000  2.621445e-022
1083.800000  2.584587e-022
1084.000000  2.527782e-022
1084.200000  2.533651e-022
1084.400000  2.484433e-022
1084.600000  2.457490e-022
1084.800000  2.459092e-022
1085.000000  2.424083e-022
1085.200000  2.349031e-022
1085.400000  2.307182e-022
1085.600000  2.290619e-022
1085.800000  2.281149e-022
1086.000000  2.250260e-022
1086.200000  2.263043e-022
1086.400000  2.231629e-022
1086.600000  2.167521e-022
1086.800000  2.105753e-022
1087.000000  2.105004e-022
1087.200000  2.060320e-022
1087.400000  2.043819e-022
1087.600000  2.025938e-022
1087.800000  1.989817e-022
1088.000000  1.931355e-022
1088.200000  1.929528e-022
1088.400000  1.916877e-022
1088.600000  1.878033e-022
1088.800000  1.830535e-022
1089.000000  1.824985e-022
1089.200000  1.791372e-022
1089.400000  1.757696e-022
1089.600000  1.738007e-022
1089.800000  1.725312e-022
1090.000000  1.691477e-022
1090.200000  1.688484e-022
1090.400000  1.646589e-022
1090.600000  1.629886e-022
1090.800000  1.638445e-022
1091.000000  1.608015e-022
1091.200000  1.569310e-022
1091.400000  1.560009e-022
1091.600000  1.541312e-022
1091.800000  1.509759e-022
1092.000000  1.497394e-022
1092.200000  1.451062e-022
1092.400000  1.452850e-022
1092.600000  1.449126e-022
1092.800000  1.430675e-022
1093.000000  1.432905e-022
1093.200000  1.384451e-022
1093.400000  1.356662e-022
1093.600000  1.355133e-022
1093.800000  1.355911e-022
1094.000000  1.305353e-022
1094.200000  1.259330e-022
1094.400000  1.275076e-022
1094.600000  1.288763e-022
1094.800000  1.271838e-022
1095.000000  1.231186e-022
1095.200000  1.185809e-022
1095.400000  1.175256e-022
1095.600000  1.142134e-022
1095.800000  1.115712e-022
1096.000000  1.212316e-022
1096.200000  1.133353e-022
1096.400000  1.096677e-022
1096.600000  1.086352e-022
1096.800000  1.089521e-022
1097.000000  1.096422e-022
1097.200000  1.027780e-022
1097.400000  1.028976e-022
1097.600000  1.030901e-022
1097.800000  1.004359e-022
1098.000000  9.602471e-023
1098.200000  1.007228e-022
1098.400000  9.498944e-023
1098.600000  9.306873e-023
1098.800000  9.570851e-023
1099.000000  9.009896e-023
1099.200000  8.677121e-023
1099.400000  8.754697e-023
1099.600000  8.916856e-023
1099.800000  8.890540e-023
1100.000000  8.455644e-023
1100.200000  8.094163e-023
1100.400000  7.987005e-023
1100.600000  7.918486e-023
1100.800000  7.869632e-023
1101.000000  8.019069e-023
1101.200000  8.016797e-023
1101.400000  8.039626e-023
1101.600000  7.710831e-023
1101.800000  7.353638e-023
1102.000000  7.994398e-023
1102.200000  7.107755e-023
1102.400000  7.116128e-023
1102.600000  7.105271e-023
1102.800000  6.852252e-023
1103.000000  6.828595e-023
1103.200000  7.234097e-023
1103.400000  6.854743e-023
1103.600000  6.565281e-023
1103.800000  6.528194e-023
1104.000000  6.190465e-023
1104.200000  6.410199e-023
1104.400000  6.453586e-023
1104.600000  6.262389e-023
1104.800000  5.966158e-023
1105.000000  5.883071e-023
1105.200000  6.024658e-023
1105.400000  5.777070e-023
1105.600000  5.713070e-023
1105.800000  5.928553e-023
1106.000000  6.040389e-023
1106.200000  5.673349e-023
1106.400000  5.519215e-023
1106.600000  5.685327e-023
1106.800000  5.868891e-023
1107.000000  5.355120e-023
1107.200000  5.497457e-023
1107.400000  5.507339e-023
1107.600000  5.253056e-023
1107.800000  5.005693e-023
1108.000000  5.440956e-023
1108.200000  5.142991e-023
1108.400000  5.218484e-023
1108.600000  5.203921e-023
1108.800000  5.020661e-023
1109.000000  4.976674e-023
1109.200000  4.747280e-023
1109.400000  4.751809e-023
1109.600000  4.566962e-023
1109.800000  4.203903e-023
1110.000000  4.110220e-023
1110.200000  4.670412e-023
1110.400000  4.449184e-023
1110.600000  4.180431e-023
1110.800000  4.154750e-023
1111.000000  4.217438e-023
1111.200000  4.252235e-023
1111.400000  4.160978e-023
1111.600000  4.033989e-023
1111.800000  3.954144e-023
1112.000000  3.996843e-023
1112.200000  3.882911e-023
1112.400000  3.844177e-023
1112.600000  3.560332e-023
1112.800000  3.343204e-023
1113.000000  4.139602e-023
1113.200000  3.666052e-023
1113.400000  3.543104e-023
1113.600000  3.572570e-023
1113.800000  3.631931e-023
1114.000000  3.674687e-023
1114.200000  3.648593e-023
1114.400000  3.786034e-023
1114.600000  3.584831e-023
1114.800000  3.136557e-023
1115.000000  3.129200e-023
1115.200000  3.136080e-023
1115.400000  3.250732e-023
1115.600000  3.182251e-023
1115.800000  3.025849e-023
1116.000000  3.264594e-023
1116.200000  3.090593e-023
1116.400000  3.059840e-023
1116.600000  3.074364e-023
1116.800000  3.042253e-023
1117.000000  2.877680e-023
1117.200000  3.120642e-023
1117.400000  2.991569e-023
1117.600000  2.839364e-023
1117.800000  2.769802e-023
1118.000000  2.644440e-023
1118.200000  2.803654e-023
1118.400000  2.767948e-023
1118.600000  2.635004e-023
1118.800000  2.410769e-023
1119.000000  2.009044e-023
1119.200000  2.676283e-023
1119.400000  2.645996e-023
1119.600000  2.266760e-023
1119.800000  1.883206e-023
1120.000000  1.835998e-023
1120.200000  1.976111e-023
1120.400000  2.246213e-023
1120.600000  2.246132e-023
1120.800000  2.043002e-023
1121.000000  2.173345e-023
1121.200000  2.437783e-023
1121.400000  2.320368e-023
1121.600000  2.253291e-023
1121.800000  2.343384e-023
1122.000000  2.370663e-023
1122.200000  2.372776e-023
1122.400000  1.484340e-023
1122.600000  1.342017e-023
1122.800000  1.989145e-023
1123.000000  1.868626e-023
1123.200000  1.671918e-023
1123.400000  1.594463e-023
1123.600000  1.777696e-023
1123.800000  1.952789e-023
1124.000000  1.438827e-023
1124.200000  1.896914e-023
1124.400000  2.121109e-023
1124.600000  1.733860e-023
1124.800000  1.119935e-023
1125.000000  1.429284e-023
1125.200000  1.835102e-023
1125.400000  1.647067e-023
1125.600000  1.230679e-023
1125.800000  1.091618e-023
1126.000000  1.876358e-023
1126.200000  1.788200e-023
1126.400000  1.662960e-023
1126.600000  1.518748e-023
1126.800000  1.430837e-023
1127.000000  1.531909e-023
1127.200000  1.702976e-023
1127.400000  1.751789e-023
1127.600000  1.637136e-023
1127.800000  1.494007e-023
1128.000000  1.634382e-023
1128.200000  9.352156e-024
1128.400000  8.205848e-024
1128.600000  1.056004e-023
1128.800000  1.455885e-023
1129.000000  1.883893e-023
1129.200000  1.945164e-023
1129.400000  1.332099e-023
1129.600000  9.072984e-024
1129.800000  9.893206e-024
1130.000000  1.350268e-023
1130.200000  1.351463e-023
1130.400000  1.253304e-023
1130.600000  1.313131e-023
1130.800000  1.554636e-023
1131.000000  1.766830e-023
1131.200000  8.340689e-024
1131.400000  9.165746e-024
1131.600000  8.522194e-024
1131.800000  5.739924e-024
1132.000000  1.114850e-023
1132.200000  9.452963e-024
1132.400000  1.084233e-023
1132.600000  1.050044e-023
1132.800000  8.819615e-024
1133.000000  1.142375e-023
1133.200000  5.302331e-024
1133.400000  1.184218e-023
1133.600000  1.757398e-023
1133.800000  1.678909e-023
1134.000000  1.157387e-023
1134.200000  1.087837e-023
1134.400000  1.175258e-023
1134.600000  1.190389e-023
1134.800000  1.148618e-023
1135.000000  1.311060e-023
1135.200000  3.934143e-024
1135.400000  9.200563e-024
1135.600000  1.122631e-023
1135.800000  8.425751e-024
1136.000000  1.538228e-023
1136.200000  7.519643e-024
1136.400000  6.767821e-024
1136.600000  7.827912e-024
1136.800000  8.354208e-024
1137.000000  8.967226e-024
1137.200000  7.559528e-024
1137.400000  1.015547e-023
1137.600000  9.753368e-024
1137.800000  6.095165e-024
1138.000000  5.696094e-024
1138.200000  7.004533e-024
1138.400000  8.247554e-024
1138.600000  9.723175e-024
1138.800000  9.931535e-024
1139.000000  5.566998e-024
1139.200000  8.916152e-024
1139.400000  8.847754e-024
1139.600000  8.896931e-024
1139.800000  9.400095e-024
1140.000000  7.480876e-024
1140.200000  5.254574e-024
1140.400000  4.928457e-024
1140.600000  7.322825e-024
1140.800000  1.073983e-023
1141.000000  1.095243e-023
1141.200000  7.597449e-024
1141.400000  7.221045e-024
1141.600000  6.563004e-024
1141.800000  5.520927e-024
1142.000000  7.164090e-024
1142.200000  7.170365e-024
1142.400000  5.945748e-024
1142.600000  6.412478e-024
1142.800000  7.830624e-024
1143.000000  5.782030e-024
1143.200000  3.420967e-024
1143.400000  5.225772e-024
1143.600000  5.951353e-024
1143.800000  4.898944e-024
1144.000000  5.936034e-024
1144.200000  7.180982e-024
1144.400000  8.428101e-024
1144.600000  7.768122e-024
1144.800000  5.555249e-024
1145.000000  4.417067e-024
1145.200000  2.860668e-024
1145.400000  1.301458e-024
1145.600000  3.438538e-024
1145.800000  6.987411e-024
1146.000000  3.653240e-024
1146.200000  2.402295e-024
1146.400000  3.423826e-024
1146.600000  5.886236e-024
1146.800000  7.802964e-024
1147.000000  6.027459e-024
1147.200000  7.922136e-024
1147.400000  5.330147e-024
1147.600000  4.388435e-024
1147.800000  5.917102e-024
1148.000000  5.396176e-024
1148.200000  9.827596e-024
1148.400000  4.377521e-024
1148.600000  4.222624e-025
1148.800000  1.030179e-024
1149.000000  9.254009e-025
1149.200000  6.536093e-024
1149.400000  7.309532e-024
1149.600000  6.525995e-024
1149.800000  5.849920e-024
1150.000000  5.323140e-024
