800.000000  NaN
800.200000  NaN
800.400000  NaN
800.600000  -4.274463e-030
800.800000  -5.644870e-030
801.000000  -3.989412e-030
801.200000  -3.675608e-030
801.400000  -5.433815e-030
801.600000  -5.854182e-030
801.800000  -4.258710e-030
802.000000  -5.332891e-030
802.200000  -5.878596e-030
802.400000  -4.210558e-030
802.600000  -3.655041e-030
802.800000  -5.162460e-030
803.000000  -7.771528e-030
803.200000  -6.610972e-030
803.400000  -7.386471e-030
803.600000  -9.372872e-030
803.800000  -7.951576e-030
804.000000  -7.493485e-030
804.200000  -8.347916e-030
804.400000  -9.161133e-030
804.600000  -7.068194e-030
804.800000  -6.760262e-030
805.000000  -6.739433e-030
805.200000  -7.487681e-030
805.400000  -5.541409e-030
805.600000  -5.327400e-030
805.800000  -5.423878e-030
806.000000  -4.803277e-030
806.200000  -3.154592e-030
806.400000  -3.673540e-030
806.600000  -4.639418e-030
806.800000  -2.828942e-030
807.000000  -3.666649e-030
807.200000  -5.373069e-030
807.400000  -7.043050e-030
807.600000  -4.910704e-030
807.800000  -5.125040e-030
808.000000  -8.733232e-030
808.200000  -9.322620e-030
808.400000  -9.065559e-030
808.600000  -1.061037e-029
808.800000  -1.139396e-029
809.000000  -6.222137e-030
809.200000  -4.642283e-030
809.400000  -1.032746e-029
809.600000  -1.101826e-029
809.800000  -9.128412e-030
810.000000  -1.371775e-029
810.200000  -1.562099e-029
810.400000  -1.187004e-029
810.600000  -7.111870e-030
810.800000  -4.930882e-030
811.000000  -6.301232e-030
811.200000  7.977775e-031
811.400000  1.726290e-030
811.600000  -4.080844e-030
811.800000  -3.275678e-030
812.000000  -6.795207e-031
812.200000  -5.102117e-030
812.400000  -1.259907e-029
812.600000  -1.137049e-029
812.800000  -4.548265e-030
813.000000  -1.036473e-029
813.200000  -1.259300e-029
813.400000  -1.008846e-029
813.600000  -2.054370e-029
813.800000  -3.182900e-029
814.000000  -3.232451e-029
814.200000  -1.773226e-029
814.400000  -1.916085e-029
814.600000  -2.347654e-029
814.800000  -1.761069e-029
815.000000  -1.151979e-029
815.200000  -1.501231e-029
815.400000  -1.811399e-029
815.600000  -6.873068e-030
815.800000  -7.046830e-030
816.000000  -7.901473e-030
816.200000  -1.212532e-029
816.400000  -4.364700e-030
816.600000  -7.756105e-030
816.800000  -1.423033e-029
817.000000  -9.835139e-031
817.200000  1.589072e-030
817.400000  -4.597715e-030
817.600000  -1.090819e-029
817.800000  -6.743226e-030
818.000000  -1.569917e-029
818.200000  -2.270971e-029
818.400000  -2.602598e-029
818.600000  -1.400565e-029
818.800000  -2.875219e-029
819.000000  -3.667183e-029
819.200000  -3.736833e-029
819.400000  -3.734155e-029
819.600000  -3.542520e-029
819.800000  -2.607903e-029
820.000000  -2.380533e-029
820.200000  -2.227259e-029
820.400000  -3.037125e-029
820.600000  -2.587710e-029
820.800000  -1.444229e-029
821.000000  -9.520653e-030
821.200000  -1.395854e-029
821.400000  1.070718e-030
821.600000  3.336177e-030
821.800000  -1.211117e-029
822.000000  -1.983379e-029
822.200000  4.168633e-030
822.400000  -1.433756e-030
822.600000  -9.446439e-030
822.800000  -9.905901e-030
823.000000  -2.355767e-029
823.200000  -4.816586e-029
823.400000  -4.903087e-029
823.600000  -3.368667e-029
823.800000  -4.496640e-029
824.000000  -7.938909e-029
824.200000  -9.521904e-029
824.400000  -7.188409e-029
824.600000  -7.448083e-029
824.800000  -7.265388e-029
825.000000  -5.863371e-029
825.200000  -4.204135e-029
825.400000  -2.961986e-029
825.600000  -2.854753e-029
825.800000  8.177723e-030
826.000000  1.408118e-029
826.200000  3.103309e-030
826.400000  -1.698572e-029
826.600000  2.314720e-029
826.800000  3.320271e-029
827.000000  1.561650e-029
827.200000  2.983377e-029
827.400000  2.861401e-030
827.600000  -3.631354e-029
827.800000  -8.071951e-029
828.000000  -7.760653e-029
828.200000  -7.901615e-029
828.400000  -7.189300e-029
828.600000  -5.550712e-029
828.800000  -4.165176e-029
829.000000  -5.960811e-029
829.200000  -7.288805e-029
829.400000  -3.287919e-029
829.600000  -3.469037e-029
829.800000  -4.285862e-029
830.000000  -8.253719e-029
830.200000  -3.593589e-029
830.400000  -6.568878e-029
830.600000  -6.552220e-029
830.800000  -4.801355e-029
831.000000  7.404369e-030
831.200000  7.281284e-030
831.400000  -4.242259e-029
831.600000  -4.928972e-029
831.800000  -5.408649e-029
832.000000  -9.645138e-029
832.200000  -9.371727e-029
832.400000  -6.769797e-029
832.600000  2.528023e-031
832.800000  -4.143358e-030
833.000000  7.389165e-030
833.200000  4.808345e-029
833.400000  2.165570e-029
833.600000  -1.145949e-029
833.800000  7.405995e-030
834.000000  2.589397e-030
834.200000  -7.295186e-029
834.400000  -1.374205e-028
834.600000  -8.954245e-029
834.800000  -1.349985e-028
835.000000  -1.372952e-028
835.200000  -6.754218e-029
835.400000  2.213579e-029
835.600000  -5.048734e-030
835.800000  -3.276753e-029
836.000000  3.379431e-029
836.200000  4.729623e-029
836.400000  -6.091686e-029
836.600000  -4.629555e-029
836.800000  3.662634e-029
837.000000  -1.599725e-029
837.200000  -1.837940e-028
837.400000  -1.378187e-028
837.600000  -7.564730e-029
837.800000  -6.217067e-029
838.000000  -1.592826e-028
838.200000  -8.264671e-029
838.400000  -8.398549e-029
838.600000  -1.538998e-028
838.800000  -1.287291e-028
839.000000  -1.648179e-029
839.200000  -6.725047e-029
839.400000  -9.072702e-029
839.600000  -4.612976e-030
839.800000  8.707620e-029
840.000000  7.059145e-029
840.200000  -1.177272e-029
840.400000  1.765407e-028
840.600000  1.765067e-028
840.800000  1.307187e-028
841.000000  8.476314e-029
841.200000  1.260741e-028
841.400000  2.057692e-029
841.600000  -5.399804e-029
841.800000  2.463744e-029
842.000000  -3.180090e-029
842.200000  -8.983078e-029
842.400000  -1.848181e-028
842.600000  -1.108815e-028
842.800000  -9.231021e-029
843.000000  -2.142131e-028
843.200000  -1.703021e-028
843.400000  -9.877416e-029
843.600000  -2.640716e-028
843.800000  -2.680595e-028
844.000000  -1.240601e-028
844.200000  1.471311e-028
844.400000  1.696772e-028
844.600000  1.225275e-028
844.800000  1.965786e-028
845.000000  1.849939e-028
845.200000  1.881587e-029
845.400000  -3.130727e-029
845.600000  5.528812e-029
845.800000  -5.366530e-029
846.000000  -1.764668e-028
846.200000  -1.118576e-029
846.400000  1.459403e-028
846.600000  6.717627e-030
846.800000  -1.115618e-028
847.000000  -9.959153e-029
847.200000  -2.275024e-028
847.400000  -3.011724e-028
847.600000  -1.861756e-028
847.800000  -2.715282e-029
848.000000  -1.359804e-028
848.200000  -1.645259e-028
848.400000  -1.868399e-028
848.600000  -1.171121e-028
848.800000  -2.211898e-028
849.000000  -1.240684e-028
849.200000  6.952440e-029
849.400000  7.103523e-029
849.600000  -6.940429e-029
849.800000  1.123910e-028
850.000000  3.737423e-028
850.200000  2.122139e-028
850.400000  -2.359320e-029
850.600000  3.235949e-028
850.800000  2.667960e-028
851.000000  -1.853301e-028
851.200000  -3.721513e-028
851.400000  -1.683244e-028
851.600000  -9.482865e-029
851.800000  -3.882654e-028
852.000000  -2.204907e-028
852.200000  1.561955e-028
852.400000  1.353007e-029
852.600000  -2.049288e-028
852.800000  -9.762041e-029
853.000000  -2.088054e-028
853.200000  -3.670290e-028
853.400000  -3.356680e-028
853.600000  -2.126956e-029
853.800000  -2.593940e-028
854.000000  -5.051676e-028
854.200000  -3.986102e-028
854.400000  -1.263309e-028
854.600000  2.701429e-029
854.800000  1.908414e-028
855.000000  5.183571e-028
855.200000  5.543313e-028
855.400000  4.448743e-028
855.600000  7.709543e-028
855.800000  9.782247e-028
856.000000  5.547993e-028
856.200000  4.458674e-029
856.400000  -3.601248e-028
856.600000  -1.320043e-028
856.800000  -4.956468e-028
857.000000  -4.517713e-028
857.200000  3.337434e-028
857.400000  4.050813e-028
857.600000  -2.785758e-028
857.800000  -5.022964e-028
858.000000  -5.435007e-028
858.200000  -1.254110e-027
858.400000  -1.310884e-027
858.600000  -4.839241e-028
858.800000  -2.979494e-028
859.000000  -7.079639e-028
859.200000  -9.947779e-028
859.400000  -3.166603e-028
859.600000  -9.431868e-029
859.800000  -3.023161e-028
860.000000  -1.047176e-028
860.200000  1.078012e-027
860.400000  1.168717e-028
860.600000  3.699830e-029
860.800000  2.758766e-028
861.000000  4.007346e-028
861.200000  -3.972157e-028
861.400000  -9.090357e-028
861.600000  2.736256e-028
861.800000  9.454254e-031
862.000000  -6.324161e-028
862.200000  -3.429015e-028
862.400000  -1.859868e-028
862.600000  -1.001020e-027
862.800000  -1.624579e-027
863.000000  -5.683561e-028
863.200000  2.632647e-028
863.400000  -2.850635e-028
863.600000  -6.376658e-028
863.800000  8.266582e-028
864.000000  4.040872e-028
864.200000  -2.405543e-028
864.400000  3.539759e-028
864.600000  7.590410e-028
864.800000  9.451080e-030
865.000000  -1.140936e-027
865.200000  -9.427838e-028
865.400000  3.214813e-028
865.600000  -3.506867e-028
865.800000  6.607179e-029
866.000000  1.911751e-027
866.200000  1.608189e-027
866.400000  1.380135e-027
866.600000  1.938881e-027
866.800000  2.427298e-027
867.000000  2.519346e-027
867.200000  1.833589e-027
867.400000  3.736574e-027
867.600000  3.010890e-027
867.800000  1.573894e-027
868.000000  -1.705278e-030
868.200000  2.366557e-028
868.400000  -1.623763e-027
868.600000  -3.457470e-027
868.800000  -3.561201e-027
869.000000  -1.326829e-027
869.200000  -1.591308e-027
869.400000  -1.141805e-027
869.600000  2.218314e-027
869.800000  2.247872e-027
870.000000  1.550765e-027
870.200000  2.105754e-027
870.400000  3.390279e-027
870.600000  2.368347e-027
870.800000  4.466631e-028
871.000000  2.030523e-027
871.200000  3.035780e-027
871.400000  2.305689e-027
871.600000  3.966010e-027
871.800000  6.247849e-027
872.000000  6.232489e-027
872.200000  3.903136e-027
872.400000  4.888554e-027
872.600000  6.925957e-027
872.800000  6.260521e-027
873.000000  3.638009e-027
873.200000  4.686536e-027
873.400000  6.464821e-027
873.600000  5.620550e-027
873.800000  5.155056e-027
874.000000  9.035401e-027
874.200000  8.296970e-027
874.400000  4.416214e-027
874.600000  5.794035e-027
874.800000  8.335476e-027
875.000000  8.054631e-027
875.200000  8.504122e-027
875.400000  7.186623e-027
875.600000  4.358685e-027
875.800000  1.712556e-027
876.000000  1.519405e-027
876.200000  4.164319e-027
876.400000  3.762482e-027
876.600000  6.848196e-027
876.800000  1.037208e-026
877.000000  1.418210e-026
877.200000  9.692309e-027
877.400000  8.511877e-027
877.600000  1.374172e-026
877.800000  1.154828e-026
878.000000  7.543218e-027
878.200000  8.426746e-027
878.400000  1.519896e-026
878.600000  1.732656e-026
878.800000  1.647954e-026
879.000000  1.913776e-026
879.200000  2.355551e-026
879.400000  2.155290e-026
879.600000  2.003678e-026
879.800000  2.220473e-026
880.000000  1.910291e-026
880.200000  1.261908e-026
880.400000  1.225083e-026
880.600000  2.033271e-026
880.800000  2.150538e-026
881.000000  1.628330e-026
881.200000  1.699051e-026
881.400000  2.102857e-026
881.600000  1.639731e-026
881.800000  1.639241e-026
882.000000  2.277824e-026
882.200000  3.033624e-026
882.400000  3.264738e-026
882.600000  3.548246e-026
882.800000  4.334933e-026
883.000000  4.495473e-026
883.200000  3.787886e-026
883.400000  4.412657e-026
883.600000  4.717992e-026
883.800000  5.013315e-026
884.000000  4.711371e-026
884.200000  5.741681e-026
884.400000  5.863014e-026
884.600000  5.281266e-026
884.800000  4.999129e-026
885.000000  5.109519e-026
885.200000  4.184735e-026
885.400000  3.740686e-026
885.600000  5.325063e-026
885.800000  6.066256e-026
886.000000  5.885549e-026
886.200000  6.384759e-026
886.400000  8.333459e-026
886.600000  8.591848e-026
886.800000  8.931370e-026
887.000000  9.188714e-026
887.200000  1.043479e-025
887.400000  9.926644e-026
887.600000  9.740338e-026
887.800000  1.020836e-025
888.000000  1.032060e-025
888.200000  1.042595e-025
888.400000  9.925043e-026
888.600000  1.223104e-025
888.800000  1.237692e-025
889.000000  1.271610e-025
889.200000  1.348094e-025
889.400000  1.493774e-025
889.600000  1.489209e-025
889.800000  1.438426e-025
890.000000  1.625991e-025
890.200000  1.750616e-025
890.400000  1.664721e-025
890.600000  1.586149e-025
890.800000  1.752864e-025
891.000000  1.836876e-025
891.200000  1.718151e-025
891.400000  1.815293e-025
891.600000  2.089367e-025
891.800000  2.182906e-025
892.000000  2.307412e-025
892.200000  2.478741e-025
892.400000  2.567096e-025
892.600000  2.513123e-025
892.800000  2.576704e-025
893.000000  2.715894e-025
893.200000  2.904645e-025
893.400000  2.975169e-025
893.600000  3.177452e-025
893.800000  3.398855e-025
894.000000  3.543516e-025
894.200000  3.477178e-025
894.400000  3.578016e-025
894.600000  3.607847e-025
894.800000  3.534438e-025
895.000000  3.549595e-025
895.200000  3.783604e-025
895.400000  3.848157e-025
895.600000  3.823110e-025
895.800000  4.053899e-025
896.000000  4.285262e-025
896.200000  4.340878e-025
896.400000  4.259777e-025
896.600000  4.700162e-025
896.800000  4.699168e-025
897.000000  4.589874e-025
897.200000  4.903836e-025
897.400000  5.377985e-025
897.600000  5.907012e-025
897.800000  6.036326e-025
898.000000  6.658525e-025
898.200000  6.938240e-025
898.400000  6.838563e-025
898.600000  6.799950e-025
898.800000  6.902296e-025
899.000000  6.732563e-025
899.200000  6.537369e-025
899.400000  6.773852e-025
899.600000  7.277508e-025
899.800000  7.319261e-025
900.000000  7.178389e-025
900.200000  7.607685e-025
900.400000  7.805019e-025
900.600000  8.224571e-025
900.800000  8.476127e-025
901.000000  9.296872e-025
901.200000  9.457174e-025
901.400000  9.592963e-025
901.600000  1.030703e-024
901.800000  1.112446e-024
902.000000  1.096677e-024
902.200000  1.121076e-024
902.400000  1.184540e-024
902.600000  1.245319e-024
902.800000  1.245382e-024
903.000000  1.264115e-024
903.200000  1.363448e-024
903.400000  1.400231e-024
903.600000  1.411496e-024
903.800000  1.448771e-024
904.000000  1.524856e-024
904.200000  1.562900e-024
904.400000  1.583749e-024
904.600000  1.645383e-024
904.800000  1.667131e-024
905.000000  1.711799e-024
905.200000  1.734578e-024
905.400000  1.817372e-024
905.600000  1.875651e-024
905.800000  1.905768e-024
906.000000  1.992230e-024
906.200000  2.090518e-024
906.400000  2.145877e-024
906.600000  2.223749e-024
906.800000  2.379656e-024
907.000000  2.475727e-024
907.200000  2.525211e-024
907.400000  2.610986e-024
907.600000  2.741635e-024
907.800000  2.810712e-024
908.000000  2.883708e-024
908.200000  3.012918e-024
908.400000  3.122829e-024
908.600000  3.138296e-024
908.800000  3.115539e-024
909.000000  3.289613e-024
909.200000  3.467544e-024
909.400000  3.604795e-024
909.600000  3.719049e-024
909.800000  3.969223e-024
910.000000  4.101000e-024
910.200000  4.219925e-024
910.400000  4.433973e-024
910.600000  4.672994e-024
910.800000  4.783031e-024
911.000000  4.886755e-024
911.200000  5.158737e-024
911.400000  5.395464e-024
911.600000  5.586905e-024
911.800000  5.867702e-024
912.000000  6.179790e-024
912.200000  6.451106e-024
912.400000  6.676762e-024
912.600000  7.033050e-024
912.800000  7.370761e-024
913.000000  7.619399e-024
913.200000  7.910986e-024
913.400000  8.297433e-024
913.600000  8.659318e-024
913.800000  8.957453e-024
914.000000  9.394221e-024
914.200000  9.846488e-024
914.400000  1.020049e-023
914.600000  1.056721e-023
914.800000  1.120657e-023
915.000000  1.174714e-023
915.200000  1.222109e-023
915.400000  1.272614e-023
915.600000  1.334904e-023
915.800000  1.405983e-023
916.000000  1.466593e-023
916.200000  1.547325e-023
916.400000  1.637571e-023
916.600000  1.707912e-023
916.800000  1.785603e-023
917.000000  1.885968e-023
917.200000  1.977782e-023
917.400000  2.076583e-023
917.600000  2.183545e-023
917.800000  2.315166e-023
918.000000  2.415123e-023
918.200000  2.515720e-023
918.400000  2.626365e-023
918.600000  2.739645e-023
918.800000  2.852692e-023
919.000000  2.932482e-023
919.200000  3.046435e-023
919.400000  3.144323e-023
919.600000  3.227581e-023
919.800000  3.313351e-023
920.000000  3.416985e-023
920.200000  3.485810e-023
920.400000  3.552923e-023
920.600000  3.648827e-023
920.800000  3.755486e-023
921.000000  3.833079e-023
921.200000  3.891950e-023
921.400000  3.986637e-023
921.600000  4.056416e-023
921.800000  4.135757e-023
922.000000  4.229208e-023
922.200000  4.313417e-023
922.400000  4.394042e-023
922.600000  4.457450e-023
922.800000  4.513360e-023
923.000000  4.577523e-023
923.200000  4.600105e-023
923.400000  4.655535e-023
923.600000  4.733828e-023
923.800000  4.778424e-023
924.000000  4.817712e-023
924.200000  4.866045e-023
924.400000  4.922240e-023
924.600000  4.929236e-023
924.800000  4.942160e-023
925.000000  5.008104e-023
925.200000  5.092391e-023
925.400000  5.140269e-023
925.600000  5.174909e-023
925.800000  5.239808e-023
926.000000  5.295652e-023
926.200000  5.325440e-023
926.400000  5.367965e-023
926.600000  5.455232e-023
926.800000  5.507063e-023
927.000000  5.551619e-023
927.200000  5.620772e-023
927.400000  5.689762e-023
927.600000  5.726921e-023
927.800000  5.770262e-023
928.000000  5.856970e-023
928.200000  5.924750e-023
928.400000  5.961178e-023
928.600000  6.012620e-023
928.800000  6.073202e-023
929.000000  6.060502e-023
929.200000  6.107753e-023
929.400000  6.205652e-023
929.600000  6.319322e-023
929.800000  6.377648e-023
930.000000  6.455161e-023
930.200000  6.560549e-023
930.400000  6.637691e-023
930.600000  6.687627e-023
930.800000  6.827599e-023
931.000000  6.958009e-023
931.200000  6.989453e-023
931.400000  6.966109e-023
931.600000  7.066081e-023
931.800000  7.167176e-023
932.000000  7.213388e-023
932.200000  7.304515e-023
932.400000  7.419439e-023
932.600000  7.486481e-023
932.800000  7.527675e-023
933.000000  7.635755e-023
933.200000  7.767974e-023
933.400000  7.849247e-023
933.600000  7.937499e-023
933.800000  8.096326e-023
934.000000  8.189421e-023
934.200000  8.236194e-023
934.400000  8.382642e-023
934.600000  8.549795e-023
934.800000  8.595250e-023
935.000000  8.592607e-023
935.200000  8.689171e-023
935.400000  8.848351e-023
935.600000  8.973506e-023
935.800000  9.056617e-023
936.000000  9.221455e-023
936.200000  9.299801e-023
936.400000  9.289929e-023
936.600000  9.342375e-023
936.800000  9.518150e-023
937.000000  9.549625e-023
937.200000  9.680346e-023
937.400000  9.774747e-023
937.600000  9.915602e-023
937.800000  1.005432e-022
938.000000  1.026069e-022
938.200000  1.058587e-022
938.400000  1.070822e-022
938.600000  1.079017e-022
938.800000  1.101643e-022
939.000000  1.140327e-022
939.200000  1.163605e-022
939.400000  1.186732e-022
939.600000  1.218652e-022
939.800000  1.251315e-022
940.000000  1.267291e-022
940.200000  1.295425e-022
940.400000  1.337652e-022
940.600000  1.363157e-022
940.800000  1.384950e-022
941.000000  1.420078e-022
941.200000  1.460853e-022
941.400000  1.502074e-022
941.600000  1.537688e-022
941.800000  1.581157e-022
942.000000  1.624035e-022
942.200000  1.648349e-022
942.400000  1.669233e-022
942.600000  1.699308e-022
942.800000  1.726587e-022
943.000000  1.743318e-022
943.200000  1.776271e-022
943.400000  1.823945e-022
943.600000  1.836291e-022
943.800000  1.854599e-022
944.000000  1.892114e-022
944.200000  1.933683e-022
944.400000  1.955620e-022
944.600000  1.981320e-022
944.800000  2.021670e-022
945.000000  2.056423e-022
945.200000  2.078924e-022
945.400000  2.104479e-022
945.600000  2.132938e-022
945.800000  2.140845e-022
946.000000  2.167927e-022
946.200000  2.216025e-022
946.400000  2.251030e-022
946.600000  2.276545e-022
946.800000  2.307400e-022
947.000000  2.355542e-022
947.200000  2.393530e-022
947.400000  2.420002e-022
947.600000  2.454298e-022
947.800000  2.497489e-022
948.000000  2.530685e-022
948.200000  2.565099e-022
948.400000  2.628214e-022
948.600000  2.678035e-022
948.800000  2.706430e-022
949.000000  2.734609e-022
949.200000  2.806778e-022
949.400000  2.847230e-022
949.600000  2.872270e-022
949.800000  2.942806e-022
950.000000  3.002177e-022
950.200000  3.049593e-022
950.400000  3.094410e-022
950.600000  3.153514e-022
950.800000  3.213116e-022
951.000000  3.248797e-022
951.200000  3.300075e-022
951.400000  3.391455e-022
951.600000  3.454559e-022
951.800000  3.511822e-022
952.000000  3.610120e-022
952.200000  3.718233e-022
952.400000  3.795034e-022
952.600000  3.863756e-022
952.800000  3.984514e-022
953.000000  4.063194e-022
953.200000  4.108216e-022
953.400000  4.167102e-022
953.600000  4.253143e-022
953.800000  4.335363e-022
954.000000  4.417740e-022
954.200000  4.508812e-022
954.400000  4.607490e-022
954.600000  4.683597e-022
954.800000  4.755219e-022
955.000000  4.852559e-022
955.200000  4.915492e-022
955.400000  5.037133e-022
955.600000  5.102529e-022
955.800000  5.200796e-022
956.000000  5.346538e-022
956.200000  5.469532e-022
956.400000  5.539006e-022
956.600000  5.606766e-022
956.800000  5.734393e-022
957.000000  5.825324e-022
957.200000  5.887205e-022
957.400000  6.040578e-022
957.600000  6.243144e-022
957.800000  6.356915e-022
958.000000  6.502071e-022
958.200000  6.675515e-022
958.400000  6.832291e-022
958.600000  6.928123e-022
958.800000  7.108677e-022
959.000000  7.343348e-022
959.200000  7.446517e-022
959.400000  7.545415e-022
959.600000  7.703091e-022
959.800000  7.889150e-022
960.000000  8.011416e-022
960.200000  8.175477e-022
960.400000  8.407221e-022
960.600000  8.625697e-022
960.800000  8.774152e-022
961.000000  8.959222e-022
961.200000  9.214440e-022
961.400000  9.311640e-022
961.600000  9.439151e-022
961.800000  9.677581e-022
962.000000  9.934504e-022
962.200000  1.008460e-021
962.400000  1.027891e-021
962.600000  1.054700e-021
962.800000  1.080020e-021
963.000000  1.106237e-021
963.200000  1.151208e-021
963.400000  1.217607e-021
963.600000  1.308063e-021
963.800000  1.451183e-021
964.000000  1.622447e-021
964.200000  1.736609e-021
964.400000  1.728262e-021
964.600000  1.649016e-021
964.800000  1.563571e-021
965.000000  1.493809e-021
965.200000  1.448381e-021
965.400000  1.439893e-021
965.600000  1.447406e-021
965.800000  1.454437e-021
966.000000  1.468244e-021
966.200000  1.492718e-021
966.400000  1.516869e-021
966.600000  1.527585e-021
966.800000  1.548286e-021
967.000000  1.583595e-021
967.200000  1.607057e-021
967.400000  1.624527e-021
967.600000  1.648435e-021
967.800000  1.677203e-021
968.000000  1.692677e-021
968.200000  1.713207e-021
968.400000  1.753494e-021
968.600000  1.790346e-021
968.800000  1.801382e-021
969.000000  1.828086e-021
969.200000  1.861257e-021
969.400000  1.872691e-021
969.600000  1.876948e-021
969.800000  1.906929e-021
970.000000  1.936616e-021
970.200000  1.943124e-021
970.400000  1.964400e-021
970.600000  1.996632e-021
970.800000  2.018759e-021
971.000000  2.030354e-021
971.200000  2.053538e-021
971.400000  2.093737e-021
971.600000  2.116358e-021
971.800000  2.136523e-021
972.000000  2.171035e-021
972.200000  2.215313e-021
972.400000  2.242333e-021
972.600000  2.282726e-021
972.800000  2.342522e-021
973.000000  2.396164e-021
973.200000  2.435681e-021
973.400000  2.507462e-021
973.600000  2.595388e-021
973.800000  2.655675e-021
974.000000  2.720690e-021
974.200000  2.817541e-021
974.400000  2.917323e-021
974.600000  2.991626e-021
974.800000  3.094447e-021
975.000000  3.232752e-021
975.200000  3.334212e-021
975.400000  3.510449e-021
975.600000  3.655247e-021
975.800000  3.770770e-021
976.000000  3.985933e-021
976.200000  4.213778e-021
976.400000  4.395526e-021
976.600000  4.625610e-021
976.800000  4.920847e-021
977.000000  5.254169e-021
977.200000  5.549794e-021
977.400000  5.894849e-021
977.600000  6.281607e-021
977.800000  6.611504e-021
978.000000  6.994523e-021
978.200000  7.456766e-021
978.400000  7.856888e-021
978.600000  8.240381e-021
978.800000  8.694868e-021
979.000000  9.118239e-021
979.200000  9.585710e-021
979.400000  1.001408e-020
979.600000  1.047196e-020
979.800000  1.084477e-020
980.000000  1.102037e-020
980.200000  1.112632e-020
980.400000  1.120707e-020
980.600000  1.121662e-020
980.800000  1.084982e-020
981.000000  1.064605e-020
981.200000  1.031223e-020
981.400000  9.933126e-021
981.600000  9.467688e-021
981.800000  9.020684e-021
982.000000  8.621637e-021
982.200000  8.257012e-021
982.400000  7.946220e-021
982.600000  7.600722e-021
982.800000  7.339316e-021
983.000000  7.119032e-021
983.200000  6.869069e-021
983.400000  6.783371e-021
983.600000  6.775976e-021
983.800000  6.681538e-021
984.000000  6.680242e-021
984.200000  6.807914e-021
984.400000  6.799320e-021
984.600000  6.758408e-021
984.800000  6.852215e-021
985.000000  6.841880e-021
985.200000  6.810786e-021
985.400000  6.896828e-021
985.600000  6.949032e-021
985.800000  6.936312e-021
986.000000  6.937034e-021
986.200000  6.943600e-021
986.400000  6.892643e-021
986.600000  6.814815e-021
986.800000  6.784759e-021
987.000000  6.767174e-021
987.200000  6.639488e-021
987.400000  6.571035e-021
987.600000  6.592784e-021
987.800000  6.569657e-021
988.000000  6.492302e-021
988.200000  6.486589e-021
988.400000  6.474718e-021
988.600000  6.419652e-021
988.800000  6.396424e-021
989.000000  6.549883e-021
989.200000  6.627171e-021
989.400000  6.635684e-021
989.600000  6.621409e-021
989.800000  6.666060e-021
990.000000  6.663695e-021
990.200000  6.593194e-021
990.400000  6.535410e-021
990.600000  6.559044e-021
990.800000  6.543308e-021
991.000000  6.472397e-021
991.200000  6.508785e-021
991.400000  6.518069e-021
991.600000  6.396159e-021
991.800000  6.273614e-021
992.000000  6.254738e-021
992.200000  6.120787e-021
992.400000  5.859120e-021
992.600000  5.724930e-021
992.800000  5.704797e-021
993.000000  5.554820e-021
993.200000  5.383321e-021
993.400000  5.311504e-021
993.600000  5.171203e-021
993.800000  4.902218e-021
994.000000  4.588539e-021
994.200000  4.509670e-021
994.400000  4.450585e-021
994.600000  4.363558e-021
994.800000  4.173471e-021
995.000000  4.109246e-021
995.200000  4.076377e-021
995.400000  4.008763e-021
995.600000  3.945741e-021
995.800000  3.900749e-021
996.000000  3.869889e-021
996.200000  3.810479e-021
996.400000  3.740649e-021
996.600000  3.706350e-021
996.800000  3.669597e-021
997.000000  3.602579e-021
997.200000  3.566434e-021
997.400000  3.545336e-021
997.600000  3.509053e-021
997.800000  3.447967e-021
998.000000  3.410707e-021
998.200000  3.383757e-021
998.400000  3.333549e-021
998.600000  3.281634e-021
998.800000  3.264081e-021
999.000000  3.234452e-021
999.200000  3.183073e-021
999.400000  3.150080e-021
999.600000  3.129089e-021
999.800000  3.083078e-021
1000.000000  3.045842e-021
1000.200000  3.006106e-021
1000.400000  2.994569e-021
1000.600000  2.974916e-021
1000.800000  2.942265e-021
1001.000000  2.912788e-021
1001.200000  2.910831e-021
1001.400000  2.884505e-021
1001.600000  2.858936e-021
1001.800000  2.863419e-021
1002.000000  2.858947e-021
1002.200000  2.841418e-021
1002.400000  2.828748e-021
1002.600000  2.830754e-021
1002.800000  2.831943e-021
1003.000000  2.798751e-021
1003.200000  2.797445e-021
1003.400000  2.822381e-021
1003.600000  2.809595e-021
1003.800000  2.788562e-021
1004.000000  2.787227e-021
1004.200000  2.805651e-021
1004.400000  2.798554e-021
1004.600000  2.796391e-021
1004.800000  2.815695e-021
1005.000000  2.815191e-021
1005.200000  2.822959e-021
1005.400000  2.833224e-021
1005.600000  2.856775e-021
1005.800000  2.851316e-021
1006.000000  2.865784e-021
1006.200000  2.890259e-021
1006.400000  2.893965e-021
1006.600000  2.898509e-021
1006.800000  2.885539e-021
1007.000000  2.904272e-021
1007.200000  2.915516e-021
1007.400000  2.910045e-021
1007.600000  2.924660e-021
1007.800000  2.936786e-021
1008.000000  2.953129e-021
1008.200000  2.955219e-021
1008.400000  2.980855e-021
1008.600000  3.002330e-021
1008.800000  2.997725e-021
1009.000000  3.013348e-021
1009.200000  3.042506e-021
1009.400000  3.063268e-021
1009.600000  3.071379e-021
1009.800000  3.086276e-021
1010.000000  3.118998e-021
1010.200000  3.130571e-021
1010.400000  3.137918e-021
1010.600000  3.169927e-021
1010.800000  3.200294e-021
1011.000000  3.208572e-021
1011.200000  3.232210e-021
1011.400000  3.268692e-021
1011.600000  3.276196e-021
1011.800000  3.283712e-021
1012.000000  3.293806e-021
1012.200000  3.319340e-021
1012.400000  3.320047e-021
1012.600000  3.325045e-021
1012.800000  3.348955e-021
1013.000000  3.349682e-021
1013.200000  3.342657e-021
1013.400000  3.360610e-021
1013.600000  3.394125e-021
1013.800000  3.391429e-021
1014.000000  3.386131e-021
1014.200000  3.405048e-021
1014.400000  3.413603e-021
1014.600000  3.401363e-021
1014.800000  3.390831e-021
1015.000000  3.396780e-021
1015.200000  3.393171e-021
1015.400000  3.384328e-021
1015.600000  3.368494e-021
1015.800000  3.377045e-021
1016.000000  3.381244e-021
1016.200000  3.341752e-021
1016.400000  3.331921e-021
1016.600000  3.332573e-021
1016.800000  3.309559e-021
1017.000000  3.298778e-021
1017.200000  3.309926e-021
1017.400000  3.291205e-021
1017.600000  3.289162e-021
1017.800000  3.297680e-021
1018.000000  3.304448e-021
1018.200000  3.305930e-021
1018.400000  3.283560e-021
1018.600000  3.289438e-021
1018.800000  3.274966e-021
1019.000000  3.268436e-021
1019.200000  3.265437e-021
1019.400000  3.267754e-021
1019.600000  3.267407e-021
1019.800000  3.251044e-021
1020.000000  3.260466e-021
1020.200000  3.285053e-021
1020.400000  3.264187e-021
1020.600000  3.262923e-021
1020.800000  3.276847e-021
1021.000000  3.285427e-021
1021.200000  3.281481e-021
1021.400000  3.273042e-021
1021.600000  3.291502e-021
1021.800000  3.285743e-021
1022.000000  3.279070e-021
1022.200000  3.286780e-021
1022.400000  3.298104e-021
1022.600000  3.295921e-021
1022.800000  3.281995e-021
1023.000000  3.293337e-021
1023.200000  3.298366e-021
1023.400000  3.295254e-021
1023.600000  3.308443e-021
1023.800000  3.329818e-021
1024.000000  3.320360e-021
1024.200000  3.309062e-021
1024.400000  3.325940e-021
1024.600000  3.336473e-021
1024.800000  3.331527e-021
1025.000000  3.322006e-021
1025.200000  3.336208e-021
1025.400000  3.350433e-021
1025.600000  3.339976e-021
1025.800000  3.350562e-021
1026.000000  3.382251e-021
1026.200000  3.388302e-021
1026.400000  3.381501e-021
1026.600000  3.404107e-021
1026.800000  3.440559e-021
1027.000000  3.450360e-021
1027.200000  3.459255e-021
1027.400000  3.496779e-021
1027.600000  3.537145e-021
1027.800000  3.534114e-021
1028.000000  3.547738e-021
1028.200000  3.587332e-021
1028.400000  3.577836e-021
1028.600000  3.570174e-021
1028.800000  3.598741e-021
1029.000000  3.616195e-021
1029.200000  3.602948e-021
1029.400000  3.580351e-021
1029.600000  3.602491e-021
1029.800000  3.613463e-021
1030.000000  3.606690e-021
1030.200000  3.633587e-021
1030.400000  3.615572e-021
1030.600000  3.627520e-021
1030.800000  3.643242e-021
1031.000000  3.641141e-021
1031.200000  3.634331e-021
1031.400000  3.648210e-021
1031.600000  3.657401e-021
1031.800000  3.639258e-021
1032.000000  3.647506e-021
1032.200000  3.659546e-021
1032.400000  3.658364e-021
1032.600000  3.636347e-021
1032.800000  3.649346e-021
1033.000000  3.669007e-021
1033.200000  3.633631e-021
1033.400000  3.609588e-021
1033.600000  3.588348e-021
1033.800000  3.600392e-021
1034.000000  3.556218e-021
1034.200000  3.552980e-021
1034.400000  3.557372e-021
1034.600000  3.522575e-021
1034.800000  3.477182e-021
1035.000000  3.445106e-021
1035.200000  3.428303e-021
1035.400000  3.381716e-021
1035.600000  3.333114e-021
1035.800000  3.304605e-021
1036.000000  3.274112e-021
1036.200000  3.217547e-021
1036.400000  3.190761e-021
1036.600000  3.161024e-021
1036.800000  3.113836e-021
1037.000000  3.061718e-021
1037.200000  3.018207e-021
1037.400000  3.002709e-021
1037.600000  2.948382e-021
1037.800000  2.901714e-021
1038.000000  2.881190e-021
1038.200000  2.847005e-021
1038.400000  2.803989e-021
1038.600000  2.775505e-021
1038.800000  2.760620e-021
1039.000000  2.729103e-021
1039.200000  2.694591e-021
1039.400000  2.678597e-021
1039.600000  2.659632e-021
1039.800000  2.622984e-021
1040.000000  2.604904e-021
1040.200000  2.592678e-021
1040.400000  2.568630e-021
1040.600000  2.539613e-021
1040.800000  2.540085e-021
1041.000000  2.549427e-021
1041.200000  2.513392e-021
1041.400000  2.495064e-021
1041.600000  2.487573e-021
1041.800000  2.485014e-021
1042.000000  2.466598e-021
1042.200000  2.455084e-021
1042.400000  2.455456e-021
1042.600000  2.450858e-021
1042.800000  2.428350e-021
1043.000000  2.434661e-021
1043.200000  2.445963e-021
1043.400000  2.446314e-021
1043.600000  2.433686e-021
1043.800000  2.456002e-021
1044.000000  2.470358e-021
1044.200000  2.460712e-021
1044.400000  2.456055e-021
1044.600000  2.479471e-021
1044.800000  2.477829e-021
1045.000000  2.451059e-021
1045.200000  2.459440e-021
1045.400000  2.472870e-021
1045.600000  2.477252e-021
1045.800000  2.466508e-021
1046.000000  2.481994e-021
1046.200000  2.487400e-021
1046.400000  2.483708e-021
1046.600000  2.495197e-021
1046.800000  2.514813e-021
1047.000000  2.510114e-021
1047.200000  2.496264e-021
1047.400000  2.500681e-021
1047.600000  2.506122e-021
1047.800000  2.503423e-021
1048.000000  2.505813e-021
1048.200000  2.498001e-021
1048.400000  2.477914e-021
1048.600000  2.470055e-021
1048.800000  2.464225e-021
1049.000000  2.476818e-021
1049.200000  2.470978e-021
1049.400000  2.435362e-021
1049.600000  2.430492e-021
1049.800000  2.423555e-021
1050.000000  2.401163e-021
1050.200000  2.384907e-021
1050.400000  2.375836e-021
1050.600000  2.372938e-021
1050.800000  2.342137e-021
1051.000000  2.339196e-021
1051.200000  2.326931e-021
1051.400000  2.307387e-021
1051.600000  2.281582e-021
1051.800000  2.261953e-021
1052.000000  2.241245e-021
1052.200000  2.216335e-021
1052.400000  2.185129e-021
1052.600000  2.159071e-021
1052.800000  2.131919e-021
1053.000000  2.110977e-021
1053.200000  2.097307e-021
1053.400000  2.064782e-021
1053.600000  2.041615e-021
1053.800000  2.016306e-021
1054.000000  1.980457e-021
1054.200000  1.953988e-021
1054.400000  1.931670e-021
1054.600000  1.906152e-021
1054.800000  1.860577e-021
1055.000000  1.837046e-021
1055.200000  1.811359e-021
1055.400000  1.789846e-021
1055.600000  1.756663e-021
1055.800000  1.732936e-021
1056.000000  1.708104e-021
1056.200000  1.663084e-021
1056.400000  1.638135e-021
1056.600000  1.615261e-021
1056.800000  1.590216e-021
1057.000000  1.566185e-021
1057.200000  1.531458e-021
1057.400000  1.513719e-021
1057.600000  1.482074e-021
1057.800000  1.463184e-021
1058.000000  1.446394e-021
1058.200000  1.415660e-021
1058.400000  1.394507e-021
1058.600000  1.369023e-021
1058.800000  1.349928e-021
1059.000000  1.327574e-021
1059.200000  1.295500e-021
1059.400000  1.276277e-021
1059.600000  1.258094e-021
1059.800000  1.233406e-021
1060.000000  1.207591e-021
1060.200000  1.189287e-021
1060.400000  1.177435e-021
1060.600000  1.160148e-021
1060.800000  1.142827e-021
1061.000000  1.133062e-021
1061.200000  1.104827e-021
1061.400000  1.096092e-021
1061.600000  1.086034e-021
1061.800000  1.072582e-021
1062.000000  1.057252e-021
1062.200000  1.028480e-021
1062.400000  1.021481e-021
1062.600000  1.015560e-021
1062.800000  9.903815e-022
1063.000000  9.802590e-022
1063.200000  9.623379e-022
1063.400000  9.590763e-022
1063.600000  9.327576e-022
1063.800000  9.218793e-022
1064.000000  9.129590e-022
1064.200000  8.993980e-022
1064.400000  8.895564e-022
1064.600000  8.906130e-022
1064.800000  8.745614e-022
1065.000000  8.632295e-022
1065.200000  8.503272e-022
1065.400000  8.521220e-022
1065.600000  8.378536e-022
1065.800000  8.207850e-022
1066.000000  8.160051e-022
1066.200000  8.143264e-022
1066.400000  8.018560e-022
1066.600000  7.830161e-022
1066.800000  7.808535e-022
1067.000000  7.737788e-022
1067.200000  7.490521e-022
1067.400000  7.458435e-022
1067.600000  7.447530e-022
1067.800000  7.321292e-022
1068.000000  7.244113e-022
1068.200000  7.161173e-022
1068.400000  7.102768e-022
1068.600000  6.910531e-022
1068.800000  6.829272e-022
1069.000000  6.746728e-022
1069.200000  6.594160e-022
1069.400000  6.611609e-022
1069.600000  6.501514e-022
1069.800000  6.517764e-022
1070.000000  6.436769e-022
1070.200000  6.310331e-022
1070.400000  6.264104e-022
1070.600000  6.201905e-022
1070.800000  6.128231e-022
1071.000000  6.098730e-022
1071.200000  5.996373e-022
1071.400000  5.933665e-022
1071.600000  5.867415e-022
1071.800000  5.791911e-022
1072.000000  5.724251e-022
1072.200000  5.653031e-022
1072.400000  5.577096e-022
1072.600000  5.521622e-022
1072.800000  5.547398e-022
1073.000000  5.409197e-022
1073.200000  5.264993e-022
1073.400000  5.356085e-022
1073.600000  5.261010e-022
1073.800000  5.168054e-022
1074.000000  5.119861e-022
1074.200000  5.046197e-022
1074.400000  4.931984e-022
1074.600000  4.845287e-022
1074.800000  4.861364e-022
1075.000000  4.689915e-022
1075.200000  4.654880e-022
1075.400000  4.633694e-022
1075.600000  4.572991e-022
1075.800000  4.519143e-022
1076.000000  4.476821e-022
1076.200000  4.411131e-022
1076.400000  4.295208e-022
1076.600000  4.240882e-022
1076.800000  4.175943e-022
1077.000000  4.116722e-022
1077.200000  4.175518e-022
1077.400000  4.002620e-022
1077.600000  3.985245e-022
1077.800000  3.930300e-022
1078.000000  3.821248e-022
1078.200000  3.769567e-022
1078.400000  3.768360e-022
1078.600000  3.709462e-022
1078.800000  3.630420e-022
1079.000000  3.587789e-022
1079.200000  3.508479e-022
1079.400000  3.540090e-022
1079.600000  3.382524e-022
1079.800000  3.321733e-022
1080.000000  3.282154e-022
1080.200000  3.228267e-022
1080.400000  3.214637e-022
1080.600000  3.195038e-022
1080.800000  3.163507e-022
1081.000000  3.059300e-022
1081.200000  3.050216e-022
1081.400000  3.037534e-022
1081.600000  2.934105e-022
1081.800000  2.889027e-022
1082.000000  2.839079e-022
1082.200000  2.832128e-022
1082.400000  2.778434e-022
1082.600000  2.725838e-022
1082.800000  2.677942e-022
1083.000000  2.638366e-022
1083.200000  2.642006e-022
1083.400000  2.536116e-022
1083.600000  2.602311e-022
1083.800000  2.539595e-022
1084.000000  2.534697e-022
1084.200000  2.483880e-022
1084.400000  2.422082e-022
1084.600000  2.369851e-022
1084.800000  2.388998e-022
1085.000000  2.373012e-022
1085.200000  2.265967e-022
1085.400000  2.315434e-022
1085.600000  2.212998e-022
1085.800000  2.170006e-022
1086.000000  2.245096e-022
1086.200000  2.211804e-022
1086.400000  2.171127e-022
1086.600000  2.118156e-022
1086.800000  2.138446e-022
1087.000000  2.030273e-022
1087.200000  1.992944e-022
1087.400000  1.993552e-022
1087.600000  1.974524e-022
1087.800000  1.975112e-022
1088.000000  1.925292e-022
1088.200000  1.928293e-022
1088.400000  1.905432e-022
1088.600000  1.818420e-022
1088.800000  1.860811e-022
1089.000000  1.769889e-022
1089.200000  1.760389e-022
1089.400000  1.736021e-022
1089.600000  1.731423e-022
1089.800000  1.772681e-022
1090.000000  1.712269e-022
1090.200000  1.675341e-022
1090.400000  1.645802e-022
1090.600000  1.591323e-022
1090.800000  1.585311e-022
1091.000000  1.540645e-022
1091.200000  1.512115e-022
1091.400000  1.592173e-022
1091.600000  1.484891e-022
1091.800000  1.562566e-022
1092.000000  1.475091e-022
1092.200000  1.412522e-022
1092.400000  1.413816e-022
1092.600000  1.387486e-022
1092.800000  1.407608e-022
1093.000000  1.352290e-022
1093.200000  1.351009e-022
1093.400000  1.396354e-022
1093.600000  1.250931e-022
1093.800000  1.318107e-022
1094.000000  1.340795e-022
1094.200000  1.231472e-022
1094.400000  1.219305e-022
1094.600000  1.217631e-022
1094.800000  1.202636e-022
1095.000000  1.148893e-022
1095.200000  1.211569e-022
1095.400000  1.147050e-022
1095.600000  1.136005e-022
1095.800000  1.114235e-022
1096.000000  1.119460e-022
1096.200000  1.087039e-022
1096.400000  1.128148e-022
1096.600000  1.077131e-022
1096.800000  1.037923e-022
1097.000000  9.745564e-023
1097.200000  9.851906e-023
1097.400000  1.000849e-022
1097.600000  9.857031e-023
1097.800000  9.328546e-023
1098.000000  9.931632e-023
1098.200000  9.404809e-023
1098.400000  9.413376e-023
1098.600000  9.225793e-023
1098.800000  9.381445e-023
1099.000000  8.799152e-023
1099.200000  8.893862e-023
1099.400000  8.714151e-023
1099.600000  8.694856e-023
1099.800000  8.307009e-023
1100.000000  8.087284e-023
1100.200000  7.941248e-023
1100.400000  7.787131e-023
1100.600000  7.575426e-023
1100.800000  7.554938e-023
1101.000000  7.880140e-023
1101.200000  6.867436e-023
1101.400000  7.787289e-023
1101.600000  7.199123e-023
1101.800000  7.394215e-023
1102.000000  7.410102e-023
1102.200000  6.800290e-023
1102.400000  6.898371e-023
1102.600000  6.608943e-023
1102.800000  7.122668e-023
1103.000000  6.485335e-023
1103.200000  6.275106e-023
1103.400000  6.576239e-023
1103.600000  5.831044e-023
1103.800000  6.639700e-023
1104.000000  5.868069e-023
1104.200000  6.074593e-023
1104.400000  5.852209e-023
1104.600000  6.218217e-023
1104.800000  5.849541e-023
1105.000000  5.921264e-023
1105.200000  5.725835e-023
1105.400000  5.571305e-023
1105.600000  5.429811e-023
1105.800000  4.968053e-023
1106.000000  5.252803e-023
1106.200000  5.030475e-023
1106.400000  5.611258e-023
1106.600000  5.335314e-023
1106.800000  5.648196e-023
1107.000000  4.984343e-023
1107.200000  5.018367e-023
1107.400000  4.902029e-023
1107.600000  4.628201e-023
1107.800000  4.792489e-023
1108.000000  4.639257e-023
1108.200000  4.857759e-023
1108.400000  4.543757e-023
1108.600000  4.495196e-023
1108.800000  4.792534e-023
1109.000000  4.799564e-023
1109.200000  4.350313e-023
1109.400000  5.010149e-023
1109.600000  3.880704e-023
1109.800000  4.781602e-023
1110.000000  4.785912e-023
1110.200000  4.602533e-023
1110.400000  4.183312e-023
1110.600000  4.106691e-023
1110.800000  4.418601e-023
1111.000000  3.139486e-023
1111.200000  4.228460e-023
1111.400000  4.446957e-023
1111.600000  4.223758e-023
1111.800000  3.590548e-023
1112.000000  3.994154e-023
1112.200000  3.476243e-023
1112.400000  2.977999e-023
1112.600000  3.487998e-023
1112.800000  3.437466e-023
1113.000000  3.641646e-023
1113.200000  3.916496e-023
1113.400000  3.947611e-023
1113.600000  3.147392e-023
1113.800000  3.463997e-023
1114.000000  3.507231e-023
1114.200000  3.711171e-023
1114.400000  3.559270e-023
1114.600000  2.878550e-023
1114.800000  3.029702e-023
1115.000000  3.220037e-023
1115.200000  3.268828e-023
1115.400000  2.950153e-023
1115.600000  2.483194e-023
1115.800000  3.068421e-023
1116.000000  2.415058e-023
1116.200000  2.779107e-023
1116.400000  3.150799e-023
1116.600000  2.254987e-023
1116.800000  2.726342e-023
1117.000000  2.728784e-023
1117.200000  3.155087e-023
1117.400000  2.834816e-023
1117.600000  2.433826e-023
1117.800000  3.183271e-023
1118.000000  2.687496e-023
1118.200000  2.448825e-023
1118.400000  2.592122e-023
1118.600000  1.977254e-023
1118.800000  2.287185e-023
1119.000000  3.003730e-023
1119.200000  3.187678e-023
1119.400000  2.786573e-023
1119.600000  2.183300e-023
1119.800000  2.422377e-023
1120.000000  2.006713e-023
1120.200000  2.412482e-023
1120.400000  1.847994e-023
1120.600000  2.681842e-023
1120.800000  2.116581e-023
1121.000000  1.821542e-023
1121.200000  2.053207e-023
1121.400000  2.212348e-023
1121.600000  1.958107e-023
1121.800000  2.203403e-023
1122.000000  1.795267e-023
1122.200000  2.039416e-023
1122.400000  1.338366e-023
1122.600000  2.435561e-023
1122.800000  2.067898e-023
1123.000000  1.947314e-023
1123.200000  2.139340e-023
1123.400000  2.046015e-023
1123.600000  1.731563e-023
1123.800000  1.692632e-023
1124.000000  1.653630e-023
1124.200000  1.831761e-023
1124.400000  1.246271e-023
1124.600000  1.301633e-023
1124.800000  2.754256e-023
1125.000000  1.426163e-023
1125.200000  1.709019e-023
1125.400000  8.823467e-024
1125.600000  1.821339e-023
1125.800000  1.591078e-023
1126.000000  9.914026e-024
1126.200000  1.196087e-023
1126.400000  1.333286e-023
1126.600000  1.307248e-023
1126.800000  1.441271e-023
1127.000000  8.165019e-024
1127.200000  1.511481e-023
1127.400000  1.129035e-023
1127.600000  1.865509e-023
1127.800000  1.839208e-023
1128.000000  1.555141e-023
1128.200000  1.525567e-023
1128.400000  9.950795e-024
1128.600000  1.255104e-023
1128.800000  4.642088e-024
1129.000000  1.090918e-023
1129.200000  1.665587e-023
1129.400000  1.297641e-023
1129.600000  1.244211e-023
1129.800000  1.187864e-023
1130.000000  3.962558e-024
1130.200000  1.586724e-023
1130.400000  8.897686e-024
1130.600000  1.518027e-023
1130.800000  1.231301e-023
1131.000000  8.764627e-024
1131.200000  1.837226e-023
1131.400000  1.805960e-023
1131.600000  9.178440e-024
1131.800000  1.577020e-023
1132.000000  1.478733e-023
1132.200000  1.452584e-023
1132.400000  9.737999e-024
1132.600000  1.235571e-023
1132.800000  1.096615e-023
1133.000000  1.248595e-023
1133.200000  8.651289e-024
1133.400000  1.429379e-023
1133.600000  8.921689e-024
1133.800000  1.126394e-023
1134.000000  1.031208e-023
1134.200000  9.770232e-024
1134.400000  6.183929e-024
1134.600000  1.169038e-023
1134.800000  8.534977e-024
1135.000000  8.267574e-025
1135.200000  1.692067e-023
1135.400000  8.676251e-024
1135.600000  1.557984e-023
1135.800000  1.241540e-023
1136.000000  5.234471e-024
1136.200000  1.282208e-023
1136.400000  7.866304e-024
1136.600000  5.525180e-024
1136.800000  7.171296e-024
1137.000000  1.035267e-023
1137.200000  7.737592e-024
1137.400000  4.553000e-024
1137.600000  1.035697e-023
1137.800000  0.000000e+000
1138.000000  2.490292e-024
1138.200000  5.111280e-024
1138.400000  9.954017e-024
1138.600000  1.134700e-023
1138.800000  7.756654e-024
1139.000000  6.500474e-024
1139.200000  4.844438e-024
1139.400000  4.018638e-024
1139.600000  1.040028e-023
1139.800000  5.400173e-024
1140.000000  7.067844e-024
1140.200000  1.068100e-023
1140.400000  2.221134e-024
1140.600000  7.365126e-024
1140.800000  1.098804e-023
1141.000000  4.176372e-025
1141.200000  7.941752e-024
1141.400000  6.692667e-024
1141.600000  2.930217e-024
1141.800000  5.169151e-024
1142.000000  2.097353e-024
1142.200000  6.857250e-024
1142.400000  3.781538e-024
1142.600000  9.532794e-024
1142.800000  2.384499e-024
1143.000000  2.948229e-024
1143.200000  9.135856e-024
1143.400000  2.390765e-024
1143.600000  1.196744e-023
1143.800000  9.723466e-024
1144.000000  3.384621e-024
1144.200000  6.634407e-024
1144.400000  4.520723e-024
1144.600000  0.000000e+000
1144.800000  3.120568e-024
1145.000000  6.389423e-024
1145.200000  5.684978e-025
1145.400000  9.244768e-024
1145.600000  3.844345e-024
1145.800000  7.123664e-025
1146.000000  2.851634e-024
1146.200000  8.563966e-024
1146.400000  8.999374e-024
1146.600000  3.717319e-024
1146.800000  7.441124e-024
1147.000000  0.000000e+000
1147.200000  1.863528e-024
1147.400000  4.878585e-024
1147.600000  6.462297e-024
1147.800000  6.898483e-024
1148.000000  0.000000e+000
1148.200000  8.494103e-024
1148.400000  4.034912e-024
1148.600000  7.211131e-025
1148.800000  6.784980e-024
1149.000000  3.612656e-024
1149.200000  4.627643e-024
1149.400000  4.342091e-024
1149.600000  3.332265e-024
1149.800000  5.377103e-024
1150.000000  1.032724e-023
