800.000000  -3.281137e-023
800.200000  -2.974528e-023
800.400000  -1.445152e-023
800.600000  -1.808847e-023
800.800000  -3.946001e-023
801.000000  -2.909575e-023
801.200000  -2.450952e-023
801.400000  -4.508000e-023
801.600000  -4.763328e-023
801.800000  -2.909081e-023
802.000000  -2.860168e-023
802.200000  -5.135918e-023
802.400000  -3.316588e-023
802.600000  -2.483346e-023
802.800000  -3.807821e-023
803.000000  -5.811294e-023
803.200000  -4.227818e-023
803.400000  -4.495686e-023
803.600000  -6.551042e-023
803.800000  -5.934805e-023
804.000000  -4.302338e-023
804.200000  -4.573628e-023
804.400000  -5.709015e-023
804.600000  -4.167356e-023
804.800000  -2.630008e-023
805.000000  -3.544501e-023
805.200000  -4.536909e-023
805.400000  -2.437209e-023
805.600000  -1.924689e-023
805.800000  -2.466779e-023
806.000000  -2.849574e-023
806.200000  -8.113179e-024
806.400000  -1.509501e-023
806.600000  -3.015607e-023
806.800000  -1.189963e-023
807.000000  -1.056453e-023
807.200000  -2.095481e-023
807.400000  -3.590639e-023
807.600000  -1.347961e-023
807.800000  -9.347151e-024
808.000000  -3.087565e-023
808.200000  -4.361174e-023
808.400000  -2.547963e-023
808.600000  -3.645635e-023
808.800000  -4.273804e-023
809.000000  -1.850219e-023
809.200000  -1.296070e-023
809.400000  -3.033494e-023
809.600000  -4.398848e-023
809.800000  -2.340311e-023
810.000000  -3.538649e-023
810.200000  -5.464858e-023
810.400000  -4.244394e-023
810.600000  -1.643081e-023
810.800000  -8.112350e-024
811.000000  -2.171226e-023
811.200000  5.866227e-024
811.400000  7.617199e-024
811.600000  -1.166129e-023
811.800000  -2.115500e-023
812.000000  4.851727e-024
812.200000  -7.165589e-024
812.400000  -2.633016e-023
812.600000  -2.695565e-023
812.800000  7.880928e-025
813.000000  -1.028308e-023
813.200000  -1.508881e-023
813.400000  -1.719526e-023
813.600000  -3.005005e-023
813.800000  -6.354833e-023
814.000000  -6.296325e-023
814.200000  -2.856772e-023
814.400000  -3.177435e-023
814.600000  -4.035830e-023
814.800000  -2.580478e-023
815.000000  -4.945838e-024
815.200000  -2.060035e-023
815.400000  -2.768671e-023
815.600000  -5.779288e-024
815.800000  3.873353e-024
816.000000  -5.725399e-024
816.200000  -1.742939e-023
816.400000  1.077107e-023
816.600000  4.800568e-025
816.800000  -1.083860e-023
817.000000  5.635496e-024
817.200000  1.758769e-023
817.400000  8.829719e-024
817.600000  -3.745115e-024
817.800000  9.273245e-024
818.000000  5.834294e-025
818.200000  -2.176736e-023
818.400000  -3.203610e-023
818.600000  -9.376164e-024
818.800000  -2.772742e-023
819.000000  -4.822702e-023
819.200000  -4.114113e-023
819.400000  -3.275886e-023
819.600000  -3.681504e-023
819.800000  -2.925678e-023
820.000000  -1.393183e-023
820.200000  -9.796645e-024
820.400000  -2.243114e-023
820.600000  -1.764739e-023
820.800000  8.137215e-024
821.000000  4.825451e-024
821.200000  -9.131359e-024
821.400000  -7.323736e-026
821.600000  1.504296e-023
821.800000  -8.231386e-024
822.000000  -1.428271e-023
822.200000  1.018493e-023
822.400000  1.788559e-023
822.600000  -3.427563e-024
822.800000  -1.052459e-023
823.000000  -1.041014e-023
823.200000  -3.043311e-023
823.400000  -4.084893e-023
823.600000  -2.681510e-023
823.800000  -2.540151e-023
824.000000  -5.420871e-023
824.200000  -6.560753e-023
824.400000  -4.655525e-023
824.600000  -4.367242e-023
824.800000  -5.408517e-023
825.000000  -4.336140e-023
825.200000  -1.758071e-023
825.400000  -1.478242e-023
825.600000  -2.420364e-023
825.800000  2.147326e-024
826.000000  1.626922e-023
826.200000  2.998644e-024
826.400000  -7.489267e-024
826.600000  1.696262e-023
826.800000  2.561596e-023
827.000000  3.488106e-024
827.200000  1.338652e-023
827.400000  9.278848e-024
827.600000  -2.088032e-023
827.800000  -4.271056e-023
828.000000  -3.522569e-023
828.200000  -2.503384e-023
828.400000  -3.409163e-023
828.600000  -3.387857e-023
828.800000  -9.507133e-024
829.000000  -2.046215e-023
829.200000  -3.760890e-023
829.400000  -2.741388e-023
829.600000  -1.186911e-023
829.800000  -2.451438e-023
830.000000  -4.387675e-023
830.200000  -1.460224e-023
830.400000  -2.179848e-023
830.600000  -2.345561e-023
830.800000  -1.862283e-023
831.000000  1.123288e-023
831.200000  6.043062e-024
831.400000  -1.507048e-023
831.600000  -1.110581e-023
831.800000  -7.310513e-024
832.000000  -2.230544e-023
832.200000  -3.261975e-023
832.400000  -1.684007e-023
832.600000  2.791717e-024
832.800000  -2.667116e-024
833.000000  -7.437620e-024
833.200000  1.583327e-023
833.400000  8.446637e-024
833.600000  -1.546600e-023
833.800000  -4.314513e-024
834.000000  -4.714613e-024
834.200000  -2.361599e-023
834.400000  -4.656132e-023
834.600000  -2.290129e-023
834.800000  -2.826166e-023
835.000000  -3.756884e-023
835.200000  -2.082048e-023
835.400000  7.059654e-024
835.600000  -4.611679e-024
835.800000  -2.012104e-023
836.000000  3.925342e-024
836.200000  1.151185e-023
836.400000  -1.354252e-023
836.600000  -1.904443e-023
836.800000  3.962721e-024
837.000000  -4.759638e-024
837.200000  -4.400656e-023
837.400000  -3.637398e-023
837.600000  -1.462016e-023
837.800000  -1.055939e-023
838.000000  -2.574358e-023
838.200000  -1.179511e-023
838.400000  -4.627811e-024
838.600000  -2.310207e-023
838.800000  -2.418559e-023
839.000000  5.541360e-026
839.200000  -2.483758e-024
839.400000  -1.881153e-023
839.600000  -4.636716e-024
839.800000  1.298247e-023
840.000000  4.589399e-025
840.200000  -9.146787e-024
840.400000  1.883662e-023
840.600000  2.106035e-023
840.800000  9.996306e-024
841.000000  9.505523e-025
841.200000  1.326015e-023
841.400000  3.759574e-024
841.600000  -1.216818e-023
841.800000  -1.650435e-024
842.000000  7.380399e-024
842.200000  -1.317145e-023
842.400000  -2.548539e-023
842.600000  -1.055960e-023
842.800000  -3.379208e-024
843.000000  -2.598690e-023
843.200000  -2.226008e-023
843.400000  -7.017266e-025
843.600000  -1.536118e-023
843.800000  -2.898108e-023
844.000000  -1.455660e-023
844.200000  1.487061e-023
844.400000  9.550460e-024
844.600000  4.981307e-024
844.800000  1.628153e-023
845.000000  1.493182e-023
845.200000  -8.881502e-025
845.400000  -1.356759e-023
845.600000  8.776500e-024
845.800000  -6.751272e-024
846.000000  -2.252632e-023
846.200000  -5.927642e-024
846.400000  1.131900e-023
846.600000  -9.960644e-026
846.800000  -1.798414e-023
847.000000  -4.964514e-024
847.200000  -1.155085e-023
847.400000  -3.039024e-023
847.600000  -2.360091e-023
847.800000  -9.209581e-025
848.000000  -6.116218e-024
848.200000  -1.877997e-023
848.400000  -1.374212e-023
848.600000  -4.414516e-024
848.800000  -1.530265e-023
849.000000  -1.289164e-023
849.200000  6.761063e-024
849.400000  1.030331e-023
849.600000  2.533144e-024
849.800000  4.008050e-024
850.000000  3.098594e-023
850.200000  1.381965e-023
850.400000  -1.011926e-025
850.600000  1.632111e-023
850.800000  2.117618e-023
851.000000  -3.357567e-024
851.200000  -1.846641e-023
851.400000  -3.065743e-024
851.600000  2.965842e-024
851.800000  -1.248279e-023
852.000000  -1.050547e-023
852.200000  7.408513e-024
852.400000  3.524471e-024
852.600000  -1.928194e-023
852.800000  -6.110416e-024
853.000000  5.267891e-024
853.200000  -1.018533e-023
853.400000  -1.347879e-023
853.600000  5.809225e-024
853.800000  -3.677165e-024
854.000000  -2.391704e-023
854.200000  -1.549572e-023
854.400000  2.737705e-024
854.600000  5.843329e-025
854.800000  -7.005798e-024
855.000000  1.465817e-023
855.200000  2.540268e-023
855.400000  1.220722e-023
855.600000  2.573312e-023
855.800000  3.059467e-023
856.000000  2.070012e-023
856.200000  -1.054566e-024
856.400000  -1.153210e-023
856.600000  8.644294e-024
856.800000  -1.009264e-023
857.000000  -8.642139e-024
857.200000  1.325745e-023
857.400000  1.700683e-023
857.600000  -5.311161e-024
857.800000  -1.272843e-023
858.000000  -7.074241e-024
858.200000  -1.672346e-023
858.400000  -2.719960e-023
858.600000  -7.049571e-024
858.800000  1.348239e-023
859.000000  -7.225198e-024
859.200000  -1.726448e-023
859.400000  3.315493e-024
859.600000  1.474770e-023
859.800000  3.783777e-024
860.000000  4.479284e-024
860.200000  3.164968e-023
860.400000  1.589207e-023
860.600000  5.529632e-024
860.800000  1.243429e-023
861.000000  2.848944e-023
861.200000  2.113307e-024
861.400000  -1.073797e-023
861.600000  1.375590e-023
861.800000  1.329671e-023
862.000000  -5.331654e-024
862.200000  -8.883420e-024
862.400000  1.467967e-023
862.600000  -1.974668e-024
862.800000  -2.356951e-023
863.000000  -3.331896e-024
863.200000  1.303239e-023
863.400000  9.896879e-025
863.600000  -7.968721e-024
863.800000  2.057095e-023
864.000000  1.880874e-023
864.200000  1.938509e-024
864.400000  5.530992e-024
864.600000  3.146967e-023
864.800000  9.436048e-024
865.000000  -8.694439e-024
865.200000  -6.033704e-024
865.400000  1.727233e-023
865.600000  5.308006e-024
865.800000  1.838418e-024
866.000000  3.052625e-023
866.200000  2.267216e-023
866.400000  1.579299e-023
866.600000  1.720863e-023
866.800000  4.261754e-023
867.000000  3.889241e-023
867.200000  2.339977e-023
867.400000  4.147229e-023
867.600000  3.804300e-023
867.800000  1.588432e-023
868.000000  1.287871e-024
868.200000  1.583455e-023
868.400000  -4.680730e-024
868.600000  -2.428834e-023
868.800000  -2.044117e-023
869.000000  2.754109e-024
869.200000  7.698843e-025
869.400000  -3.572275e-024
869.600000  2.292860e-023
869.800000  3.512856e-023
870.000000  2.546164e-023
870.200000  1.704813e-023
870.400000  3.429413e-023
870.600000  2.653985e-023
870.800000  4.643838e-024
871.000000  1.956106e-023
871.200000  4.241526e-023
871.400000  2.493023e-023
871.600000  2.317085e-023
871.800000  3.718571e-023
872.000000  4.865501e-023
872.200000  2.551181e-023
872.400000  3.099945e-023
872.600000  4.654565e-023
872.800000  3.784708e-023
873.000000  1.827476e-023
873.200000  2.373654e-023
873.400000  4.923324e-023
873.600000  3.592017e-023
873.800000  2.888513e-023
874.000000  5.655299e-023
874.200000  5.595616e-023
874.400000  3.181963e-023
874.600000  3.009775e-023
874.800000  4.577204e-023
875.000000  4.773154e-023
875.200000  2.900002e-023
875.400000  3.038003e-023
875.600000  2.929063e-023
875.800000  9.402738e-024
876.000000  4.464539e-024
876.200000  2.350325e-023
876.400000  2.553423e-023
876.600000  2.970141e-023
876.800000  4.318383e-023
877.000000  5.725516e-023
877.200000  3.908998e-023
877.400000  3.399636e-023
877.600000  5.267275e-023
877.800000  5.184248e-023
878.000000  3.689858e-023
878.200000  3.149354e-023
878.400000  7.010007e-023
878.600000  7.620981e-023
878.800000  6.436926e-023
879.000000  6.401484e-023
879.200000  8.486550e-023
879.400000  7.724128e-023
879.600000  5.946117e-023
879.800000  6.484596e-023
880.000000  6.648840e-023
880.200000  4.274115e-023
880.400000  3.311435e-023
880.600000  6.692394e-023
880.800000  6.904818e-023
881.000000  5.401455e-023
881.200000  5.911801e-023
881.400000  7.275354e-023
881.600000  5.993182e-023
881.800000  3.933279e-023
882.000000  6.619249e-023
882.200000  8.326136e-023
882.400000  8.340650e-023
882.600000  7.660081e-023
882.800000  1.049695e-022
883.000000  1.067416e-022
883.200000  8.545980e-023
883.400000  9.338494e-023
883.600000  1.140638e-022
883.800000  1.063965e-022
884.000000  9.839557e-023
884.200000  1.252180e-022
884.400000  1.295010e-022
884.600000  1.122349e-022
884.800000  9.713346e-023
885.000000  1.054667e-022
885.200000  9.089835e-023
885.400000  7.363105e-023
885.600000  1.002556e-022
885.800000  1.153392e-022
886.000000  1.023785e-022
886.200000  1.048828e-022
886.400000  1.387284e-022
886.600000  1.444189e-022
886.800000  1.432615e-022
887.000000  1.447089e-022
887.200000  1.690795e-022
887.400000  1.586204e-022
887.600000  1.412429e-022
887.800000  1.494050e-022
888.000000  1.603661e-022
888.200000  1.551937e-022
888.400000  1.458295e-022
888.600000  1.782092e-022
888.800000  1.851507e-022
889.000000  1.705618e-022
889.200000  1.773159e-022
889.400000  2.003522e-022
889.600000  1.924419e-022
889.800000  1.791227e-022
890.000000  2.021311e-022
890.200000  2.171173e-022
890.400000  2.037698e-022
890.600000  1.836195e-022
890.800000  2.067714e-022
891.000000  2.122881e-022
891.200000  1.922260e-022
891.400000  1.990889e-022
891.600000  2.316874e-022
891.800000  2.331512e-022
892.000000  2.333533e-022
892.200000  2.458199e-022
892.400000  2.580555e-022
892.600000  2.405605e-022
892.800000  2.299597e-022
893.000000  2.463994e-022
893.200000  2.545468e-022
893.400000  2.560870e-022
893.600000  2.686433e-022
893.800000  2.946089e-022
894.000000  2.931529e-022
894.200000  2.785841e-022
894.400000  2.898229e-022
894.600000  2.953620e-022
894.800000  2.724686e-022
895.000000  2.688564e-022
895.200000  2.979458e-022
895.400000  2.975545e-022
895.600000  2.949961e-022
895.800000  3.021746e-022
896.000000  3.170769e-022
896.200000  3.196968e-022
896.400000  2.968396e-022
896.600000  3.204261e-022
896.800000  3.191123e-022
897.000000  3.028571e-022
897.200000  3.004796e-022
897.400000  3.403704e-022
897.600000  3.617378e-022
897.800000  3.630709e-022
898.000000  3.840807e-022
898.200000  4.097560e-022
898.400000  3.931839e-022
898.600000  3.719835e-022
898.800000  3.876814e-022
899.000000  3.764460e-022
899.200000  3.602165e-022
899.400000  3.579695e-022
899.600000  3.852385e-022
899.800000  3.850419e-022
900.000000  3.596008e-022
900.200000  3.737780e-022
900.400000  3.849902e-022
900.600000  3.893328e-022
900.800000  3.898280e-022
901.000000  4.314082e-022
901.200000  4.374750e-022
901.400000  4.305572e-022
901.600000  4.421668e-022
901.800000  4.837305e-022
902.000000  4.677586e-022
902.200000  4.565794e-022
902.400000  4.802990e-022
902.600000  4.958151e-022
902.800000  4.897284e-022
903.000000  4.769423e-022
903.200000  5.098410e-022
903.400000  5.185845e-022
903.600000  5.086117e-022
903.800000  5.146160e-022
904.000000  5.367611e-022
904.200000  5.464153e-022
904.400000  5.351541e-022
904.600000  5.450588e-022
904.800000  5.588092e-022
905.000000  5.590779e-022
905.200000  5.460014e-022
905.400000  5.688838e-022
905.600000  5.847363e-022
905.800000  5.703277e-022
906.000000  5.861590e-022
906.200000  6.195049e-022
906.400000  6.183492e-022
906.600000  6.171692e-022
906.800000  6.470015e-022
907.000000  6.720577e-022
907.200000  6.739752e-022
907.400000  6.759959e-022
907.600000  7.049189e-022
907.800000  7.174578e-022
908.000000  7.123328e-022
908.200000  7.275625e-022
908.400000  7.468239e-022
908.600000  7.307143e-022
908.800000  7.078025e-022
909.000000  7.368705e-022
909.200000  7.683204e-022
909.400000  7.761481e-022
909.600000  7.835367e-022
909.800000  8.250971e-022
910.000000  8.461630e-022
910.200000  8.448133e-022
910.400000  8.736865e-022
910.600000  9.120792e-022
910.800000  9.160007e-022
911.000000  9.132182e-022
911.200000  9.443557e-022
911.400000  9.758268e-022
911.600000  9.855253e-022
911.800000  1.003784e-021
912.000000  1.049955e-021
912.200000  1.076781e-021
912.400000  1.092650e-021
912.600000  1.116925e-021
912.800000  1.150889e-021
913.000000  1.167290e-021
913.200000  1.184148e-021
913.400000  1.225385e-021
913.600000  1.258987e-021
913.800000  1.274423e-021
914.000000  1.302422e-021
914.200000  1.355133e-021
914.400000  1.368432e-021
914.600000  1.388311e-021
914.800000  1.441812e-021
915.000000  1.482953e-021
915.200000  1.501298e-021
915.400000  1.524040e-021
915.600000  1.577951e-021
915.800000  1.635013e-021
916.000000  1.657054e-021
916.200000  1.697799e-021
916.400000  1.765385e-021
916.600000  1.795234e-021
916.800000  1.824137e-021
917.000000  1.881570e-021
917.200000  1.940385e-021
917.400000  1.975947e-021
917.600000  2.029762e-021
917.800000  2.110819e-021
918.000000  2.164567e-021
918.200000  2.205234e-021
918.400000  2.246791e-021
918.600000  2.317948e-021
918.800000  2.367962e-021
919.000000  2.383911e-021
919.200000  2.443972e-021
919.400000  2.479363e-021
919.600000  2.494127e-021
919.800000  2.513701e-021
920.000000  2.551189e-021
920.200000  2.567331e-021
920.400000  2.571837e-021
920.600000  2.595143e-021
920.800000  2.640947e-021
921.000000  2.644073e-021
921.200000  2.627400e-021
921.400000  2.644124e-021
921.600000  2.651121e-021
921.800000  2.651797e-021
922.000000  2.654037e-021
922.200000  2.674492e-021
922.400000  2.681019e-021
922.600000  2.675754e-021
922.800000  2.674223e-021
923.000000  2.684446e-021
923.200000  2.658555e-021
923.400000  2.642518e-021
923.600000  2.647886e-021
923.800000  2.652565e-021
924.000000  2.616076e-021
924.200000  2.601729e-021
924.400000  2.600776e-021
924.600000  2.560932e-021
924.800000  2.523281e-021
925.000000  2.524507e-021
925.200000  2.533049e-021
925.400000  2.517906e-021
925.600000  2.483300e-021
925.800000  2.483444e-021
926.000000  2.477843e-021
926.200000  2.439488e-021
926.400000  2.420959e-021
926.600000  2.436026e-021
926.800000  2.410768e-021
927.000000  2.383111e-021
927.200000  2.373576e-021
927.400000  2.382124e-021
927.600000  2.355401e-021
927.800000  2.322843e-021
928.000000  2.325531e-021
928.200000  2.323434e-021
928.400000  2.282079e-021
928.600000  2.264286e-021
928.800000  2.262076e-021
929.000000  2.218510e-021
929.200000  2.186721e-021
929.400000  2.187362e-021
929.600000  2.195166e-021
929.800000  2.172122e-021
930.000000  2.155624e-021
930.200000  2.166470e-021
930.400000  2.162356e-021
930.600000  2.135483e-021
930.800000  2.142671e-021
931.000000  2.159710e-021
931.200000  2.129939e-021
931.400000  2.082476e-021
931.600000  2.078751e-021
931.800000  2.074421e-021
932.000000  2.045696e-021
932.200000  2.031530e-021
932.400000  2.040886e-021
932.600000  2.028174e-021
932.800000  2.003540e-021
933.000000  1.992422e-021
933.200000  2.005658e-021
933.400000  1.994519e-021
933.600000  1.977890e-021
933.800000  1.986827e-021
934.000000  1.985127e-021
934.200000  1.954865e-021
934.400000  1.949549e-021
934.600000  1.975342e-021
934.800000  1.953075e-021
935.000000  1.906661e-021
935.200000  1.892657e-021
935.400000  1.921611e-021
935.600000  1.917732e-021
935.800000  1.899017e-021
936.000000  1.901698e-021
936.200000  1.909935e-021
936.400000  1.875933e-021
936.600000  1.853082e-021
936.800000  1.869709e-021
937.000000  1.858130e-021
937.200000  1.838605e-021
937.400000  1.836869e-021
937.600000  1.841186e-021
937.800000  1.835116e-021
938.000000  1.833931e-021
938.200000  1.866962e-021
938.400000  1.861883e-021
938.600000  1.827852e-021
938.800000  1.820826e-021
939.000000  1.856383e-021
939.200000  1.860826e-021
939.400000  1.847491e-021
939.600000  1.850562e-021
939.800000  1.871244e-021
940.000000  1.861832e-021
940.200000  1.854246e-021
940.400000  1.884808e-021
940.600000  1.895703e-021
940.800000  1.881247e-021
941.000000  1.892039e-021
941.200000  1.924048e-021
941.400000  1.946536e-021
941.600000  1.948122e-021
941.800000  1.974918e-021
942.000000  2.010076e-021
942.200000  2.005428e-021
942.400000  1.987399e-021
942.600000  2.000533e-021
942.800000  2.001027e-021
943.000000  1.981795e-021
943.200000  1.991152e-021
943.400000  2.015551e-021
943.600000  1.991579e-021
943.800000  1.974890e-021
944.000000  1.989177e-021
944.200000  2.020324e-021
944.400000  2.014313e-021
944.600000  2.001534e-021
944.800000  2.019812e-021
945.000000  2.030192e-021
945.200000  2.015130e-021
945.400000  2.003245e-021
945.600000  2.008552e-021
945.800000  1.981353e-021
946.000000  1.968758e-021
946.200000  1.984129e-021
946.400000  1.998984e-021
946.600000  1.981875e-021
946.800000  1.969009e-021
947.000000  1.991060e-021
947.200000  1.995442e-021
947.400000  1.979600e-021
947.600000  1.970967e-021
947.800000  1.985551e-021
948.000000  1.979699e-021
948.200000  1.961199e-021
948.400000  1.977617e-021
948.600000  1.999649e-021
948.800000  1.970850e-021
949.000000  1.953600e-021
949.200000  1.985510e-021
949.400000  1.985220e-021
949.600000  1.975102e-021
949.800000  1.986437e-021
950.000000  2.008603e-021
950.200000  2.000797e-021
950.400000  1.985085e-021
950.600000  1.998554e-021
950.800000  2.008673e-021
951.000000  1.990943e-021
951.200000  1.982886e-021
951.400000  2.017412e-021
951.600000  2.027065e-021
951.800000  2.019509e-021
952.000000  2.042108e-021
952.200000  2.080925e-021
952.400000  2.087013e-021
952.600000  2.082555e-021
952.800000  2.114452e-021
953.000000  2.129493e-021
953.200000  2.114643e-021
953.400000  2.101076e-021
953.600000  2.128623e-021
953.800000  2.138488e-021
954.000000  2.135289e-021
954.200000  2.136539e-021
954.400000  2.162573e-021
954.600000  2.162131e-021
954.800000  2.152639e-021
955.000000  2.167051e-021
955.200000  2.179807e-021
955.400000  2.163852e-021
955.600000  2.157861e-021
955.800000  2.208149e-021
956.000000  2.221656e-021
956.200000  2.202527e-021
956.400000  2.211198e-021
956.600000  2.238151e-021
956.800000  2.224210e-021
957.000000  2.198740e-021
957.200000  2.224673e-021
957.400000  2.255769e-021
957.600000  2.253020e-021
957.800000  2.256055e-021
958.000000  2.308728e-021
958.200000  2.331965e-021
958.400000  2.308788e-021
958.600000  2.325289e-021
958.800000  2.380430e-021
959.000000  2.384198e-021
959.200000  2.360449e-021
959.400000  2.390513e-021
959.600000  2.410302e-021
959.800000  2.390810e-021
960.000000  2.393975e-021
960.200000  2.441657e-021
960.400000  2.459004e-021
960.600000  2.457371e-021
960.800000  2.491780e-021
961.000000  2.540188e-021
961.200000  2.546079e-021
961.400000  2.515501e-021
961.600000  2.556700e-021
961.800000  2.594060e-021
962.000000  2.589105e-021
962.200000  2.598766e-021
962.400000  2.654874e-021
962.600000  2.663024e-021
962.800000  2.662423e-021
963.000000  2.706023e-021
963.200000  2.783269e-021
963.400000  2.824649e-021
963.600000  2.887894e-021
963.800000  3.039026e-021
964.000000  3.212150e-021
964.200000  3.360682e-021
964.400000  3.527806e-021
964.600000  3.656840e-021
964.800000  3.642988e-021
965.000000  3.512485e-021
965.200000  3.373673e-021
965.400000  3.280185e-021
965.600000  3.159794e-021
965.800000  3.076498e-021
966.000000  3.073951e-021
966.200000  3.066196e-021
966.400000  3.020809e-021
966.600000  3.016413e-021
966.800000  3.050909e-021
967.000000  3.051502e-021
967.200000  3.028542e-021
967.400000  3.051826e-021
967.600000  3.080122e-021
967.800000  3.049568e-021
968.000000  3.035012e-021
968.200000  3.085160e-021
968.400000  3.108628e-021
968.600000  3.107636e-021
968.800000  3.111705e-021
969.000000  3.162918e-021
969.200000  3.159196e-021
969.400000  3.116527e-021
969.600000  3.131054e-021
969.800000  3.165904e-021
970.000000  3.143159e-021
970.200000  3.120287e-021
970.400000  3.161647e-021
970.600000  3.174069e-021
970.800000  3.133459e-021
971.000000  3.147317e-021
971.200000  3.177880e-021
971.400000  3.170707e-021
971.600000  3.149413e-021
971.800000  3.187140e-021
972.000000  3.216097e-021
972.200000  3.199026e-021
972.400000  3.205915e-021
972.600000  3.264520e-021
972.800000  3.293168e-021
973.000000  3.293689e-021
973.200000  3.334326e-021
973.400000  3.420333e-021
973.600000  3.457513e-021
973.800000  3.465500e-021
974.000000  3.540213e-021
974.200000  3.624455e-021
974.400000  3.653238e-021
974.600000  3.689073e-021
974.800000  3.789405e-021
975.000000  3.865096e-021
975.020000  3.866595e-021
975.040000  3.862241e-021
975.060000  3.892115e-021
975.080000  3.891861e-021
975.100000  3.936772e-021
975.120000  3.911116e-021
975.140000  3.918245e-021
975.160000  3.908313e-021
975.180000  3.936723e-021
975.200000  3.917038e-021
975.220000  3.942473e-021
975.240000  3.950334e-021
975.260000  3.960537e-021
975.280000  3.971695e-021
975.300000  3.954391e-021
975.320000  3.991738e-021
975.340000  4.002495e-021
975.360000  4.014690e-021
975.380000  4.028808e-021
975.400000  4.019294e-021
975.420000  4.034244e-021
975.440000  4.034532e-021
975.460000  4.072532e-021
975.480000  4.075741e-021
975.500000  4.046368e-021
975.520000  4.062950e-021
975.540000  4.058949e-021
975.560000  4.083829e-021
975.580000  4.097731e-021
975.600000  4.101974e-021
975.620000  4.125373e-021
975.640000  4.105849e-021
975.660000  4.123912e-021
975.680000  4.127835e-021
975.700000  4.162808e-021
975.720000  4.189142e-021
975.740000  4.150005e-021
975.760000  4.154965e-021
975.780000  4.159441e-021
975.800000  4.188308e-021
975.820000  4.220547e-021
975.840000  4.222238e-021
975.860000  4.200870e-021
975.880000  4.222099e-021
975.900000  4.252004e-021
975.920000  4.242584e-021
975.940000  4.290918e-021
975.960000  4.285472e-021
975.980000  4.280038e-021
976.000000  4.271572e-021
976.020000  4.286086e-021
976.040000  4.320580e-021
976.060000  4.340383e-021
976.080000  4.323205e-021
976.100000  4.360028e-021
976.120000  4.383622e-021
976.140000  4.385452e-021
976.160000  4.414916e-021
976.180000  4.403690e-021
976.200000  4.430634e-021
976.220000  4.444060e-021
976.240000  4.467601e-021
976.260000  4.465253e-021
976.280000  4.451790e-021
976.300000  4.465326e-021
976.320000  4.489585e-021
976.340000  4.504351e-021
976.360000  4.501996e-021
976.380000  4.492677e-021
976.400000  4.495139e-021
976.420000  4.501194e-021
976.440000  4.548858e-021
976.460000  4.558269e-021
976.480000  4.544311e-021
976.500000  4.571155e-021
976.520000  4.575156e-021
976.540000  4.558412e-021
976.560000  4.590305e-021
976.580000  4.616372e-021
976.600000  4.637612e-021
976.620000  4.609831e-021
976.640000  4.631285e-021
976.660000  4.657289e-021
976.680000  4.661070e-021
976.700000  4.705217e-021
976.720000  4.694392e-021
976.740000  4.710569e-021
976.760000  4.734723e-021
976.780000  4.781276e-021
976.800000  4.775956e-021
976.820000  4.794366e-021
976.840000  4.811694e-021
976.860000  4.793939e-021
976.880000  4.817595e-021
976.900000  4.840211e-021
976.920000  4.866433e-021
976.940000  4.877578e-021
976.960000  4.883476e-021
976.980000  4.915825e-021
977.000000  4.900569e-021
977.020000  4.926199e-021
977.040000  4.931821e-021
977.060000  5.003076e-021
977.080000  4.973415e-021
977.100000  4.982674e-021
977.120000  5.002751e-021
977.140000  4.999440e-021
977.160000  5.032267e-021
977.180000  5.044667e-021
977.200000  5.074160e-021
977.220000  5.060809e-021
977.240000  5.074281e-021
977.260000  5.072510e-021
977.280000  5.121681e-021
977.300000  5.131632e-021
977.320000  5.119332e-021
977.340000  5.159696e-021
977.360000  5.162250e-021
977.380000  5.182306e-021
977.400000  5.204346e-021
977.420000  5.219652e-021
977.440000  5.220452e-021
977.460000  5.247234e-021
977.480000  5.278017e-021
977.500000  5.283301e-021
977.520000  5.291798e-021
977.540000  5.322236e-021
977.560000  5.334689e-021
977.580000  5.312855e-021
977.600000  5.316234e-021
977.620000  5.332280e-021
977.640000  5.371245e-021
977.660000  5.379009e-021
977.680000  5.403263e-021
977.700000  5.401857e-021
977.720000  5.411690e-021
977.740000  5.434854e-021
977.760000  5.466216e-021
977.780000  5.444723e-021
977.800000  5.456037e-021
977.820000  5.446320e-021
977.840000  5.476884e-021
977.860000  5.498879e-021
977.880000  5.542902e-021
977.900000  5.509118e-021
977.920000  5.529968e-021
977.940000  5.549569e-021
977.960000  5.534843e-021
977.980000  5.587722e-021
978.000000  5.590228e-021
978.020000  5.616344e-021
978.040000  5.618034e-021
978.060000  5.607150e-021
978.080000  5.634018e-021
978.100000  5.650458e-021
978.120000  5.663413e-021
978.140000  5.701225e-021
978.160000  5.685855e-021
978.180000  5.698167e-021
978.200000  5.731913e-021
978.220000  5.732828e-021
978.240000  5.761031e-021
978.260000  5.794502e-021
978.280000  5.764313e-021
978.300000  5.774618e-021
978.320000  5.823515e-021
978.340000  5.818600e-021
978.360000  5.866529e-021
978.380000  5.832895e-021
978.400000  5.851449e-021
978.420000  5.841053e-021
978.440000  5.827003e-021
978.460000  5.866657e-021
978.480000  5.871754e-021
978.500000  5.860552e-021
978.520000  5.864161e-021
978.540000  5.896083e-021
978.560000  5.932064e-021
978.580000  5.919207e-021
978.600000  5.941049e-021
978.620000  5.973103e-021
978.640000  5.947370e-021
978.660000  5.942950e-021
978.680000  5.919635e-021
978.700000  5.953082e-021
978.720000  5.978391e-021
978.740000  5.973178e-021
978.760000  5.968732e-021
978.780000  5.984183e-021
978.800000  6.005867e-021
978.820000  6.007731e-021
978.840000  6.021948e-021
978.860000  6.016083e-021
978.880000  6.035725e-021
978.900000  6.023659e-021
978.920000  6.037110e-021
978.940000  6.086437e-021
978.960000  6.066425e-021
978.980000  6.105796e-021
979.000000  6.074005e-021
979.020000  6.033581e-021
979.040000  6.089325e-021
979.060000  6.106388e-021
979.080000  6.099191e-021
979.100000  6.145406e-021
979.120000  6.127107e-021
979.140000  6.132448e-021
979.160000  6.139365e-021
979.180000  6.150232e-021
979.200000  6.219260e-021
979.220000  6.132746e-021
979.240000  6.171451e-021
979.260000  6.170678e-021
979.280000  6.211358e-021
979.300000  6.180252e-021
979.320000  6.225059e-021
979.340000  6.229112e-021
979.360000  6.245275e-021
979.380000  6.219523e-021
979.400000  6.209921e-021
979.420000  6.231417e-021
979.440000  6.240885e-021
979.460000  6.261704e-021
979.480000  6.273661e-021
979.500000  6.246712e-021
979.520000  6.240855e-021
979.540000  6.269751e-021
979.560000  6.276024e-021
979.580000  6.286369e-021
979.600000  6.306532e-021
979.620000  6.280955e-021
979.640000  6.270905e-021
979.660000  6.256834e-021
979.680000  6.290604e-021
979.700000  6.320547e-021
979.720000  6.284286e-021
979.740000  6.271790e-021
979.760000  6.287737e-021
979.780000  6.265496e-021
979.800000  6.253052e-021
979.820000  6.248916e-021
979.840000  6.256892e-021
979.860000  6.267311e-021
979.880000  6.276940e-021
979.900000  6.259016e-021
979.920000  6.243588e-021
979.940000  6.225015e-021
979.960000  6.236155e-021
979.980000  6.253771e-021
980.000000  6.255285e-021
980.020000  6.227010e-021
980.040000  6.253387e-021
980.060000  6.237974e-021
980.080000  6.215448e-021
980.100000  6.193067e-021
980.120000  6.207249e-021
980.140000  6.219869e-021
980.160000  6.234112e-021
980.180000  6.183944e-021
980.200000  6.217912e-021
980.220000  6.208144e-021
980.240000  6.196835e-021
980.260000  6.198193e-021
980.280000  6.183793e-021
980.300000  6.170250e-021
980.320000  6.156775e-021
980.340000  6.165952e-021
980.360000  6.181394e-021
980.380000  6.170249e-021
980.400000  6.160709e-021
980.420000  6.150710e-021
980.440000  6.100703e-021
980.460000  6.096995e-021
980.480000  6.134772e-021
980.500000  6.133337e-021
980.520000  6.118819e-021
980.540000  6.108192e-021
980.560000  6.090729e-021
980.580000  6.045351e-021
980.600000  6.040969e-021
980.620000  6.056345e-021
980.640000  6.071049e-021
980.660000  6.022929e-021
980.680000  5.976746e-021
980.700000  5.984410e-021
980.720000  5.962991e-021
980.740000  5.951280e-021
980.760000  5.928473e-021
980.780000  5.907951e-021
980.800000  5.912507e-021
980.820000  5.875867e-021
980.840000  5.857705e-021
980.860000  5.877538e-021
980.880000  5.866661e-021
980.900000  5.833981e-021
980.920000  5.808740e-021
980.940000  5.798006e-021
980.960000  5.803848e-021
980.980000  5.753014e-021
981.000000  5.758069e-021
981.020000  5.726347e-021
981.040000  5.726626e-021
981.060000  5.682574e-021
981.080000  5.667511e-021
981.100000  5.690174e-021
981.120000  5.687672e-021
981.140000  5.680983e-021
981.160000  5.614134e-021
981.180000  5.635802e-021
981.200000  5.604523e-021
981.220000  5.596555e-021
981.240000  5.576335e-021
981.260000  5.523148e-021
981.280000  5.532783e-021
981.300000  5.535022e-021
981.320000  5.497643e-021
981.340000  5.487165e-021
981.360000  5.462755e-021
981.380000  5.445075e-021
981.400000  5.409072e-021
981.420000  5.379619e-021
981.440000  5.401772e-021
981.460000  5.361248e-021
981.480000  5.350120e-021
981.500000  5.297122e-021
981.520000  5.304682e-021
981.540000  5.269300e-021
981.560000  5.246198e-021
981.580000  5.235210e-021
981.600000  5.197093e-021
981.620000  5.176633e-021
981.640000  5.168747e-021
981.660000  5.160247e-021
981.680000  5.137457e-021
981.700000  5.130868e-021
981.720000  5.111921e-021
981.740000  5.069753e-021
981.760000  5.048619e-021
981.780000  5.047613e-021
981.800000  5.035669e-021
981.820000  5.022915e-021
981.840000  5.008985e-021
981.860000  4.967508e-021
981.880000  4.924635e-021
981.900000  4.956072e-021
981.920000  4.939353e-021
981.940000  4.941085e-021
981.960000  4.877860e-021
981.980000  4.859075e-021
982.000000  4.833974e-021
982.020000  4.823835e-021
982.040000  4.811413e-021
982.060000  4.808822e-021
982.080000  4.803352e-021
982.100000  4.777236e-021
982.120000  4.738788e-021
982.140000  4.743621e-021
982.160000  4.708862e-021
982.180000  4.717609e-021
982.200000  4.692591e-021
982.220000  4.661458e-021
982.240000  4.610709e-021
982.260000  4.639005e-021
982.280000  4.623133e-021
982.300000  4.613921e-021
982.320000  4.622889e-021
982.340000  4.574245e-021
982.360000  4.541816e-021
982.380000  4.537645e-021
982.400000  4.535638e-021
982.420000  4.523964e-021
982.440000  4.512330e-021
982.460000  4.476187e-021
982.480000  4.471075e-021
982.500000  4.448503e-021
982.520000  4.458761e-021
982.540000  4.453151e-021
982.560000  4.445442e-021
982.580000  4.416751e-021
982.600000  4.396600e-021
982.620000  4.392309e-021
982.640000  4.357968e-021
982.660000  4.379585e-021
982.680000  4.369093e-021
982.700000  4.328265e-021
982.720000  4.312786e-021
982.740000  4.292783e-021
982.760000  4.288592e-021
982.780000  4.312411e-021
982.800000  4.264029e-021
982.820000  4.248267e-021
982.840000  4.226008e-021
982.860000  4.214323e-021
982.880000  4.217165e-021
982.900000  4.197970e-021
982.920000  4.153506e-021
982.940000  4.137458e-021
982.960000  4.104738e-021
982.980000  4.114785e-021
983.000000  4.114524e-021
983.020000  4.116652e-021
983.040000  4.078527e-021
983.060000  4.044589e-021
983.080000  4.031636e-021
983.100000  4.024504e-021
983.120000  4.024620e-021
983.140000  4.015561e-021
983.160000  3.985856e-021
983.180000  3.971118e-021
983.200000  3.941679e-021
983.220000  3.943368e-021
983.240000  3.959781e-021
983.260000  3.948162e-021
983.280000  3.933288e-021
983.300000  3.914733e-021
983.320000  3.907517e-021
983.340000  3.901261e-021
983.360000  3.920746e-021
983.380000  3.912130e-021
983.400000  3.871949e-021
983.420000  3.864058e-021
983.440000  3.858490e-021
983.460000  3.858924e-021
983.480000  3.869983e-021
983.500000  3.863484e-021
983.520000  3.850088e-021
983.540000  3.802470e-021
983.560000  3.814751e-021
983.580000  3.817467e-021
983.600000  3.803770e-021
983.620000  3.795567e-021
983.640000  3.769269e-021
983.660000  3.766079e-021
983.680000  3.748023e-021
983.700000  3.753388e-021
983.720000  3.752903e-021
983.740000  3.727708e-021
983.760000  3.710226e-021
983.780000  3.691916e-021
983.800000  3.674115e-021
983.820000  3.686147e-021
983.840000  3.704428e-021
983.860000  3.686713e-021
983.880000  3.652367e-021
983.900000  3.666082e-021
983.920000  3.640264e-021
983.940000  3.646480e-021
983.960000  3.656643e-021
983.980000  3.655407e-021
984.000000  3.652861e-021
984.020000  3.597332e-021
984.040000  3.600481e-021
984.060000  3.617488e-021
984.080000  3.631073e-021
984.100000  3.635108e-021
984.120000  3.589340e-021
984.140000  3.598085e-021
984.160000  3.609870e-021
984.180000  3.600924e-021
984.200000  3.604069e-021
984.220000  3.599185e-021
984.240000  3.562563e-021
984.260000  3.581701e-021
984.280000  3.564003e-021
984.300000  3.581427e-021
984.320000  3.574858e-021
984.340000  3.553780e-021
984.360000  3.544279e-021
984.380000  3.512791e-021
984.400000  3.508442e-021
984.420000  3.522797e-021
984.440000  3.521520e-021
984.460000  3.525750e-021
984.480000  3.472225e-021
984.500000  3.474712e-021
984.520000  3.481401e-021
984.540000  3.488106e-021
984.560000  3.486401e-021
984.580000  3.472090e-021
984.600000  3.462001e-021
984.620000  3.434478e-021
984.640000  3.427856e-021
984.660000  3.454519e-021
984.680000  3.443698e-021
984.700000  3.441222e-021
984.720000  3.422165e-021
984.740000  3.411452e-021
984.760000  3.404891e-021
984.780000  3.431355e-021
984.800000  3.404140e-021
984.820000  3.429142e-021
984.840000  3.384111e-021
984.860000  3.376177e-021
984.880000  3.392799e-021
984.900000  3.397149e-021
984.920000  3.385094e-021
984.940000  3.360847e-021
984.960000  3.361093e-021
984.980000  3.357270e-021
985.000000  3.365656e-021
985.200000  3.274228e-021
985.400000  3.226955e-021
985.600000  3.220512e-021
985.800000  3.195171e-021
986.000000  3.127229e-021
986.200000  3.064530e-021
986.400000  3.038243e-021
986.600000  2.986386e-021
986.800000  2.890602e-021
987.000000  2.855336e-021
987.200000  2.810292e-021
987.400000  2.731399e-021
987.600000  2.669313e-021
987.800000  2.649288e-021
988.000000  2.615253e-021
988.200000  2.543918e-021
988.400000  2.487626e-021
988.600000  2.472041e-021
988.800000  2.437694e-021
989.000000  2.407035e-021
989.200000  2.402081e-021
989.400000  2.403987e-021
989.600000  2.338914e-021
989.800000  2.282303e-021
990.000000  2.267601e-021
990.200000  2.227279e-021
990.400000  2.136371e-021
990.600000  2.106078e-021
990.800000  2.108451e-021
991.000000  2.068097e-021
991.200000  2.014227e-021
991.400000  2.000634e-021
991.600000  1.982232e-021
991.800000  1.907868e-021
992.000000  1.852724e-021
992.200000  1.832845e-021
992.400000  1.771048e-021
992.600000  1.686983e-021
992.800000  1.658577e-021
993.000000  1.651589e-021
993.200000  1.592416e-021
993.400000  1.521765e-021
993.600000  1.486477e-021
993.800000  1.448623e-021
994.000000  1.367790e-021
994.200000  1.308926e-021
994.400000  1.315859e-021
994.600000  1.291155e-021
994.800000  1.235134e-021
995.000000  1.218735e-021
995.200000  1.241347e-021
995.400000  1.221358e-021
995.600000  1.183949e-021
995.800000  1.187464e-021
996.000000  1.193158e-021
996.200000  1.138583e-021
996.400000  1.119210e-021
996.600000  1.111433e-021
996.800000  1.076858e-021
997.000000  1.023393e-021
997.200000  1.027274e-021
997.400000  1.037832e-021
997.600000  1.001967e-021
997.800000  9.535777e-022
998.000000  9.514942e-022
998.200000  9.367024e-022
998.400000  8.788380e-022
998.600000  8.782999e-022
998.800000  9.137482e-022
999.000000  8.877440e-022
999.200000  8.413146e-022
999.400000  8.336114e-022
999.600000  8.409204e-022
999.800000  7.827867e-022
1000.000000  7.335124e-022
1000.200000  7.137346e-022
1000.400000  7.179893e-022
1000.600000  6.828434e-022
1000.800000  6.578015e-022
1001.000000  6.700825e-022
1001.200000  6.650464e-022
1001.400000  6.397572e-022
1001.600000  6.258349e-022
1001.800000  6.112297e-022
1002.000000  6.065764e-022
1002.200000  6.022022e-022
1002.400000  6.210687e-022
1002.600000  6.326568e-022
1002.800000  6.091129e-022
1003.000000  5.967592e-022
1003.200000  6.120862e-022
1003.400000  6.054202e-022
1003.600000  5.831137e-022
1003.800000  5.442144e-022
1004.000000  5.294009e-022
1004.200000  5.171177e-022
1004.400000  5.131144e-022
1004.600000  5.306068e-022
1004.800000  5.446689e-022
1005.000000  5.126433e-022
1005.200000  5.032933e-022
1005.400000  5.016936e-022
1005.600000  5.021592e-022
1005.800000  4.842207e-022
1006.000000  4.980422e-022
1006.200000  4.883074e-022
1006.400000  4.667572e-022
1006.600000  4.392465e-022
1006.800000  4.514089e-022
1007.000000  4.688850e-022
1007.200000  4.515221e-022
1007.400000  4.432240e-022
1007.600000  4.483738e-022
1007.800000  4.490792e-022
1008.000000  4.228699e-022
1008.200000  4.146920e-022
1008.400000  4.236058e-022
1008.600000  4.275753e-022
1008.800000  4.196227e-022
1009.000000  4.345161e-022
1009.200000  4.285653e-022
1009.400000  4.150597e-022
1009.600000  4.190030e-022
1009.800000  4.548209e-022
1010.000000  4.428023e-022
1010.200000  4.073135e-022
1010.400000  3.851547e-022
1010.600000  4.021523e-022
1010.800000  3.788428e-022
1011.000000  3.549633e-022
1011.200000  3.748409e-022
1011.400000  3.662641e-022
1011.600000  3.587240e-022
1011.800000  3.617395e-022
1012.000000  3.887473e-022
1012.200000  3.822517e-022
1012.400000  3.647310e-022
1012.600000  3.560371e-022
1012.800000  3.588505e-022
1013.000000  3.682099e-022
1013.200000  3.693477e-022
1013.400000  3.717034e-022
1013.600000  3.612523e-022
1013.800000  3.293842e-022
1014.000000  3.249977e-022
1014.200000  3.170476e-022
1014.400000  2.882414e-022
1014.600000  2.345996e-022
1014.800000  2.353227e-022
1015.000000  2.529492e-022
1015.200000  2.697436e-022
1015.400000  2.581381e-022
1015.600000  2.796545e-022
1015.800000  2.849502e-022
1016.000000  2.598147e-022
1016.200000  2.615055e-022
1016.400000  2.654347e-022
1016.600000  2.702794e-022
1016.800000  2.629390e-022
1017.000000  2.773873e-022
1017.200000  2.826939e-022
1017.400000  2.538743e-022
1017.600000  2.420310e-022
1017.800000  2.577520e-022
1018.000000  2.644524e-022
1018.200000  2.306480e-022
1018.400000  2.339081e-022
1018.600000  2.399930e-022
1018.800000  2.327512e-022
1019.000000  2.160630e-022
1019.200000  2.089645e-022
1019.400000  2.216465e-022
1019.600000  2.008310e-022
1019.800000  2.075683e-022
1020.000000  2.135478e-022
1020.200000  1.752688e-022
1020.400000  1.743288e-022
1020.600000  1.371063e-022
1020.800000  1.434711e-022
1021.000000  1.774998e-022
1021.200000  1.668149e-022
1021.400000  1.442447e-022
1021.600000  1.576746e-022
1021.800000  1.705405e-022
1022.000000  1.409850e-022
1022.200000  1.320189e-022
1022.400000  1.631425e-022
1022.600000  1.585337e-022
1022.800000  1.338049e-022
1023.000000  1.351126e-022
1023.200000  1.577755e-022
1023.400000  1.468337e-022
1023.600000  1.180421e-022
1023.800000  1.193390e-022
1024.000000  1.472588e-022
1024.200000  1.189123e-022
1024.400000  1.050311e-022
1024.600000  1.339157e-022
1024.800000  1.307762e-022
1025.000000  1.025376e-022
1025.200000  1.097560e-022
1025.400000  1.371959e-022
1025.600000  1.240084e-022
1025.800000  1.039900e-022
1026.000000  1.300631e-022
1026.200000  1.431560e-022
1026.400000  1.236410e-022
1026.600000  1.096056e-022
1026.800000  1.393512e-022
1027.000000  1.124111e-022
1027.200000  7.740292e-023
1027.400000  9.587276e-023
1027.600000  1.447713e-022
1027.800000  1.315417e-022
1028.000000  9.909720e-023
1028.200000  1.252043e-022
1028.400000  1.294487e-022
1028.600000  8.993957e-023
1028.800000  7.376395e-023
1029.000000  9.613943e-023
1029.200000  7.435374e-023
1029.400000  5.418986e-023
1029.600000  8.217348e-023
1029.800000  1.198994e-022
1030.000000  1.067130e-022
1030.200000  8.347801e-023
1030.400000  1.120541e-022
1030.600000  1.250332e-022
1030.800000  8.672212e-023
1031.000000  8.516586e-023
1031.200000  1.236459e-022
1031.400000  1.130031e-022
1031.600000  7.098488e-023
1031.800000  6.429247e-023
1032.000000  8.445935e-023
1032.200000  7.536440e-023
1032.400000  6.316415e-023
1032.600000  9.529834e-023
1032.800000  1.046624e-022
1033.000000  8.188000e-023
1033.200000  6.516013e-023
1033.400000  9.108824e-023
1033.600000  8.141279e-023
1033.800000  5.326153e-023
1034.000000  7.774975e-023
1034.200000  9.081557e-023
1034.400000  6.194669e-023
1034.600000  3.535479e-023
1034.800000  5.725392e-023
1035.000000  5.266772e-023
1035.200000  7.137388e-024
1035.400000  1.663335e-023
1035.600000  5.274017e-023
1035.800000  4.127658e-023
1036.000000  6.645005e-024
1036.200000  2.592146e-023
1036.400000  4.458615e-023
1036.600000  1.173640e-023
1036.800000  -8.562870e-024
1037.000000  3.118986e-023
1037.200000  4.697049e-023
1037.400000  1.378740e-023
1037.600000  2.650999e-023
1037.800000  5.284703e-023
1038.000000  2.945887e-023
1038.200000  -3.052011e-024
1038.400000  1.620122e-023
1038.600000  4.288360e-023
1038.800000  2.895398e-023
1039.000000  1.385707e-023
1039.200000  3.245206e-023
1039.400000  1.392768e-023
1039.600000  -1.700277e-023
1039.800000  -2.970183e-024
1040.000000  3.233623e-023
1040.200000  2.020423e-023
1040.400000  -1.380148e-023
1040.600000  3.744665e-024
1040.800000  1.406927e-023
1041.000000  -4.801465e-024
1041.200000  -1.579220e-023
1041.400000  3.419311e-024
1041.600000  -1.654767e-023
1041.800000  -5.482021e-023
1042.000000  -4.393397e-023
1042.200000  -1.044639e-023
1042.400000  -1.542459e-023
1042.600000  -3.325048e-023
1042.800000  3.511298e-024
1043.000000  -1.148303e-025
1043.200000  -2.053097e-023
1043.400000  -3.628554e-023
1043.600000  6.473912e-024
1043.800000  -1.450083e-025
1044.000000  -3.431101e-023
1044.200000  -2.135049e-023
1044.400000  2.786050e-025
1044.600000  -1.347148e-023
1044.800000  -2.760716e-023
1045.000000  8.346583e-024
1045.200000  3.842048e-024
1045.400000  -3.076528e-023
1045.600000  -3.574046e-023
1045.800000  -2.330050e-024
1046.000000  -7.394657e-024
1046.200000  -3.787747e-023
1046.400000  -1.308228e-023
1046.600000  1.008946e-023
1046.800000  -1.543227e-023
1047.000000  -4.452591e-023
1047.200000  -7.862911e-024
1047.400000  -7.721782e-024
1047.600000  -3.434644e-023
1047.800000  -2.802975e-023
1048.000000  8.688993e-024
1048.200000  -3.074116e-024
1048.400000  -3.740881e-023
1048.600000  -3.262861e-023
1048.800000  -1.751104e-023
1049.000000  -3.440467e-023
1049.200000  -4.411779e-023
1049.400000  -1.186075e-023
1049.600000  -1.798751e-023
1049.800000  -4.315120e-023
1050.000000  -5.495430e-023
1050.200000  -1.910278e-023
1050.400000  -3.391869e-023
1050.600000  -5.430622e-023
1050.800000  -3.261116e-023
1051.000000  -2.014620e-023
1051.200000  -4.251635e-023
1051.400000  -5.474916e-023
1051.600000  -2.228516e-023
1051.800000  -1.397362e-023
1052.000000  -4.350223e-023
1052.200000  -4.444572e-023
1052.400000  -1.141663e-023
1052.600000  -2.054983e-023
1052.800000  -4.456782e-023
1053.000000  -1.816762e-023
1053.200000  4.064413e-024
1053.400000  -2.768604e-023
1053.600000  -4.041000e-023
1053.800000  -1.813925e-023
1054.000000  -3.653113e-023
1054.200000  -8.672968e-023
1054.400000  -8.301615e-023
1054.600000  -5.047757e-023
1054.800000  -6.664861e-023
1055.000000  -9.295790e-023
1055.200000  -5.521170e-023
1055.400000  -3.598305e-023
1055.600000  -5.423692e-023
1055.800000  -6.037689e-023
1056.000000  -3.254553e-023
1056.200000  -5.237137e-023
1056.400000  -7.840966e-023
1056.600000  -6.514586e-023
1056.800000  -2.940732e-023
1057.000000  -5.738416e-023
1057.200000  -8.042847e-023
1057.400000  -4.179424e-023
1057.600000  -2.983930e-023
1057.800000  -5.425231e-023
1058.000000  -6.240256e-023
1058.200000  -2.635339e-023
1058.400000  -3.435165e-023
1058.600000  -5.867333e-023
1058.800000  -6.026097e-023
1059.000000  -3.600743e-023
1059.200000  -5.270079e-023
1059.400000  -6.440150e-023
1059.600000  -2.177660e-023
1059.800000  -3.154165e-024
1060.000000  -3.279061e-023
1060.200000  -5.541947e-023
1060.400000  -3.772370e-023
1060.600000  -3.954059e-023
1060.800000  -6.717541e-023
1061.000000  -5.987432e-023
1061.200000  -4.739778e-023
1061.400000  -7.747070e-023
1061.600000  -9.967196e-023
1061.800000  -6.467037e-023
1062.000000  -5.558565e-023
1062.200000  -7.912576e-023
1062.400000  -8.220206e-023
1062.600000  -4.956052e-023
1062.800000  -6.178036e-023
1063.000000  -8.437809e-023
1063.200000  -7.408790e-023
1063.400000  -4.742173e-023
1063.600000  -7.235267e-023
1063.800000  -8.121676e-023
1064.000000  -4.137835e-023
1064.200000  -3.348557e-023
1064.400000  -5.706360e-023
1064.600000  -5.591937e-023
1064.800000  -1.966412e-023
1065.000000  -4.158818e-023
1065.200000  -7.183549e-023
1065.400000  -5.577703e-023
1065.600000  -3.602166e-023
1065.800000  -6.365660e-023
1066.000000  -8.128245e-023
1066.200000  -6.217092e-023
1066.400000  -6.083887e-023
1066.600000  -9.258105e-023
1066.800000  -9.635303e-023
1067.000000  -6.759540e-023
1067.200000  -7.042865e-023
1067.400000  -7.904271e-023
1067.600000  -3.727624e-023
1067.800000  -2.374397e-023
1068.000000  -4.935533e-023
1068.200000  -6.336745e-023
1068.400000  -3.421081e-023
1068.600000  -4.016996e-023
1068.800000  -7.312559e-023
1069.000000  -6.020180e-023
1069.200000  -2.798147e-023
1069.400000  -4.793844e-023
1069.600000  -7.776459e-023
1069.800000  -5.242400e-023
1070.000000  -3.614250e-023
1070.200000  -5.976162e-023
1070.400000  -7.522543e-023
1070.600000  -4.349180e-023
1070.800000  -5.314781e-023
1071.000000  -8.981224e-023
1071.200000  -8.639323e-023
1071.400000  -6.172154e-023
1071.600000  -9.266034e-023
1071.800000  -1.144715e-022
1072.000000  -8.583100e-023
1072.200000  -7.359545e-023
1072.400000  -9.405234e-023
1072.600000  -9.065610e-023
1072.800000  -4.989150e-023
1073.000000  -5.378422e-023
1073.200000  -7.550560e-023
1073.400000  -5.931341e-023
1073.600000  -3.063620e-023
1073.800000  -5.120850e-023
1074.000000  -7.159542e-023
1074.200000  -3.917284e-023
1074.400000  -3.165433e-023
1074.600000  -5.444462e-023
1074.800000  -5.692180e-023
1075.000000  -1.667774e-023
1075.200000  -2.117002e-023
1075.400000  -4.705297e-023
1075.600000  -2.875770e-023
1075.800000  -2.128626e-023
1076.000000  -4.865416e-023
1076.200000  -7.729029e-023
1076.400000  -4.447109e-023
1076.600000  -3.895769e-023
1076.800000  -6.114833e-023
1077.000000  -5.497083e-023
1077.200000  -2.296148e-023
1077.400000  -4.521946e-023
1077.600000  -8.616078e-023
1077.800000  -7.909556e-023
1078.000000  -7.041485e-023
1078.200000  -1.015288e-022
1078.400000  -1.169895e-022
1078.600000  -7.654218e-023
1078.800000  -7.212218e-023
1079.000000  -9.705845e-023
1079.200000  -9.298603e-023
1079.400000  -6.303356e-023
1079.600000  -8.047097e-023
1079.800000  -1.031771e-022
1080.000000  -7.055410e-023
1080.200000  -2.982377e-023
1080.400000  -5.116187e-023
1080.600000  -6.685024e-023
1080.800000  -3.260057e-023
1081.000000  -2.138985e-023
1081.200000  -4.856740e-023
1081.400000  -4.008650e-023
1081.600000  -2.255629e-023
1081.800000  -3.907753e-023
1082.000000  -6.824098e-023
1082.200000  -4.565338e-023
1082.400000  -3.661318e-023
1082.600000  -6.418597e-023
1082.800000  -8.152663e-023
1083.000000  -4.568789e-023
1083.200000  -4.393432e-023
1083.400000  -5.998759e-023
1083.600000  -5.317398e-023
1083.800000  -3.152605e-023
1084.000000  -4.701985e-023
1084.200000  -6.797137e-023
1084.400000  -4.018684e-023
1084.600000  -3.784183e-023
1084.800000  -6.327232e-023
1085.000000  -7.369775e-023
1085.200000  -3.214815e-023
1085.400000  -4.968158e-023
1085.600000  -8.880357e-023
1085.800000  -8.008550e-023
1086.000000  -5.351448e-023
1086.200000  -6.629399e-023
1086.400000  -8.263927e-023
1086.600000  -5.533916e-023
1086.800000  -4.768727e-023
1087.000000  -7.264150e-023
1087.200000  -7.445981e-023
1087.400000  -3.954119e-023
1087.600000  -4.712649e-023
1087.800000  -8.232697e-023
1088.000000  -7.024612e-023
1088.200000  -3.634318e-023
1088.400000  -4.453572e-023
1088.600000  -5.922677e-023
1088.800000  -2.859459e-023
1089.000000  -2.102677e-023
1089.200000  -4.397509e-023
1089.400000  -4.504275e-023
1089.600000  -1.120337e-023
1089.800000  -2.674813e-023
1090.000000  -5.962740e-023
1090.200000  -4.123828e-023
1090.400000  -1.957148e-023
1090.600000  -4.562982e-023
1090.800000  -6.928487e-023
1091.000000  -4.615967e-023
1091.200000  -4.581726e-023
1091.400000  -7.980448e-023
1091.600000  -7.535811e-023
1091.800000  -2.764681e-023
1092.000000  -3.997736e-023
1092.200000  -6.930346e-023
1092.400000  -6.451119e-023
1092.600000  -5.051599e-023
1092.800000  -7.022315e-023
1093.000000  -8.002928e-023
1093.200000  -4.930743e-023
1093.400000  -5.057479e-023
1093.600000  -8.957411e-023
1093.800000  -8.914100e-023
1094.000000  -6.138143e-023
1094.200000  -7.055346e-023
1094.400000  -7.505303e-023
1094.600000  -3.713634e-023
1094.800000  -1.545351e-023
1095.000000  -3.260371e-023
1095.200000  -4.098057e-023
1095.400000  -1.351267e-023
1095.600000  -1.122146e-023
1095.800000  -5.216468e-023
1096.000000  -5.226935e-023
1096.200000  -2.353161e-023
1096.400000  -3.060010e-023
1096.600000  -4.427664e-023
1096.800000  -2.046446e-023
1097.000000  -1.814852e-023
1097.200000  -5.585136e-023
1097.400000  -7.595523e-023
1097.600000  -4.051738e-023
1097.800000  -4.608741e-023
1098.000000  -7.553539e-023
1098.200000  -7.973298e-023
1098.400000  -5.830177e-023
1098.600000  -7.178574e-023
1098.800000  -7.763957e-023
1099.000000  -4.852580e-023
1099.200000  -4.776010e-023
1099.400000  -7.586695e-023
1099.600000  -8.172506e-023
1099.800000  -3.795531e-023
1100.000000  -4.985435e-023
1100.200000  -8.535741e-023
1100.400000  -6.786177e-023
1100.600000  -2.427151e-023
1100.800000  -3.194645e-023
1101.000000  -4.202990e-023
1101.200000  -2.015413e-023
1101.400000  -1.989358e-023
1101.600000  -5.836095e-023
1101.800000  -4.884334e-023
1102.000000  -4.771202e-024
1102.200000  -1.413875e-023
1102.400000  -6.041414e-023
1102.600000  -5.083402e-023
1102.800000  -1.811215e-023
1103.000000  -4.125252e-023
1103.200000  -5.782628e-023
1103.400000  -2.883474e-023
1103.600000  -2.276178e-023
1103.800000  -5.011232e-023
1104.000000  -6.399882e-023
1104.200000  -4.001024e-023
1104.400000  -5.300606e-023
1104.600000  -8.139640e-023
1104.800000  -6.173710e-023
1105.000000  -2.684269e-023
1105.200000  -5.170421e-023
1105.400000  -9.181597e-023
1105.600000  -6.284250e-023
1105.800000  -5.183790e-023
1106.000000  -6.121775e-023
1106.200000  -6.005767e-023
1106.400000  -2.228185e-023
1106.600000  -3.648556e-023
1106.800000  -6.235027e-023
1107.000000  -4.622234e-023
1107.200000  -3.148839e-023
1107.400000  -5.174846e-023
1107.600000  -6.007092e-023
1107.800000  -2.205629e-023
1108.000000  -2.071223e-023
1108.200000  -4.577113e-023
1108.400000  -4.420933e-023
1108.600000  -1.382788e-023
1108.800000  -3.349700e-023
1109.000000  -6.148866e-023
1109.200000  -3.342457e-023
1109.400000  -1.385826e-023
1109.600000  -4.233463e-023
1109.800000  -6.091782e-023
1110.000000  -3.412262e-023
1110.200000  -4.398719e-023
1110.400000  -7.685027e-023
1110.600000  -5.591882e-023
1110.800000  -8.629559e-024
1111.000000  -1.710609e-023
1111.200000  -4.966631e-023
1111.400000  -2.348310e-023
1111.600000  -1.019981e-023
1111.800000  -3.286583e-023
1112.000000  -4.494884e-023
1112.200000  -1.488198e-023
1112.400000  -2.234090e-023
1112.600000  -5.380287e-023
1112.800000  -4.190789e-023
1113.000000  -2.421922e-023
1113.200000  -5.302138e-023
1113.400000  -7.875753e-023
1113.600000  -4.476534e-023
1113.800000  -2.703392e-023
1114.000000  -6.555155e-023
1114.200000  -8.198655e-023
1114.400000  -4.249726e-023
1114.600000  -4.104504e-023
1114.800000  -5.673036e-023
1115.000000  -3.551464e-023
1115.200000  -1.185175e-023
1115.400000  -4.048684e-023
1115.600000  -6.821906e-023
1115.800000  -3.156223e-023
1116.000000  -1.815522e-023
1116.200000  -4.032000e-023
1116.400000  -2.415760e-023
1116.600000  1.433742e-023
1116.800000  4.138910e-024
1117.000000  -4.316140e-023
1117.200000  -2.084705e-023
1117.400000  6.149765e-024
1117.600000  -2.587155e-023
1117.800000  -4.944738e-023
1118.000000  -9.426562e-024
1118.200000  1.049288e-023
1118.400000  -1.804766e-023
1118.600000  -2.301010e-023
1118.800000  6.433749e-024
1119.000000  -1.150463e-024
1119.200000  -2.601198e-023
1119.400000  -3.740099e-025
1119.600000  1.142882e-023
1119.800000  -2.880260e-023
1120.000000  -4.007863e-023
1120.200000  5.595483e-024
1120.400000  8.589710e-024
1120.600000  -3.898961e-023
1120.800000  -5.530334e-023
1121.000000  -4.213267e-024
1121.200000  -4.073858e-024
1121.400000  -3.136487e-023
1121.600000  -1.181860e-023
1121.800000  7.297424e-024
1122.000000  -1.216315e-023
1122.200000  -3.561087e-023
1122.400000  1.045378e-023
1122.600000  3.741826e-023
1122.800000  8.052812e-025
1123.000000  -7.289419e-024
1123.200000  -2.079418e-024
1123.400000  -7.010697e-024
1123.600000  -1.230208e-023
1123.800000  6.954295e-025
1124.000000  -7.346177e-024
1124.200000  -3.195959e-023
1124.400000  -3.487992e-023
1124.600000  5.944361e-024
1124.800000  -2.168176e-024
1125.000000  -2.885638e-023
1125.200000  2.077873e-023
1125.400000  8.107972e-023
1125.600000  6.010012e-023
1125.800000  -1.344636e-024
1126.000000  1.568159e-023
1126.200000  3.444266e-023
1126.400000  2.506549e-024
1126.600000  -3.389291e-023
1126.800000  -2.484428e-023
1127.000000  -4.425569e-023
1127.200000  -7.643997e-023
1127.400000  -6.501651e-023
1127.600000  -1.223150e-023
1127.800000  -2.110152e-023
1128.000000  -2.709111e-023
1128.200000  -6.433473e-024
1128.400000  2.415603e-023
1128.600000  1.196674e-023
1128.800000  1.597362e-023
1129.000000  4.605680e-023
1129.200000  1.790974e-023
1129.400000  -2.108327e-023
1129.600000  2.095752e-023
1129.800000  4.394494e-023
1130.000000  2.189991e-025
1130.200000  -4.840670e-023
1130.400000  -2.718129e-023
1130.600000  -1.783957e-023
1130.800000  -4.763284e-023
1131.000000  -4.498728e-023
1131.200000  -7.979332e-024
1131.400000  -1.639910e-023
1131.600000  -4.312309e-023
1131.800000  -1.588616e-023
1132.000000  -3.772560e-024
1132.200000  -2.713272e-023
1132.400000  -5.702413e-023
1132.600000  -3.043168e-023
1132.800000  -2.960142e-023
1133.000000  -3.922444e-023
1133.200000  -2.269865e-023
1133.400000  3.623658e-023
1133.600000  3.753841e-023
1133.800000  2.435196e-023
1134.000000  4.600942e-023
1134.200000  5.893875e-023
1134.400000  5.576782e-023
1134.600000  7.992667e-023
1134.800000  1.253731e-022
1135.000000  9.720382e-023
1135.200000  2.532567e-023
1135.400000  -1.078082e-024
1135.600000  3.723397e-024
1135.800000  4.866464e-024
1136.000000  -1.405013e-023
1136.200000  -1.163813e-023
1136.400000  -2.795226e-023
1136.600000  -6.620017e-023
1136.800000  -7.670942e-023
1137.000000  -3.710352e-023
1137.200000  -1.367623e-023
1137.400000  -4.229912e-023
1137.600000  -4.252300e-023
1137.800000  -1.663803e-023
1138.000000  -3.381132e-023
1138.200000  -5.170690e-023
1138.400000  -1.374408e-023
1138.600000  2.968312e-024
1138.800000  -3.947464e-023
1139.000000  -4.784052e-023
1139.200000  -6.602004e-024
1139.400000  -6.266752e-024
1139.600000  -2.672516e-023
1139.800000  -1.120398e-024
1140.000000  3.446443e-023
1140.200000  1.396285e-023
1140.400000  -1.075620e-023
1140.600000  2.836061e-023
1140.800000  5.871712e-023
1141.000000  2.924336e-023
1141.200000  4.474971e-024
1141.400000  4.433905e-023
1141.600000  3.971634e-023
1141.800000  5.545984e-024
1142.000000  1.097578e-023
1142.200000  3.599288e-023
1142.400000  7.263203e-024
1142.600000  -1.151119e-023
1142.800000  1.333600e-023
1143.000000  2.415210e-023
1143.200000  -6.986448e-024
1143.400000  -2.241653e-023
1143.600000  1.441846e-023
1143.800000  -1.319913e-023
1144.000000  -3.881283e-023
1144.200000  -5.094535e-024
1144.400000  3.154628e-023
1144.600000  -1.289168e-023
1144.800000  -4.537630e-023
1145.000000  -1.146624e-023
1145.200000  -1.362086e-023
1145.400000  -3.896401e-023
1145.600000  -4.258101e-023
1145.800000  -2.331942e-023
1146.000000  -2.544979e-023
1146.200000  -5.230136e-023
1146.400000  -2.405737e-024
1146.600000  3.844987e-023
1146.800000  1.119978e-023
1147.000000  -1.536176e-023
1147.200000  3.172674e-023
1147.400000  3.781899e-023
1147.600000  1.623814e-024
1147.800000  -9.068906e-024
1148.000000  2.215945e-023
1148.200000  1.995105e-023
1148.400000  -4.961951e-024
1148.600000  3.565247e-023
1148.800000  6.681452e-023
1149.000000  2.050617e-023
1149.200000  -1.754156e-023
1149.400000  2.122356e-023
1149.600000  4.412890e-023
1149.800000  1.667049e-023
1150.000000  5.432950e-024
