800.000000  -4.712461e-023
800.200000  -5.974160e-023
800.400000  -3.238985e-023
800.600000  -2.673316e-023
800.800000  -5.917262e-023
801.000000  -4.785562e-023
801.200000  -1.075622e-023
801.400000  -2.907246e-023
801.600000  -5.286741e-023
801.800000  -3.659238e-023
802.000000  -2.128135e-023
802.200000  -5.419347e-023
802.400000  -5.815149e-023
802.600000  -2.616140e-023
802.800000  -3.293503e-023
803.000000  -6.957698e-023
803.200000  -5.601162e-023
803.400000  -2.762289e-023
803.600000  -5.881154e-023
803.800000  -7.667670e-023
804.000000  -5.660931e-023
804.200000  -3.893021e-023
804.400000  -6.183723e-023
804.600000  -6.626511e-023
804.800000  -3.091227e-023
805.000000  -3.541403e-023
805.200000  -6.337659e-023
805.400000  -4.885563e-023
805.600000  -1.811754e-023
805.800000  -3.468289e-023
806.000000  -4.962826e-023
806.200000  -1.570423e-023
806.400000  -3.614579e-024
806.600000  -2.891991e-023
806.800000  -3.751441e-023
807.000000  -4.580098e-024
807.200000  -1.121554e-023
807.400000  -4.005939e-023
807.600000  -3.107001e-023
807.800000  -4.552057e-024
808.000000  -3.724969e-023
808.200000  -6.340296e-023
808.400000  -3.688434e-023
808.600000  -3.251903e-023
808.800000  -6.102725e-023
809.000000  -4.651915e-023
809.200000  -1.026836e-023
809.400000  -2.298670e-023
809.600000  -4.915132e-023
809.800000  -3.361373e-023
810.000000  -2.137951e-023
810.200000  -4.765207e-023
810.400000  -5.859892e-023
810.600000  -1.998498e-023
810.800000  -2.802280e-024
811.000000  -2.614089e-023
811.200000  -1.342101e-023
811.400000  1.402693e-023
811.600000  3.180367e-025
811.800000  -2.684399e-023
812.000000  -9.625848e-024
812.200000  -3.963979e-024
812.400000  -3.193747e-023
812.600000  -5.385364e-023
812.800000  -1.772876e-023
813.000000  -1.763295e-023
813.200000  -4.463024e-023
813.400000  -4.208791e-023
813.600000  -3.220133e-023
813.800000  -6.108011e-023
814.000000  -8.496192e-023
814.200000  -4.775848e-023
814.400000  -3.054386e-023
814.600000  -5.298589e-023
814.800000  -5.925264e-023
815.000000  -1.377396e-023
815.200000  -1.363649e-023
815.400000  -4.388031e-023
815.600000  -2.938430e-023
815.800000  2.169205e-024
816.000000  -1.299663e-023
816.200000  -4.182627e-023
816.400000  -1.082066e-023
816.600000  -1.148161e-024
816.800000  -1.707149e-023
817.000000  -2.972095e-023
817.200000  -6.011634e-025
817.400000  -4.687186e-024
817.600000  -3.568899e-023
817.800000  -2.496907e-023
818.000000  -9.591856e-024
818.200000  -2.868942e-023
818.400000  -5.507822e-023
818.600000  -1.294714e-023
818.800000  -1.744169e-023
819.000000  -4.809700e-023
819.200000  -6.310459e-023
819.400000  -2.743978e-023
819.600000  -2.322596e-023
819.800000  -3.265509e-023
820.000000  -2.051442e-023
820.200000  -4.349668e-024
820.400000  -2.573035e-023
820.600000  -3.935559e-023
820.800000  -2.926578e-024
821.000000  1.455334e-023
821.200000  -1.414700e-023
821.400000  -2.165480e-023
821.600000  5.506141e-024
821.800000  -1.682496e-023
822.000000  -4.542722e-023
822.200000  -1.727077e-023
822.400000  8.489981e-024
822.600000  -1.463758e-023
822.800000  -3.691308e-023
823.000000  -1.646823e-023
823.200000  -1.424389e-023
823.400000  -4.407358e-023
823.600000  -3.830524e-023
823.800000  -1.466385e-023
824.000000  -4.217532e-023
824.200000  -7.929901e-023
824.400000  -5.329594e-023
824.600000  -3.380248e-023
824.800000  -4.833798e-023
825.000000  -5.460866e-023
825.200000  -1.311725e-023
825.400000  3.523569e-024
825.600000  -2.891517e-023
825.800000  -1.587461e-023
826.000000  1.396191e-023
826.200000  8.960630e-024
826.400000  -2.678083e-023
826.600000  -1.383701e-023
826.800000  1.468974e-023
827.000000  -1.938890e-023
827.200000  -2.699968e-023
827.400000  -9.846941e-024
827.600000  -1.785679e-023
827.800000  -5.988621e-023
828.000000  -5.191256e-023
828.200000  -1.777223e-023
828.400000  -2.274506e-023
828.600000  -4.862190e-023
828.800000  -2.926822e-023
829.000000  -1.864651e-023
829.200000  -3.805335e-023
829.400000  -3.559835e-023
829.600000  -7.745953e-025
829.800000  2.118006e-024
830.000000  -3.094990e-023
830.200000  -1.899076e-023
830.400000  -4.678995e-024
830.600000  -1.957159e-023
830.800000  -3.891774e-023
831.000000  -9.981444e-024
831.200000  1.329232e-023
831.400000  -2.427730e-023
831.600000  -4.136541e-023
831.800000  -1.919469e-023
832.000000  -2.819400e-023
832.200000  -5.588761e-023
832.400000  -4.975277e-023
832.600000  -3.896160e-024
832.800000  -1.848665e-023
833.000000  -3.100920e-023
833.200000  1.906636e-024
833.400000  2.475896e-023
833.600000  -8.363388e-024
833.800000  -1.675128e-023
834.000000  9.366524e-024
834.200000  -1.805178e-024
834.400000  -4.165536e-023
834.600000  -1.565650e-023
834.800000  1.025849e-023
835.000000  -4.578767e-024
835.200000  -1.223858e-023
835.400000  2.159307e-023
835.600000  1.612953e-023
835.800000  -1.920299e-023
836.000000  -2.233724e-023
836.200000  -4.450940e-025
836.400000  -2.150110e-023
836.600000  -4.318952e-023
836.800000  -2.197134e-023
837.000000  -7.326863e-024
837.200000  -4.786776e-023
837.400000  -5.384184e-023
837.600000  -1.969255e-023
837.800000  -5.860535e-024
838.000000  -3.472790e-023
838.200000  -3.096944e-023
838.400000  6.075322e-024
838.600000  -6.202369e-024
838.800000  -1.829430e-023
839.000000  2.221257e-025
839.200000  2.245004e-023
839.400000  -2.448995e-024
839.600000  -1.242440e-023
839.800000  2.014945e-023
840.000000  2.656111e-023
840.200000  -1.052889e-023
840.400000  7.582948e-024
840.600000  2.744414e-023
840.800000  7.819022e-024
841.000000  -2.865118e-023
841.200000  -5.984789e-024
841.400000  8.447601e-024
841.600000  -1.780957e-023
841.800000  -2.345025e-023
842.000000  4.973399e-024
842.200000  9.130785e-024
842.400000  -2.741157e-023
842.600000  -2.948525e-023
842.800000  2.395865e-024
843.000000  -1.844414e-023
843.200000  -4.147571e-023
843.400000  -8.725362e-024
843.600000  4.356198e-024
843.800000  -2.490780e-023
844.000000  -2.694324e-023
844.200000  2.491742e-023
844.400000  3.616270e-023
844.600000  1.868908e-023
844.800000  1.657751e-023
845.000000  4.126691e-023
845.200000  1.196238e-023
845.400000  -1.633223e-023
845.600000  6.503692e-024
845.800000  1.059217e-023
846.000000  -2.299279e-023
846.200000  -2.370079e-023
846.400000  1.048856e-023
846.600000  7.961437e-024
846.800000  -2.985044e-023
847.000000  -2.612484e-023
847.200000  -4.283279e-024
847.400000  -2.668487e-023
847.600000  -4.548029e-023
847.800000  -9.067159e-024
848.000000  3.076397e-024
848.200000  -2.243604e-023
848.400000  -2.930581e-023
848.600000  3.963362e-024
848.800000  7.251217e-024
849.000000  -3.985724e-024
849.200000  1.444203e-023
849.400000  4.116497e-023
849.600000  1.690704e-023
849.800000  3.751632e-024
850.000000  2.855660e-023
850.200000  2.336034e-023
850.400000  -1.171222e-024
850.600000  6.898631e-024
850.800000  3.478981e-023
851.000000  1.277876e-023
851.200000  -2.513969e-023
851.400000  -1.145612e-023
851.600000  1.381780e-023
851.800000  -1.252294e-023
852.000000  -3.144694e-023
852.200000  -8.392251e-025
852.400000  8.825084e-024
852.600000  -1.744723e-023
852.800000  -1.990562e-023
853.000000  5.005108e-024
853.200000  -1.825336e-023
853.400000  -4.234878e-023
853.600000  -2.178966e-023
853.800000  -4.241172e-024
854.000000  -2.924130e-023
854.200000  -3.165046e-023
854.400000  8.354969e-024
854.600000  2.310589e-023
854.800000  4.249142e-024
855.000000  1.427088e-023
855.200000  5.151393e-023
855.400000  4.044449e-023
855.600000  2.154934e-023
855.800000  3.207640e-023
856.000000  4.597237e-023
856.200000  1.159015e-023
856.400000  -1.645387e-023
856.600000  1.105881e-023
856.800000  -8.751611e-025
857.000000  -2.071731e-023
857.200000  -4.358850e-024
857.400000  2.462985e-023
857.600000  8.286435e-024
857.800000  -2.168122e-023
858.000000  -1.044699e-023
858.200000  -5.570349e-024
858.400000  -2.838245e-023
858.600000  -2.608222e-023
858.800000  5.128609e-024
859.000000  -8.723617e-024
859.200000  -3.828082e-023
859.400000  -2.111957e-023
859.600000  1.292592e-023
859.800000  -3.106607e-024
860.000000  -2.527852e-023
860.200000  1.844140e-023
860.400000  3.198408e-023
860.600000  7.230520e-024
860.800000  -4.412353e-024
861.000000  2.519378e-023
861.200000  1.318152e-023
861.400000  -2.070399e-023
861.600000  3.812231e-024
861.800000  3.285287e-023
862.000000  1.602911e-024
862.200000  -2.711386e-023
862.400000  9.090393e-024
862.600000  9.270947e-024
862.800000  -2.070564e-023
863.000000  -1.719969e-023
863.200000  1.597443e-023
863.400000  1.648138e-023
863.600000  -1.334848e-023
863.800000  6.842807e-024
864.000000  2.603018e-023
864.200000  9.170105e-024
864.400000  -1.640940e-023
864.600000  1.370819e-023
864.800000  1.260758e-023
865.000000  -2.213074e-023
865.200000  -2.775233e-023
865.400000  2.054030e-023
865.600000  4.421543e-024
865.800000  -2.389946e-023
866.000000  4.782397e-024
866.200000  2.605505e-023
866.400000  1.090173e-023
866.600000  -8.071182e-026
866.800000  3.363126e-023
867.000000  4.658773e-023
867.200000  1.864798e-023
867.400000  2.426107e-023
867.600000  4.999538e-023
867.800000  2.365786e-023
868.000000  -7.464739e-024
868.200000  7.116791e-024
868.400000  1.558169e-023
868.600000  -1.230791e-023
868.800000  -3.315825e-023
869.000000  6.576225e-024
869.200000  8.714678e-024
869.400000  -1.616077e-023
869.600000  -6.137433e-024
869.800000  3.082976e-023
870.000000  2.119767e-023
870.200000  -3.605108e-024
870.400000  1.777575e-023
870.600000  3.469241e-023
870.800000  4.603311e-024
871.000000  -9.051196e-025
871.200000  3.426015e-023
871.400000  2.908225e-023
871.600000  6.921024e-024
871.800000  1.685876e-023
872.000000  4.473916e-023
872.200000  2.163075e-023
872.400000  2.683636e-024
872.600000  3.455397e-023
872.800000  5.853994e-023
873.000000  3.083012e-023
873.200000  1.595708e-023
873.400000  4.963718e-023
873.600000  4.040771e-023
873.800000  9.063365e-024
874.000000  2.858616e-023
874.200000  5.648352e-023
874.400000  3.235845e-023
874.600000  1.854786e-023
874.800000  4.234310e-023
875.000000  6.049426e-023
875.200000  3.368057e-023
875.400000  2.705536e-023
875.600000  4.612944e-023
875.800000  3.019883e-023
876.000000  -2.770136e-024
876.200000  4.222280e-024
876.400000  2.640519e-023
876.600000  1.854523e-023
876.800000  1.192210e-023
877.000000  4.613771e-023
877.200000  4.812074e-023
877.400000  2.702005e-023
877.600000  2.565608e-023
877.800000  4.893465e-023
878.000000  3.803591e-023
878.200000  1.265139e-023
878.400000  4.326794e-023
878.600000  8.145031e-023
878.800000  6.562648e-023
879.000000  5.331341e-023
879.200000  8.620348e-023
879.400000  8.658557e-023
879.600000  5.686572e-023
879.800000  5.031077e-023
880.000000  7.595946e-023
880.200000  6.015073e-023
880.400000  3.861428e-023
880.600000  6.051046e-023
880.800000  8.658060e-023
881.000000  5.962603e-023
881.200000  4.085674e-023
881.400000  7.047025e-023
881.600000  6.963503e-023
881.800000  3.313866e-023
882.000000  3.607278e-023
882.200000  8.111674e-023
882.400000  7.730883e-023
882.600000  5.460577e-023
882.800000  7.892318e-023
883.000000  9.674134e-023
883.200000  7.154789e-023
883.400000  6.353420e-023
883.600000  1.081665e-022
883.800000  1.244865e-022
884.000000  1.205230e-022
884.200000  1.074313e-022
884.400000  1.237385e-022
884.600000  1.345117e-022
884.800000  1.074591e-022
885.000000  9.980802e-023
885.200000  1.092686e-022
885.400000  1.200524e-022
885.600000  1.027102e-022
885.800000  1.098076e-022
886.000000  1.289118e-022
886.200000  1.235022e-022
886.400000  1.212464e-022
886.600000  1.470543e-022
886.800000  1.620229e-022
887.000000  1.393812e-022
887.200000  1.396740e-022
887.400000  1.573761e-022
887.600000  1.641303e-022
887.800000  1.362100e-022
888.000000  1.472057e-022
888.200000  1.701372e-022
888.400000  1.568009e-022
888.600000  1.570628e-022
888.800000  1.761162e-022
889.000000  1.937142e-022
889.200000  1.804124e-022
889.400000  1.753337e-022
889.600000  1.956036e-022
889.800000  1.984605e-022
890.000000  1.932424e-022
890.200000  2.042103e-022
890.400000  2.111457e-022
890.600000  1.788794e-022
890.800000  1.777724e-022
891.000000  2.076210e-022
891.200000  2.199809e-022
891.400000  2.066532e-022
891.600000  2.230360e-022
891.800000  2.408081e-022
892.000000  2.451446e-022
892.200000  2.290605e-022
892.400000  2.495028e-022
892.600000  2.647554e-022
892.800000  2.460247e-022
893.000000  2.338583e-022
893.200000  2.624848e-022
893.400000  2.887276e-022
893.600000  2.766981e-022
893.800000  2.862341e-022
894.000000  3.136490e-022
894.200000  2.950026e-022
894.400000  2.774155e-022
894.600000  2.788730e-022
894.800000  2.766305e-022
895.000000  2.606401e-022
895.200000  2.648450e-022
895.400000  2.894153e-022
895.600000  3.034606e-022
895.800000  2.816592e-022
896.000000  3.007485e-022
896.200000  3.324172e-022
896.400000  3.220519e-022
896.600000  3.166137e-022
896.800000  3.278081e-022
897.000000  3.365720e-022
897.200000  3.175780e-022
897.400000  3.241851e-022
897.600000  3.664231e-022
897.800000  3.844869e-022
898.000000  3.721347e-022
898.200000  3.978320e-022
898.400000  4.189383e-022
898.600000  4.019702e-022
898.800000  3.842150e-022
899.000000  3.939369e-022
899.200000  4.028837e-022
899.400000  3.881230e-022
899.600000  3.944744e-022
899.800000  4.152643e-022
900.000000  4.066620e-022
900.200000  3.957317e-022
900.400000  4.028055e-022
900.600000  4.287598e-022
900.800000  4.259701e-022
901.000000  4.269993e-022
901.200000  4.428530e-022
901.400000  4.627194e-022
901.600000  4.604040e-022
901.800000  4.713291e-022
902.000000  4.848294e-022
902.200000  4.909297e-022
902.400000  4.794931e-022
902.600000  4.963311e-022
902.800000  5.179152e-022
903.000000  5.030483e-022
903.200000  5.061176e-022
903.400000  5.374819e-022
903.600000  5.540008e-022
903.800000  5.344815e-022
904.000000  5.405583e-022
904.200000  5.628963e-022
904.400000  5.613355e-022
904.600000  5.520422e-022
904.800000  5.645057e-022
905.000000  6.034885e-022
905.200000  5.887613e-022
905.400000  5.834844e-022
905.600000  6.134568e-022
905.800000  6.308407e-022
906.000000  6.092760e-022
906.200000  6.184078e-022
906.400000  6.500687e-022
906.600000  6.653941e-022
906.800000  6.628950e-022
907.000000  6.795400e-022
907.200000  6.984712e-022
907.400000  7.015651e-022
907.600000  7.085087e-022
907.800000  7.391454e-022
908.000000  7.577115e-022
908.200000  7.430843e-022
908.400000  7.419455e-022
908.600000  7.589745e-022
908.800000  7.448466e-022
909.000000  7.425357e-022
909.200000  7.877322e-022
909.400000  8.273530e-022
909.600000  8.123404e-022
909.800000  8.300197e-022
910.000000  8.715080e-022
910.200000  8.907449e-022
910.400000  8.941754e-022
910.600000  9.171750e-022
910.800000  9.437801e-022
911.000000  9.458946e-022
911.200000  9.472091e-022
911.400000  9.897036e-022
911.600000  1.024951e-021
911.800000  1.022196e-021
912.000000  1.032065e-021
912.200000  1.066649e-021
912.400000  1.105530e-021
912.600000  1.102241e-021
912.800000  1.137155e-021
913.000000  1.174938e-021
913.200000  1.188348e-021
913.400000  1.191239e-021
913.600000  1.232844e-021
913.800000  1.268540e-021
914.000000  1.267792e-021
914.200000  1.286257e-021
914.400000  1.326739e-021
914.600000  1.351524e-021
914.800000  1.354720e-021
915.000000  1.389601e-021
915.200000  1.439253e-021
915.400000  1.446360e-021
915.600000  1.462588e-021
915.800000  1.521786e-021
916.000000  1.571584e-021
916.200000  1.589717e-021
916.400000  1.632519e-021
916.600000  1.678339e-021
916.800000  1.699213e-021
917.000000  1.701942e-021
917.200000  1.742238e-021
917.400000  1.794307e-021
917.600000  1.820672e-021
917.800000  1.860226e-021
918.000000  1.910175e-021
918.200000  1.948022e-021
918.400000  1.956313e-021
918.600000  1.999728e-021
918.800000  2.063906e-021
919.000000  2.089963e-021
919.200000  2.097718e-021
919.400000  2.123139e-021
919.600000  2.172193e-021
919.800000  2.177866e-021
920.000000  2.185193e-021
920.200000  2.212232e-021
920.400000  2.236237e-021
920.600000  2.232966e-021
920.800000  2.256541e-021
921.000000  2.288187e-021
921.200000  2.290459e-021
921.400000  2.279520e-021
921.600000  2.297362e-021
921.800000  2.318389e-021
922.000000  2.307429e-021
922.200000  2.297527e-021
922.400000  2.320498e-021
922.600000  2.331572e-021
922.800000  2.299986e-021
923.000000  2.302402e-021
923.200000  2.309029e-021
923.400000  2.298174e-021
923.600000  2.282518e-021
923.800000  2.294738e-021
924.000000  2.310854e-021
924.200000  2.293018e-021
924.400000  2.279441e-021
924.600000  2.270077e-021
924.800000  2.254570e-021
925.000000  2.221719e-021
925.200000  2.239185e-021
925.400000  2.255547e-021
925.600000  2.240344e-021
925.800000  2.203923e-021
926.000000  2.204371e-021
926.200000  2.206790e-021
926.400000  2.173429e-021
926.600000  2.152601e-021
926.800000  2.162681e-021
927.000000  2.158783e-021
927.200000  2.130173e-021
927.400000  2.140812e-021
927.600000  2.142954e-021
927.800000  2.109227e-021
928.000000  2.089530e-021
928.200000  2.105507e-021
928.400000  2.102256e-021
928.600000  2.054167e-021
928.800000  2.027504e-021
929.000000  2.010156e-021
929.200000  2.002368e-021
929.400000  1.975306e-021
929.600000  1.987350e-021
929.800000  2.006742e-021
930.000000  1.987247e-021
930.200000  1.962096e-021
930.400000  1.969090e-021
930.600000  1.971567e-021
930.800000  1.950848e-021
931.000000  1.942597e-021
931.200000  1.948474e-021
931.400000  1.916113e-021
931.600000  1.878522e-021
931.800000  1.870347e-021
932.000000  1.887431e-021
932.200000  1.860501e-021
932.400000  1.833846e-021
932.600000  1.840552e-021
932.800000  1.842269e-021
933.000000  1.805339e-021
933.200000  1.806296e-021
933.400000  1.827742e-021
933.600000  1.826870e-021
933.800000  1.808606e-021
934.000000  1.806123e-021
934.200000  1.810616e-021
934.400000  1.794267e-021
934.600000  1.782619e-021
934.800000  1.783422e-021
935.000000  1.768173e-021
935.200000  1.738691e-021
935.400000  1.750484e-021
935.600000  1.775479e-021
935.800000  1.766660e-021
936.000000  1.747578e-021
936.200000  1.757127e-021
936.400000  1.772485e-021
936.600000  1.747027e-021
936.800000  1.738361e-021
937.000000  1.757514e-021
937.200000  1.753907e-021
937.400000  1.719792e-021
937.600000  1.708431e-021
937.800000  1.728816e-021
938.000000  1.723511e-021
938.200000  1.709430e-021
938.400000  1.704533e-021
938.600000  1.705625e-021
938.800000  1.687682e-021
939.000000  1.696922e-021
939.200000  1.714069e-021
939.400000  1.727292e-021
939.600000  1.700198e-021
939.800000  1.705543e-021
940.000000  1.724911e-021
940.200000  1.721357e-021
940.400000  1.717418e-021
940.600000  1.737239e-021
940.800000  1.751300e-021
941.000000  1.740252e-021
941.200000  1.743892e-021
941.400000  1.787878e-021
941.600000  1.804041e-021
941.800000  1.791696e-021
942.000000  1.812371e-021
942.200000  1.829138e-021
942.400000  1.810629e-021
942.600000  1.790700e-021
942.800000  1.804806e-021
943.000000  1.821858e-021
943.200000  1.805439e-021
943.400000  1.805124e-021
943.600000  1.812346e-021
943.800000  1.807103e-021
944.000000  1.793659e-021
944.200000  1.816729e-021
944.400000  1.849331e-021
944.600000  1.838716e-021
944.800000  1.826973e-021
945.000000  1.857954e-021
945.200000  1.877242e-021
945.400000  1.842686e-021
945.600000  1.840022e-021
945.800000  1.849366e-021
946.000000  1.856373e-021
946.200000  1.843476e-021
946.400000  1.859749e-021
946.600000  1.873826e-021
946.800000  1.852365e-021
947.000000  1.836326e-021
947.200000  1.855438e-021
947.400000  1.856830e-021
947.600000  1.832409e-021
947.800000  1.830800e-021
948.000000  1.853809e-021
948.200000  1.850554e-021
948.400000  1.831631e-021
948.600000  1.863243e-021
948.800000  1.885409e-021
949.000000  1.861442e-021
949.200000  1.856258e-021
949.400000  1.871776e-021
949.600000  1.879312e-021
949.800000  1.863144e-021
950.000000  1.865229e-021
950.200000  1.893610e-021
950.400000  1.881996e-021
950.600000  1.857051e-021
950.800000  1.869490e-021
951.000000  1.879861e-021
951.200000  1.856471e-021
951.400000  1.857168e-021
951.600000  1.884620e-021
951.800000  1.904003e-021
952.000000  1.894380e-021
952.200000  1.923060e-021
952.400000  1.964003e-021
952.600000  1.963985e-021
952.800000  1.952886e-021
953.000000  1.980389e-021
953.200000  1.988253e-021
953.400000  1.961522e-021
953.600000  1.960577e-021
953.800000  1.997450e-021
954.000000  2.026056e-021
954.200000  2.003507e-021
954.400000  2.027760e-021
954.600000  2.060304e-021
954.800000  2.054133e-021
955.000000  2.025188e-021
955.200000  2.046362e-021
955.400000  2.066049e-021
955.600000  2.057840e-021
955.800000  2.068899e-021
956.000000  2.100410e-021
956.200000  2.099302e-021
956.400000  2.074552e-021
956.600000  2.077778e-021
956.800000  2.097278e-021
957.000000  2.076781e-021
957.200000  2.068171e-021
957.400000  2.096963e-021
957.600000  2.131796e-021
957.800000  2.120282e-021
958.000000  2.141021e-021
958.200000  2.171263e-021
958.400000  2.176720e-021
958.600000  2.168308e-021
958.800000  2.203922e-021
959.000000  2.243638e-021
959.200000  2.233092e-021
959.400000  2.222686e-021
959.600000  2.255351e-021
959.800000  2.272741e-021
960.000000  2.259414e-021
960.200000  2.277685e-021
960.400000  2.320735e-021
960.600000  2.340581e-021
960.800000  2.342611e-021
961.000000  2.373932e-021
961.200000  2.411058e-021
961.400000  2.396489e-021
961.600000  2.404009e-021
961.800000  2.451349e-021
962.000000  2.478232e-021
962.200000  2.466142e-021
962.400000  2.488020e-021
962.600000  2.529336e-021
962.800000  2.548993e-021
963.000000  2.562257e-021
963.200000  2.611570e-021
963.400000  2.674441e-021
963.600000  2.698742e-021
963.800000  2.752859e-021
964.000000  2.845384e-021
964.200000  2.929729e-021
964.400000  2.995247e-021
964.600000  3.111135e-021
964.800000  3.244001e-021
965.000000  3.328429e-021
965.200000  3.337883e-021
965.400000  3.337807e-021
965.600000  3.303255e-021
965.800000  3.221944e-021
966.000000  3.166136e-021
966.200000  3.147056e-021
966.400000  3.122279e-021
966.600000  3.079732e-021
966.800000  3.081436e-021
967.000000  3.114982e-021
967.200000  3.111555e-021
967.400000  3.103355e-021
967.600000  3.125353e-021
967.800000  3.145303e-021
968.000000  3.140366e-021
968.200000  3.158121e-021
968.400000  3.205186e-021
968.600000  3.231725e-021
968.800000  3.214688e-021
969.000000  3.244390e-021
969.200000  3.279251e-021
969.400000  3.277540e-021
969.600000  3.281133e-021
969.800000  3.327945e-021
970.000000  3.354566e-021
970.200000  3.346715e-021
970.400000  3.365145e-021
970.600000  3.410280e-021
970.800000  3.429576e-021
971.000000  3.420443e-021
971.200000  3.452658e-021
971.400000  3.492361e-021
971.600000  3.497042e-021
971.800000  3.518133e-021
972.000000  3.570665e-021
972.200000  3.620867e-021
972.400000  3.636556e-021
972.600000  3.668011e-021
972.800000  3.738756e-021
973.000000  3.774414e-021
973.200000  3.803350e-021
973.400000  3.867645e-021
973.600000  3.933006e-021
973.800000  3.962678e-021
974.000000  4.001823e-021
974.200000  4.080084e-021
974.400000  4.146071e-021
974.600000  4.170341e-021
974.800000  4.234642e-021
975.000000  4.331835e-021
975.020000  4.339999e-021
975.040000  4.359736e-021
975.060000  4.367267e-021
975.080000  4.370199e-021
975.100000  4.347556e-021
975.120000  4.342311e-021
975.140000  4.386737e-021
975.160000  4.387115e-021
975.180000  4.403502e-021
975.200000  4.379628e-021
975.220000  4.390824e-021
975.240000  4.384499e-021
975.260000  4.385389e-021
975.280000  4.420927e-021
975.300000  4.432735e-021
975.320000  4.438835e-021
975.340000  4.428793e-021
975.360000  4.424486e-021
975.380000  4.461881e-021
975.400000  4.492203e-021
975.420000  4.446244e-021
975.440000  4.463730e-021
975.460000  4.468679e-021
975.480000  4.443706e-021
975.500000  4.479681e-021
975.520000  4.462499e-021
975.540000  4.473274e-021
975.560000  4.484098e-021
975.580000  4.451547e-021
975.600000  4.500553e-021
975.620000  4.488524e-021
975.640000  4.517071e-021
975.660000  4.521607e-021
975.680000  4.517017e-021
975.700000  4.520483e-021
975.720000  4.526110e-021
975.740000  4.553391e-021
975.760000  4.565070e-021
975.780000  4.558813e-021
975.800000  4.588565e-021
975.820000  4.546654e-021
975.840000  4.563014e-021
975.860000  4.609015e-021
975.880000  4.616209e-021
975.900000  4.626168e-021
975.920000  4.603106e-021
975.940000  4.607539e-021
975.960000  4.611973e-021
975.980000  4.633479e-021
976.000000  4.649538e-021
976.020000  4.663052e-021
976.040000  4.641112e-021
976.060000  4.671796e-021
976.080000  4.666444e-021
976.100000  4.692257e-021
976.120000  4.709236e-021
976.140000  4.710550e-021
976.160000  4.703465e-021
976.180000  4.711496e-021
976.200000  4.727963e-021
976.220000  4.753263e-021
976.240000  4.746960e-021
976.260000  4.757073e-021
976.280000  4.739443e-021
976.300000  4.733707e-021
976.320000  4.742666e-021
976.340000  4.764729e-021
976.360000  4.779495e-021
976.380000  4.768575e-021
976.400000  4.763940e-021
976.420000  4.754482e-021
976.440000  4.789001e-021
976.460000  4.789236e-021
976.480000  4.809616e-021
976.500000  4.791430e-021
976.520000  4.824554e-021
976.540000  4.803991e-021
976.560000  4.820409e-021
976.580000  4.850290e-021
976.600000  4.842384e-021
976.620000  4.833473e-021
976.640000  4.862997e-021
976.660000  4.853458e-021
976.680000  4.857928e-021
976.700000  4.875266e-021
976.720000  4.902667e-021
976.740000  4.884232e-021
976.760000  4.905182e-021
976.780000  4.901434e-021
976.800000  4.921266e-021
976.820000  4.974823e-021
976.840000  4.959326e-021
976.860000  4.982661e-021
976.880000  4.975505e-021
976.900000  4.967172e-021
976.920000  4.979148e-021
976.940000  4.995351e-021
976.960000  5.007392e-021
976.980000  4.992397e-021
977.000000  5.029138e-021
977.020000  5.015551e-021
977.040000  5.067972e-021
977.060000  5.053042e-021
977.080000  5.041199e-021
977.100000  5.038462e-021
977.120000  5.060596e-021
977.140000  5.051164e-021
977.160000  5.095365e-021
977.180000  5.089523e-021
977.200000  5.094093e-021
977.220000  5.095382e-021
977.240000  5.082597e-021
977.260000  5.123793e-021
977.280000  5.141166e-021
977.300000  5.128242e-021
977.320000  5.125836e-021
977.340000  5.116652e-021
977.360000  5.145760e-021
977.380000  5.163845e-021
977.400000  5.140311e-021
977.420000  5.171568e-021
977.440000  5.175491e-021
977.460000  5.174421e-021
977.480000  5.161520e-021
977.500000  5.221191e-021
977.520000  5.228937e-021
977.540000  5.214606e-021
977.560000  5.219186e-021
977.580000  5.233239e-021
977.600000  5.213866e-021
977.620000  5.252254e-021
977.640000  5.267375e-021
977.660000  5.271695e-021
977.680000  5.244167e-021
977.700000  5.253546e-021
977.720000  5.255939e-021
977.740000  5.283285e-021
977.760000  5.278012e-021
977.780000  5.283646e-021
977.800000  5.266192e-021
977.820000  5.263205e-021
977.840000  5.270465e-021
977.860000  5.297718e-021
977.880000  5.303124e-021
977.900000  5.320876e-021
977.920000  5.317872e-021
977.940000  5.322673e-021
977.960000  5.319666e-021
977.980000  5.303010e-021
978.000000  5.343690e-021
978.020000  5.338880e-021
978.040000  5.330817e-021
978.060000  5.316923e-021
978.080000  5.357850e-021
978.100000  5.360239e-021
978.120000  5.381697e-021
978.140000  5.386721e-021
978.160000  5.398349e-021
978.180000  5.367813e-021
978.200000  5.385307e-021
978.220000  5.369743e-021
978.240000  5.432705e-021
978.260000  5.413651e-021
978.280000  5.403267e-021
978.300000  5.390273e-021
978.320000  5.409625e-021
978.340000  5.419103e-021
978.360000  5.421960e-021
978.380000  5.421499e-021
978.400000  5.385363e-021
978.420000  5.394180e-021
978.440000  5.363518e-021
978.460000  5.403291e-021
978.480000  5.423481e-021
978.500000  5.406472e-021
978.520000  5.416047e-021
978.540000  5.413657e-021
978.560000  5.382073e-021
978.580000  5.400225e-021
978.600000  5.389197e-021
978.620000  5.381849e-021
978.640000  5.408375e-021
978.660000  5.358600e-021
978.680000  5.395618e-021
978.700000  5.413567e-021
978.720000  5.432276e-021
978.740000  5.388803e-021
978.760000  5.385424e-021
978.780000  5.410698e-021
978.800000  5.376011e-021
978.820000  5.368712e-021
978.840000  5.412582e-021
978.860000  5.409875e-021
978.880000  5.411174e-021
978.900000  5.408472e-021
978.920000  5.419775e-021
978.940000  5.406409e-021
978.960000  5.415694e-021
978.980000  5.438357e-021
979.000000  5.410962e-021
979.020000  5.385340e-021
979.040000  5.428018e-021
979.060000  5.440901e-021
979.080000  5.440430e-021
979.100000  5.430623e-021
979.120000  5.416866e-021
979.140000  5.435019e-021
979.160000  5.435883e-021
979.180000  5.460110e-021
979.200000  5.469003e-021
979.220000  5.434180e-021
979.240000  5.428757e-021
979.260000  5.408105e-021
979.280000  5.425889e-021
979.300000  5.454441e-021
979.320000  5.473780e-021
979.340000  5.426236e-021
979.360000  5.406900e-021
979.380000  5.437339e-021
979.400000  5.395446e-021
979.420000  5.431317e-021
979.440000  5.442052e-021
979.460000  5.416867e-021
979.480000  5.400419e-021
979.500000  5.382731e-021
979.520000  5.442350e-021
979.540000  5.447088e-021
979.560000  5.439836e-021
979.580000  5.400196e-021
979.600000  5.387789e-021
979.620000  5.407229e-021
979.640000  5.418153e-021
979.660000  5.410577e-021
979.680000  5.437432e-021
979.700000  5.427832e-021
979.720000  5.377424e-021
979.740000  5.354244e-021
979.760000  5.398494e-021
979.780000  5.410061e-021
979.800000  5.395247e-021
979.820000  5.375601e-021
979.840000  5.350188e-021
979.860000  5.369823e-021
979.880000  5.373151e-021
979.900000  5.355578e-021
979.920000  5.387682e-021
979.940000  5.347888e-021
979.960000  5.337560e-021
979.980000  5.308545e-021
980.000000  5.313121e-021
980.020000  5.335429e-021
980.040000  5.339652e-021
980.060000  5.317382e-021
980.080000  5.274808e-021
980.100000  5.291768e-021
980.120000  5.310061e-021
980.140000  5.300794e-021
980.160000  5.308832e-021
980.180000  5.293190e-021
980.200000  5.266196e-021
980.220000  5.276278e-021
980.240000  5.292730e-021
980.260000  5.268532e-021
980.280000  5.276058e-021
980.300000  5.228176e-021
980.320000  5.245681e-021
980.340000  5.231239e-021
980.360000  5.269462e-021
980.380000  5.216229e-021
980.400000  5.253636e-021
980.420000  5.222216e-021
980.440000  5.192904e-021
980.460000  5.192708e-021
980.480000  5.201154e-021
980.500000  5.180625e-021
980.520000  5.204462e-021
980.540000  5.194393e-021
980.560000  5.169023e-021
980.580000  5.160280e-021
980.600000  5.146084e-021
980.620000  5.134540e-021
980.640000  5.115131e-021
980.660000  5.118141e-021
980.680000  5.102982e-021
980.700000  5.053609e-021
980.720000  5.063120e-021
980.740000  5.085335e-021
980.760000  5.054565e-021
980.780000  5.017400e-021
980.800000  5.016687e-021
980.820000  5.023084e-021
980.840000  5.019339e-021
980.860000  4.997145e-021
980.880000  4.998756e-021
980.900000  4.949534e-021
980.920000  4.955820e-021
980.940000  4.987552e-021
980.960000  4.953688e-021
980.980000  4.943505e-021
981.000000  4.927482e-021
981.020000  4.917030e-021
981.040000  4.880512e-021
981.060000  4.874252e-021
981.080000  4.899803e-021
981.100000  4.900465e-021
981.120000  4.905187e-021
981.140000  4.870606e-021
981.160000  4.841481e-021
981.180000  4.854169e-021
981.200000  4.870325e-021
981.220000  4.861741e-021
981.240000  4.846879e-021
981.260000  4.837190e-021
981.280000  4.815017e-021
981.300000  4.788997e-021
981.320000  4.799167e-021
981.340000  4.800868e-021
981.360000  4.782796e-021
981.380000  4.746303e-021
981.400000  4.754128e-021
981.420000  4.745676e-021
981.440000  4.745059e-021
981.460000  4.742198e-021
981.480000  4.719211e-021
981.500000  4.710764e-021
981.520000  4.668508e-021
981.540000  4.673907e-021
981.560000  4.665484e-021
981.580000  4.659823e-021
981.600000  4.626087e-021
981.620000  4.581424e-021
981.640000  4.607659e-021
981.660000  4.589751e-021
981.680000  4.581136e-021
981.700000  4.568198e-021
981.720000  4.557456e-021
981.740000  4.542423e-021
981.760000  4.512964e-021
981.780000  4.506079e-021
981.800000  4.523284e-021
981.820000  4.494766e-021
981.840000  4.483411e-021
981.860000  4.473673e-021
981.880000  4.445976e-021
981.900000  4.443684e-021
981.920000  4.446141e-021
981.940000  4.454945e-021
981.960000  4.428384e-021
981.980000  4.417164e-021
982.000000  4.388727e-021
982.020000  4.403648e-021
982.040000  4.389321e-021
982.060000  4.384928e-021
982.080000  4.365999e-021
982.100000  4.349223e-021
982.120000  4.332001e-021
982.140000  4.341563e-021
982.160000  4.371854e-021
982.180000  4.354542e-021
982.200000  4.319839e-021
982.220000  4.314874e-021
982.240000  4.294093e-021
982.260000  4.278996e-021
982.280000  4.295936e-021
982.300000  4.290491e-021
982.320000  4.257193e-021
982.340000  4.232682e-021
982.360000  4.220809e-021
982.380000  4.230988e-021
982.400000  4.228638e-021
982.420000  4.230412e-021
982.440000  4.178363e-021
982.460000  4.184590e-021
982.480000  4.183879e-021
982.500000  4.183663e-021
982.520000  4.185925e-021
982.540000  4.175321e-021
982.560000  4.172640e-021
982.580000  4.142435e-021
982.600000  4.140276e-021
982.620000  4.134773e-021
982.640000  4.136118e-021
982.660000  4.126714e-021
982.680000  4.104202e-021
982.700000  4.100199e-021
982.720000  4.085553e-021
982.740000  4.083498e-021
982.760000  4.089178e-021
982.780000  4.087122e-021
982.800000  4.074447e-021
982.820000  4.042419e-021
982.840000  4.017236e-021
982.860000  4.003074e-021
982.880000  4.023222e-021
982.900000  4.020961e-021
982.920000  3.990553e-021
982.940000  3.980194e-021
982.960000  3.960370e-021
982.980000  3.939186e-021
983.000000  3.955771e-021
983.020000  3.948284e-021
983.040000  3.921491e-021
983.060000  3.889241e-021
983.080000  3.872525e-021
983.100000  3.894960e-021
983.120000  3.892212e-021
983.140000  3.888529e-021
983.160000  3.855518e-021
983.180000  3.842584e-021
983.200000  3.816777e-021
983.220000  3.820827e-021
983.240000  3.837317e-021
983.260000  3.824320e-021
983.280000  3.797213e-021
983.300000  3.800791e-021
983.320000  3.800717e-021
983.340000  3.803834e-021
983.360000  3.812878e-021
983.380000  3.800041e-021
983.400000  3.792251e-021
983.420000  3.785891e-021
983.440000  3.770059e-021
983.460000  3.794016e-021
983.480000  3.785844e-021
983.500000  3.774529e-021
983.520000  3.756949e-021
983.540000  3.738103e-021
983.560000  3.747049e-021
983.580000  3.738977e-021
983.600000  3.751511e-021
983.620000  3.733561e-021
983.640000  3.718348e-021
983.660000  3.696967e-021
983.680000  3.680538e-021
983.700000  3.681807e-021
983.720000  3.706588e-021
983.740000  3.668886e-021
983.760000  3.654292e-021
983.780000  3.624865e-021
983.800000  3.610399e-021
983.820000  3.634514e-021
983.840000  3.625442e-021
983.860000  3.625549e-021
983.880000  3.604788e-021
983.900000  3.588470e-021
983.920000  3.581702e-021
983.940000  3.615114e-021
983.960000  3.610460e-021
983.980000  3.600200e-021
984.000000  3.583525e-021
984.020000  3.561370e-021
984.040000  3.588090e-021
984.060000  3.592094e-021
984.080000  3.575048e-021
984.100000  3.562775e-021
984.120000  3.568469e-021
984.140000  3.554944e-021
984.160000  3.563614e-021
984.180000  3.548410e-021
984.200000  3.579711e-021
984.220000  3.548421e-021
984.240000  3.537674e-021
984.260000  3.526534e-021
984.280000  3.524715e-021
984.300000  3.528394e-021
984.320000  3.524460e-021
984.340000  3.510409e-021
984.360000  3.502288e-021
984.380000  3.481614e-021
984.400000  3.481910e-021
984.420000  3.480214e-021
984.440000  3.470159e-021
984.460000  3.472638e-021
984.480000  3.445939e-021
984.500000  3.415258e-021
984.520000  3.438388e-021
984.540000  3.436688e-021
984.560000  3.439139e-021
984.580000  3.408455e-021
984.600000  3.398509e-021
984.620000  3.391972e-021
984.640000  3.385450e-021
984.660000  3.403580e-021
984.680000  3.417642e-021
984.700000  3.398730e-021
984.720000  3.379918e-021
984.740000  3.373432e-021
984.760000  3.379203e-021
984.780000  3.384977e-021
984.800000  3.378490e-021
984.820000  3.358377e-021
984.840000  3.350509e-021
984.860000  3.346706e-021
984.880000  3.359125e-021
984.900000  3.363438e-021
984.920000  3.359623e-021
984.940000  3.323467e-021
984.960000  3.335816e-021
984.980000  3.323965e-021
985.000000  3.328243e-021
985.200000  3.255980e-021
985.400000  3.226282e-021
985.600000  3.187103e-021
985.800000  3.151480e-021
986.000000  3.114410e-021
986.200000  3.058518e-021
986.400000  2.994765e-021
986.600000  2.935868e-021
986.800000  2.886084e-021
987.000000  2.834203e-021
987.200000  2.762828e-021
987.400000  2.712459e-021
987.600000  2.681560e-021
987.800000  2.644064e-021
988.000000  2.592158e-021
988.200000  2.560220e-021
988.400000  2.516623e-021
988.600000  2.458918e-021
988.800000  2.426648e-021
989.000000  2.437137e-021
989.200000  2.420420e-021
989.400000  2.379614e-021
989.600000  2.342160e-021
989.800000  2.302517e-021
990.000000  2.253881e-021
990.200000  2.200255e-021
990.400000  2.163040e-021
990.600000  2.141377e-021
990.800000  2.118928e-021
991.000000  2.087214e-021
991.200000  2.075094e-021
991.400000  2.048750e-021
991.600000  2.009124e-021
991.800000  1.974618e-021
992.000000  1.951946e-021
992.200000  1.901746e-021
992.400000  1.835266e-021
992.600000  1.796888e-021
992.800000  1.775314e-021
993.000000  1.736143e-021
993.200000  1.692033e-021
993.400000  1.664869e-021
993.600000  1.621372e-021
993.800000  1.557896e-021
994.000000  1.514697e-021
994.200000  1.485295e-021
994.400000  1.464365e-021
994.600000  1.433195e-021
994.800000  1.419842e-021
995.000000  1.404856e-021
995.200000  1.385192e-021
995.400000  1.382723e-021
995.600000  1.386543e-021
995.800000  1.370741e-021
996.000000  1.345526e-021
996.200000  1.329486e-021
996.400000  1.330096e-021
996.600000  1.285968e-021
996.800000  1.245888e-021
997.000000  1.236685e-021
997.200000  1.246672e-021
997.400000  1.223632e-021
997.600000  1.204326e-021
997.800000  1.184930e-021
998.000000  1.158093e-021
998.200000  1.112755e-021
998.400000  1.085776e-021
998.600000  1.098323e-021
998.800000  1.098726e-021
999.000000  1.063846e-021
999.200000  1.060309e-021
999.400000  1.047641e-021
999.600000  1.020088e-021
999.800000  9.825515e-022
1000.000000  9.570144e-022
1000.200000  9.496169e-022
1000.400000  9.210368e-022
1000.600000  8.903471e-022
1000.800000  9.003195e-022
1001.000000  9.054411e-022
1001.200000  8.731654e-022
1001.400000  8.609309e-022
1001.600000  8.783019e-022
1001.800000  8.460804e-022
1002.000000  8.126575e-022
1002.200000  8.396959e-022
1002.400000  8.547326e-022
1002.600000  8.227678e-022
1002.800000  8.010422e-022
1003.000000  8.219991e-022
1003.200000  8.194440e-022
1003.400000  7.820831e-022
1003.600000  7.731421e-022
1003.800000  7.620279e-022
1004.000000  7.217781e-022
1004.200000  6.930657e-022
1004.400000  7.258551e-022
1004.600000  7.512099e-022
1004.800000  7.323259e-022
1005.000000  7.041810e-022
1005.200000  7.228309e-022
1005.400000  7.121862e-022
1005.600000  6.802175e-022
1005.800000  6.866622e-022
1006.000000  7.203243e-022
1006.200000  6.899415e-022
1006.400000  6.441908e-022
1006.600000  6.567261e-022
1006.800000  6.767893e-022
1007.000000  6.458175e-022
1007.200000  6.526288e-022
1007.400000  6.843949e-022
1007.600000  6.693792e-022
1007.800000  6.302439e-022
1008.000000  6.278684e-022
1008.200000  6.309387e-022
1008.400000  6.075685e-022
1008.600000  5.918111e-022
1008.800000  6.118001e-022
1009.000000  6.262398e-022
1009.200000  5.843908e-022
1009.400000  5.710461e-022
1009.600000  6.069193e-022
1009.800000  6.106179e-022
1010.000000  5.708290e-022
1010.200000  5.712704e-022
1010.400000  5.728874e-022
1010.600000  5.618640e-022
1010.800000  5.344233e-022
1011.000000  5.617306e-022
1011.200000  5.851565e-022
1011.400000  5.409890e-022
1011.600000  5.413780e-022
1011.800000  5.754729e-022
1012.000000  5.784166e-022
1012.200000  5.406742e-022
1012.400000  5.429073e-022
1012.600000  5.414968e-022
1012.800000  5.051759e-022
1013.000000  4.990048e-022
1013.200000  5.392386e-022
1013.400000  5.334026e-022
1013.600000  4.838355e-022
1013.800000  4.752958e-022
1014.000000  5.134415e-022
1014.200000  4.894079e-022
1014.400000  4.332238e-022
1014.600000  4.217669e-022
1014.800000  4.261487e-022
1015.000000  4.170354e-022
1015.200000  4.224700e-022
1015.400000  4.531534e-022
1015.600000  4.629068e-022
1015.800000  4.261328e-022
1016.000000  4.203986e-022
1016.200000  4.372921e-022
1016.400000  4.178799e-022
1016.600000  4.035658e-022
1016.800000  4.307121e-022
1017.000000  4.524651e-022
1017.200000  4.192486e-022
1017.400000  3.943433e-022
1017.600000  4.202611e-022
1017.800000  4.167497e-022
1018.000000  3.966610e-022
1018.200000  3.894644e-022
1018.400000  4.152933e-022
1018.600000  3.794867e-022
1018.800000  3.458614e-022
1019.000000  3.633181e-022
1019.200000  3.749047e-022
1019.400000  3.458314e-022
1019.600000  3.288773e-022
1019.800000  3.657898e-022
1020.000000  3.486188e-022
1020.200000  2.802724e-022
1020.400000  3.057515e-022
1020.600000  2.907972e-022
1020.800000  2.668902e-022
1021.000000  2.858989e-022
1021.200000  3.124378e-022
1021.400000  2.787467e-022
1021.600000  2.474392e-022
1021.800000  2.677498e-022
1022.000000  2.641551e-022
1022.200000  2.441577e-022
1022.400000  2.569352e-022
1022.600000  2.785476e-022
1022.800000  2.648489e-022
1023.000000  2.360816e-022
1023.200000  2.551488e-022
1023.400000  2.704118e-022
1023.600000  2.340198e-022
1023.800000  1.941413e-022
1024.000000  2.333150e-022
1024.200000  2.459415e-022
1024.400000  2.208939e-022
1024.600000  2.312559e-022
1024.800000  2.615760e-022
1025.000000  2.554496e-022
1025.200000  2.255053e-022
1025.400000  2.345365e-022
1025.600000  2.547499e-022
1025.800000  2.197564e-022
1026.000000  2.050898e-022
1026.200000  2.329100e-022
1026.400000  2.429997e-022
1026.600000  2.068180e-022
1026.800000  2.033831e-022
1027.000000  2.096891e-022
1027.200000  1.820355e-022
1027.400000  1.710384e-022
1027.600000  2.164635e-022
1027.800000  2.553980e-022
1028.000000  2.153058e-022
1028.200000  2.006374e-022
1028.400000  2.234140e-022
1028.600000  2.059220e-022
1028.800000  1.636544e-022
1029.000000  1.677243e-022
1029.200000  1.864688e-022
1029.400000  1.700615e-022
1029.600000  1.502685e-022
1029.800000  1.807384e-022
1030.000000  2.046126e-022
1030.200000  1.773697e-022
1030.400000  1.802415e-022
1030.600000  2.117299e-022
1030.800000  1.991765e-022
1031.000000  1.569950e-022
1031.200000  1.735269e-022
1031.400000  1.998307e-022
1031.600000  1.612187e-022
1031.800000  1.140922e-022
1032.000000  1.343365e-022
1032.200000  1.693400e-022
1032.400000  1.459774e-022
1032.600000  1.452290e-022
1032.800000  1.692537e-022
1033.000000  1.682642e-022
1033.200000  1.296775e-022
1033.400000  1.447774e-022
1033.600000  1.608330e-022
1033.800000  1.398304e-022
1034.000000  1.278429e-022
1034.200000  1.518941e-022
1034.400000  1.594155e-022
1034.600000  1.145592e-022
1034.800000  1.074116e-022
1035.000000  1.358050e-022
1035.200000  1.082834e-022
1035.400000  8.137225e-023
1035.600000  9.571962e-023
1035.800000  1.280117e-022
1036.000000  9.319970e-023
1036.200000  7.257666e-023
1036.400000  9.133047e-023
1036.600000  9.483310e-023
1036.800000  5.630174e-023
1037.000000  5.981164e-023
1037.200000  1.047291e-022
1037.400000  9.330867e-023
1037.600000  6.978494e-023
1037.800000  8.525242e-023
1038.000000  1.127343e-022
1038.200000  7.650642e-023
1038.400000  5.955997e-023
1038.600000  9.722111e-023
1038.800000  1.123101e-022
1039.000000  7.901262e-023
1039.200000  8.317538e-023
1039.400000  9.713318e-023
1039.600000  7.335227e-023
1039.800000  4.412412e-023
1040.000000  6.864474e-023
1040.200000  8.548746e-023
1040.400000  5.511131e-023
1040.600000  5.098807e-023
1040.800000  7.948452e-023
1041.000000  8.947800e-023
1041.200000  4.236764e-023
1041.400000  2.912862e-023
1041.600000  4.164968e-023
1041.800000  2.495492e-023
1042.000000  -1.574554e-025
1042.200000  1.899649e-023
1042.400000  4.298666e-023
1042.600000  1.431923e-023
1042.800000  1.496874e-023
1043.000000  4.031090e-023
1043.200000  4.880151e-023
1043.400000  7.780689e-024
1043.600000  2.532667e-023
1043.800000  6.209451e-023
1044.000000  3.862263e-023
1044.200000  1.201234e-023
1044.400000  3.007711e-023
1044.600000  4.871373e-023
1044.800000  2.381362e-023
1045.000000  3.104596e-023
1045.200000  4.817089e-023
1045.400000  3.877800e-023
1045.600000  1.218928e-023
1045.800000  3.489655e-023
1046.000000  6.586487e-023
1046.200000  4.266096e-023
1046.400000  2.066361e-023
1046.600000  4.748332e-023
1046.800000  6.175183e-023
1047.000000  1.452385e-023
1047.200000  1.157017e-023
1047.400000  3.344563e-023
1047.600000  3.573996e-023
1047.800000  9.578059e-024
1048.000000  2.823372e-023
1048.200000  5.272870e-023
1048.400000  1.840170e-023
1048.600000  -9.358430e-024
1048.800000  5.785488e-024
1049.000000  6.998348e-024
1049.200000  -2.436539e-023
1049.400000  -1.383353e-023
1049.600000  1.267618e-023
1049.800000  1.291193e-023
1050.000000  -3.145637e-023
1050.200000  -1.362465e-023
1050.400000  1.128732e-023
1050.600000  1.664809e-024
1050.800000  -1.256773e-023
1051.000000  1.431742e-023
1051.200000  2.786066e-023
1051.400000  -1.665717e-023
1051.600000  -1.641390e-023
1051.800000  2.420167e-023
1052.000000  2.343225e-023
1052.200000  -6.205413e-024
1052.400000  8.874570e-024
1052.600000  3.584462e-023
1052.800000  4.606756e-024
1053.000000  -8.615878e-024
1053.200000  1.726405e-023
1053.400000  1.799215e-023
1053.600000  -1.271466e-023
1053.800000  -1.200218e-023
1054.000000  5.647585e-024
1054.200000  -2.307444e-023
1054.400000  -5.161530e-023
1054.600000  -2.978619e-023
1054.800000  -6.523317e-024
1055.000000  -4.353611e-023
1055.200000  -4.514970e-023
1055.400000  -8.412350e-025
1055.600000  1.318168e-023
1055.800000  -3.589996e-023
1056.000000  -4.029256e-023
1056.200000  -2.067532e-023
1056.400000  -3.238180e-023
1056.600000  -5.488706e-023
1056.800000  -3.345500e-023
1057.000000  -1.841924e-023
1057.200000  -5.571534e-023
1057.400000  -4.560819e-023
1057.600000  -1.494765e-024
1057.800000  6.359757e-024
1058.000000  -3.041756e-023
1058.200000  -1.224429e-023
1058.400000  1.556713e-023
1058.600000  -5.221958e-024
1058.800000  -4.598196e-023
1059.000000  -2.882608e-023
1059.200000  -6.249095e-024
1059.400000  -3.576514e-023
1059.600000  -3.599713e-023
1059.800000  -1.745151e-023
1060.000000  -2.553790e-023
1060.200000  -6.248548e-023
1060.400000  -4.839081e-023
1060.600000  -3.537337e-024
1060.800000  -2.756723e-023
1061.000000  -5.954726e-023
1061.200000  -4.708675e-023
1061.400000  -3.421400e-023
1061.600000  -5.995241e-023
1061.800000  -5.359924e-023
1062.000000  -1.575570e-023
1062.200000  -1.771848e-023
1062.400000  -5.666142e-023
1062.600000  -4.907139e-023
1062.800000  -2.900251e-023
1063.000000  -5.157396e-023
1063.200000  -7.352601e-023
1063.400000  -3.963670e-023
1063.600000  -2.872771e-023
1063.800000  -5.902816e-023
1064.000000  -5.499563e-023
1064.200000  -2.204128e-023
1064.400000  -3.120844e-023
1064.600000  -5.510661e-023
1064.800000  -3.326178e-023
1065.000000  -1.204518e-023
1065.200000  -3.509986e-023
1065.400000  -5.119855e-023
1065.600000  -2.425961e-023
1065.800000  -2.682395e-023
1066.000000  -8.017047e-023
1066.200000  -8.615949e-023
1066.400000  -5.971073e-023
1066.600000  -6.992146e-023
1066.800000  -9.511173e-023
1067.000000  -6.632178e-023
1067.200000  -2.978500e-023
1067.400000  -4.553613e-023
1067.600000  -4.671147e-023
1067.800000  -1.892686e-023
1068.000000  -8.536634e-024
1068.200000  -4.770103e-023
1068.400000  -4.368467e-023
1068.600000  -1.004511e-023
1068.800000  -2.858687e-023
1069.000000  -5.516942e-023
1069.200000  -4.101529e-023
1069.400000  -2.128438e-023
1069.600000  -5.465070e-023
1069.800000  -6.521368e-023
1070.000000  -3.094866e-023
1070.200000  -2.218151e-023
1070.400000  -6.632734e-023
1070.600000  -4.893699e-023
1070.800000  -2.266777e-023
1071.000000  -5.570912e-023
1071.200000  -8.461186e-023
1071.400000  -6.351712e-023
1071.600000  -4.764511e-023
1071.800000  -8.023623e-023
1072.000000  -8.392056e-023
1072.200000  -5.368950e-023
1072.400000  -5.253258e-023
1072.600000  -8.506417e-023
1072.800000  -6.230747e-023
1073.000000  -4.094924e-023
1073.200000  -5.184145e-023
1073.400000  -7.155901e-023
1073.600000  -4.662489e-023
1073.800000  -2.746611e-023
1074.000000  -6.588550e-023
1074.200000  -7.677986e-023
1074.400000  -4.396036e-023
1074.600000  -3.783199e-023
1074.800000  -5.830766e-023
1075.000000  -3.984529e-023
1075.200000  -4.448298e-024
1075.400000  -3.390825e-023
1075.600000  -5.532633e-023
1075.800000  -2.973576e-023
1076.000000  -2.456345e-023
1076.200000  -6.758578e-023
1076.400000  -7.819470e-023
1076.600000  -3.647837e-023
1076.800000  -3.692878e-023
1077.000000  -5.608600e-023
1077.200000  -3.857164e-023
1077.400000  -2.818071e-023
1077.600000  -5.097240e-023
1077.800000  -8.005400e-023
1078.000000  -6.047616e-023
1078.200000  -5.900992e-023
1078.400000  -9.251861e-023
1078.600000  -8.103702e-023
1078.800000  -5.849218e-023
1079.000000  -6.525707e-023
1079.200000  -9.374711e-023
1079.400000  -7.479597e-023
1079.600000  -4.493898e-023
1079.800000  -7.124699e-023
1080.000000  -8.222000e-023
1080.200000  -4.511362e-023
1080.400000  -4.096803e-023
1080.600000  -8.195384e-023
1080.800000  -7.316182e-023
1081.000000  -3.293256e-023
1081.200000  -3.828264e-023
1081.400000  -6.612056e-023
1081.600000  -4.850805e-023
1081.800000  -1.046623e-023
1082.000000  -3.595718e-023
1082.200000  -4.963161e-023
1082.400000  -2.246688e-023
1082.600000  -2.088471e-023
1082.800000  -6.726909e-023
1083.000000  -5.321861e-023
1083.200000  -2.602541e-023
1083.400000  -3.111607e-023
1083.600000  -6.783602e-023
1083.800000  -4.989661e-023
1084.000000  -1.805824e-023
1084.200000  -4.625521e-023
1084.400000  -5.500637e-023
1084.600000  -3.798868e-023
1084.800000  -2.324862e-023
1085.000000  -5.184372e-023
1085.200000  -3.219868e-023
1085.400000  -9.561566e-024
1085.600000  -3.412766e-023
1085.800000  -6.537751e-023
1086.000000  -4.240223e-023
1086.200000  -2.243347e-023
1086.400000  -5.691394e-023
1086.600000  -7.317257e-023
1086.800000  -4.007137e-023
1087.000000  -3.955487e-023
1087.200000  -7.407618e-023
1087.400000  -5.733395e-023
1087.600000  -3.938227e-023
1087.800000  -7.090718e-023
1088.000000  -9.507033e-023
1088.200000  -5.762305e-023
1088.400000  -2.580484e-023
1088.600000  -5.501903e-023
1088.800000  -5.349095e-023
1089.000000  -2.041102e-023
1089.200000  -2.511597e-023
1089.400000  -6.255879e-023
1089.600000  -4.325574e-023
1089.800000  -1.144579e-023
1090.000000  -2.605979e-023
1090.200000  -4.043022e-023
1090.400000  -1.881651e-023
1090.600000  -1.926251e-023
1090.800000  -6.107161e-023
1091.000000  -7.080422e-023
1091.200000  -4.484899e-023
1091.400000  -5.692424e-023
1091.600000  -8.164753e-023
1091.800000  -4.136207e-023
1092.000000  -9.745500e-024
1092.200000  -3.173367e-023
1092.400000  -5.242961e-023
1092.600000  -2.382209e-023
1092.800000  -1.433666e-023
1093.000000  -6.057409e-023
1093.200000  -6.625889e-023
1093.400000  -3.833314e-023
1093.600000  -5.907666e-023
1093.800000  -9.500905e-023
1094.000000  -8.173228e-023
1094.200000  -5.451514e-023
1094.400000  -5.532353e-023
1094.600000  -5.739120e-023
1094.800000  -1.766299e-023
1095.000000  -1.891757e-024
1095.200000  -3.942881e-023
1095.400000  -4.486355e-023
1095.600000  -1.697501e-023
1095.800000  -4.321730e-023
1096.000000  -7.978896e-023
1096.200000  -5.837929e-023
1096.400000  -1.062631e-023
1096.600000  -2.064012e-023
1096.800000  -3.706143e-023
1097.000000  -2.367826e-023
1097.200000  -2.113155e-023
1097.400000  -6.673002e-023
1097.600000  -6.415653e-023
1097.800000  -4.050811e-023
1098.000000  -5.164661e-023
1098.200000  -8.493210e-023
1098.400000  -7.071527e-023
1098.600000  -3.684225e-023
1098.800000  -6.455349e-023
1099.000000  -6.463825e-023
1099.200000  -3.831367e-023
1099.400000  -2.619019e-023
1099.600000  -6.120215e-023
1099.800000  -5.039140e-023
1100.000000  -3.298375e-023
1100.200000  -6.113629e-023
1100.400000  -7.652366e-023
1100.600000  -3.313088e-023
1100.800000  1.071477e-023
1101.000000  -1.407613e-023
1101.200000  -2.529375e-023
1101.400000  -2.879189e-024
1101.600000  -1.559130e-023
1101.800000  -4.275251e-023
1102.000000  -2.826913e-023
1102.200000  -8.112330e-024
1102.400000  -4.698285e-023
1102.600000  -8.149384e-023
1102.800000  -4.158568e-023
1103.000000  -2.036549e-023
1103.200000  -4.798773e-023
1103.400000  -5.205792e-023
1103.600000  -1.653787e-023
1103.800000  -1.802065e-023
1104.000000  -6.127076e-023
1104.200000  -5.207663e-023
1104.400000  -3.187007e-023
1104.600000  -5.655977e-023
1104.800000  -7.379165e-023
1105.000000  -4.276096e-023
1105.200000  -2.682052e-023
1105.400000  -8.174024e-023
1105.600000  -8.623382e-023
1105.800000  -4.929031e-023
1106.000000  -2.882101e-023
1106.200000  -4.994599e-023
1106.400000  -2.712935e-023
1106.600000  3.464327e-024
1106.800000  -1.488785e-023
1107.000000  -2.864097e-023
1107.200000  -6.414374e-024
1107.400000  3.333366e-024
1107.600000  -3.494320e-023
1107.800000  -3.067004e-023
1108.000000  -3.021503e-024
1108.200000  -9.296938e-024
1108.400000  -3.761298e-023
1108.600000  -2.219455e-023
1108.800000  -8.138442e-024
1109.000000  -3.981549e-023
1109.200000  -6.391080e-023
1109.400000  -3.706625e-023
1109.600000  -2.810968e-023
1109.800000  -5.794210e-023
1110.000000  -4.238630e-023
1110.200000  -7.194778e-024
1110.400000  -2.504472e-023
1110.600000  -5.278589e-023
1110.800000  -2.062674e-023
1111.000000  -2.758633e-024
1111.200000  -4.278436e-023
1111.400000  -5.409717e-023
1111.600000  -1.451208e-023
1111.800000  -3.356490e-024
1112.000000  -4.555786e-023
1112.200000  -4.192727e-023
1112.400000  -1.545682e-023
1112.600000  -2.796043e-023
1112.800000  -5.008953e-023
1113.000000  -3.617348e-023
1113.200000  -1.954283e-023
1113.400000  -4.902774e-023
1113.600000  -5.290137e-023
1113.800000  -2.006358e-023
1114.000000  -2.815518e-023
1114.200000  -7.473539e-023
1114.400000  -5.422914e-023
1114.600000  -1.491540e-023
1114.800000  -2.299088e-023
1115.000000  -4.719539e-023
1115.200000  -2.367810e-023
1115.400000  -6.658907e-024
1115.600000  -4.943763e-023
1115.800000  -5.428876e-023
1116.000000  -1.443601e-023
1116.200000  -6.354905e-024
1116.400000  -2.815369e-023
1116.600000  -1.252957e-023
1116.800000  1.539677e-023
1117.000000  -2.041781e-023
1117.200000  -3.980465e-023
1117.400000  -1.664884e-023
1117.600000  -1.441521e-023
1117.800000  -4.553410e-023
1118.000000  -3.984527e-023
1118.200000  -1.125899e-024
1118.400000  -1.056773e-023
1118.600000  -3.845998e-023
1118.800000  -2.061326e-023
1119.000000  1.011722e-023
1119.200000  -1.471260e-023
1119.400000  -2.357393e-023
1119.600000  3.624229e-024
1119.800000  9.513988e-024
1120.000000  -3.254060e-023
1120.200000  -3.340500e-023
1120.400000  6.164524e-025
1120.600000  -1.210533e-023
1120.800000  -4.744301e-023
1121.000000  -1.179601e-023
1121.200000  1.904541e-023
1121.400000  -1.981535e-023
1121.600000  -4.266789e-023
1121.800000  -8.284372e-024
1122.000000  3.181541e-024
1122.200000  -3.567455e-023
1122.400000  -2.456560e-023
1122.600000  3.336488e-023
1122.800000  2.022583e-023
1123.000000  -2.223722e-023
1123.200000  -2.825211e-023
1123.400000  -2.769702e-024
1123.600000  -2.006785e-023
1123.800000  -3.430635e-023
1124.000000  -1.479190e-023
1124.200000  -4.494752e-024
1124.400000  -3.438298e-023
1124.600000  -2.818824e-023
1124.800000  2.262726e-024
1125.000000  -1.288751e-023
1125.200000  -1.448200e-023
1125.400000  2.533641e-023
1125.600000  4.007821e-023
1125.800000  -1.679542e-023
1126.000000  -2.333399e-023
1126.200000  2.275101e-023
1126.400000  3.010479e-023
1126.600000  -2.952908e-023
1126.800000  -3.606435e-023
1127.000000  -1.648660e-023
1127.200000  -3.695217e-023
1127.400000  -5.679278e-023
1127.600000  -1.993081e-023
1127.800000  1.453441e-023
1128.000000  -3.197515e-024
1128.200000  -5.907347e-024
1128.400000  4.038347e-023
1128.600000  4.776201e-023
1128.800000  1.262260e-023
1129.000000  1.104968e-023
1129.200000  1.446133e-023
1129.400000  -8.771874e-024
1129.600000  -1.822250e-023
1129.800000  1.229965e-023
1130.000000  1.641344e-023
1130.200000  -3.591780e-023
1130.400000  -4.978023e-023
1130.600000  -2.475850e-023
1130.800000  -2.712710e-023
1131.000000  -5.966724e-023
1131.200000  -3.458059e-023
1131.400000  8.288457e-026
1131.600000  -1.871980e-023
1131.800000  -4.289277e-023
1132.000000  -2.700142e-023
1132.200000  -1.466431e-023
1132.400000  -4.845210e-023
1132.600000  -4.168830e-023
1132.800000  -1.307685e-023
1133.000000  -6.777508e-024
1133.200000  -2.612870e-023
1133.400000  4.303693e-025
1133.600000  3.366844e-023
1133.800000  1.645683e-023
1134.000000  1.703568e-024
1134.200000  2.661442e-023
1134.400000  5.952739e-023
1134.600000  5.430463e-023
1134.800000  7.036129e-023
1135.000000  8.860195e-023
1135.200000  5.796658e-023
1135.400000  3.609679e-024
1135.600000  -3.474896e-024
1135.800000  2.149919e-023
1136.000000  -5.705512e-024
1136.200000  -3.969542e-023
1136.400000  -4.323987e-023
1136.600000  -4.518661e-023
1136.800000  -7.159650e-023
1137.000000  -5.197745e-023
1137.200000  3.337984e-024
1137.400000  -9.257474e-024
1137.600000  -4.572033e-023
1137.800000  -1.988866e-023
1138.000000  7.380117e-024
1138.200000  -1.859346e-023
1138.400000  -2.543085e-023
1138.600000  3.510779e-024
1138.800000  1.842720e-024
1139.000000  -3.084359e-023
1139.200000  -2.613163e-023
1139.400000  1.484203e-023
1139.600000  2.524584e-024
1139.800000  -2.096858e-023
1140.000000  2.132254e-024
1140.200000  3.086432e-023
1140.400000  1.029277e-023
1140.600000  1.230779e-023
1140.800000  5.485057e-023
1141.000000  5.438632e-023
1141.200000  9.125416e-024
1141.400000  2.004671e-023
1141.600000  4.846530e-023
1141.800000  3.086309e-023
1142.000000  7.563859e-024
1142.200000  2.847621e-023
1142.400000  3.273866e-023
1142.600000  1.759121e-024
1142.800000  -6.219157e-024
1143.000000  2.915761e-023
1143.200000  2.681082e-023
1143.400000  -1.319218e-023
1143.600000  -1.106576e-024
1143.800000  4.268274e-024
1144.000000  -1.723796e-023
1144.200000  -2.907617e-023
1144.400000  7.401113e-024
1144.600000  8.696998e-024
1144.800000  -3.593204e-023
1145.000000  -3.085555e-023
1145.200000  -1.378262e-025
1145.400000  -7.251772e-025
1145.600000  -3.716712e-023
1145.800000  -3.833103e-023
1146.000000  -1.175695e-023
1146.200000  -3.857713e-023
1146.400000  -2.610680e-023
1146.600000  1.864357e-023
1146.800000  4.132921e-023
1147.000000  -1.596192e-024
1147.200000  8.280803e-024
1147.400000  4.731676e-023
1147.600000  4.432394e-023
1147.800000  4.680730e-024
1148.000000  2.353978e-023
1148.200000  5.031234e-023
1148.400000  2.131076e-023
1148.600000  1.622128e-023
1148.800000  5.561360e-023
1149.000000  5.513317e-023
1149.200000  6.286963e-025
1149.400000  -2.202241e-024
1149.600000  3.704136e-023
1149.800000  1.390279e-023
1150.000000  -3.015761e-023
