800.000000  NaN
800.200000  NaN
800.400000  NaN
800.600000  -6.757487e-028
800.800000  -1.489071e-027
801.000000  -1.236409e-027
801.200000  -3.447032e-028
801.400000  -8.061989e-028
801.600000  -1.514017e-027
801.800000  -8.468651e-028
802.000000  -5.665779e-028
802.200000  -1.338409e-027
802.400000  -1.601732e-027
802.600000  -6.683455e-028
802.800000  -8.490587e-028
803.000000  -2.069380e-027
803.200000  -1.804892e-027
803.400000  -1.096018e-027
803.600000  -2.020088e-027
803.800000  -2.668491e-027
804.000000  -2.070702e-027
804.200000  -1.425604e-027
804.400000  -2.273851e-027
804.600000  -2.440569e-027
804.800000  -1.441989e-027
805.000000  -1.585488e-027
805.200000  -2.390062e-027
805.400000  -1.799364e-027
805.600000  -8.754784e-028
805.800000  -1.338433e-027
806.000000  -1.947187e-027
806.200000  -7.051326e-028
806.400000  -2.556663e-028
806.600000  -1.146291e-027
806.800000  -1.464326e-027
807.000000  -3.437136e-028
807.200000  -4.307267e-028
807.400000  -1.942872e-027
807.600000  -1.368004e-027
807.800000  -6.238698e-028
808.000000  -1.872162e-027
808.200000  -2.935882e-027
808.400000  -1.729874e-027
808.600000  -1.810345e-027
808.800000  -2.920035e-027
809.000000  -2.338933e-027
809.200000  -4.424440e-028
809.400000  -1.362008e-027
809.600000  -3.042719e-027
809.800000  -1.698235e-027
810.000000  -1.187250e-027
810.200000  -2.619023e-027
810.400000  -2.861820e-027
810.600000  -8.086212e-028
810.800000  2.049255e-028
811.000000  -1.063434e-027
811.200000  -6.361304e-029
811.400000  1.186227e-027
811.600000  -1.330788e-028
811.800000  -1.459939e-027
812.000000  -5.476416e-028
812.200000  2.061112e-028
812.400000  -1.855054e-027
812.600000  -2.948174e-027
812.800000  -8.230720e-028
813.000000  -8.295828e-028
813.200000  -2.677271e-027
813.400000  -2.762965e-027
813.600000  -1.660905e-027
813.800000  -4.240050e-027
814.000000  -6.226227e-027
814.200000  -3.254449e-027
814.400000  -2.095115e-027
814.600000  -3.712650e-027
814.800000  -3.722101e-027
815.000000  -9.317018e-028
815.200000  -1.472864e-027
815.400000  -3.409712e-027
815.600000  -2.208765e-027
815.800000  5.279257e-028
816.000000  -9.472239e-028
816.200000  -3.384256e-027
816.400000  -1.390115e-027
816.600000  -4.497042e-028
816.800000  -2.384508e-027
817.000000  -1.868030e-027
817.200000  4.603145e-028
817.400000  2.466532e-030
817.600000  -2.942595e-027
817.800000  -2.212194e-027
818.000000  -6.008561e-028
818.200000  -2.449775e-027
818.400000  -5.187098e-027
818.600000  -1.374234e-027
818.800000  -1.555173e-027
819.000000  -4.668432e-027
819.200000  -5.652200e-027
819.400000  -2.743755e-027
819.600000  -2.455431e-027
819.800000  -3.674983e-027
820.000000  -3.055956e-027
820.200000  -6.613598e-028
820.400000  -3.644154e-027
820.600000  -4.706417e-027
820.800000  -5.916763e-028
821.000000  8.103087e-028
821.200000  -2.623232e-027
821.400000  -2.995257e-027
821.600000  6.481982e-028
821.800000  -1.934529e-027
822.000000  -4.685442e-027
822.200000  -1.390727e-027
822.400000  1.429998e-027
822.600000  -1.790962e-027
822.800000  -4.021682e-027
823.000000  -2.081754e-027
823.200000  -2.072626e-027
823.400000  -5.679324e-027
823.600000  -4.883657e-027
823.800000  -1.233871e-027
824.000000  -5.236339e-027
824.200000  -9.855127e-027
824.400000  -6.559763e-027
824.600000  -3.436684e-027
824.800000  -6.900401e-027
825.000000  -7.778787e-027
825.200000  -2.512272e-027
825.400000  7.993323e-029
825.600000  -4.841828e-027
825.800000  -2.907845e-027
826.000000  2.213630e-027
826.200000  7.146168e-029
826.400000  -5.457737e-027
826.600000  -1.405521e-027
826.800000  1.763889e-027
827.000000  -2.229448e-027
827.200000  -4.026815e-027
827.400000  -7.340820e-028
827.600000  -3.116054e-027
827.800000  -9.634902e-027
828.000000  -8.835144e-027
828.200000  -1.396501e-027
828.400000  -3.443452e-027
828.600000  -7.919623e-027
828.800000  -3.566638e-027
829.000000  -1.393802e-027
829.200000  -5.215016e-027
829.400000  -5.804208e-027
829.600000  1.946255e-027
829.800000  1.436144e-027
830.000000  -6.143548e-027
830.200000  -2.859894e-027
830.400000  1.210729e-027
830.600000  -2.383388e-027
830.800000  -7.552395e-027
831.000000  -2.163574e-027
831.200000  1.595680e-027
831.400000  -6.940768e-027
831.600000  -1.057443e-026
831.800000  -4.792120e-027
832.000000  -6.670941e-027
832.200000  -1.322001e-026
832.400000  -1.113042e-026
832.600000  -1.180451e-027
832.800000  -4.393220e-027
833.000000  -8.463611e-027
833.200000  2.627524e-027
833.400000  6.723393e-027
833.600000  -2.693842e-027
833.800000  -4.751252e-027
834.000000  3.918354e-027
834.200000  -1.018742e-027
834.400000  -1.054478e-026
834.600000  -3.302478e-027
834.800000  3.463618e-027
835.000000  -2.680195e-027
835.200000  -2.967254e-027
835.400000  5.927623e-027
835.600000  7.239358e-027
835.800000  -4.684338e-027
836.000000  -3.913605e-027
836.200000  5.653196e-027
836.400000  -2.630936e-027
836.600000  -1.275741e-026
836.800000  -6.506380e-027
837.000000  -3.655717e-028
837.200000  -1.700398e-026
837.400000  -1.991757e-026
837.600000  -6.125632e-027
837.800000  -1.944087e-027
838.000000  -1.298598e-026
838.200000  -9.551721e-027
838.400000  3.319534e-027
838.600000  1.268593e-027
838.800000  -7.209400e-027
839.000000  2.377792e-027
839.200000  8.428953e-027
839.400000  1.271986e-028
839.600000  -2.621616e-027
839.800000  1.147824e-026
840.000000  1.277766e-026
840.200000  -8.369631e-028
840.400000  3.563671e-027
840.600000  1.192409e-026
840.800000  3.561268e-027
841.000000  -1.226568e-026
841.200000  -3.137620e-027
841.400000  3.756834e-027
841.600000  -9.063762e-027
841.800000  -1.098384e-026
842.000000  3.520832e-027
842.200000  4.043991e-027
842.400000  -1.381197e-026
842.600000  -1.282564e-026
842.800000  1.961757e-027
843.000000  -8.073746e-027
843.200000  -1.608594e-026
843.400000  -4.205788e-027
843.600000  3.068396e-027
843.800000  -1.199360e-026
844.000000  -1.013698e-026
844.200000  1.784449e-026
844.400000  2.132466e-026
844.600000  2.965171e-027
844.800000  3.080282e-027
845.000000  1.681722e-026
845.200000  4.119872e-027
845.400000  -1.206695e-026
845.600000  4.963502e-027
845.800000  1.023610e-026
846.000000  -9.820861e-027
846.200000  -8.182759e-027
846.400000  1.338550e-026
846.600000  4.789178e-027
846.800000  -1.602758e-026
847.000000  -1.321352e-026
847.200000  -3.836703e-027
847.400000  -1.756619e-026
847.600000  -3.163051e-026
847.800000  -8.898555e-027
848.000000  1.713528e-027
848.200000  -1.365116e-026
848.400000  -1.498519e-026
848.600000  1.283353e-026
848.800000  9.490195e-027
849.000000  4.517422e-028
849.200000  1.043482e-026
849.400000  2.917701e-026
849.600000  1.193761e-026
849.800000  -1.229410e-028
850.000000  2.092447e-026
850.200000  1.623730e-026
850.400000  -9.302075e-027
850.600000  1.018055e-027
850.800000  2.582027e-026
851.000000  7.254510e-027
851.200000  -2.495837e-026
851.400000  -1.319248e-026
851.600000  1.086111e-026
851.800000  -1.568263e-026
852.000000  -3.173398e-026
852.200000  -5.667846e-027
852.400000  5.854278e-027
852.600000  -2.547710e-026
852.800000  -2.313849e-026
853.000000  8.709073e-027
853.200000  -1.219863e-026
853.400000  -3.670775e-026
853.600000  -9.067278e-027
853.800000  6.741565e-027
854.000000  -2.311366e-026
854.200000  -3.109051e-026
854.400000  6.932643e-027
854.600000  1.887075e-026
854.800000  -2.692723e-027
855.000000  8.020541e-027
855.200000  5.727700e-026
855.400000  4.927810e-026
855.600000  2.385356e-026
855.800000  3.862002e-026
856.000000  5.004212e-026
856.200000  1.010702e-026
856.400000  -2.055621e-026
856.600000  2.465725e-026
856.800000  1.312822e-026
857.000000  -1.538885e-026
857.200000  4.478520e-027
857.400000  4.931611e-026
857.600000  2.136807e-026
857.800000  -2.049107e-026
858.000000  -1.010409e-026
858.200000  -4.705664e-027
858.400000  -3.673803e-026
858.600000  -3.578158e-026
858.800000  1.164466e-026
859.000000  -2.819172e-027
859.200000  -4.964169e-026
859.400000  -2.847641e-026
859.600000  2.591949e-026
859.800000  -2.931920e-028
860.000000  -3.085798e-026
860.200000  3.957444e-026
860.400000  5.422766e-026
860.600000  1.287744e-026
860.800000  -7.401701e-027
861.000000  4.926097e-026
861.200000  2.968724e-026
861.400000  -2.118968e-026
861.600000  3.534106e-026
861.800000  7.177780e-026
862.000000  1.735757e-026
862.200000  -2.641959e-026
862.400000  2.370163e-026
862.600000  2.430598e-026
862.800000  -3.126781e-026
863.000000  -1.717165e-026
863.200000  6.210237e-026
863.400000  3.944395e-026
863.600000  -1.860184e-026
863.800000  2.124227e-026
864.000000  6.012453e-026
864.200000  1.798548e-026
864.400000  -2.604255e-026
864.600000  2.785276e-026
864.800000  4.353977e-026
865.000000  -3.943122e-026
865.200000  -3.417267e-026
865.400000  6.259583e-026
865.600000  4.591451e-026
865.800000  -1.758614e-026
866.000000  4.784298e-026
866.200000  1.074657e-025
866.400000  5.361144e-026
866.600000  1.826050e-026
866.800000  9.967726e-026
867.000000  1.223671e-025
867.200000  5.487004e-026
867.400000  6.955846e-026
867.600000  1.250857e-025
867.800000  6.973812e-026
868.000000  -2.110010e-026
868.200000  2.787977e-026
868.400000  5.075024e-026
868.600000  -3.512307e-026
868.800000  -8.137274e-026
869.000000  1.619025e-026
869.200000  3.397031e-026
869.400000  -3.633526e-026
869.600000  3.827504e-027
869.800000  1.116344e-025
870.000000  9.670937e-026
870.200000  2.364253e-026
870.400000  8.867201e-026
870.600000  1.416708e-025
870.800000  3.714390e-026
871.000000  3.308666e-026
871.200000  1.455523e-025
871.400000  1.438246e-025
871.600000  8.647998e-026
871.800000  9.334597e-026
872.000000  2.017489e-025
872.200000  1.117874e-025
872.400000  3.396396e-026
872.600000  1.168572e-025
872.800000  1.740507e-025
873.000000  6.285911e-026
873.200000  3.934483e-026
873.400000  1.629979e-025
873.600000  1.459418e-025
873.800000  6.053885e-026
874.000000  1.508805e-025
874.200000  2.445019e-025
874.400000  1.692146e-025
874.600000  1.167520e-025
874.800000  2.132930e-025
875.000000  2.730115e-025
875.200000  1.664582e-025
875.400000  1.242965e-025
875.600000  2.398148e-025
875.800000  1.920178e-025
876.000000  6.952934e-026
876.200000  6.576520e-026
876.400000  1.823728e-025
876.600000  1.673545e-025
876.800000  1.393104e-025
877.000000  2.796660e-025
877.200000  2.921921e-025
877.400000  1.586680e-025
877.600000  1.540705e-025
877.800000  2.488250e-025
878.000000  1.790710e-025
878.200000  7.562363e-026
878.400000  2.497128e-025
878.600000  4.665898e-025
878.800000  3.705423e-025
879.000000  3.110971e-025
879.200000  5.089931e-025
879.400000  5.172436e-025
879.600000  3.417483e-025
879.800000  3.318900e-025
880.000000  4.556774e-025
880.200000  3.951048e-025
880.400000  2.778251e-025
880.600000  4.527256e-025
880.800000  5.632808e-025
881.000000  4.350744e-025
881.200000  2.810916e-025
881.400000  5.354708e-025
881.600000  4.879074e-025
881.800000  3.175097e-025
882.000000  3.646608e-025
882.200000  6.293050e-025
882.400000  5.868784e-025
882.600000  4.206554e-025
882.800000  5.856691e-025
883.000000  7.379935e-025
883.200000  5.234382e-025
883.400000  5.293971e-025
883.600000  8.166117e-025
883.800000  9.406986e-025
884.000000  8.109310e-025
884.200000  9.562046e-025
884.400000  1.203126e-024
884.600000  1.031696e-024
884.800000  8.134254e-025
885.000000  9.164422e-025
885.200000  9.693645e-025
885.400000  7.242009e-025
885.600000  6.916976e-025
885.800000  9.776807e-025
886.000000  9.819448e-025
886.200000  8.849679e-025
886.400000  1.074584e-024
886.600000  1.335257e-024
886.800000  1.274441e-024
887.000000  1.132071e-024
887.200000  1.424511e-024
887.400000  1.526093e-024
887.600000  1.356189e-024
887.800000  1.266940e-024
888.000000  1.526535e-024
888.200000  1.534669e-024
888.400000  1.244486e-024
888.600000  1.524840e-024
888.800000  1.800257e-024
889.000000  1.720826e-024
889.200000  1.612369e-024
889.400000  1.937807e-024
889.600000  2.123650e-024
889.800000  1.893479e-024
890.000000  2.027825e-024
890.200000  2.332957e-024
890.400000  2.264297e-024
890.600000  1.907471e-024
890.800000  2.178548e-024
891.000000  2.572876e-024
891.200000  2.339116e-024
891.400000  2.264339e-024
891.600000  2.658427e-024
891.800000  2.892945e-024
892.000000  2.696021e-024
892.200000  2.731179e-024
892.400000  3.246547e-024
892.600000  3.125651e-024
892.800000  2.788778e-024
893.000000  3.023696e-024
893.200000  3.567228e-024
893.400000  3.527156e-024
893.600000  3.469294e-024
893.800000  3.950523e-024
894.000000  4.193587e-024
894.200000  3.781966e-024
894.400000  3.867671e-024
894.600000  4.100340e-024
894.800000  3.894320e-024
895.000000  3.549500e-024
895.200000  3.939438e-024
895.400000  4.450910e-024
895.600000  4.112883e-024
895.800000  4.086416e-024
896.000000  4.657120e-024
896.200000  4.936503e-024
896.400000  4.591065e-024
896.600000  4.878475e-024
896.800000  5.300746e-024
897.000000  4.981957e-024
897.200000  4.743341e-024
897.400000  5.435066e-024
897.600000  6.180849e-024
897.800000  6.140509e-024
898.000000  6.216692e-024
898.200000  7.069096e-024
898.400000  7.156389e-024
898.600000  6.593492e-024
898.800000  6.582480e-024
899.000000  7.050877e-024
899.200000  6.921347e-024
899.400000  6.814436e-024
899.600000  7.391309e-024
899.800000  7.706719e-024
900.000000  7.169887e-024
900.200000  7.129137e-024
900.400000  7.827658e-024
900.600000  8.070166e-024
900.800000  7.782341e-024
901.000000  8.211414e-024
901.200000  8.903082e-024
901.400000  8.869456e-024
901.600000  9.030350e-024
901.800000  1.018136e-023
902.000000  1.047819e-023
902.200000  1.009547e-023
902.400000  1.026455e-023
902.600000  1.114239e-023
902.800000  1.123598e-023
903.000000  1.063626e-023
903.200000  1.154899e-023
903.400000  1.253645e-023
903.600000  1.238334e-023
903.800000  1.202523e-023
904.000000  1.299601e-023
904.200000  1.336902e-023
904.400000  1.295172e-023
904.600000  1.313271e-023
904.800000  1.433986e-023
905.000000  1.464694e-023
905.200000  1.425800e-023
905.400000  1.503356e-023
905.600000  1.614414e-023
905.800000  1.582931e-023
906.000000  1.565683e-023
906.200000  1.685181e-023
906.400000  1.770298e-023
906.600000  1.747775e-023
906.800000  1.797039e-023
907.000000  1.945910e-023
907.200000  1.974215e-023
907.400000  1.957113e-023
907.600000  2.083734e-023
907.800000  2.214107e-023
908.000000  2.204737e-023
908.200000  2.196114e-023
908.400000  2.313581e-023
908.600000  2.346919e-023
908.800000  2.242376e-023
909.000000  2.347344e-023
909.200000  2.549355e-023
909.400000  2.619313e-023
909.600000  2.582920e-023
909.800000  2.742649e-023
910.000000  2.923847e-023
910.200000  2.931566e-023
910.400000  2.988279e-023
910.600000  3.192990e-023
910.800000  3.293436e-023
911.000000  3.283731e-023
911.200000  3.413166e-023
911.400000  3.653491e-023
911.600000  3.733498e-023
911.800000  3.741471e-023
912.000000  3.937910e-023
912.200000  4.138957e-023
912.400000  4.187848e-023
912.600000  4.280632e-023
912.800000  4.576186e-023
913.000000  4.712290e-023
913.200000  4.744276e-023
913.400000  4.910903e-023
913.600000  5.199381e-023
913.800000  5.281328e-023
914.000000  5.382118e-023
914.200000  5.638762e-023
914.400000  5.879157e-023
914.600000  5.944646e-023
914.800000  6.119510e-023
915.000000  6.458986e-023
915.200000  6.685158e-023
915.400000  6.746903e-023
915.600000  7.024799e-023
915.800000  7.456105e-023
916.000000  7.639524e-023
916.200000  7.884549e-023
916.400000  8.292667e-023
916.600000  8.610078e-023
916.800000  8.716025e-023
917.000000  8.928992e-023
917.200000  9.355707e-023
917.400000  9.671524e-023
917.600000  9.889360e-023
917.800000  1.038496e-022
918.000000  1.086308e-022
918.200000  1.110403e-022
918.400000  1.130078e-022
918.600000  1.182890e-022
918.800000  1.223785e-022
919.000000  1.237508e-022
919.200000  1.268350e-022
919.400000  1.315129e-022
919.600000  1.343012e-022
919.800000  1.358667e-022
920.000000  1.397425e-022
920.200000  1.435458e-022
920.400000  1.448733e-022
920.600000  1.469785e-022
920.800000  1.515273e-022
921.000000  1.545057e-022
921.200000  1.548162e-022
921.400000  1.573652e-022
921.600000  1.615412e-022
921.800000  1.633657e-022
922.000000  1.635586e-022
922.200000  1.671633e-022
922.400000  1.710416e-022
922.600000  1.717078e-022
922.800000  1.718804e-022
923.000000  1.755039e-022
923.200000  1.769761e-022
923.400000  1.768027e-022
923.600000  1.787604e-022
923.800000  1.826553e-022
924.000000  1.834993e-022
924.200000  1.829760e-022
924.400000  1.858962e-022
924.600000  1.870524e-022
924.800000  1.856306e-022
925.000000  1.852443e-022
925.200000  1.902781e-022
925.400000  1.925375e-022
925.600000  1.909118e-022
925.800000  1.920271e-022
926.000000  1.954898e-022
926.200000  1.948745e-022
926.400000  1.938823e-022
926.600000  1.972823e-022
926.800000  1.996280e-022
927.000000  1.988871e-022
927.200000  1.996279e-022
927.400000  2.035735e-022
927.600000  2.045793e-022
927.800000  2.020420e-022
928.000000  2.038069e-022
928.200000  2.083867e-022
928.400000  2.074263e-022
928.600000  2.059437e-022
928.800000  2.082335e-022
929.000000  2.087057e-022
929.200000  2.076376e-022
929.400000  2.082093e-022
929.600000  2.150433e-022
929.800000  2.159491e-022
930.000000  2.148837e-022
930.200000  2.178541e-022
930.400000  2.226077e-022
930.600000  2.204931e-022
930.800000  2.204085e-022
931.000000  2.254258e-022
931.200000  2.267875e-022
931.400000  2.226090e-022
931.600000  2.224093e-022
931.800000  2.274406e-022
932.000000  2.281826e-022
932.200000  2.264481e-022
932.400000  2.293831e-022
932.600000  2.327956e-022
932.800000  2.316072e-022
933.000000  2.305780e-022
933.200000  2.365623e-022
933.400000  2.404777e-022
933.600000  2.395427e-022
933.800000  2.420688e-022
934.000000  2.476614e-022
934.200000  2.470945e-022
934.400000  2.460308e-022
934.600000  2.501674e-022
934.800000  2.542204e-022
935.000000  2.511285e-022
935.200000  2.496915e-022
935.400000  2.576315e-022
935.600000  2.617685e-022
935.800000  2.593748e-022
936.000000  2.619840e-022
936.200000  2.700832e-022
936.400000  2.699854e-022
936.600000  2.672596e-022
936.800000  2.732564e-022
937.000000  2.783027e-022
937.200000  2.757284e-022
937.400000  2.744356e-022
937.600000  2.816308e-022
937.800000  2.852820e-022
938.000000  2.844035e-022
938.200000  2.901074e-022
938.400000  2.962163e-022
938.600000  2.945804e-022
938.800000  2.927495e-022
939.000000  3.013017e-022
939.200000  3.095364e-022
939.400000  3.091876e-022
939.600000  3.101710e-022
939.800000  3.205254e-022
940.000000  3.235390e-022
940.200000  3.226665e-022
940.400000  3.295792e-022
940.600000  3.400866e-022
940.800000  3.407027e-022
941.000000  3.417927e-022
941.200000  3.525263e-022
941.400000  3.653776e-022
941.600000  3.671546e-022
941.800000  3.708525e-022
942.000000  3.837213e-022
942.200000  3.886617e-022
942.400000  3.850296e-022
942.600000  3.899209e-022
942.800000  4.008296e-022
943.000000  4.008043e-022
943.200000  4.007857e-022
943.400000  4.112614e-022
943.600000  4.169210e-022
943.800000  4.137794e-022
944.000000  4.178935e-022
944.200000  4.344821e-022
944.400000  4.404435e-022
944.600000  4.383474e-022
944.800000  4.468041e-022
945.000000  4.596150e-022
945.200000  4.618674e-022
945.400000  4.581002e-022
945.600000  4.684913e-022
945.800000  4.735135e-022
946.000000  4.724428e-022
946.200000  4.782097e-022
946.400000  4.931755e-022
946.600000  4.956309e-022
946.800000  4.908490e-022
947.000000  4.984420e-022
947.200000  5.097654e-022
947.400000  5.078901e-022
947.600000  5.071775e-022
947.800000  5.203934e-022
948.000000  5.319086e-022
948.200000  5.281860e-022
948.400000  5.373718e-022
948.600000  5.575082e-022
948.800000  5.613205e-022
949.000000  5.573660e-022
949.200000  5.693557e-022
949.400000  5.804472e-022
949.600000  5.783205e-022
949.800000  5.804380e-022
950.000000  5.964090e-022
950.200000  6.085363e-022
950.400000  6.021478e-022
950.600000  6.102424e-022
950.800000  6.273567e-022
951.000000  6.272601e-022
951.200000  6.240535e-022
951.400000  6.397936e-022
951.600000  6.572247e-022
951.800000  6.561688e-022
952.000000  6.648665e-022
952.200000  6.910090e-022
952.400000  7.066747e-022
952.600000  7.053827e-022
952.800000  7.183675e-022
953.000000  7.405965e-022
953.200000  7.449787e-022
953.400000  7.402984e-022
953.600000  7.588092e-022
953.800000  7.820954e-022
954.000000  7.857360e-022
954.200000  7.906590e-022
954.400000  8.193886e-022
954.600000  8.328889e-022
954.800000  8.287644e-022
955.000000  8.394589e-022
955.200000  8.536144e-022
955.400000  8.694154e-022
955.600000  8.833304e-022
955.800000  8.979706e-022
956.000000  9.120003e-022
956.200000  9.224375e-022
956.400000  9.287235e-022
956.600000  9.333352e-022
956.800000  9.432247e-022
957.000000  9.515184e-022
957.200000  9.622788e-022
957.400000  9.764971e-022
957.600000  9.975884e-022
957.800000  1.014324e-021
958.000000  1.033101e-021
958.200000  1.052582e-021
958.400000  1.070066e-021
958.600000  1.090021e-021
958.800000  1.111659e-021
959.000000  1.132704e-021
959.200000  1.149784e-021
959.400000  1.163732e-021
959.600000  1.179587e-021
959.800000  1.199576e-021
960.000000  1.215858e-021
960.200000  1.234465e-021
960.400000  1.258860e-021
960.600000  1.288416e-021
960.800000  1.309946e-021
961.000000  1.333111e-021
961.200000  1.363456e-021
961.400000  1.378276e-021
961.600000  1.401871e-021
961.800000  1.433069e-021
962.000000  1.465672e-021
962.200000  1.486408e-021
962.400000  1.510861e-021
962.600000  1.539021e-021
962.800000  1.574535e-021
963.000000  1.608859e-021
963.200000  1.646301e-021
963.400000  1.696146e-021
963.600000  1.748972e-021
963.800000  1.816232e-021
964.000000  1.896952e-021
964.200000  1.991473e-021
964.400000  2.101835e-021
964.600000  2.211521e-021
964.800000  2.305933e-021
965.000000  2.355457e-021
965.200000  2.343733e-021
965.400000  2.309042e-021
965.600000  2.273299e-021
965.800000  2.239966e-021
966.000000  2.224870e-021
966.200000  2.227655e-021
966.400000  2.236886e-021
966.600000  2.245248e-021
966.800000  2.265471e-021
967.000000  2.298886e-021
967.200000  2.334508e-021
967.400000  2.353991e-021
967.600000  2.379625e-021
967.800000  2.413881e-021
968.000000  2.450119e-021
968.200000  2.488327e-021
968.400000  2.536344e-021
968.600000  2.588991e-021
968.800000  2.612515e-021
969.000000  2.649846e-021
969.200000  2.691756e-021
969.400000  2.727000e-021
969.600000  2.756787e-021
969.800000  2.803237e-021
970.000000  2.843633e-021
970.200000  2.872286e-021
970.400000  2.909270e-021
970.600000  2.954126e-021
970.800000  2.993339e-021
971.000000  3.036962e-021
971.200000  3.078497e-021
971.400000  3.124824e-021
971.600000  3.177454e-021
971.800000  3.224485e-021
972.000000  3.283714e-021
972.200000  3.351397e-021
972.400000  3.414542e-021
972.600000  3.484836e-021
972.800000  3.549542e-021
973.000000  3.633873e-021
973.200000  3.706016e-021
973.400000  3.791324e-021
973.600000  3.882523e-021
973.800000  3.965774e-021
974.000000  4.058546e-021
974.200000  4.166331e-021
974.400000  4.275069e-021
974.600000  4.376115e-021
974.800000  4.491925e-021
975.000000  4.630971e-021
975.200000  4.764712e-021
975.400000  4.919121e-021
975.600000  5.002024e-021
975.800000  5.134770e-021
976.000000  5.322970e-021
976.200000  5.489902e-021
976.400000  5.612754e-021
976.600000  5.784492e-021
976.800000  6.008479e-021
977.000000  6.202953e-021
977.200000  6.388621e-021
977.400000  6.570847e-021
977.600000  6.780474e-021
977.800000  6.970195e-021
978.000000  7.107909e-021
978.200000  7.272487e-021
978.400000  7.510820e-021
978.600000  7.598280e-021
978.800000  7.673228e-021
979.000000  7.884498e-021
979.200000  8.033345e-021
979.400000  8.060893e-021
979.600000  8.222131e-021
979.800000  8.233294e-021
980.000000  8.250026e-021
980.200000  8.297137e-021
980.400000  8.282230e-021
980.600000  8.231148e-021
980.800000  8.104889e-021
981.000000  8.053678e-021
981.200000  7.965314e-021
981.400000  7.866306e-021
981.600000  7.679431e-021
981.800000  7.500939e-021
982.000000  7.354207e-021
982.200000  7.260260e-021
982.400000  7.160595e-021
982.600000  7.010869e-021
982.800000  6.955177e-021
983.000000  6.749030e-021
983.200000  6.619675e-021
983.400000  6.656511e-021
983.600000  6.555208e-021
983.800000  6.450709e-021
984.000000  6.459407e-021
984.200000  6.392265e-021
984.400000  6.322634e-021
984.600000  6.254982e-021
984.800000  6.249468e-021
985.000000  6.217815e-021
985.200000  6.131159e-021
985.400000  6.151062e-021
985.600000  6.179730e-021
985.800000  6.121974e-021
986.000000  6.075167e-021
986.200000  6.069852e-021
986.400000  6.002453e-021
986.600000  5.915519e-021
986.800000  5.844009e-021
987.000000  5.848182e-021
987.200000  5.741319e-021
987.400000  5.652817e-021
987.600000  5.679631e-021
987.800000  5.680493e-021
988.000000  5.592650e-021
988.200000  5.538210e-021
988.400000  5.547512e-021
988.600000  5.483807e-021
988.800000  5.413977e-021
989.000000  5.482571e-021
989.200000  5.557533e-021
989.400000  5.499506e-021
989.600000  5.411708e-021
989.800000  5.403120e-021
990.000000  5.381799e-021
990.200000  5.259471e-021
990.400000  5.178914e-021
990.600000  5.226766e-021
990.800000  5.215571e-021
991.000000  5.125653e-021
991.200000  5.135879e-021
991.400000  5.181098e-021
991.600000  5.103635e-021
991.800000  5.002371e-021
992.000000  5.026824e-021
992.200000  4.970011e-021
992.400000  4.773003e-021
992.600000  4.676138e-021
992.800000  4.722507e-021
993.000000  4.652510e-021
993.200000  4.501249e-021
993.400000  4.464156e-021
993.600000  4.443651e-021
993.800000  4.273055e-021
994.000000  4.033789e-021
994.200000  4.003481e-021
994.400000  3.991126e-021
994.600000  3.918894e-021
994.800000  3.771380e-021
995.000000  3.749237e-021
995.200000  3.733154e-021
995.400000  3.681109e-021
995.600000  3.632780e-021
995.800000  3.621879e-021
996.000000  3.604818e-021
996.200000  3.567765e-021
996.400000  3.525256e-021
996.600000  3.507264e-021
996.800000  3.467679e-021
997.000000  3.424158e-021
997.200000  3.407541e-021
997.400000  3.396290e-021
997.600000  3.368783e-021
997.800000  3.337349e-021
998.000000  3.325982e-021
998.200000  3.316138e-021
998.400000  3.282992e-021
998.600000  3.269971e-021
998.800000  3.262362e-021
999.000000  3.243060e-021
999.200000  3.207355e-021
999.400000  3.205107e-021
999.600000  3.202851e-021
999.800000  3.166206e-021
1000.000000  3.133394e-021
1000.200000  3.105210e-021
1000.400000  3.103613e-021
1000.600000  3.080828e-021
1000.800000  3.046213e-021
1001.000000  3.057905e-021
1001.200000  3.053879e-021
1001.400000  3.025424e-021
1001.600000  3.009524e-021
1001.800000  3.021211e-021
1002.000000  3.004477e-021
1002.200000  2.989288e-021
1002.400000  2.979606e-021
1002.600000  2.992881e-021
1002.800000  2.983177e-021
1003.000000  2.971861e-021
1003.200000  2.970057e-021
1003.400000  2.981770e-021
1003.600000  2.969612e-021
1003.800000  2.959817e-021
1004.000000  2.977928e-021
1004.200000  2.971310e-021
1004.400000  2.957480e-021
1004.600000  2.968429e-021
1004.800000  2.979397e-021
1005.000000  2.972740e-021
1005.200000  2.962855e-021
1005.400000  2.991517e-021
1005.600000  2.983233e-021
1005.800000  2.978955e-021
1006.000000  2.983529e-021
1006.200000  2.995370e-021
1006.400000  3.004001e-021
1006.600000  2.985971e-021
1006.800000  3.000266e-021
1007.000000  3.017826e-021
1007.200000  3.010284e-021
1007.400000  3.001913e-021
1007.600000  3.025203e-021
1007.800000  3.033085e-021
1008.000000  3.031212e-021
1008.200000  3.039924e-021
1008.400000  3.056805e-021
1008.600000  3.054123e-021
1008.800000  3.055518e-021
1009.000000  3.074090e-021
1009.200000  3.084508e-021
1009.400000  3.071992e-021
1009.600000  3.069294e-021
1009.800000  3.097794e-021
1010.000000  3.100041e-021
1010.200000  3.099820e-021
1010.400000  3.107832e-021
1010.600000  3.132346e-021
1010.800000  3.133796e-021
1011.000000  3.141029e-021
1011.200000  3.149925e-021
1011.400000  3.161320e-021
1011.600000  3.162789e-021
1011.800000  3.151817e-021
1012.000000  3.169047e-021
1012.200000  3.181322e-021
1012.400000  3.175315e-021
1012.600000  3.200936e-021
1012.800000  3.214101e-021
1013.000000  3.213938e-021
1013.200000  3.202914e-021
1013.400000  3.206076e-021
1013.600000  3.210915e-021
1013.800000  3.199006e-021
1014.000000  3.197971e-021
1014.200000  3.203644e-021
1014.400000  3.211844e-021
1014.600000  3.198193e-021
1014.800000  3.187036e-021
1015.000000  3.197761e-021
1015.200000  3.186574e-021
1015.400000  3.169451e-021
1015.600000  3.175109e-021
1015.800000  3.166393e-021
1016.000000  3.161044e-021
1016.200000  3.154833e-021
1016.400000  3.163029e-021
1016.600000  3.151704e-021
1016.800000  3.121651e-021
1017.000000  3.112809e-021
1017.200000  3.106501e-021
1017.400000  3.092504e-021
1017.600000  3.080182e-021
1017.800000  3.094316e-021
1018.000000  3.087096e-021
1018.200000  3.065306e-021
1018.400000  3.042612e-021
1018.600000  3.038740e-021
1018.800000  3.028846e-021
1019.000000  3.009477e-021
1019.200000  2.992647e-021
1019.400000  2.992140e-021
1019.600000  2.971806e-021
1019.800000  2.958329e-021
1020.000000  2.961231e-021
1020.200000  2.958085e-021
1020.400000  2.952333e-021
1020.600000  2.939637e-021
1020.800000  2.950321e-021
1021.000000  2.946270e-021
1021.200000  2.931783e-021
1021.400000  2.934655e-021
1021.600000  2.941011e-021
1021.800000  2.937792e-021
1022.000000  2.921482e-021
1022.200000  2.927834e-021
1022.400000  2.921961e-021
1022.600000  2.894208e-021
1022.800000  2.897039e-021
1023.000000  2.901625e-021
1023.200000  2.881655e-021
1023.400000  2.858131e-021
1023.600000  2.871472e-021
1023.800000  2.893633e-021
1024.000000  2.882370e-021
1024.200000  2.851689e-021
1024.400000  2.865945e-021
1024.600000  2.874043e-021
1024.800000  2.860052e-021
1025.000000  2.862844e-021
1025.200000  2.868295e-021
1025.400000  2.865774e-021
1025.600000  2.857919e-021
1025.800000  2.882029e-021
1026.000000  2.887507e-021
1026.200000  2.890323e-021
1026.400000  2.891358e-021
1026.600000  2.907555e-021
1026.800000  2.913066e-021
1027.000000  2.909649e-021
1027.200000  2.921428e-021
1027.400000  2.946658e-021
1027.600000  2.948631e-021
1027.800000  2.942530e-021
1028.000000  2.961558e-021
1028.200000  2.968934e-021
1028.400000  2.961926e-021
1028.600000  2.956702e-021
1028.800000  2.980311e-021
1029.000000  2.984112e-021
1029.200000  2.978884e-021
1029.400000  2.975450e-021
1029.600000  2.983772e-021
1029.800000  2.975801e-021
1030.000000  2.959649e-021
1030.200000  2.971600e-021
1030.400000  2.971760e-021
1030.600000  2.946454e-021
1030.800000  2.940212e-021
1031.000000  2.949443e-021
1031.200000  2.940448e-021
1031.400000  2.923216e-021
1031.600000  2.922396e-021
1031.800000  2.928889e-021
1032.000000  2.915248e-021
1032.200000  2.891496e-021
1032.400000  2.895216e-021
1032.600000  2.890675e-021
1032.800000  2.868659e-021
1033.000000  2.861317e-021
1033.200000  2.863167e-021
1033.400000  2.845659e-021
1033.600000  2.817965e-021
1033.800000  2.817921e-021
1034.000000  2.812328e-021
1034.200000  2.790063e-021
1034.400000  2.762194e-021
1034.600000  2.766720e-021
1034.800000  2.748049e-021
1035.000000  2.710760e-021
1035.200000  2.705941e-021
1035.400000  2.696456e-021
1035.600000  2.680428e-021
1035.800000  2.647579e-021
1036.000000  2.634267e-021
1036.200000  2.624664e-021
1036.400000  2.606622e-021
1036.600000  2.578244e-021
1036.800000  2.573235e-021
1037.000000  2.553206e-021
1037.200000  2.522808e-021
1037.400000  2.498927e-021
1037.600000  2.497574e-021
1037.800000  2.471733e-021
1038.000000  2.447726e-021
1038.200000  2.433103e-021
1038.400000  2.427893e-021
1038.600000  2.402819e-021
1038.800000  2.381480e-021
1039.000000  2.382826e-021
1039.200000  2.369005e-021
1039.400000  2.350410e-021
1039.600000  2.341274e-021
1039.800000  2.327365e-021
1040.000000  2.323894e-021
1040.200000  2.290885e-021
1040.400000  2.283554e-021
1040.600000  2.287658e-021
1040.800000  2.273617e-021
1041.000000  2.259547e-021
1041.200000  2.263633e-021
1041.400000  2.261017e-021
1041.600000  2.237297e-021
1041.800000  2.230806e-021
1042.000000  2.230066e-021
1042.200000  2.210087e-021
1042.400000  2.197768e-021
1042.600000  2.200841e-021
1042.800000  2.201024e-021
1043.000000  2.195412e-021
1043.200000  2.179157e-021
1043.400000  2.182214e-021
1043.600000  2.180433e-021
1043.800000  2.163140e-021
1044.000000  2.168124e-021
1044.200000  2.168259e-021
1044.400000  2.163533e-021
1044.600000  2.155876e-021
1044.800000  2.157941e-021
1045.000000  2.166830e-021
1045.200000  2.147440e-021
1045.400000  2.149495e-021
1045.600000  2.143732e-021
1045.800000  2.137955e-021
1046.000000  2.128248e-021
1046.200000  2.111657e-021
1046.400000  2.129376e-021
1046.600000  2.126501e-021
1046.800000  2.107887e-021
1047.000000  2.109902e-021
1047.200000  2.110932e-021
1047.400000  2.100131e-021
1047.600000  2.082399e-021
1047.800000  2.084387e-021
1048.000000  2.087366e-021
1048.200000  2.060656e-021
1048.400000  2.060641e-021
1048.600000  2.064591e-021
1048.800000  2.049687e-021
1049.000000  2.040713e-021
1049.200000  2.034703e-021
1049.400000  2.031666e-021
1049.600000  2.018657e-021
1049.800000  2.007616e-021
1050.000000  2.001543e-021
1050.200000  1.990460e-021
1050.400000  1.959350e-021
1050.600000  1.956210e-021
1050.800000  1.956069e-021
1051.000000  1.934861e-021
1051.200000  1.916623e-021
1051.400000  1.915432e-021
1051.600000  1.903172e-021
1051.800000  1.890886e-021
1052.000000  1.870513e-021
1052.200000  1.865230e-021
1052.400000  1.849838e-021
1052.600000  1.822286e-021
1052.800000  1.814913e-021
1053.000000  1.799423e-021
1053.200000  1.781875e-021
1053.400000  1.759218e-021
1053.600000  1.756827e-021
1053.800000  1.747314e-021
1054.000000  1.715397e-021
1054.200000  1.704804e-021
1054.400000  1.685015e-021
1054.600000  1.651923e-021
1054.800000  1.638170e-021
1055.000000  1.630523e-021
1055.200000  1.618767e-021
1055.400000  1.599818e-021
1055.600000  1.566478e-021
1055.800000  1.562832e-021
1056.000000  1.539661e-021
1056.200000  1.516446e-021
1056.400000  1.497300e-021
1056.600000  1.480178e-021
1056.800000  1.465083e-021
1057.000000  1.450989e-021
1057.200000  1.433769e-021
1057.400000  1.419617e-021
1057.600000  1.400261e-021
1057.800000  1.375688e-021
1058.000000  1.360399e-021
1058.200000  1.347155e-021
1058.400000  1.324535e-021
1058.600000  1.312269e-021
1058.800000  1.303101e-021
1059.000000  1.283496e-021
1059.200000  1.262810e-021
1059.400000  1.253565e-021
1059.600000  1.241167e-021
1059.800000  1.212012e-021
1060.000000  1.202689e-021
1060.200000  1.182870e-021
1060.400000  1.173499e-021
1060.600000  1.159910e-021
1060.800000  1.144193e-021
1061.000000  1.136859e-021
1061.200000  1.118983e-021
1061.400000  1.103179e-021
1061.600000  1.094727e-021
1061.800000  1.082035e-021
1062.000000  1.058752e-021
1062.200000  1.043568e-021
1062.400000  1.031423e-021
1062.600000  1.020633e-021
1062.800000  1.010457e-021
1063.000000  1.004614e-021
1063.200000  9.945080e-022
1063.400000  9.805531e-022
1063.600000  9.576280e-022
1063.800000  9.558646e-022
1064.000000  9.411907e-022
1064.200000  9.299047e-022
1064.400000  9.207337e-022
1064.600000  9.117584e-022
1064.800000  9.014804e-022
1065.000000  8.867885e-022
1065.200000  8.801129e-022
1065.400000  8.833015e-022
1065.600000  8.663988e-022
1065.800000  8.563478e-022
1066.000000  8.518758e-022
1066.200000  8.469635e-022
1066.400000  8.279099e-022
1066.600000  8.186451e-022
1066.800000  8.122801e-022
1067.000000  8.042796e-022
1067.200000  7.934481e-022
1067.400000  7.875809e-022
1067.600000  7.836544e-022
1067.800000  7.694045e-022
1068.000000  7.605613e-022
1068.200000  7.556169e-022
1068.400000  7.475047e-022
1068.600000  7.278238e-022
1068.800000  7.231598e-022
1069.000000  7.266756e-022
1069.200000  7.131473e-022
1069.400000  7.067038e-022
1069.600000  6.960865e-022
1069.800000  6.958607e-022
1070.000000  6.777520e-022
1070.200000  6.675148e-022
1070.400000  6.660505e-022
1070.600000  6.534715e-022
1070.800000  6.491269e-022
1071.000000  6.420181e-022
1071.200000  6.427281e-022
1071.400000  6.348257e-022
1071.600000  6.250290e-022
1071.800000  6.193065e-022
1072.000000  6.122440e-022
1072.200000  6.022858e-022
1072.400000  5.936398e-022
1072.600000  5.868647e-022
1072.800000  5.868563e-022
1073.000000  5.720509e-022
1073.200000  5.698004e-022
1073.400000  5.617492e-022
1073.600000  5.555790e-022
1073.800000  5.526351e-022
1074.000000  5.383963e-022
1074.200000  5.297241e-022
1074.400000  5.370481e-022
1074.600000  5.193908e-022
1074.800000  5.252592e-022
1075.000000  5.118240e-022
1075.200000  5.011731e-022
1075.400000  4.943269e-022
1075.600000  4.950119e-022
1075.800000  4.875826e-022
1076.000000  4.738214e-022
1076.200000  4.742619e-022
1076.400000  4.658868e-022
1076.600000  4.586270e-022
1076.800000  4.502209e-022
1077.000000  4.569862e-022
1077.200000  4.411880e-022
1077.400000  4.403486e-022
1077.600000  4.380298e-022
1077.800000  4.326346e-022
1078.000000  4.197137e-022
1078.200000  4.195333e-022
1078.400000  4.172988e-022
1078.600000  4.109490e-022
1078.800000  3.994440e-022
1079.000000  3.982128e-022
1079.200000  3.912539e-022
1079.400000  3.880637e-022
1079.600000  3.776402e-022
1079.800000  3.761530e-022
1080.000000  3.710999e-022
1080.200000  3.639664e-022
1080.400000  3.613099e-022
1080.600000  3.587632e-022
1080.800000  3.540198e-022
1081.000000  3.445334e-022
1081.200000  3.411541e-022
1081.400000  3.426264e-022
1081.600000  3.333336e-022
1081.800000  3.269204e-022
1082.000000  3.300066e-022
1082.200000  3.301956e-022
1082.400000  3.205068e-022
1082.600000  3.159176e-022
1082.800000  3.116690e-022
1083.000000  3.104420e-022
1083.200000  3.048968e-022
1083.400000  2.961888e-022
1083.600000  2.973971e-022
1083.800000  2.942797e-022
1084.000000  2.826101e-022
1084.200000  2.795899e-022
1084.400000  2.762119e-022
1084.600000  2.769363e-022
1084.800000  2.701415e-022
1085.000000  2.710963e-022
1085.200000  2.732298e-022
1085.400000  2.701825e-022
1085.600000  2.607606e-022
1085.800000  2.604106e-022
1086.000000  2.553336e-022
1086.200000  2.498921e-022
1086.400000  2.527264e-022
1086.600000  2.479829e-022
1086.800000  2.409771e-022
1087.000000  2.425047e-022
1087.200000  2.405893e-022
1087.400000  2.353404e-022
1087.600000  2.290103e-022
1087.800000  2.282679e-022
1088.000000  2.251389e-022
1088.200000  2.243910e-022
1088.400000  2.231637e-022
1088.600000  2.171508e-022
1088.800000  2.187866e-022
1089.000000  2.176699e-022
1089.200000  2.124740e-022
1089.400000  2.070284e-022
1089.600000  2.063776e-022
1089.800000  2.051243e-022
1090.000000  2.055533e-022
1090.200000  1.976712e-022
1090.400000  1.938739e-022
1090.600000  1.916381e-022
1090.800000  1.864992e-022
1091.000000  1.877583e-022
1091.200000  1.872044e-022
1091.400000  1.851958e-022
1091.600000  1.824560e-022
1091.800000  1.809244e-022
1092.000000  1.779323e-022
1092.200000  1.799188e-022
1092.400000  1.730263e-022
1092.600000  1.672170e-022
1092.800000  1.672482e-022
1093.000000  1.677674e-022
1093.200000  1.641351e-022
1093.400000  1.656299e-022
1093.600000  1.643132e-022
1093.800000  1.658106e-022
1094.000000  1.579951e-022
1094.200000  1.539683e-022
1094.400000  1.577929e-022
1094.600000  1.505627e-022
1094.800000  1.493470e-022
1095.000000  1.535469e-022
1095.200000  1.506060e-022
1095.400000  1.513604e-022
1095.600000  1.449547e-022
1095.800000  1.431097e-022
1096.000000  1.407664e-022
1096.200000  1.342092e-022
1096.400000  1.313575e-022
1096.600000  1.371830e-022
1096.800000  1.343286e-022
1097.000000  1.373091e-022
1097.200000  1.379318e-022
1097.400000  1.348209e-022
1097.600000  1.290875e-022
1097.800000  1.288310e-022
1098.000000  1.228568e-022
1098.200000  1.328142e-022
1098.400000  1.270575e-022
1098.600000  1.213528e-022
1098.800000  1.228915e-022
1099.000000  1.200064e-022
1099.200000  1.116435e-022
1099.400000  1.180014e-022
1099.600000  1.122366e-022
1099.800000  1.132575e-022
1100.000000  1.180466e-022
1100.200000  1.108536e-022
1100.400000  1.129105e-022
1100.600000  1.118384e-022
1100.800000  1.059600e-022
1101.000000  1.029433e-022
1101.200000  1.027835e-022
1101.400000  1.052222e-022
1101.600000  1.014350e-022
1101.800000  1.095919e-022
1102.000000  9.669976e-023
1102.200000  1.000448e-022
1102.400000  1.008105e-022
1102.600000  9.557392e-023
1102.800000  9.803364e-023
1103.000000  9.448320e-023
1103.200000  9.331632e-023
1103.400000  9.521753e-023
1103.600000  9.806963e-023
1103.800000  8.958455e-023
1104.000000  9.759327e-023
1104.200000  8.981119e-023
1104.400000  9.014957e-023
1104.600000  8.898356e-023
1104.800000  8.334797e-023
1105.000000  8.583311e-023
1105.200000  8.850323e-023
1105.400000  8.940953e-023
1105.600000  9.273360e-023
1105.800000  8.496739e-023
1106.000000  8.258484e-023
1106.200000  8.278909e-023
1106.400000  7.851976e-023
1106.600000  8.209522e-023
1106.800000  7.783037e-023
1107.000000  8.282883e-023
1107.200000  7.443111e-023
1107.400000  7.994342e-023
1107.600000  7.723849e-023
1107.800000  7.796075e-023
1108.000000  7.940264e-023
1108.200000  7.364351e-023
1108.400000  7.342211e-023
1108.600000  7.426111e-023
1108.800000  7.860166e-023
1109.000000  7.124618e-023
1109.200000  7.661605e-023
1109.400000  7.521296e-023
1109.600000  7.683323e-023
1109.800000  6.872502e-023
1110.000000  7.550883e-023
1110.200000  6.962729e-023
1110.400000  6.526673e-023
1110.600000  7.281887e-023
1110.800000  6.550342e-023
1111.000000  7.061993e-023
1111.200000  6.677433e-023
1111.400000  6.605190e-023
1111.600000  6.662909e-023
1111.800000  7.313340e-023
1112.000000  7.048615e-023
1112.200000  6.664937e-023
1112.400000  6.384483e-023
1112.600000  6.532911e-023
1112.800000  6.486731e-023
1113.000000  6.115833e-023
1113.200000  5.783039e-023
1113.400000  5.995675e-023
1113.600000  6.586434e-023
1113.800000  5.798640e-023
1114.000000  5.634765e-023
1114.200000  5.639825e-023
1114.400000  6.021304e-023
1114.600000  5.845061e-023
1114.800000  5.551327e-023
1115.000000  6.180416e-023
1115.200000  5.729940e-023
1115.400000  5.448798e-023
1115.600000  6.040277e-023
1115.800000  5.926647e-023
1116.000000  5.464823e-023
1116.200000  5.925080e-023
1116.400000  5.877489e-023
1116.600000  5.700829e-023
1116.800000  5.927434e-023
1117.000000  5.697446e-023
1117.200000  5.012362e-023
1117.400000  5.512812e-023
1117.600000  5.595482e-023
1117.800000  5.313846e-023
1118.000000  5.423798e-023
1118.200000  5.558556e-023
1118.400000  5.329491e-023
1118.600000  5.698642e-023
1118.800000  4.882455e-023
1119.000000  5.592192e-023
1119.200000  5.101342e-023
1119.400000  5.079781e-023
1119.600000  5.881024e-023
1119.800000  4.985571e-023
1120.000000  5.159575e-023
1120.200000  4.459161e-023
1120.400000  4.737947e-023
1120.600000  5.004787e-023
1120.800000  4.630206e-023
1121.000000  4.398953e-023
1121.200000  4.506818e-023
1121.400000  5.037935e-023
1121.600000  4.871665e-023
1121.800000  4.627276e-023
1122.000000  4.528482e-023
1122.200000  4.900022e-023
1122.400000  4.865377e-023
1122.600000  4.251935e-023
1122.800000  4.547441e-023
1123.000000  4.434143e-023
1123.200000  4.528980e-023
1123.400000  5.164193e-023
1123.600000  3.989355e-023
1123.800000  4.320975e-023
1124.000000  3.996461e-023
1124.200000  4.276704e-023
1124.400000  4.283321e-023
1124.600000  4.471449e-023
1124.800000  4.290945e-023
1125.000000  4.255296e-023
1125.200000  4.617412e-023
1125.400000  4.594689e-023
1125.600000  3.769185e-023
1125.800000  4.010175e-023
1126.000000  4.175137e-023
1126.200000  4.258200e-023
1126.400000  4.235035e-023
1126.600000  4.226020e-023
1126.800000  4.074904e-023
1127.000000  4.223573e-023
1127.200000  4.492064e-023
1127.400000  3.944728e-023
1127.600000  4.779510e-023
1127.800000  3.964576e-023
1128.000000  3.716694e-023
1128.200000  4.490580e-023
1128.400000  4.350037e-023
1128.600000  4.154818e-023
1128.800000  4.039522e-023
1129.000000  4.219575e-023
1129.200000  4.038068e-023
1129.400000  4.306106e-023
1129.600000  3.633798e-023
1129.800000  3.615418e-023
1130.000000  3.870813e-023
1130.200000  3.940590e-023
1130.400000  3.970063e-023
1130.600000  4.175868e-023
1130.800000  3.423192e-023
1131.000000  3.479778e-023
1131.200000  4.014556e-023
1131.400000  3.703444e-023
1131.600000  3.719780e-023
1131.800000  3.603954e-023
1132.000000  3.983701e-023
1132.200000  3.814053e-023
1132.400000  3.552345e-023
1132.600000  3.742076e-023
1132.800000  3.776022e-023
1133.000000  3.779356e-023
1133.200000  3.556141e-023
1133.400000  3.053110e-023
1133.600000  3.354504e-023
1133.800000  3.930475e-023
1134.000000  3.894339e-023
1134.200000  3.963839e-023
1134.400000  3.998192e-023
1134.600000  3.348736e-023
1134.800000  3.498886e-023
1135.000000  3.568268e-023
1135.200000  3.856005e-023
1135.400000  3.205592e-023
1135.600000  3.155238e-023
1135.800000  2.769179e-023
1136.000000  3.541101e-023
1136.200000  3.784154e-023
1136.400000  3.654072e-023
1136.600000  3.201796e-023
1136.800000  3.651597e-023
1137.000000  3.534420e-023
1137.200000  2.760999e-023
1137.400000  3.947116e-023
1137.600000  3.777721e-023
1137.800000  3.297785e-023
1138.000000  3.273814e-023
1138.200000  2.626732e-023
1138.400000  3.593620e-023
1138.600000  3.569836e-023
1138.800000  3.883080e-023
1139.000000  3.354197e-023
1139.200000  3.249090e-023
1139.400000  2.808838e-023
1139.600000  2.931574e-023
1139.800000  3.384050e-023
1140.000000  3.225876e-023
1140.200000  3.619106e-023
1140.400000  2.612991e-023
1140.600000  3.181525e-023
1140.800000  3.601435e-023
1141.000000  3.010130e-023
1141.200000  3.931740e-023
1141.400000  3.245733e-023
1141.600000  3.560999e-023
1141.800000  2.654875e-023
1142.000000  3.105385e-023
1142.200000  3.392457e-023
1142.400000  2.702950e-023
1142.600000  3.875183e-023
1142.800000  3.442541e-023
1143.000000  3.854504e-023
1143.200000  3.257661e-023
1143.400000  3.069436e-023
1143.600000  3.127200e-023
1143.800000  3.895575e-023
1144.000000  3.515827e-023
1144.200000  4.052719e-023
1144.400000  2.960058e-023
1144.600000  3.127067e-023
1144.800000  2.642258e-023
1145.000000  3.070961e-023
1145.200000  3.266228e-023
1145.400000  3.048573e-023
1145.600000  3.548199e-023
1145.800000  3.039997e-023
1146.000000  3.000908e-023
1146.200000  3.156721e-023
1146.400000  3.241560e-023
1146.600000  3.300193e-023
1146.800000  2.651456e-023
1147.000000  2.486065e-023
1147.200000  2.976244e-023
1147.400000  3.187280e-023
1147.600000  3.246106e-023
1147.800000  2.801720e-023
1148.000000  2.205275e-023
1148.200000  2.876849e-023
1148.400000  2.670004e-023
1148.600000  3.119543e-023
1148.800000  2.324088e-023
1149.000000  3.320779e-023
1149.200000  3.337780e-023
1149.400000  2.386652e-023
1149.600000  2.880296e-023
1149.800000  2.551139e-023
1150.000000  3.146467e-023
