840.00	1.03E-24
840.05	1.03E-24
840.10	1.03E-24
840.15	1.03E-24
840.20	1.03E-24
840.25	1.03E-24
840.30	1.03E-24
840.35	1.03E-24
840.40	1.03E-24
840.45	1.03E-24
840.50	1.03E-24
840.55	1.03E-24
840.60	1.03E-24
840.65	1.03E-24
840.70	1.03E-24
840.75	1.03E-24
840.80	1.03E-24
840.85	1.03E-24
840.90	1.03E-24
840.95	1.03E-24
841.00	1.03E-24
841.05	1.03E-24
841.10	1.03E-24
841.15	1.03E-24
841.20	1.03E-24
841.25	1.03E-24
841.30	1.03E-24
841.35	1.03E-24
841.40	1.03E-24
841.45	1.03E-24
841.50	1.03E-24
841.55	1.03E-24
841.60	1.03E-24
841.65	1.03E-24
841.70	1.03E-24
841.75	1.03E-24
841.80	1.03E-24
841.85	1.03E-24
841.90	1.03E-24
841.95	1.03E-24
842.00	1.03E-24
842.05	1.03E-24
842.10	1.03E-24
842.15	1.03E-24
842.20	1.03E-24
842.25	1.03E-24
842.30	1.03E-24
842.35	1.03E-24
842.40	1.03E-24
842.45	1.03E-24
842.50	1.03E-24
842.55	1.03E-24
842.60	1.03E-24
842.65	1.03E-24
842.70	1.03E-24
842.75	1.03E-24
842.80	1.03E-24
842.85	1.03E-24
842.90	1.03E-24
842.95	1.03E-24
843.00	1.03E-24
843.05	1.03E-24
843.10	1.03E-24
843.15	1.03E-24
843.20	1.03E-24
843.25	1.03E-24
843.30	1.03E-24
843.35	1.03E-24
843.40	1.03E-24
843.45	1.03E-24
843.50	1.03E-24
843.55	1.03E-24
843.60	1.03E-24
843.65	1.03E-24
843.70	1.03E-24
843.75	1.03E-24
843.80	1.03E-24
843.85	1.03E-24
843.90	1.03E-24
843.95	1.03E-24
844.00	1.03E-24
844.05	1.03E-24
844.10	1.03E-24
844.15	1.03E-24
844.20	1.03E-24
844.25	1.03E-24
844.30	1.03E-24
844.35	1.03E-24
844.40	1.03E-24
844.45	1.03E-24
844.50	1.03E-24
844.55	1.03E-24
844.60	1.03E-24
844.65	1.03E-24
844.70	1.03E-24
844.75	1.03E-24
844.80	1.03E-24
844.85	1.03E-24
844.90	1.03E-24
844.95	1.03E-24
845.00	1.03E-24
845.05	1.03E-24
845.10	1.03E-24
845.15	1.03E-24
845.20	1.03E-24
845.25	1.03E-24
845.30	1.03E-24
845.35	1.03E-24
845.40	1.03E-24
845.45	1.03E-24
845.50	1.03E-24
845.55	1.03E-24
845.60	1.03E-24
845.65	1.03E-24
845.70	1.03E-24
845.75	1.03E-24
845.80	1.03E-24
845.85	1.03E-24
845.90	1.03E-24
845.95	1.03E-24
846.00	1.03E-24
846.05	1.03E-24
846.10	1.03E-24
846.15	1.03E-24
846.20	1.03E-24
846.25	1.03E-24
846.30	1.03E-24
846.35	1.03E-24
846.40	1.03E-24
846.45	1.03E-24
846.50	1.03E-24
846.55	1.03E-24
846.60	1.03E-24
846.65	1.03E-24
846.70	1.03E-24
846.75	1.03E-24
846.80	1.03E-24
846.85	1.03E-24
846.90	1.03E-24
846.95	1.03E-24
847.00	1.03E-24
847.05	1.03E-24
847.10	1.03E-24
847.15	1.03E-24
847.20	1.03E-24
847.25	1.03E-24
847.30	1.03E-24
847.35	1.03E-24
847.40	1.03E-24
847.45	1.03E-24
847.50	1.03E-24
847.55	1.03E-24
847.60	1.03E-24
847.65	1.03E-24
847.70	1.03E-24
847.75	1.03E-24
847.80	1.03E-24
847.85	1.03E-24
847.90	1.03E-24
847.95	1.03E-24
848.00	1.03E-24
848.05	1.03E-24
848.10	1.03E-24
848.15	1.03E-24
848.20	1.03E-24
848.25	1.03E-24
848.30	1.03E-24
848.35	1.03E-24
848.40	1.03E-24
848.45	1.03E-24
848.50	1.03E-24
848.55	1.03E-24
848.60	1.03E-24
848.65	1.03E-24
848.70	1.03E-24
848.75	1.03E-24
848.80	1.03E-24
848.85	1.03E-24
848.90	1.03E-24
848.95	1.03E-24
849.00	1.03E-24
849.05	1.03E-24
849.10	1.03E-24
849.15	1.03E-24
849.20	1.03E-24
849.25	1.03E-24
849.30	1.03E-24
849.35	1.03E-24
849.40	1.03E-24
849.45	1.03E-24
849.50	1.03E-24
849.55	1.03E-24
849.60	1.03E-24
849.65	1.03E-24
849.70	1.03E-24
849.75	1.03E-24
849.80	1.03E-24
849.85	1.03E-24
849.90	1.03E-24
849.95	1.03E-24
850.00	1.03E-24
850.05	1.03E-24
850.10	1.03E-24
850.15	1.03E-24
850.20	1.03E-24
850.25	1.03E-24
850.30	1.03E-24
850.35	1.03E-24
850.40	1.03E-24
850.45	1.03E-24
850.50	1.03E-24
850.55	1.03E-24
850.60	1.03E-24
850.65	1.03E-24
850.70	1.03E-24
850.75	1.03E-24
850.80	1.03E-24
850.85	1.03E-24
850.90	1.03E-24
850.95	1.03E-24
851.00	1.03E-24
851.05	1.03E-24
851.10	1.03E-24
851.15	1.03E-24
851.20	1.03E-24
851.25	1.03E-24
851.30	1.03E-24
851.35	1.03E-24
851.40	1.03E-24
851.45	1.03E-24
851.50	1.03E-24
851.55	1.03E-24
851.60	1.03E-24
851.65	1.03E-24
851.70	1.03E-24
851.75	1.03E-24
851.80	1.03E-24
851.85	1.03E-24
851.90	1.03E-24
851.95	1.03E-24
852.00	1.03E-24
852.05	1.03E-24
852.10	1.03E-24
852.15	1.03E-24
852.20	1.03E-24
852.25	1.03E-24
852.30	1.03E-24
852.35	1.03E-24
852.40	1.03E-24
852.45	1.03E-24
852.50	1.03E-24
852.55	1.03E-24
852.60	1.03E-24
852.65	1.03E-24
852.70	1.03E-24
852.75	1.03E-24
852.80	1.03E-24
852.85	1.03E-24
852.90	1.03E-24
852.95	1.03E-24
853.00	1.03E-24
853.05	1.03E-24
853.10	1.03E-24
853.15	1.03E-24
853.20	1.03E-24
853.25	1.03E-24
853.30	1.03E-24
853.35	1.03E-24
853.40	1.03E-24
853.45	1.03E-24
853.50	1.03E-24
853.55	1.03E-24
853.60	1.03E-24
853.65	1.03E-24
853.70	1.03E-24
853.75	1.03E-24
853.80	1.03E-24
853.85	1.03E-24
853.90	1.03E-24
853.95	1.03E-24
854.00	1.03E-24
854.05	1.03E-24
854.10	1.03E-24
854.15	1.03E-24
854.20	1.03E-24
854.25	1.03E-24
854.30	1.03E-24
854.35	1.03E-24
854.40	1.03E-24
854.45	1.03E-24
854.50	1.03E-24
854.55	1.03E-24
854.60	1.03E-24
854.65	1.03E-24
854.70	1.03E-24
854.75	1.03E-24
854.80	1.03E-24
854.85	1.03E-24
854.90	1.03E-24
854.95	1.03E-24
855.00	1.03E-24
855.05	1.03E-24
855.10	1.03E-24
855.15	1.03E-24
855.20	1.03E-24
855.25	1.03E-24
855.30	1.03E-24
855.35	1.03E-24
855.40	1.03E-24
855.45	1.03E-24
855.50	1.03E-24
855.55	1.03E-24
855.60	1.03E-24
855.65	1.03E-24
855.70	1.03E-24
855.75	1.03E-24
855.80	1.03E-24
855.85	1.03E-24
855.90	1.03E-24
855.95	1.03E-24
856.00	1.03E-24
856.05	1.03E-24
856.10	1.03E-24
856.15	1.03E-24
856.20	1.03E-24
856.25	1.03E-24
856.30	1.03E-24
856.35	1.03E-24
856.40	1.03E-24
856.45	1.03E-24
856.50	1.03E-24
856.55	1.03E-24
856.60	1.03E-24
856.65	1.03E-24
856.70	1.03E-24
856.75	1.03E-24
856.80	1.03E-24
856.85	1.03E-24
856.90	1.03E-24
856.95	1.03E-24
857.00	1.03E-24
857.05	1.03E-24
857.10	1.03E-24
857.15	1.03E-24
857.20	1.03E-24
857.25	1.03E-24
857.30	1.03E-24
857.35	1.03E-24
857.40	1.03E-24
857.45	1.03E-24
857.50	1.03E-24
857.55	1.03E-24
857.60	1.03E-24
857.65	1.03E-24
857.70	1.03E-24
857.75	1.03E-24
857.80	1.03E-24
857.85	1.03E-24
857.90	1.03E-24
857.95	1.03E-24
858.00	1.03E-24
858.05	1.03E-24
858.10	1.03E-24
858.15	1.03E-24
858.20	1.03E-24
858.25	1.03E-24
858.30	1.03E-24
858.35	1.03E-24
858.40	1.03E-24
858.45	1.03E-24
858.50	1.03E-24
858.55	1.03E-24
858.60	1.03E-24
858.65	1.03E-24
858.70	1.03E-24
858.75	1.03E-24
858.80	1.03E-24
858.85	1.03E-24
858.90	1.03E-24
858.95	1.03E-24
859.00	1.03E-24
859.05	1.03E-24
859.10	1.03E-24
859.15	1.03E-24
859.20	1.03E-24
859.25	1.03E-24
859.30	1.03E-24
859.35	1.03E-24
859.40	1.03E-24
859.45	1.03E-24
859.50	1.03E-24
859.55	1.03E-24
859.60	1.03E-24
859.65	1.03E-24
859.70	1.03E-24
859.75	1.03E-24
859.80	1.03E-24
859.85	1.03E-24
859.90	1.03E-24
859.95	1.03E-24
860.00	1.03E-24
860.05	1.03E-24
860.10	1.03E-24
860.15	1.03E-24
860.20	1.03E-24
860.25	1.03E-24
860.30	1.03E-24
860.35	1.03E-24
860.40	1.03E-24
860.45	1.03E-24
860.50	1.03E-24
860.55	1.03E-24
860.60	1.03E-24
860.65	1.03E-24
860.70	1.03E-24
860.75	1.03E-24
860.80	1.03E-24
860.85	1.03E-24
860.90	1.03E-24
860.95	1.03E-24
861.00	1.03E-24
861.05	1.03E-24
861.10	1.03E-24
861.15	1.03E-24
861.20	1.03E-24
861.25	1.03E-24
861.30	1.03E-24
861.35	1.03E-24
861.40	1.03E-24
861.45	1.03E-24
861.50	1.03E-24
861.55	1.03E-24
861.60	1.03E-24
861.65	1.03E-24
861.70	1.03E-24
861.75	1.03E-24
861.80	1.03E-24
861.85	1.03E-24
861.90	1.03E-24
861.95	1.03E-24
862.00	1.03E-24
862.05	1.03E-24
862.10	1.03E-24
862.15	1.03E-24
862.20	1.03E-24
862.25	1.03E-24
862.30	1.03E-24
862.35	1.03E-24
862.40	1.03E-24
862.45	1.03E-24
862.50	1.03E-24
862.55	1.03E-24
862.60	1.03E-24
862.65	1.03E-24
862.70	1.03E-24
862.75	1.03E-24
862.80	1.03E-24
862.85	1.03E-24
862.90	1.03E-24
862.95	1.03E-24
863.00	1.03E-24
863.05	1.03E-24
863.10	1.03E-24
863.15	1.03E-24
863.20	1.03E-24
863.25	1.03E-24
863.30	1.03E-24
863.35	1.03E-24
863.40	1.03E-24
863.45	1.03E-24
863.50	1.03E-24
863.55	1.03E-24
863.60	1.03E-24
863.65	1.03E-24
863.70	1.03E-24
863.75	1.03E-24
863.80	1.03E-24
863.85	1.03E-24
863.90	1.03E-24
863.95	1.03E-24
864.00	1.03E-24
864.05	1.03E-24
864.10	1.03E-24
864.15	1.03E-24
864.20	1.03E-24
864.25	1.03E-24
864.30	1.03E-24
864.35	1.03E-24
864.40	1.03E-24
864.45	1.03E-24
864.50	1.03E-24
864.55	1.03E-24
864.60	1.03E-24
864.65	1.03E-24
864.70	1.03E-24
864.75	1.03E-24
864.80	1.03E-24
864.85	1.03E-24
864.90	1.03E-24
864.95	1.03E-24
865.00	1.03E-24
865.05	1.03E-24
865.10	1.03E-24
865.15	1.03E-24
865.20	1.03E-24
865.25	1.03E-24
865.30	1.03E-24
865.35	1.03E-24
865.40	1.03E-24
865.45	1.03E-24
865.50	1.03E-24
865.55	1.03E-24
865.60	1.03E-24
865.65	1.03E-24
865.70	1.03E-24
865.75	1.03E-24
865.80	1.03E-24
865.85	1.03E-24
865.90	1.03E-24
865.95	1.03E-24
866.00	1.03E-24
866.05	1.03E-24
866.10	1.03E-24
866.15	1.03E-24
866.20	1.03E-24
866.25	1.03E-24
866.30	1.03E-24
866.35	1.03E-24
866.40	1.03E-24
866.45	1.03E-24
866.50	1.03E-24
866.55	1.03E-24
866.60	1.03E-24
866.65	1.03E-24
866.70	1.03E-24
866.75	1.03E-24
866.80	1.03E-24
866.85	1.03E-24
866.90	1.03E-24
866.95	1.03E-24
867.00	1.03E-24
867.05	1.03E-24
867.10	1.03E-24
867.15	1.03E-24
867.20	1.03E-24
867.25	1.03E-24
867.30	1.03E-24
867.35	1.03E-24
867.40	1.03E-24
867.45	1.03E-24
867.50	1.03E-24
867.55	1.03E-24
867.60	1.03E-24
867.65	1.03E-24
867.70	1.03E-24
867.75	1.03E-24
867.80	1.03E-24
867.85	1.03E-24
867.90	1.03E-24
867.95	1.03E-24
868.00	1.03E-24
868.05	1.03E-24
868.10	1.03E-24
868.15	1.03E-24
868.20	1.03E-24
868.25	1.03E-24
868.30	1.03E-24
868.35	1.03E-24
868.40	1.03E-24
868.45	1.03E-24
868.50	1.03E-24
868.55	1.03E-24
868.60	1.03E-24
868.65	1.03E-24
868.70	1.03E-24
868.75	1.03E-24
868.80	1.03E-24
868.85	1.03E-24
868.90	1.03E-24
868.95	1.03E-24
869.00	1.03E-24
869.05	1.03E-24
869.10	1.03E-24
869.15	1.03E-24
869.20	1.03E-24
869.25	1.03E-24
869.30	1.03E-24
869.35	1.03E-24
869.40	1.03E-24
869.45	1.03E-24
869.50	1.03E-24
869.55	1.03E-24
869.60	1.03E-24
869.65	1.03E-24
869.70	1.03E-24
869.75	1.03E-24
869.80	1.03E-24
869.85	1.03E-24
869.90	1.03E-24
869.95	1.03E-24
870.00	1.03E-24
870.05	1.03E-24
870.10	1.03E-24
870.15	1.03E-24
870.20	1.03E-24
870.25	1.03E-24
870.30	1.03E-24
870.35	1.03E-24
870.40	1.03E-24
870.45	1.03E-24
870.50	1.03E-24
870.55	1.03E-24
870.60	1.03E-24
870.65	1.03E-24
870.70	1.03E-24
870.75	1.03E-24
870.80	1.03E-24
870.85	1.03E-24
870.90	1.03E-24
870.95	1.03E-24
871.00	1.03E-24
871.05	1.03E-24
871.10	1.03E-24
871.15	1.03E-24
871.20	1.03E-24
871.25	1.03E-24
871.30	1.03E-24
871.35	1.03E-24
871.40	1.03E-24
871.45	1.03E-24
871.50	1.03E-24
871.55	1.03E-24
871.60	1.03E-24
871.65	1.03E-24
871.70	1.03E-24
871.75	1.03E-24
871.80	1.03E-24
871.85	1.03E-24
871.90	1.03E-24
871.95	1.03E-24
872.00	1.03E-24
872.05	1.03E-24
872.10	1.03E-24
872.15	1.03E-24
872.20	1.03E-24
872.25	1.03E-24
872.30	1.03E-24
872.35	1.03E-24
872.40	1.03E-24
872.45	1.03E-24
872.50	1.03E-24
872.55	1.03E-24
872.60	1.03E-24
872.65	1.03E-24
872.70	1.03E-24
872.75	1.03E-24
872.80	1.03E-24
872.85	1.03E-24
872.90	1.03E-24
872.95	1.03E-24
873.00	1.03E-24
873.05	1.03E-24
873.10	1.03E-24
873.15	1.03E-24
873.20	1.03E-24
873.25	1.03E-24
873.30	1.03E-24
873.35	1.03E-24
873.40	1.03E-24
873.45	1.03E-24
873.50	1.03E-24
873.55	1.03E-24
873.60	1.03E-24
873.65	1.03E-24
873.70	1.03E-24
873.75	1.03E-24
873.80	1.03E-24
873.85	1.03E-24
873.90	1.03E-24
873.95	1.03E-24
874.00	1.03E-24
874.05	1.03E-24
874.10	1.03E-24
874.15	1.03E-24
874.20	1.03E-24
874.25	1.03E-24
874.30	1.03E-24
874.35	1.03E-24
874.40	1.03E-24
874.45	1.03E-24
874.50	1.03E-24
874.55	1.03E-24
874.60	1.03E-24
874.65	1.03E-24
874.70	1.03E-24
874.75	1.03E-24
874.80	1.03E-24
874.85	1.03E-24
874.90	1.03E-24
874.95	1.03E-24
875.00	1.03E-24
875.05	1.03E-24
875.10	1.03E-24
875.15	1.03E-24
875.20	1.03E-24
875.25	1.03E-24
875.30	1.03E-24
875.35	1.03E-24
875.40	1.03E-24
875.45	1.03E-24
875.50	1.03E-24
875.55	1.03E-24
875.60	1.03E-24
875.65	1.03E-24
875.70	1.03E-24
875.75	1.03E-24
875.80	1.03E-24
875.85	1.03E-24
875.90	1.03E-24
875.95	1.03E-24
876.00	1.03E-24
876.05	1.03E-24
876.10	1.03E-24
876.15	1.03E-24
876.20	1.03E-24
876.25	1.03E-24
876.30	1.03E-24
876.35	1.03E-24
876.40	1.03E-24
876.45	1.03E-24
876.50	1.03E-24
876.55	1.03E-24
876.60	1.03E-24
876.65	1.03E-24
876.70	1.03E-24
876.75	1.03E-24
876.80	1.03E-24
876.85	1.03E-24
876.90	1.03E-24
876.95	1.03E-24
877.00	1.03E-24
877.05	1.03E-24
877.10	1.03E-24
877.15	1.03E-24
877.20	1.03E-24
877.25	1.03E-24
877.30	1.03E-24
877.35	1.03E-24
877.40	1.03E-24
877.45	1.03E-24
877.50	1.03E-24
877.55	1.03E-24
877.60	1.03E-24
877.65	1.03E-24
877.70	1.03E-24
877.75	1.03E-24
877.80	1.03E-24
877.85	1.03E-24
877.90	1.03E-24
877.95	1.03E-24
878.00	1.03E-24
878.05	1.03E-24
878.10	1.03E-24
878.15	1.03E-24
878.20	1.03E-24
878.25	1.03E-24
878.30	1.03E-24
878.35	1.03E-24
878.40	1.03E-24
878.45	1.03E-24
878.50	1.03E-24
878.55	1.03E-24
878.60	1.03E-24
878.65	1.03E-24
878.70	1.03E-24
878.75	1.03E-24
878.80	1.03E-24
878.85	1.03E-24
878.90	1.03E-24
878.95	1.03E-24
879.00	1.03E-24
879.05	1.03E-24
879.10	1.03E-24
879.15	1.03E-24
879.20	1.03E-24
879.25	1.03E-24
879.30	1.03E-24
879.35	1.03E-24
879.40	1.03E-24
879.45	1.03E-24
879.50	1.03E-24
879.55	1.03E-24
879.60	1.03E-24
879.65	1.03E-24
879.70	1.03E-24
879.75	1.03E-24
879.80	1.03E-24
879.85	1.03E-24
879.90	1.03E-24
879.95	1.03E-24
880.00	1.03E-24
880.05	1.03E-24
880.10	1.03E-24
880.15	1.03E-24
880.20	1.03E-24
880.25	1.03E-24
880.30	1.03E-24
880.35	1.03E-24
880.40	1.03E-24
880.45	1.03E-24
880.50	1.03E-24
880.55	1.03E-24
880.60	1.03E-24
880.65	1.03E-24
880.70	1.03E-24
880.75	1.03E-24
880.80	1.03E-24
880.85	1.03E-24
880.90	1.03E-24
880.95	1.03E-24
881.00	1.03E-24
881.05	1.03E-24
881.10	1.03E-24
881.15	1.03E-24
881.20	1.03E-24
881.25	1.03E-24
881.30	1.03E-24
881.35	1.03E-24
881.40	1.03E-24
881.45	1.03E-24
881.50	1.03E-24
881.55	1.03E-24
881.60	1.03E-24
881.65	1.03E-24
881.70	1.03E-24
881.75	1.03E-24
881.80	1.03E-24
881.85	1.03E-24
881.90	1.03E-24
881.95	1.03E-24
882.00	1.03E-24
882.05	1.03E-24
882.10	1.03E-24
882.15	1.03E-24
882.20	1.03E-24
882.25	1.03E-24
882.30	1.03E-24
882.35	1.03E-24
882.40	1.03E-24
882.45	1.03E-24
882.50	1.03E-24
882.55	1.03E-24
882.60	1.03E-24
882.65	1.03E-24
882.70	1.03E-24
882.75	1.03E-24
882.80	1.03E-24
882.85	1.03E-24
882.90	1.03E-24
882.95	1.03E-24
883.00	1.03E-24
883.05	1.03E-24
883.10	1.03E-24
883.15	1.03E-24
883.20	1.03E-24
883.25	1.03E-24
883.30	1.03E-24
883.35	1.03E-24
883.40	1.03E-24
883.45	1.03E-24
883.50	1.03E-24
883.55	1.03E-24
883.60	1.03E-24
883.65	1.03E-24
883.70	1.03E-24
883.75	1.03E-24
883.80	1.03E-24
883.85	1.03E-24
883.90	1.03E-24
883.95	1.03E-24
884.00	1.03E-24
884.05	1.03E-24
884.10	1.03E-24
884.15	1.03E-24
884.20	1.03E-24
884.25	1.03E-24
884.30	1.03E-24
884.35	1.03E-24
884.40	1.03E-24
884.45	1.03E-24
884.50	1.03E-24
884.55	1.03E-24
884.60	1.03E-24
884.65	1.03E-24
884.70	1.03E-24
884.75	1.03E-24
884.80	1.03E-24
884.85	1.03E-24
884.90	1.03E-24
884.95	1.03E-24
885.00	1.03E-24
885.05	1.03E-24
885.10	1.03E-24
885.15	1.03E-24
885.20	1.03E-24
885.25	1.03E-24
885.30	1.03E-24
885.35	1.03E-24
885.40	1.03E-24
885.45	1.03E-24
885.50	1.03E-24
885.55	1.03E-24
885.60	1.03E-24
885.65	1.03E-24
885.70	1.03E-24
885.75	1.03E-24
885.80	1.03E-24
885.85	1.03E-24
885.90	1.03E-24
885.95	1.03E-24
886.00	1.03E-24
886.05	1.03E-24
886.10	1.03E-24
886.15	1.03E-24
886.20	1.03E-24
886.25	1.03E-24
886.30	1.03E-24
886.35	1.03E-24
886.40	1.03E-24
886.45	1.03E-24
886.50	1.03E-24
886.55	1.03E-24
886.60	1.03E-24
886.65	1.03E-24
886.70	1.03E-24
886.75	1.03E-24
886.80	1.03E-24
886.85	1.03E-24
886.90	1.03E-24
886.95	1.03E-24
887.00	1.03E-24
887.05	1.03E-24
887.10	1.03E-24
887.15	1.03E-24
887.20	1.03E-24
887.25	1.03E-24
887.30	1.03E-24
887.35	1.03E-24
887.40	1.03E-24
887.45	1.03E-24
887.50	1.03E-24
887.55	1.03E-24
887.60	1.03E-24
887.65	1.03E-24
887.70	1.03E-24
887.75	1.03E-24
887.80	1.03E-24
887.85	1.03E-24
887.90	1.03E-24
887.95	1.03E-24
888.00	1.03E-24
888.05	1.03E-24
888.10	1.03E-24
888.15	1.03E-24
888.20	1.03E-24
888.25	1.03E-24
888.30	1.03E-24
888.35	1.03E-24
888.40	1.03E-24
888.45	1.03E-24
888.50	1.03E-24
888.55	1.03E-24
888.60	1.03E-24
888.65	1.03E-24
888.70	1.03E-24
888.75	1.03E-24
888.80	1.03E-24
888.85	1.03E-24
888.90	1.03E-24
888.95	1.03E-24
889.00	1.03E-24
889.05	1.03E-24
889.10	1.03E-24
889.15	1.03E-24
889.20	1.03E-24
889.25	1.03E-24
889.30	1.03E-24
889.35	1.03E-24
889.40	1.03E-24
889.45	1.03E-24
889.50	1.03E-24
889.55	1.03E-24
889.60	1.03E-24
889.65	1.03E-24
889.70	1.03E-24
889.75	1.03E-24
889.80	1.03E-24
889.85	1.03E-24
889.90	1.03E-24
889.95	1.03E-24
890.00	1.03E-24
890.05	1.03E-24
890.10	1.03E-24
890.15	1.03E-24
890.20	1.03E-24
890.25	1.03E-24
890.30	1.03E-24
890.35	1.03E-24
890.40	1.03E-24
890.45	1.03E-24
890.50	1.03E-24
890.55	1.03E-24
890.60	1.03E-24
890.65	1.03E-24
890.70	1.03E-24
890.75	1.03E-24
890.80	1.03E-24
890.85	1.03E-24
890.90	1.03E-24
890.95	1.03E-24
891.00	1.03E-24
891.05	1.03E-24
891.10	1.03E-24
891.15	1.03E-24
891.20	1.03E-24
891.25	1.03E-24
891.30	1.03E-24
891.35	1.03E-24
891.40	1.03E-24
891.45	1.03E-24
891.50	1.03E-24
891.55	1.03E-24
891.60	1.03E-24
891.65	1.03E-24
891.70	1.03E-24
891.75	1.03E-24
891.80	1.03E-24
891.85	1.03E-24
891.90	1.03E-24
891.95	1.03E-24
892.00	1.03E-24
892.05	1.03E-24
892.10	1.03E-24
892.15	1.03E-24
892.20	1.03E-24
892.25	1.03E-24
892.30	1.03E-24
892.35	1.03E-24
892.40	1.03E-24
892.45	1.03E-24
892.50	1.03E-24
892.55	1.03E-24
892.60	1.03E-24
892.65	1.03E-24
892.70	1.03E-24
892.75	1.03E-24
892.80	1.03E-24
892.85	1.03E-24
892.90	1.03E-24
892.95	1.03E-24
893.00	1.03E-24
893.05	1.07E-24
893.10	1.11E-24
893.15	1.15E-24
893.20	1.19E-24
893.25	1.23E-24
893.30	1.27E-24
893.35	1.31E-24
893.40	1.35E-24
893.45	1.39E-24
893.50	1.43E-24
893.55	1.47E-24
893.60	1.51E-24
893.65	1.55E-24
893.70	1.59E-24
893.75	1.63E-24
893.80	1.67E-24
893.85	1.71E-24
893.90	1.75E-24
893.95	1.79E-24
894.00	1.83E-24
894.05	1.87E-24
894.10	1.91E-24
894.15	1.95E-24
894.20	1.99E-24
894.25	2.03E-24
894.30	2.07E-24
894.35	2.11E-24
894.40	2.15E-24
894.45	2.19E-24
894.50	2.23E-24
894.55	2.27E-24
894.60	2.31E-24
894.65	2.35E-24
894.70	2.39E-24
894.75	2.43E-24
894.80	2.47E-24
894.85	2.51E-24
894.90	2.55E-24
894.95	2.59E-24
895.00	2.63E-24
895.05	2.67E-24
895.10	2.71E-24
895.15	2.75E-24
895.20	2.79E-24
895.25	2.83E-24
895.30	2.87E-24
895.35	2.91E-24
895.40	2.95E-24
895.45	2.99E-24
895.50	3.03E-24
895.55	3.07E-24
895.60	3.11E-24
895.65	3.15E-24
895.70	3.19E-24
895.75	3.23E-24
895.80	3.27E-24
895.85	3.31E-24
895.90	3.35E-24
895.95	3.39E-24
896.00	3.43E-24
896.05	3.47E-24
896.10	3.51E-24
896.15	3.55E-24
896.20	3.59E-24
896.25	3.63E-24
896.30	3.67E-24
896.35	3.71E-24
896.40	3.75E-24
896.45	3.79E-24
896.50	3.83E-24
896.55	3.87E-24
896.60	3.91E-24
896.65	3.95E-24
896.70	3.99E-24
896.75	4.03E-24
896.80	4.07E-24
896.85	4.11E-24
896.90	4.15E-24
896.95	4.19E-24
897.00	4.23E-24
897.05	4.27E-24
897.10	4.31E-24
897.15	4.35E-24
897.20	4.39E-24
897.25	4.43E-24
897.30	4.47E-24
897.35	4.51E-24
897.40	4.55E-24
897.45	4.59E-24
897.50	4.63E-24
897.55	4.67E-24
897.60	4.71E-24
897.65	4.75E-24
897.70	4.79E-24
897.75	4.83E-24
897.80	4.87E-24
897.85	4.91E-24
897.90	4.95E-24
897.95	4.99E-24
898.00	5.03E-24
898.05	5.07E-24
898.10	5.11E-24
898.15	5.15E-24
898.20	5.19E-24
898.25	5.23E-24
898.30	5.27E-24
898.35	5.31E-24
898.40	5.35E-24
898.45	5.39E-24
898.50	5.43E-24
898.55	5.47E-24
898.60	5.51E-24
898.65	5.55E-24
898.70	5.59E-24
898.75	5.63E-24
898.80	5.67E-24
898.85	5.71E-24
898.90	5.75E-24
898.95	5.79E-24
899.00	5.83E-24
899.05	5.87E-24
899.10	5.91E-24
899.15	5.95E-24
899.20	5.99E-24
899.25	6.03E-24
899.30	6.07E-24
899.35	6.11E-24
899.40	6.15E-24
899.45	6.19E-24
899.50	6.23E-24
899.55	6.27E-24
899.60	6.31E-24
899.65	6.35E-24
899.70	6.39E-24
899.75	6.43E-24
899.80	6.47E-24
899.85	6.51E-24
899.90	6.55E-24
899.95	6.59E-24
900.00	6.63E-24
900.05	6.67E-24
900.10	6.70E-24
900.15	6.74E-24
900.20	6.77E-24
900.25	6.80E-24
900.30	6.84E-24
900.35	6.88E-24
900.40	6.92E-24
900.45	6.95E-24
900.50	7.00E-24
900.55	7.04E-24
900.60	7.09E-24
900.65	7.13E-24
900.70	7.17E-24
900.75	7.21E-24
900.80	7.25E-24
900.85	7.29E-24
900.90	7.34E-24
900.95	7.38E-24
901.00	7.41E-24
901.05	7.45E-24
901.10	7.49E-24
901.15	7.53E-24
901.20	7.58E-24
901.25	7.62E-24
901.30	7.66E-24
901.35	7.71E-24
901.40	7.75E-24
901.45	7.79E-24
901.50	7.84E-24
901.55	7.88E-24
901.60	7.92E-24
901.65	7.96E-24
901.70	8.01E-24
901.75	8.05E-24
901.80	8.10E-24
901.85	8.14E-24
901.90	8.19E-24
901.95	8.23E-24
902.00	8.28E-24
902.05	8.32E-24
902.10	8.37E-24
902.15	8.43E-24
902.20	8.47E-24
902.25	8.52E-24
902.30	8.57E-24
902.35	8.62E-24
902.40	8.67E-24
902.45	8.71E-24
902.50	8.76E-24
902.55	8.81E-24
902.60	8.86E-24
902.65	8.91E-24
902.70	8.96E-24
902.75	9.01E-24
902.80	9.06E-24
902.85	9.13E-24
902.90	9.18E-24
902.95	9.23E-24
903.00	9.29E-24
903.05	9.35E-24
903.10	9.41E-24
903.15	9.46E-24
903.20	9.52E-24
903.25	9.58E-24
903.30	9.64E-24
903.35	9.69E-24
903.40	9.74E-24
903.45	9.79E-24
903.50	9.85E-24
903.55	9.92E-24
903.60	9.98E-24
903.65	1.00E-23
903.70	1.01E-23
903.75	1.02E-23
903.80	1.02E-23
903.85	1.03E-23
903.90	1.03E-23
903.95	1.04E-23
904.00	1.05E-23
904.05	1.05E-23
904.10	1.06E-23
904.15	1.07E-23
904.20	1.07E-23
904.25	1.08E-23
904.30	1.08E-23
904.35	1.09E-23
904.40	1.10E-23
904.45	1.10E-23
904.50	1.11E-23
904.55	1.12E-23
904.60	1.12E-23
904.65	1.13E-23
904.70	1.14E-23
904.75	1.15E-23
904.80	1.15E-23
904.85	1.16E-23
904.90	1.17E-23
904.95	1.17E-23
905.00	1.18E-23
905.05	1.19E-23
905.10	1.20E-23
905.15	1.20E-23
905.20	1.21E-23
905.25	1.22E-23
905.30	1.22E-23
905.35	1.23E-23
905.40	1.24E-23
905.45	1.25E-23
905.50	1.25E-23
905.55	1.26E-23
905.60	1.27E-23
905.65	1.28E-23
905.70	1.29E-23
905.75	1.29E-23
905.80	1.30E-23
905.85	1.31E-23
905.90	1.32E-23
905.95	1.33E-23
906.00	1.34E-23
906.05	1.34E-23
906.10	1.35E-23
906.15	1.36E-23
906.20	1.37E-23
906.25	1.38E-23
906.30	1.39E-23
906.35	1.39E-23
906.40	1.40E-23
906.45	1.41E-23
906.50	1.42E-23
906.55	1.43E-23
906.60	1.44E-23
906.65	1.45E-23
906.70	1.46E-23
906.75	1.47E-23
906.80	1.48E-23
906.85	1.49E-23
906.90	1.50E-23
906.95	1.51E-23
907.00	1.51E-23
907.05	1.52E-23
907.10	1.53E-23
907.15	1.54E-23
907.20	1.55E-23
907.25	1.56E-23
907.30	1.57E-23
907.35	1.58E-23
907.40	1.59E-23
907.45	1.60E-23
907.50	1.61E-23
907.55	1.63E-23
907.60	1.64E-23
907.65	1.65E-23
907.70	1.66E-23
907.75	1.67E-23
907.80	1.68E-23
907.85	1.69E-23
907.90	1.70E-23
907.95	1.71E-23
908.00	1.72E-23
908.05	1.73E-23
908.10	1.75E-23
908.15	1.76E-23
908.20	1.77E-23
908.25	1.78E-23
908.30	1.79E-23
908.35	1.81E-23
908.40	1.82E-23
908.45	1.83E-23
908.50	1.84E-23
908.55	1.86E-23
908.60	1.87E-23
908.65	1.88E-23
908.70	1.90E-23
908.75	1.91E-23
908.80	1.92E-23
908.85	1.94E-23
908.90	1.95E-23
908.95	1.96E-23
909.00	1.98E-23
909.05	1.99E-23
909.10	2.01E-23
909.15	2.02E-23
909.20	2.04E-23
909.25	2.05E-23
909.30	2.07E-23
909.35	2.08E-23
909.40	2.10E-23
909.45	2.11E-23
909.50	2.13E-23
909.55	2.14E-23
909.60	2.16E-23
909.65	2.17E-23
909.70	2.19E-23
909.75	2.21E-23
909.80	2.22E-23
909.85	2.24E-23
909.90	2.26E-23
909.95	2.27E-23
910.00	2.29E-23
910.05	2.31E-23
910.10	2.33E-23
910.15	2.35E-23
910.20	2.36E-23
910.25	2.38E-23
910.30	2.40E-23
910.35	2.42E-23
910.40	2.44E-23
910.45	2.46E-23
910.50	2.48E-23
910.55	2.50E-23
910.60	2.52E-23
910.65	2.54E-23
910.70	2.56E-23
910.75	2.58E-23
910.80	2.60E-23
910.85	2.62E-23
910.90	2.65E-23
910.95	2.67E-23
911.00	2.69E-23
911.05	2.71E-23
911.10	2.73E-23
911.15	2.75E-23
911.20	2.78E-23
911.25	2.80E-23
911.30	2.82E-23
911.35	2.84E-23
911.40	2.87E-23
911.45	2.89E-23
911.50	2.92E-23
911.55	2.94E-23
911.60	2.97E-23
911.65	3.00E-23
911.70	3.02E-23
911.75	3.05E-23
911.80	3.07E-23
911.85	3.10E-23
911.90	3.12E-23
911.95	3.15E-23
912.00	3.18E-23
912.05	3.20E-23
912.10	3.23E-23
912.15	3.26E-23
912.20	3.29E-23
912.25	3.32E-23
912.30	3.35E-23
912.35	3.38E-23
912.40	3.41E-23
912.45	3.44E-23
912.50	3.47E-23
912.55	3.50E-23
912.60	3.53E-23
912.65	3.56E-23
912.70	3.59E-23
912.75	3.62E-23
912.80	3.65E-23
912.85	3.69E-23
912.90	3.72E-23
912.95	3.76E-23
913.00	3.79E-23
913.05	3.83E-23
913.10	3.87E-23
913.15	3.90E-23
913.20	3.94E-23
913.25	3.97E-23
913.30	4.01E-23
913.35	4.05E-23
913.40	4.08E-23
913.45	4.12E-23
913.50	4.16E-23
913.55	4.20E-23
913.60	4.23E-23
913.65	4.27E-23
913.70	4.31E-23
913.75	4.35E-23
913.80	4.39E-23
913.85	4.43E-23
913.90	4.47E-23
913.95	4.51E-23
914.00	4.55E-23
914.05	4.59E-23
914.10	4.63E-23
914.15	4.68E-23
914.20	4.72E-23
914.25	4.76E-23
914.30	4.81E-23
914.35	4.85E-23
914.40	4.89E-23
914.45	4.94E-23
914.50	4.98E-23
914.55	5.03E-23
914.60	5.08E-23
914.65	5.12E-23
914.70	5.17E-23
914.75	5.21E-23
914.80	5.26E-23
914.85	5.31E-23
914.90	5.36E-23
914.95	5.41E-23
915.00	5.46E-23
915.05	5.51E-23
915.10	5.56E-23
915.15	5.62E-23
915.20	5.67E-23
915.25	5.72E-23
915.30	5.77E-23
915.35	5.82E-23
915.40	5.87E-23
915.45	5.92E-23
915.50	5.98E-23
915.55	6.03E-23
915.60	6.08E-23
915.65	6.14E-23
915.70	6.19E-23
915.75	6.25E-23
915.80	6.30E-23
915.85	6.36E-23
915.90	6.41E-23
915.95	6.47E-23
916.00	6.52E-23
916.05	6.58E-23
916.10	6.63E-23
916.15	6.68E-23
916.20	6.74E-23
916.25	6.79E-23
916.30	6.85E-23
916.35	6.91E-23
916.40	6.96E-23
916.45	7.02E-23
916.50	7.08E-23
916.55	7.14E-23
916.60	7.19E-23
916.65	7.25E-23
916.70	7.31E-23
916.75	7.36E-23
916.80	7.42E-23
916.85	7.47E-23
916.90	7.53E-23
916.95	7.58E-23
917.00	7.64E-23
917.05	7.70E-23
917.10	7.75E-23
917.15	7.80E-23
917.20	7.86E-23
917.25	7.92E-23
917.30	7.97E-23
917.35	8.03E-23
917.40	8.08E-23
917.45	8.13E-23
917.50	8.19E-23
917.55	8.24E-23
917.60	8.30E-23
917.65	8.35E-23
917.70	8.40E-23
917.75	8.45E-23
917.80	8.50E-23
917.85	8.56E-23
917.90	8.61E-23
917.95	8.65E-23
918.00	8.70E-23
918.05	8.75E-23
918.10	8.81E-23
918.15	8.86E-23
918.20	8.91E-23
918.25	8.96E-23
918.30	9.01E-23
918.35	9.06E-23
918.40	9.11E-23
918.45	9.16E-23
918.50	9.21E-23
918.55	9.26E-23
918.60	9.31E-23
918.65	9.37E-23
918.70	9.42E-23
918.75	9.47E-23
918.80	9.52E-23
918.85	9.57E-23
918.90	9.61E-23
918.95	9.66E-23
919.00	9.71E-23
919.05	9.76E-23
919.10	9.80E-23
919.15	9.85E-23
919.20	9.90E-23
919.25	9.95E-23
919.30	1.00E-22
919.35	1.01E-22
919.40	1.01E-22
919.45	1.01E-22
919.50	1.02E-22
919.55	1.03E-22
919.60	1.03E-22
919.65	1.04E-22
919.70	1.04E-22
919.75	1.05E-22
919.80	1.05E-22
919.85	1.05E-22
919.90	1.06E-22
919.95	1.06E-22
920.00	1.07E-22
920.05	1.08E-22
920.10	1.08E-22
920.15	1.09E-22
920.20	1.09E-22
920.25	1.10E-22
920.30	1.10E-22
920.35	1.11E-22
920.40	1.11E-22
920.45	1.12E-22
920.50	1.12E-22
920.55	1.13E-22
920.60	1.13E-22
920.65	1.14E-22
920.70	1.14E-22
920.75	1.15E-22
920.80	1.15E-22
920.85	1.16E-22
920.90	1.16E-22
920.95	1.17E-22
921.00	1.17E-22
921.05	1.18E-22
921.10	1.18E-22
921.15	1.19E-22
921.20	1.19E-22
921.25	1.20E-22
921.30	1.20E-22
921.35	1.21E-22
921.40	1.22E-22
921.45	1.22E-22
921.50	1.22E-22
921.55	1.23E-22
921.60	1.23E-22
921.65	1.24E-22
921.70	1.24E-22
921.75	1.24E-22
921.80	1.25E-22
921.85	1.25E-22
921.90	1.26E-22
921.95	1.26E-22
922.00	1.27E-22
922.05	1.273E-22
922.10	1.278E-22
922.15	1.282E-22
922.20	1.286E-22
922.25	1.29E-22
922.30	1.29E-22
922.35	1.30E-22
922.40	1.30E-22
922.45	1.31E-22
922.50	1.312E-22
922.55	1.316E-22
922.60	1.32E-22
922.65	1.325E-22
922.70	1.328E-22
922.75	1.332E-22
922.80	1.336E-22
922.85	1.34E-22
922.90	1.34E-22
922.95	1.35E-22
923.00	1.35E-22
923.05	1.35E-22
923.10	1.36E-22
923.15	1.36E-22
923.20	1.363E-22
923.25	1.366E-22
923.30	1.369E-22
923.35	1.372E-22
923.40	1.375E-22
923.45	1.377E-22
923.50	1.38E-22
923.55	1.383E-22
923.60	1.385E-22
923.65	1.388E-22
923.70	1.39E-22
923.75	1.393E-22
923.80	1.396E-22
923.85	1.398E-22
923.90	1.401E-22
923.95	1.403E-22
924.00	1.406E-22
924.05	1.408E-22
924.10	1.41E-22
924.15	1.412E-22
924.20	1.414E-22
924.25	1.416E-22
924.30	1.418E-22
924.35	1.42E-22
924.40	1.421E-22
924.45	1.424E-22
924.50	1.426E-22
924.55	1.429E-22
924.60	1.43E-22
924.65	1.433E-22
924.70	1.434E-22
924.75	1.436E-22
924.80	1.437E-22
924.85	1.439E-22
924.90	1.441E-22
924.95	1.443E-22
925.00	1.445E-22
925.05	1.447E-22
925.10	1.449E-22
925.15	1.451E-22
925.20	1.454E-22
925.25	1.456E-22
925.30	1.458E-22
925.35	1.459E-22
925.40	1.462E-22
925.45	1.464E-22
925.50	1.465E-22
925.55	1.467E-22
925.60	1.47E-22
925.65	1.47E-22
925.70	1.473E-22
925.75	1.475E-22
925.80	1.476E-22
925.85	1.479E-22
925.90	1.481E-22
925.95	1.483E-22
926.00	1.486E-22
926.05	1.488E-22
926.10	1.491E-22
926.15	1.493E-22
926.20	1.496E-22
926.25	1.498E-22
926.30	1.501E-22
926.35	1.503E-22
926.40	1.506E-22
926.45	1.509E-22
926.50	1.512E-22
926.55	1.515E-22
926.60	1.518E-22
926.65	1.522E-22
926.70	1.524E-22
926.75	1.528E-22
926.80	1.531E-22
926.85	1.535E-22
926.90	1.538E-22
926.95	1.542E-22
927.00	1.545E-22
927.05	1.548E-22
927.10	1.551E-22
927.15	1.555E-22
927.20	1.558E-22
927.25	1.562E-22
927.30	1.565E-22
927.35	1.569E-22
927.40	1.573E-22
927.45	1.577E-22
927.50	1.581E-22
927.55	1.585E-22
927.60	1.59E-22
927.65	1.593E-22
927.70	1.597E-22
927.75	1.601E-22
927.80	1.606E-22
927.85	1.611E-22
927.90	1.615E-22
927.95	1.619E-22
928.00	1.623E-22
928.05	1.628E-22
928.10	1.632E-22
928.15	1.637E-22
928.20	1.641E-22
928.25	1.645E-22
928.30	1.65E-22
928.35	1.655E-22
928.40	1.66E-22
928.45	1.665E-22
928.50	1.669E-22
928.55	1.674E-22
928.60	1.679E-22
928.65	1.684E-22
928.70	1.688E-22
928.75	1.693E-22
928.80	1.699E-22
928.85	1.704E-22
928.90	1.709E-22
928.95	1.714E-22
929.00	1.719E-22
929.05	1.723E-22
929.10	1.728E-22
929.15	1.733E-22
929.20	1.737E-22
929.25	1.742E-22
929.30	1.746E-22
929.35	1.752E-22
929.40	1.757E-22
929.45	1.763E-22
929.50	1.768E-22
929.55	1.773E-22
929.60	1.778E-22
929.65	1.783E-22
929.70	1.788E-22
929.75	1.792E-22
929.80	1.797E-22
929.85	1.801E-22
929.90	1.807E-22
929.95	1.812E-22
930.00	1.817E-22
930.05	1.822E-22
930.10	1.826E-22
930.15	1.831E-22
930.20	1.836E-22
930.25	1.841E-22
930.30	1.845E-22
930.35	1.849E-22
930.40	1.854E-22
930.45	1.859E-22
930.50	1.863E-22
930.55	1.869E-22
930.60	1.873E-22
930.65	1.877E-22
930.70	1.883E-22
930.75	1.887E-22
930.80	1.891E-22
930.85	1.895E-22
930.90	1.899E-22
930.95	1.903E-22
931.00	1.907E-22
931.05	1.909E-22
931.10	1.913E-22
931.15	1.917E-22
931.20	1.921E-22
931.25	1.925E-22
931.30	1.928E-22
931.35	1.932E-22
931.40	1.936E-22
931.45	1.939E-22
931.50	1.943E-22
931.55	1.946E-22
931.60	1.949E-22
931.65	1.952E-22
931.70	1.956E-22
931.75	1.96E-22
931.80	1.963E-22
931.85	1.967E-22
931.90	1.97E-22
931.95	1.974E-22
932.00	1.976E-22
932.05	1.979E-22
932.10	1.981E-22
932.15	1.984E-22
932.20	1.987E-22
932.25	1.99E-22
932.30	1.992E-22
932.35	1.994E-22
932.40	1.996E-22
932.45	1.998E-22
932.50	2.001E-22
932.55	2.003E-22
932.60	2.005E-22
932.65	2.007E-22
932.70	2.008E-22
932.75	2.01E-22
932.80	2.012E-22
932.85	2.014E-22
932.90	2.016E-22
932.95	2.017E-22
933.00	2.019E-22
933.05	2.02E-22
933.10	2.023E-22
933.15	2.024E-22
933.20	2.027E-22
933.25	2.029E-22
933.30	2.03E-22
933.35	2.033E-22
933.40	2.035E-22
933.45	2.036E-22
933.50	2.038E-22
933.55	2.039E-22
933.60	2.04E-22
933.65	2.042E-22
933.70	2.044E-22
933.75	2.044E-22
933.80	2.047E-22
933.85	2.049E-22
933.90	2.051E-22
933.95	2.053E-22
934.00	2.055E-22
934.05	2.056E-22
934.10	2.057E-22
934.15	2.059E-22
934.20	2.06E-22
934.25	2.062E-22
934.30	2.063E-22
934.35	2.065E-22
934.40	2.066E-22
934.45	2.068E-22
934.50	2.071E-22
934.55	2.071E-22
934.60	2.072E-22
934.65	2.073E-22
934.70	2.075E-22
934.75	2.077E-22
934.80	2.078E-22
934.85	2.08E-22
934.90	2.082E-22
934.95	2.085E-22
935.00	2.087E-22
935.05	2.089E-22
935.10	2.091E-22
935.15	2.093E-22
935.20	2.095E-22
935.25	2.098E-22
935.30	2.099E-22
935.35	2.101E-22
935.40	2.103E-22
935.45	2.105E-22
935.50	2.108E-22
935.55	2.109E-22
935.60	2.112E-22
935.65	2.113E-22
935.70	2.116E-22
935.75	2.118E-22
935.80	2.12E-22
935.85	2.122E-22
935.90	2.125E-22
935.95	2.128E-22
936.00	2.13E-22
936.05	2.133E-22
936.10	2.137E-22
936.15	2.14E-22
936.20	2.144E-22
936.25	2.147E-22
936.30	2.15E-22
936.35	2.153E-22
936.40	2.157E-22
936.45	2.159E-22
936.50	2.162E-22
936.55	2.166E-22
936.60	2.168E-22
936.65	2.171E-22
936.70	2.175E-22
936.75	2.178E-22
936.80	2.182E-22
936.85	2.185E-22
936.90	2.188E-22
936.95	2.191E-22
937.00	2.196E-22
937.05	2.2E-22
937.10	2.205E-22
937.15	2.209E-22
937.20	2.213E-22
937.25	2.218E-22
937.30	2.222E-22
937.35	2.226E-22
937.40	2.23E-22
937.45	2.234E-22
937.50	2.238E-22
937.55	2.242E-22
937.60	2.247E-22
937.65	2.251E-22
937.70	2.255E-22
937.75	2.26E-22
937.80	2.264E-22
937.85	2.268E-22
937.90	2.273E-22
937.95	2.278E-22
938.00	2.283E-22
938.05	2.287E-22
938.10	2.292E-22
938.15	2.298E-22
938.20	2.302E-22
938.25	2.307E-22
938.30	2.312E-22
938.35	2.316E-22
938.40	2.321E-22
938.45	2.326E-22
938.50	2.331E-22
938.55	2.336E-22
938.60	2.341E-22
938.65	2.346E-22
938.70	2.351E-22
938.75	2.354E-22
938.80	2.36E-22
938.85	2.365E-22
938.90	2.369E-22
938.95	2.374E-22
939.00	2.379E-22
939.05	2.384E-22
939.10	2.388E-22
939.15	2.394E-22
939.20	2.398E-22
939.25	2.403E-22
939.30	2.407E-22
939.35	2.411E-22
939.40	2.416E-22
939.45	2.419E-22
939.50	2.424E-22
939.55	2.429E-22
939.60	2.434E-22
939.65	2.439E-22
939.70	2.444E-22
939.75	2.449E-22
939.80	2.453E-22
939.85	2.458E-22
939.90	2.464E-22
939.95	2.47E-22
940.00	2.475E-22
940.05	2.48E-22
940.10	2.485E-22
940.15	2.49E-22
940.20	2.495E-22
940.25	2.5E-22
940.30	2.504E-22
940.35	2.509E-22
940.40	2.515E-22
940.45	2.52E-22
940.50	2.526E-22
940.55	2.532E-22
940.60	2.537E-22
940.65	2.543E-22
940.70	2.549E-22
940.75	2.554E-22
940.80	2.56E-22
940.85	2.566E-22
940.90	2.572E-22
940.95	2.578E-22
941.00	2.584E-22
941.05	2.59E-22
941.10	2.598E-22
941.15	2.605E-22
941.20	2.612E-22
941.25	2.619E-22
941.30	2.626E-22
941.35	2.633E-22
941.40	2.639E-22
941.45	2.647E-22
941.50	2.654E-22
941.55	2.661E-22
941.60	2.669E-22
941.65	2.677E-22
941.70	2.684E-22
941.75	2.691E-22
941.80	2.7E-22
941.85	2.709E-22
941.90	2.717E-22
941.95	2.724E-22
942.00	2.732E-22
942.05	2.739E-22
942.10	2.747E-22
942.15	2.756E-22
942.20	2.764E-22
942.25	2.771E-22
942.30	2.78E-22
942.35	2.789E-22
942.40	2.797E-22
942.45	2.806E-22
942.50	2.816E-22
942.55	2.825E-22
942.60	2.835E-22
942.65	2.844E-22
942.70	2.853E-22
942.75	2.864E-22
942.80	2.873E-22
942.85	2.883E-22
942.90	2.892E-22
942.95	2.901E-22
943.00	2.91E-22
943.05	2.919E-22
943.10	2.929E-22
943.15	2.939E-22
943.20	2.949E-22
943.25	2.959E-22
943.30	2.969E-22
943.35	2.98E-22
943.40	2.99E-22
943.45	3.001E-22
943.50	3.012E-22
943.55	3.023E-22
943.60	3.034E-22
943.65	3.045E-22
943.70	3.057E-22
943.75	3.068E-22
943.80	3.079E-22
943.85	3.09E-22
943.90	3.101E-22
943.95	3.112E-22
944.00	3.124E-22
944.05	3.135E-22
944.10	3.146E-22
944.15	3.157E-22
944.20	3.169E-22
944.25	3.181E-22
944.30	3.193E-22
944.35	3.205E-22
944.40	3.215E-22
944.45	3.226E-22
944.50	3.237E-22
944.55	3.249E-22
944.60	3.26E-22
944.65	3.273E-22
944.70	3.283E-22
944.75	3.295E-22
944.80	3.307E-22
944.85	3.319E-22
944.90	3.33E-22
944.95	3.341E-22
945.00	3.352E-22
945.05	3.362E-22
945.10	3.374E-22
945.15	3.386E-22
945.20	3.396E-22
945.25	3.409E-22
945.30	3.42E-22
945.35	3.432E-22
945.40	3.442E-22
945.45	3.454E-22
945.50	3.465E-22
945.55	3.475E-22
945.60	3.486E-22
945.65	3.496E-22
945.70	3.507E-22
945.75	3.517E-22
945.80	3.528E-22
945.85	3.537E-22
945.90	3.546E-22
945.95	3.555E-22
946.00	3.565E-22
946.05	3.574E-22
946.10	3.583E-22
946.15	3.593E-22
946.20	3.603E-22
946.25	3.612E-22
946.30	3.622E-22
946.35	3.633E-22
946.40	3.642E-22
946.45	3.652E-22
946.50	3.662E-22
946.55	3.67E-22
946.60	3.678E-22
946.65	3.687E-22
946.70	3.696E-22
946.75	3.704E-22
946.80	3.712E-22
946.85	3.72E-22
946.90	3.727E-22
946.95	3.736E-22
947.00	3.744E-22
947.05	3.752E-22
947.10	3.76E-22
947.15	3.769E-22
947.20	3.777E-22
947.25	3.787E-22
947.30	3.795E-22
947.35	3.803E-22
947.40	3.813E-22
947.45	3.822E-22
947.50	3.83E-22
947.55	3.838E-22
947.60	3.846E-22
947.65	3.854E-22
947.70	3.863E-22
947.75	3.871E-22
947.80	3.879E-22
947.85	3.889E-22
947.90	3.898E-22
947.95	3.907E-22
948.00	3.916E-22
948.05	3.927E-22
948.10	3.936E-22
948.15	3.945E-22
948.20	3.954E-22
948.25	3.963E-22
948.30	3.973E-22
948.35	3.983E-22
948.40	3.993E-22
948.45	4.004E-22
948.50	4.012E-22
948.55	4.022E-22
948.60	4.033E-22
948.65	4.043E-22
948.70	4.055E-22
948.75	4.064E-22
948.80	4.074E-22
948.85	4.085E-22
948.90	4.095E-22
948.95	4.106E-22
949.00	4.116E-22
949.05	4.126E-22
949.10	4.137E-22
949.15	4.148E-22
949.20	4.159E-22
949.25	4.171E-22
949.30	4.183E-22
949.35	4.195E-22
949.40	4.206E-22
949.45	4.219E-22
949.50	4.23E-22
949.55	4.242E-22
949.60	4.254E-22
949.65	4.263E-22
949.70	4.274E-22
949.75	4.286E-22
949.80	4.299E-22
949.85	4.312E-22
949.90	4.325E-22
949.95	4.335E-22
950.00	4.348E-22
950.05	4.361E-22
950.10	4.374E-22
950.15	4.388E-22
950.20	4.399E-22
950.25	4.412E-22
950.30	4.424E-22
950.35	4.439E-22
950.40	4.451E-22
950.45	4.466E-22
950.50	4.479E-22
950.55	4.492E-22
950.60	4.507E-22
950.65	4.521E-22
950.70	4.535E-22
950.75	4.548E-22
950.80	4.563E-22
950.85	4.576E-22
950.90	4.59E-22
950.95	4.605E-22
951.00	4.618E-22
951.05	4.633E-22
951.10	4.646E-22
951.15	4.661E-22
951.20	4.675E-22
951.25	4.689E-22
951.30	4.705E-22
951.35	4.719E-22
951.40	4.734E-22
951.45	4.749E-22
951.50	4.763E-22
951.55	4.778E-22
951.60	4.793E-22
951.65	4.808E-22
951.70	4.825E-22
951.75	4.839E-22
951.80	4.856E-22
951.85	4.872E-22
951.90	4.89E-22
951.95	4.907E-22
952.00	4.924E-22
952.05	4.942E-22
952.10	4.957E-22
952.15	4.974E-22
952.20	4.992E-22
952.25	5.009E-22
952.30	5.024E-22
952.35	5.04E-22
952.40	5.057E-22
952.45	5.074E-22
952.50	5.092E-22
952.55	5.108E-22
952.60	5.125E-22
952.65	5.145E-22
952.70	5.165E-22
952.75	5.183E-22
952.80	5.201E-22
952.85	5.22E-22
952.90	5.239E-22
952.95	5.258E-22
953.00	5.277E-22
953.05	5.294E-22
953.10	5.311E-22
953.15	5.33E-22
953.20	5.35E-22
953.25	5.369E-22
953.30	5.388E-22
953.35	5.409E-22
953.40	5.429E-22
953.45	5.45E-22
953.50	5.472E-22
953.55	5.492E-22
953.60	5.513E-22
953.65	5.532E-22
953.70	5.552E-22
953.75	5.573E-22
953.80	5.595E-22
953.85	5.615E-22
953.90	5.637E-22
953.95	5.658E-22
954.00	5.679E-22
954.05	5.704E-22
954.10	5.726E-22
954.15	5.749E-22
954.20	5.77E-22
954.25	5.793E-22
954.30	5.816E-22
954.35	5.838E-22
954.40	5.862E-22
954.45	5.884E-22
954.50	5.907E-22
954.55	5.932E-22
954.60	5.958E-22
954.65	5.983E-22
954.70	6.007E-22
954.75	6.032E-22
954.80	6.058E-22
954.85	6.082E-22
954.90	6.108E-22
954.95	6.132E-22
955.00	6.156E-22
955.05	6.181E-22
955.10	6.207E-22
955.15	6.233E-22
955.20	6.257E-22
955.25	6.282E-22
955.30	6.308E-22
955.35	6.334E-22
955.40	6.36E-22
955.45	6.387E-22
955.50	6.417E-22
955.55	6.445E-22
955.60	6.472E-22
955.65	6.501E-22
955.70	6.529E-22
955.75	6.558E-22
955.80	6.585E-22
955.85	6.613E-22
955.90	6.64E-22
955.95	6.671E-22
956.00	6.7E-22
956.05	6.727E-22
956.10	6.756E-22
956.15	6.785E-22
956.20	6.815E-22
956.25	6.845E-22
956.30	6.872E-22
956.35	6.9E-22
956.40	6.931E-22
956.45	6.964E-22
956.50	6.994E-22
956.55	7.026E-22
956.60	7.059E-22
956.65	7.093E-22
956.70	7.127E-22
956.75	7.159E-22
956.80	7.193E-22
956.85	7.225E-22
956.90	7.257E-22
956.95	7.288E-22
957.00	7.32E-22
957.05	7.353E-22
957.10	7.384E-22
957.15	7.418E-22
957.20	7.451E-22
957.25	7.485E-22
957.30	7.516E-22
957.35	7.552E-22
957.40	7.586E-22
957.45	7.618E-22
957.50	7.654E-22
957.55	7.688E-22
957.60	7.724E-22
957.65	7.759E-22
957.70	7.796E-22
957.75	7.828E-22
957.80	7.865E-22
957.85	7.902E-22
957.90	7.938E-22
957.95	7.977E-22
958.00	8.014E-22
958.05	8.054E-22
958.10	8.094E-22
958.15	8.135E-22
958.20	8.176E-22
958.25	8.217E-22
958.30	8.257E-22
958.35	8.297E-22
958.40	8.34E-22
958.45	8.379E-22
958.50	8.419E-22
958.55	8.463E-22
958.60	8.506E-22
958.65	8.55E-22
958.70	8.593E-22
958.75	8.635E-22
958.80	8.678E-22
958.85	8.723E-22
958.90	8.764E-22
958.95	8.806E-22
959.00	8.849E-22
959.05	8.894E-22
959.10	8.938E-22
959.15	8.985E-22
959.20	9.032E-22
959.25	9.081E-22
959.30	9.133E-22
959.35	9.185E-22
959.40	9.236E-22
959.45	9.287E-22
959.50	9.338E-22
959.55	9.39E-22
959.60	9.442E-22
959.65	9.492E-22
959.70	9.543E-22
959.75	9.594E-22
959.80	9.65E-22
959.85	9.702E-22
959.90	9.758E-22
959.95	9.812E-22
960.00	9.867E-22
960.05	9.92E-22
960.10	9.975E-22
960.15	1.0031E-21
960.20	1.0087E-21
960.25	1.0143E-21
960.30	1.02E-21
960.35	1.0256E-21
960.40	1.0313E-21
960.45	1.0374E-21
960.50	1.0436E-21
960.55	1.0496E-21
960.60	1.0554E-21
960.65	1.0614E-21
960.70	1.0671E-21
960.75	1.0727E-21
960.80	1.0791E-21
960.85	1.085E-21
960.90	1.091E-21
960.95	1.0967E-21
961.00	1.1033E-21
961.05	1.1098E-21
961.10	1.1167E-21
961.15	1.1232E-21
961.20	1.1301E-21
961.25	1.137E-21
961.30	1.1438E-21
961.35	1.1509E-21
961.40	1.1574E-21
961.45	1.1642E-21
961.50	1.1708E-21
961.55	1.1778E-21
961.60	1.1849E-21
961.65	1.192E-21
961.70	1.1989E-21
961.75	1.2058E-21
961.80	1.2132E-21
961.85	1.2207E-21
961.90	1.2276E-21
961.95	1.2353E-21
962.00	1.2425E-21
962.05	1.2501E-21
962.10	1.2571E-21
962.15	1.2651E-21
962.20	1.2722E-21
962.25	1.28E-21
962.30	1.2882E-21
962.35	1.2965E-21
962.40	1.3048E-21
962.45	1.3128E-21
962.50	1.3216E-21
962.55	1.3301E-21
962.60	1.3393E-21
962.65	1.3486E-21
962.70	1.3575E-21
962.75	1.3664E-21
962.80	1.3755E-21
962.85	1.3846E-21
962.90	1.3941E-21
962.95	1.4038E-21
963.00	1.4145E-21
963.05	1.4248E-21
963.10	1.4354E-21
963.15	1.4452E-21
963.20	1.4565E-21
963.25	1.4686E-21
963.30	1.4801E-21
963.35	1.4914E-21
963.40	1.5028E-21
963.45	1.5149E-21
963.50	1.5266E-21
963.55	1.5395E-21
963.60	1.5529E-21
963.65	1.5648E-21
963.70	1.578E-21
963.75	1.5915E-21
963.80	1.6058E-21
963.85	1.6191E-21
963.90	1.6332E-21
963.95	1.6468E-21
964.00	1.6603E-21
964.05	1.6753E-21
964.10	1.6894E-21
964.15	1.7035E-21
964.20	1.7179E-21
964.25	1.7323E-21
964.30	1.7461E-21
964.35	1.7604E-21
964.40	1.7741E-21
964.45	1.7875E-21
964.50	1.8004E-21
964.55	1.8148E-21
964.60	1.8263E-21
964.65	1.8384E-21
964.70	1.8507E-21
964.75	1.8633E-21
964.80	1.8746E-21
964.85	1.8855E-21
964.90	1.8972E-21
964.95	1.9066E-21
965.00	1.9167E-21
965.05	1.9261E-21
965.10	1.9346E-21
965.15	1.9433E-21
965.20	1.9509E-21
965.25	1.9585E-21
965.30	1.9667E-21
965.35	1.9737E-21
965.40	1.9789E-21
965.45	1.9854E-21
965.50	1.9923E-21
965.55	1.9982E-21
965.60	2.0034E-21
965.65	2.01E-21
965.70	2.016E-21
965.75	2.0231E-21
965.80	2.0298E-21
965.85	2.0361E-21
965.90	2.0428E-21
965.95	2.05E-21
966.00	2.0576E-21
966.05	2.064E-21
966.10	2.0705E-21
966.15	2.0774E-21
966.20	2.0853E-21
966.25	2.0936E-21
966.30	2.1013E-21
966.35	2.1087E-21
966.40	2.1177E-21
966.45	2.126E-21
966.50	2.1347E-21
966.55	2.1432E-21
966.60	2.1528E-21
966.65	2.1621E-21
966.70	2.1721E-21
966.75	2.1816E-21
966.80	2.1924E-21
966.85	2.2029E-21
966.90	2.2149E-21
966.95	2.2257E-21
967.00	2.2377E-21
967.05	2.2509E-21
967.10	2.2637E-21
967.15	2.2776E-21
967.20	2.2911E-21
967.25	2.306E-21
967.30	2.319E-21
967.35	2.3338E-21
967.40	2.35E-21
967.45	2.3648E-21
967.50	2.3797E-21
967.55	2.394E-21
967.60	2.4103E-21
967.65	2.4264E-21
967.70	2.4423E-21
967.75	2.4574E-21
967.80	2.4752E-21
967.85	2.4922E-21
967.90	2.5103E-21
967.95	2.5289E-21
968.00	2.5483E-21
968.05	2.5666E-21
968.10	2.5855E-21
968.15	2.6044E-21
968.20	2.622E-21
968.25	2.6426E-21
968.30	2.6627E-21
968.35	2.6839E-21
968.40	2.7055E-21
968.45	2.7257E-21
968.50	2.7467E-21
968.55	2.7695E-21
968.60	2.7951E-21
968.65	2.8181E-21
968.70	2.8385E-21
968.75	2.8594E-21
968.80	2.8827E-21
968.85	2.908E-21
968.90	2.9335E-21
968.95	2.9586E-21
969.00	2.9847E-21
969.05	3.0099E-21
969.10	3.0366E-21
969.15	3.0618E-21
969.20	3.0872E-21
969.25	3.1134E-21
969.30	3.1409E-21
969.35	3.1676E-21
969.40	3.1934E-21
969.45	3.2221E-21
969.50	3.2537E-21
969.55	3.2857E-21
969.60	3.3198E-21
969.65	3.3505E-21
969.70	3.3819E-21
969.75	3.4144E-21
969.80	3.4532E-21
969.85	3.4871E-21
969.90	3.5244E-21
969.95	3.5592E-21
970.00	3.5956E-21
970.05	3.6342E-21
970.10	3.6705E-21
970.15	3.7074E-21
970.20	3.7387E-21
970.25	3.7794E-21
970.30	3.8168E-21
970.35	3.8552E-21
970.40	3.898E-21
970.45	3.9384E-21
970.50	3.9811E-21
970.55	4.0186E-21
970.60	4.0566E-21
970.65	4.1035E-21
970.70	4.144E-21
970.75	4.1911E-21
970.80	4.2283E-21
970.85	4.278E-21
970.90	4.3231E-21
970.95	4.3646E-21
971.00	4.4182E-21
971.05	4.4611E-21
971.10	4.506E-21
971.15	4.5494E-21
971.20	4.5992E-21
971.25	4.6375E-21
971.30	4.6863E-21
971.35	4.7397E-21
971.40	4.7907E-21
971.45	4.8479E-21
971.50	4.904E-21
971.55	4.9397E-21
971.60	4.988E-21
971.65	5.0404E-21
971.70	5.0802E-21
971.75	5.1243E-21
971.80	5.1872E-21
971.85	5.2224E-21
971.90	5.2566E-21
971.95	5.3091E-21
972.00	5.3341E-21
972.05	5.3709E-21
972.10	5.407E-21
972.15	5.4555E-21
972.20	5.4937E-21
972.25	5.5204E-21
972.30	5.5605E-21
972.35	5.6002E-21
972.40	5.6636E-21
972.45	5.7152E-21
972.50	5.7822E-21
972.55	5.8195E-21
972.60	5.8435E-21
972.65	5.8986E-21
972.70	5.9375E-21
972.75	5.9605E-21
972.80	5.985E-21
972.85	6.0096E-21
972.90	6.0253E-21
972.95	6.0586E-21
973.00	6.1063E-21
973.05	6.1221E-21
973.10	6.1387E-21
973.15	6.1806E-21
973.20	6.2066E-21
973.25	6.2142E-21
973.30	6.231E-21
973.35	6.2387E-21
973.40	6.2139E-21
973.45	6.2409E-21
973.50	6.2876E-21
973.55	6.3249E-21
973.60	6.3423E-21
973.65	6.3588E-21
973.70	6.3855E-21
973.75	6.402E-21
973.80	6.4011E-21
973.85	6.429E-21
973.90	6.4241E-21
973.95	6.4105E-21
974.00	6.4503E-21
974.05	6.4671E-21
974.10	6.4838E-21
974.15	6.521E-21
974.20	6.5759E-21
974.25	6.5817E-21
974.30	6.5895E-21
974.35	6.6166E-21
974.40	6.5902E-21
974.45	6.6279E-21
974.50	6.607E-21
974.55	6.6043E-21
974.60	6.5831E-21
974.65	6.6012E-21
974.70	6.6089E-21
974.75	6.6165E-21
974.80	6.6242E-21
974.85	6.6115E-21
974.90	6.6286E-21
974.95	6.6362E-21
975.00	6.6377E-21
975.05	6.6335E-21
975.10	6.6421E-21
975.15	6.6413E-21
975.20	6.6335E-21
975.25	6.6177E-21
975.30	6.627E-21
975.35	6.619E-21
975.40	6.6442E-21
975.45	6.6192E-21
975.50	6.6275E-21
975.55	6.6283E-21
975.60	6.624E-21
975.65	6.621E-21
975.70	6.5956E-21
975.75	6.5908E-21
975.80	6.5535E-21
975.85	6.5368E-21
975.90	6.5049E-21
975.95	6.4577E-21
976.00	6.4385E-21
976.05	6.4304E-21
976.10	6.4352E-21
976.15	6.4046E-21
976.20	6.3889E-21
976.25	6.3676E-21
976.30	6.3502E-21
976.35	6.3512E-21
976.40	6.3238E-21
976.45	6.2994E-21
976.50	6.2832E-21
976.55	6.2844E-21
976.60	6.2656E-21
976.65	6.2505E-21
976.70	6.2227E-21
976.75	6.1884E-21
976.80	6.1673E-21
976.85	6.1366E-21
976.90	6.0982E-21
976.95	6.0683E-21
977.00	6.0391E-21
977.05	6.0061E-21
977.10	5.9807E-21
977.15	5.9723E-21
977.20	5.9454E-21
977.25	5.9239E-21
977.30	5.8951E-21
977.35	5.8626E-21
977.40	5.8466E-21
977.45	5.8134E-21
977.50	5.7851E-21
977.55	5.7523E-21
977.60	5.7309E-21
977.65	5.7036E-21
977.70	5.6828E-21
977.75	5.6551E-21
977.80	5.6186E-21
977.85	5.5995E-21
977.90	5.579E-21
977.95	5.5503E-21
978.00	5.5205E-21
978.05	5.4973E-21
978.10	5.4708E-21
978.15	5.4405E-21
978.20	5.4193E-21
978.25	5.3952E-21
978.30	5.3652E-21
978.35	5.3392E-21
978.40	5.3196E-21
978.45	5.2916E-21
978.50	5.2597E-21
978.55	5.2355E-21
978.60	5.2083E-21
978.65	5.1844E-21
978.70	5.1633E-21
978.75	5.1368E-21
978.80	5.1141E-21
978.85	5.0906E-21
978.90	5.0702E-21
978.95	5.047E-21
979.00	5.0266E-21
979.05	5.0051E-21
979.10	4.9854E-21
979.15	4.9685E-21
979.20	4.9476E-21
979.25	4.9295E-21
979.30	4.906E-21
979.35	4.8873E-21
979.40	4.8658E-21
979.45	4.8485E-21
979.50	4.8264E-21
979.55	4.8058E-21
979.60	4.7874E-21
979.65	4.7686E-21
979.70	4.753E-21
979.75	4.7333E-21
979.80	4.7178E-21
979.85	4.6992E-21
979.90	4.6821E-21
979.95	4.6663E-21
980.00	4.6515E-21
980.05	4.6368E-21
980.10	4.62E-21
980.15	4.6065E-21
980.20	4.5922E-21
980.25	4.5782E-21
980.30	4.5627E-21
980.35	4.546E-21
980.40	4.5323E-21
980.45	4.5168E-21
980.50	4.5019E-21
980.55	4.4894E-21
980.60	4.4785E-21
980.65	4.4654E-21
980.70	4.4508E-21
980.75	4.4382E-21
980.80	4.4241E-21
980.85	4.4124E-21
980.90	4.4E-21
980.95	4.383E-21
981.00	4.3678E-21
981.05	4.355E-21
981.10	4.3443E-21
981.15	4.3339E-21
981.20	4.323E-21
981.25	4.3098E-21
981.30	4.2981E-21
981.35	4.2884E-21
981.40	4.2779E-21
981.45	4.2662E-21
981.50	4.256E-21
981.55	4.2445E-21
981.60	4.2333E-21
981.65	4.2232E-21
981.70	4.214E-21
981.75	4.2071E-21
981.80	4.1967E-21
981.85	4.1882E-21
981.90	4.1765E-21
981.95	4.1636E-21
982.00	4.1532E-21
982.05	4.1424E-21
982.10	4.1297E-21
982.15	4.1145E-21
982.20	4.1042E-21
982.25	4.093E-21
982.30	4.0814E-21
982.35	4.074E-21
982.40	4.0641E-21
982.45	4.0534E-21
982.50	4.0427E-21
982.55	4.033E-21
982.60	4.024E-21
982.65	4.013E-21
982.70	4.0039E-21
982.75	3.9911E-21
982.80	3.9806E-21
982.85	3.9705E-21
982.90	3.9603E-21
982.95	3.9508E-21
983.00	3.9412E-21
983.05	3.9311E-21
983.10	3.9214E-21
983.15	3.9111E-21
983.20	3.9017E-21
983.25	3.8901E-21
983.30	3.8817E-21
983.35	3.8695E-21
983.40	3.8597E-21
983.45	3.8511E-21
983.50	3.8395E-21
983.55	3.8315E-21
983.60	3.8227E-21
983.65	3.8141E-21
983.70	3.8035E-21
983.75	3.794E-21
983.80	3.7849E-21
983.85	3.7761E-21
983.90	3.7685E-21
983.95	3.7587E-21
984.00	3.7501E-21
984.05	3.7419E-21
984.10	3.7331E-21
984.15	3.726E-21
984.20	3.7159E-21
984.25	3.7066E-21
984.30	3.698E-21
984.35	3.6885E-21
984.40	3.6806E-21
984.45	3.6718E-21
984.50	3.6639E-21
984.55	3.6528E-21
984.60	3.6442E-21
984.65	3.636E-21
984.70	3.6265E-21
984.75	3.619E-21
984.80	3.6098E-21
984.85	3.6E-21
984.90	3.5915E-21
984.95	3.5837E-21
985.00	3.576E-21
985.05	3.5677E-21
985.10	3.5589E-21
985.15	3.5487E-21
985.20	3.5402E-21
985.25	3.5321E-21
985.30	3.523E-21
985.35	3.5144E-21
985.40	3.5047E-21
985.45	3.4954E-21
985.50	3.4861E-21
985.55	3.4771E-21
985.60	3.4695E-21
985.65	3.4595E-21
985.70	3.4507E-21
985.75	3.4406E-21
985.80	3.4327E-21
985.85	3.4242E-21
985.90	3.4152E-21
985.95	3.4067E-21
986.00	3.3966E-21
986.05	3.3884E-21
986.10	3.3801E-21
986.15	3.3722E-21
986.20	3.3632E-21
986.25	3.3543E-21
986.30	3.3466E-21
986.35	3.3375E-21
986.40	3.3293E-21
986.45	3.3215E-21
986.50	3.3131E-21
986.55	3.3047E-21
986.60	3.2948E-21
986.65	3.2877E-21
986.70	3.2781E-21
986.75	3.2699E-21
986.80	3.2617E-21
986.85	3.2524E-21
986.90	3.244E-21
986.95	3.2345E-21
987.00	3.2275E-21
987.05	3.2179E-21
987.10	3.2103E-21
987.15	3.2021E-21
987.20	3.1933E-21
987.25	3.1854E-21
987.30	3.178E-21
987.35	3.1711E-21
987.40	3.164E-21
987.45	3.157E-21
987.50	3.1488E-21
987.55	3.1401E-21
987.60	3.1329E-21
987.65	3.1261E-21
987.70	3.1187E-21
987.75	3.1113E-21
987.80	3.1038E-21
987.85	3.0973E-21
987.90	3.0902E-21
987.95	3.0851E-21
988.00	3.0774E-21
988.05	3.0707E-21
988.10	3.0634E-21
988.15	3.055E-21
988.20	3.0486E-21
988.25	3.0416E-21
988.30	3.0346E-21
988.35	3.0281E-21
988.40	3.0225E-21
988.45	3.0164E-21
988.50	3.0097E-21
988.55	3.0035E-21
988.60	2.9978E-21
988.65	2.9914E-21
988.70	2.9856E-21
988.75	2.9792E-21
988.80	2.9727E-21
988.85	2.9657E-21
988.90	2.9602E-21
988.95	2.9552E-21
989.00	2.949E-21
989.05	2.9434E-21
989.10	2.9382E-21
989.15	2.9325E-21
989.20	2.9267E-21
989.25	2.9214E-21
989.30	2.9161E-21
989.35	2.9091E-21
989.40	2.9048E-21
989.45	2.9004E-21
989.50	2.8943E-21
989.55	2.8899E-21
989.60	2.8854E-21
989.65	2.8798E-21
989.70	2.8752E-21
989.75	2.8706E-21
989.80	2.8654E-21
989.85	2.8595E-21
989.90	2.8554E-21
989.95	2.8489E-21
990.00	2.844E-21
990.05	2.8392E-21
990.10	2.8343E-21
990.15	2.8299E-21
990.20	2.8249E-21
990.25	2.821E-21
990.30	2.8159E-21
990.35	2.8125E-21
990.40	2.8079E-21
990.45	2.8045E-21
990.50	2.7998E-21
990.55	2.7951E-21
990.60	2.7903E-21
990.65	2.7861E-21
990.70	2.7819E-21
990.75	2.7782E-21
990.80	2.7745E-21
990.85	2.7701E-21
990.90	2.7663E-21
990.95	2.7631E-21
991.00	2.7598E-21
991.05	2.7565E-21
991.10	2.7525E-21
991.15	2.748E-21
991.20	2.7451E-21
991.25	2.7417E-21
991.30	2.7388E-21
991.35	2.7359E-21
991.40	2.7324E-21
991.45	2.7294E-21
991.50	2.7258E-21
991.55	2.7233E-21
991.60	2.7203E-21
991.65	2.7172E-21
991.70	2.714E-21
991.75	2.7102E-21
991.80	2.707E-21
991.85	2.7038E-21
991.90	2.7005E-21
991.95	2.6978E-21
992.00	2.6945E-21
992.05	2.6911E-21
992.10	2.6883E-21
992.15	2.6855E-21
992.20	2.6839E-21
992.25	2.6811E-21
992.30	2.6795E-21
992.35	2.6759E-21
992.40	2.6736E-21
992.45	2.6712E-21
992.50	2.6688E-21
992.55	2.6671E-21
992.60	2.6647E-21
992.65	2.6622E-21
992.70	2.659E-21
992.75	2.6572E-21
992.80	2.6553E-21
992.85	2.6534E-21
992.90	2.6507E-21
992.95	2.6481E-21
993.00	2.6461E-21
993.05	2.6441E-21
993.10	2.6427E-21
993.15	2.6406E-21
993.20	2.6391E-21
993.25	2.637E-21
993.30	2.6342E-21
993.35	2.632E-21
993.40	2.6297E-21
993.45	2.6268E-21
993.50	2.6245E-21
993.55	2.6222E-21
993.60	2.6199E-21
993.65	2.6175E-21
993.70	2.6158E-21
993.75	2.6148E-21
993.80	2.6137E-21
993.85	2.6119E-21
993.90	2.6101E-21
993.95	2.609E-21
994.00	2.6071E-21
994.05	2.6059E-21
994.10	2.6047E-21
994.15	2.6028E-21
994.20	2.6015E-21
994.25	2.5995E-21
994.30	2.5975E-21
994.35	2.5955E-21
994.40	2.5941E-21
994.45	2.5927E-21
994.50	2.5906E-21
994.55	2.5878E-21
994.60	2.5863E-21
994.65	2.5848E-21
994.70	2.5833E-21
994.75	2.5825E-21
994.80	2.581E-21
994.85	2.5794E-21
994.90	2.5785E-21
994.95	2.5769E-21
995.00	2.5767E-21
995.05	2.5765E-21
995.10	2.5749E-21
995.15	2.5739E-21
995.20	2.5721E-21
995.25	2.5719E-21
995.30	2.5708E-21
995.35	2.5705E-21
995.40	2.5687E-21
995.45	2.5668E-21
995.50	2.5657E-21
995.55	2.5646E-21
995.60	2.5641E-21
995.65	2.563E-21
995.70	2.5617E-21
995.75	2.5605E-21
995.80	2.5592E-21
995.85	2.5595E-21
995.90	2.559E-21
995.95	2.5592E-21
996.00	2.5578E-21
996.05	2.5572E-21
996.10	2.5566E-21
996.15	2.556E-21
996.20	2.5553E-21
996.25	2.5547E-21
996.30	2.554E-21
996.35	2.5525E-21
996.40	2.5526E-21
996.45	2.5526E-21
996.50	2.5518E-21
996.55	2.5518E-21
996.60	2.5518E-21
996.65	2.551E-21
996.70	2.5509E-21
996.75	2.5509E-21
996.80	2.55E-21
996.85	2.5499E-21
996.90	2.5498E-21
996.95	2.5488E-21
997.00	2.5487E-21
997.05	2.5485E-21
997.10	2.5483E-21
997.15	2.549E-21
997.20	2.5496E-21
997.25	2.5501E-21
997.30	2.5499E-21
997.35	2.5504E-21
997.40	2.551E-21
997.45	2.5515E-21
997.50	2.552E-21
997.55	2.5509E-21
997.60	2.5505E-21
997.65	2.5518E-21
997.70	2.5523E-21
997.75	2.5527E-21
997.80	2.5532E-21
997.85	2.5536E-21
997.90	2.5548E-21
997.95	2.5552E-21
998.00	2.5564E-21
998.05	2.5568E-21
998.10	2.558E-21
998.15	2.5583E-21
998.20	2.5587E-21
998.25	2.559E-21
998.30	2.5593E-21
998.35	2.5604E-21
998.40	2.5607E-21
998.45	2.5609E-21
998.50	2.562E-21
998.55	2.5631E-21
998.60	2.5651E-21
998.65	2.5662E-21
998.70	2.5663E-21
998.75	2.5683E-21
998.80	2.5693E-21
998.85	2.5703E-21
998.90	2.5723E-21
998.95	2.5733E-21
999.00	2.5743E-21
999.05	2.5761E-21
999.10	2.578E-21
999.15	2.579E-21
999.20	2.5809E-21
999.25	2.5818E-21
999.30	2.5827E-21
999.35	2.5846E-21
999.40	2.5855E-21
999.45	2.5873E-21
999.50	2.5882E-21
999.55	2.59E-21
999.60	2.5918E-21
999.65	2.5936E-21
999.70	2.5954E-21
999.75	2.5971E-21
999.80	2.5989E-21
999.85	2.6006E-21
999.90	2.6024E-21
999.95	2.6041E-21
1000.00	2.6059E-21
1000.05	2.6076E-21
1000.10	2.6093E-21
1000.15	2.611E-21
1000.20	2.6127E-21
1000.25	2.6144E-21
1000.30	2.617E-21
1000.35	2.6187E-21
1000.40	2.6204E-21
1000.45	2.622E-21
1000.50	2.6246E-21
1000.55	2.6273E-21
1000.60	2.6289E-21
1000.65	2.6315E-21
1000.70	2.6331E-21
1000.75	2.6367E-21
1000.80	2.6393E-21
1000.85	2.6428E-21
1000.90	2.6454E-21
1000.95	2.647E-21
1001.00	2.6506E-21
1001.05	2.6522E-21
1001.10	2.6537E-21
1001.15	2.6563E-21
1001.20	2.6588E-21
1001.25	2.6604E-21
1001.30	2.6629E-21
1001.35	2.6655E-21
1001.40	2.668E-21
1001.45	2.6716E-21
1001.50	2.6751E-21
1001.55	2.6766E-21
1001.60	2.6801E-21
1001.65	2.6827E-21
1001.70	2.6862E-21
1001.75	2.6887E-21
1001.80	2.6912E-21
1001.85	2.6937E-21
1001.90	2.6962E-21
1001.95	2.6987E-21
1002.00	2.7012E-21
1002.05	2.7047E-21
1002.10	2.7072E-21
1002.15	2.7097E-21
1002.20	2.7132E-21
1002.25	2.7157E-21
1002.30	2.7192E-21
1002.35	2.7227E-21
1002.40	2.7252E-21
1002.45	2.7287E-21
1002.50	2.7322E-21
1002.55	2.7357E-21
1002.60	2.7392E-21
1002.65	2.7427E-21
1002.70	2.7473E-21
1002.75	2.7509E-21
1002.80	2.7544E-21
1002.85	2.7579E-21
1002.90	2.7603E-21
1002.95	2.7638E-21
1003.00	2.7663E-21
1003.05	2.7698E-21
1003.10	2.7722E-21
1003.15	2.7757E-21
1003.20	2.7792E-21
1003.25	2.7827E-21
1003.30	2.7862E-21
1003.35	2.7898E-21
1003.40	2.7944E-21
1003.45	2.7968E-21
1003.50	2.8003E-21
1003.55	2.8027E-21
1003.60	2.8062E-21
1003.65	2.8097E-21
1003.70	2.8132E-21
1003.75	2.8167E-21
1003.80	2.8191E-21
1003.85	2.8237E-21
1003.90	2.8283E-21
1003.95	2.8307E-21
1004.00	2.8354E-21
1004.05	2.84E-21
1004.10	2.8424E-21
1004.15	2.847E-21
1004.20	2.8505E-21
1004.25	2.8552E-21
1004.30	2.8587E-21
1004.35	2.8622E-21
1004.40	2.8657E-21
1004.45	2.8692E-21
1004.50	2.8727E-21
1004.55	2.8751E-21
1004.60	2.8786E-21
1004.65	2.8821E-21
1004.70	2.8856E-21
1004.75	2.8891E-21
1004.80	2.8937E-21
1004.85	2.8972E-21
1004.90	2.9007E-21
1004.95	2.9042E-21
1005.00	2.9089E-21
1005.05	2.9124E-21
1005.10	2.9159E-21
1005.15	2.9206E-21
1005.20	2.9241E-21
1005.25	2.9276E-21
1005.30	2.9311E-21
1005.35	2.9346E-21
1005.40	2.9381E-21
1005.45	2.9416E-21
1005.50	2.9464E-21
1005.55	2.9499E-21
1005.60	2.9533E-21
1005.65	2.9581E-21
1005.70	2.9616E-21
1005.75	2.9651E-21
1005.80	2.9686E-21
1005.85	2.9708E-21
1005.90	2.9755E-21
1005.95	2.979E-21
1006.00	2.9825E-21
1006.05	2.986E-21
1006.10	2.9895E-21
1006.15	2.993E-21
1006.20	2.9965E-21
1006.25	2.9987E-21
1006.30	3.0021E-21
1006.35	3.0043E-21
1006.40	3.0078E-21
1006.45	3.0113E-21
1006.50	3.016E-21
1006.55	3.0195E-21
1006.60	3.023E-21
1006.65	3.0264E-21
1006.70	3.0299E-21
1006.75	3.0334E-21
1006.80	3.0355E-21
1006.85	3.039E-21
1006.90	3.0411E-21
1006.95	3.0446E-21
1007.00	3.0467E-21
1007.05	3.0501E-21
1007.10	3.0536E-21
1007.15	3.0557E-21
1007.20	3.0591E-21
1007.25	3.0626E-21
1007.30	3.0646E-21
1007.35	3.0681E-21
1007.40	3.0701E-21
1007.45	3.0736E-21
1007.50	3.077E-21
1007.55	3.0804E-21
1007.60	3.0824E-21
1007.65	3.0845E-21
1007.70	3.0879E-21
1007.75	3.0899E-21
1007.80	3.0933E-21
1007.85	3.0953E-21
1007.90	3.0973E-21
1007.95	3.0993E-21
1008.00	3.1027E-21
1008.05	3.1046E-21
1008.10	3.1052E-21
1008.15	3.1086E-21
1008.20	3.1119E-21
1008.25	3.1125E-21
1008.30	3.1144E-21
1008.35	3.1149E-21
1008.40	3.1168E-21
1008.45	3.1187E-21
1008.50	3.1206E-21
1008.55	3.1225E-21
1008.60	3.1229E-21
1008.65	3.1248E-21
1008.70	3.1266E-21
1008.75	3.1285E-21
1008.80	3.1303E-21
1008.85	3.1307E-21
1008.90	3.1325E-21
1008.95	3.1328E-21
1009.00	3.1346E-21
1009.05	3.1349E-21
1009.10	3.1352E-21
1009.15	3.1355E-21
1009.20	3.1358E-21
1009.25	3.1375E-21
1009.30	3.1392E-21
1009.35	3.1409E-21
1009.40	3.1411E-21
1009.45	3.1412E-21
1009.50	3.1429E-21
1009.55	3.143E-21
1009.60	3.1432E-21
1009.65	3.1433E-21
1009.70	3.1419E-21
1009.75	3.1419E-21
1009.80	3.142E-21
1009.85	3.142E-21
1009.90	3.142E-21
1009.95	3.142E-21
1010.00	3.142E-21
1010.05	3.1404E-21
1010.10	3.1404E-21
1010.15	3.1403E-21
1010.20	3.1386E-21
1010.25	3.1385E-21
1010.30	3.1368E-21
1010.35	3.1351E-21
1010.40	3.1349E-21
1010.45	3.1347E-21
1010.50	3.1344E-21
1010.55	3.1326E-21
1010.60	3.1323E-21
1010.65	3.1305E-21
1010.70	3.1286E-21
1010.75	3.1282E-21
1010.80	3.1263E-21
1010.85	3.1243E-21
1010.90	3.1223E-21
1010.95	3.1218E-21
1011.00	3.1182E-21
1011.05	3.1177E-21
1011.10	3.1156E-21
1011.15	3.1134E-21
1011.20	3.1112E-21
1011.25	3.109E-21
1011.30	3.1084E-21
1011.35	3.1045E-21
1011.40	3.1022E-21
1011.45	3.0999E-21
1011.50	3.0976E-21
1011.55	3.0952E-21
1011.60	3.0928E-21
1011.65	3.092E-21
1011.70	3.0878E-21
1011.75	3.0853E-21
1011.80	3.0828E-21
1011.85	3.0802E-21
1011.90	3.0776E-21
1011.95	3.0733E-21
1012.00	3.0707E-21
1012.05	3.068E-21
1012.10	3.0652E-21
1012.15	3.0625E-21
1012.20	3.0614E-21
1012.25	3.0569E-21
1012.30	3.054E-21
1012.35	3.0511E-21
1012.40	3.0465E-21
1012.45	3.0436E-21
1012.50	3.0406E-21
1012.55	3.0358E-21
1012.60	3.031E-21
1012.65	3.028E-21
1012.70	3.0231E-21
1012.75	3.0199E-21
1012.80	3.0167E-21
1012.85	3.0135E-21
1012.90	3.0102E-21
1012.95	3.0052E-21
1013.00	3.0001E-21
1013.05	2.995E-21
1013.10	2.9915E-21
1013.15	2.9863E-21
1013.20	2.9811E-21
1013.25	2.9758E-21
1013.30	2.9704E-21
1013.35	2.9668E-21
1013.40	2.9632E-21
1013.45	2.9595E-21
1013.50	2.9558E-21
1013.55	2.9521E-21
1013.60	2.9465E-21
1013.65	2.9427E-21
1013.70	2.9388E-21
1013.75	2.9349E-21
1013.80	2.931E-21
1013.85	2.927E-21
1013.90	2.9212E-21
1013.95	2.9172E-21
1014.00	2.9131E-21
1014.05	2.9071E-21
1014.10	2.903E-21
1014.15	2.8988E-21
1014.20	2.8927E-21
1014.25	2.8884E-21
1014.30	2.8822E-21
1014.35	2.8779E-21
1014.40	2.8735E-21
1014.45	2.8691E-21
1014.50	2.8646E-21
1014.55	2.862E-21
1014.60	2.8575E-21
1014.65	2.8529E-21
1014.70	2.8483E-21
1014.75	2.8436E-21
1014.80	2.8389E-21
1014.85	2.8342E-21
1014.90	2.8294E-21
1014.95	2.8246E-21
1015.00	2.8217E-21
1015.05	2.8168E-21
1015.10	2.8119E-21
1015.15	2.8089E-21
1015.20	2.8039E-21
1015.25	2.7988E-21
1015.30	2.7938E-21
1015.35	2.7886E-21
1015.40	2.7854E-21
1015.45	2.7802E-21
1015.50	2.777E-21
1015.55	2.7717E-21
1015.60	2.7684E-21
1015.65	2.763E-21
1015.70	2.7596E-21
1015.75	2.7542E-21
1015.80	2.7507E-21
1015.85	2.7452E-21
1015.90	2.7417E-21
1015.95	2.7361E-21
1016.00	2.7345E-21
1016.05	2.7288E-21
1016.10	2.7252E-21
1016.15	2.7214E-21
1016.20	2.7177E-21
1016.25	2.7139E-21
1016.30	2.7101E-21
1016.35	2.7063E-21
1016.40	2.7003E-21
1016.45	2.6985E-21
1016.50	2.6945E-21
1016.55	2.6906E-21
1016.60	2.6865E-21
1016.65	2.6846E-21
1016.70	2.6784E-21
1016.75	2.6785E-21
1016.80	2.6743E-21
1016.85	2.6702E-21
1016.90	2.6681E-21
1016.95	2.6617E-21
1017.00	2.6595E-21
1017.05	2.6573E-21
1017.10	2.653E-21
1017.15	2.6486E-21
1017.20	2.6442E-21
1017.25	2.6419E-21
1017.30	2.6374E-21
1017.35	2.635E-21
1017.40	2.6326E-21
1017.45	2.628E-21
1017.50	2.6256E-21
1017.55	2.6209E-21
1017.60	2.6206E-21
1017.65	2.6159E-21
1017.70	2.6133E-21
1017.75	2.6085E-21
1017.80	2.6059E-21
1017.85	2.6032E-21
1017.90	2.6005E-21
1017.95	2.5978E-21
1018.00	2.5951E-21
1018.05	2.5923E-21
1018.10	2.5895E-21
1018.15	2.5867E-21
1018.20	2.5839E-21
1018.25	2.5832E-21
1018.30	2.5781E-21
1018.35	2.5774E-21
1018.40	2.5745E-21
1018.45	2.5715E-21
1018.50	2.5685E-21
1018.55	2.5677E-21
1018.60	2.5669E-21
1018.65	2.5661E-21
1018.70	2.5653E-21
1018.75	2.5622E-21
1018.80	2.5613E-21
1018.85	2.5581E-21
1018.90	2.5549E-21
1018.95	2.554E-21
1019.00	2.5507E-21
1019.05	2.5497E-21
1019.10	2.5464E-21
1019.15	2.5477E-21
1019.20	2.5443E-21
1019.25	2.5433E-21
1019.30	2.5422E-21
1019.35	2.5387E-21
1019.40	2.5376E-21
1019.45	2.5365E-21
1019.50	2.5353E-21
1019.55	2.5342E-21
1019.60	2.5354E-21
1019.65	2.5342E-21
1019.70	2.5329E-21
1019.75	2.5341E-21
1019.80	2.5328E-21
1019.85	2.5316E-21
1019.90	2.5302E-21
1019.95	2.5265E-21
1020.00	2.5276E-21
1020.05	2.5262E-21
1020.10	2.5273E-21
1020.15	2.5259E-21
1020.20	2.5244E-21
1020.25	2.5255E-21
1020.30	2.524E-21
1020.35	2.525E-21
1020.40	2.521E-21
1020.45	2.522E-21
1020.50	2.5204E-21
1020.55	2.5214E-21
1020.60	2.5198E-21
1020.65	2.5182E-21
1020.70	2.5191E-21
1020.75	2.52E-21
1020.80	2.5183E-21
1020.85	2.5192E-21
1020.90	2.5175E-21
1020.95	2.5183E-21
1021.00	2.5166E-21
1021.05	2.5148E-21
1021.10	2.5156E-21
1021.15	2.5138E-21
1021.20	2.512E-21
1021.25	2.5128E-21
1021.30	2.5109E-21
1021.35	2.5116E-21
1021.40	2.5123E-21
1021.45	2.513E-21
1021.50	2.5111E-21
1021.55	2.5118E-21
1021.60	2.5124E-21
1021.65	2.5104E-21
1021.70	2.5111E-21
1021.75	2.5064E-21
1021.80	2.5043E-21
1021.85	2.5022E-21
1021.90	2.5027E-21
1021.95	2.5006E-21
1022.00	2.4984E-21
1022.05	2.4963E-21
1022.10	2.494E-21
1022.15	2.4945E-21
1022.20	2.495E-21
1022.25	2.4927E-21
1022.30	2.4931E-21
1022.35	2.4908E-21
1022.40	2.4912E-21
1022.45	2.4861E-21
1022.50	2.4865E-21
1022.55	2.4868E-21
1022.60	2.4844E-21
1022.65	2.4847E-21
1022.70	2.4822E-21
1022.75	2.4825E-21
1022.80	2.48E-21
1022.85	2.4774E-21
1022.90	2.4777E-21
1022.95	2.4723E-21
1023.00	2.4725E-21
1023.05	2.4698E-21
1023.10	2.4671E-21
1023.15	2.4644E-21
1023.20	2.4617E-21
1023.25	2.4589E-21
1023.30	2.4562E-21
1023.35	2.4534E-21
1023.40	2.4505E-21
1023.45	2.4476E-21
1023.50	2.4476E-21
1023.55	2.4447E-21
1023.60	2.4418E-21
1023.65	2.4388E-21
1023.70	2.4358E-21
1023.75	2.4328E-21
1023.80	2.4327E-21
1023.85	2.4296E-21
1023.90	2.4265E-21
1023.95	2.4234E-21
1024.00	2.4261E-21
1024.05	2.4259E-21
1024.10	2.4227E-21
1024.15	2.4195E-21
1024.20	2.4222E-21
1024.25	2.425E-21
1024.30	2.4217E-21
1024.35	2.4184E-21
1024.40	2.415E-21
1024.45	2.4147E-21
1024.50	2.4082E-21
1024.55	2.4078E-21
1024.60	2.4044E-21
1024.65	2.4009E-21
1024.70	2.3974E-21
1024.75	2.3938E-21
1024.80	2.3903E-21
1024.85	2.3867E-21
1024.90	2.383E-21
1024.95	2.3763E-21
1025.00	2.3725E-21
1025.05	2.3719E-21
1025.10	2.365E-21
1025.15	2.3644E-21
1025.20	2.3574E-21
1025.25	2.3567E-21
1025.30	2.3528E-21
1025.35	2.3489E-21
1025.40	2.3449E-21
1025.45	2.341E-21
1025.50	2.3401E-21
1025.55	2.3329E-21
1025.60	2.3288E-21
1025.65	2.3247E-21
1025.70	2.3206E-21
1025.75	2.3196E-21
1025.80	2.3122E-21
1025.85	2.3079E-21
1025.90	2.3004E-21
1025.95	2.2994E-21
1026.00	2.295E-21
1026.05	2.2874E-21
1026.10	2.2863E-21
1026.15	2.2818E-21
1026.20	2.2773E-21
1026.25	2.2761E-21
1026.30	2.2716E-21
1026.35	2.2703E-21
1026.40	2.2657E-21
1026.45	2.2644E-21
1026.50	2.2564E-21
1026.55	2.2551E-21
1026.60	2.2504E-21
1026.65	2.2456E-21
1026.70	2.2408E-21
1026.75	2.236E-21
1026.80	2.2345E-21
1026.85	2.2262E-21
1026.90	2.2213E-21
1026.95	2.2163E-21
1027.00	2.2113E-21
1027.05	2.2063E-21
1027.10	2.2012E-21
1027.15	2.1995E-21
1027.20	2.1909E-21
1027.25	2.1892E-21
1027.30	2.184E-21
1027.35	2.1787E-21
1027.40	2.1769E-21
1027.45	2.1716E-21
1027.50	2.1662E-21
1027.55	2.1643E-21
1027.60	2.1589E-21
1027.65	2.1569E-21
1027.70	2.1515E-21
1027.75	2.1459E-21
1027.80	2.1439E-21
1027.85	2.1383E-21
1027.90	2.1362E-21
1027.95	2.1306E-21
1028.00	2.1249E-21
1028.05	2.1227E-21
1028.10	2.1205E-21
1028.15	2.1147E-21
1028.20	2.1089E-21
1028.25	2.1066E-21
1028.30	2.0971E-21
1028.35	2.0948E-21
1028.40	2.0888E-21
1028.45	2.0864E-21
1028.50	2.0803E-21
1028.55	2.0779E-21
1028.60	2.0755E-21
1028.65	2.0693E-21
1028.70	2.0668E-21
1028.75	2.0605E-21
1028.80	2.058E-21
1028.85	2.0517E-21
1028.90	2.049E-21
1028.95	2.0464E-21
1029.00	2.04E-21
1029.05	2.0373E-21
1029.10	2.0346E-21
1029.15	2.0318E-21
1029.20	2.0253E-21
1029.25	2.0187E-21
1029.30	2.0158E-21
1029.35	2.013E-21
1029.40	2.0101E-21
1029.45	2.0033E-21
1029.50	2.0004E-21
1029.55	1.9974E-21
1029.60	1.9906E-21
1029.65	1.9875E-21
1029.70	1.9845E-21
1029.75	1.9775E-21
1029.80	1.9744E-21
1029.85	1.9751E-21
1029.90	1.972E-21
1029.95	1.9688E-21
1030.00	1.9656E-21
1030.05	1.9623E-21
1030.10	1.9591E-21
1030.15	1.9597E-21
1030.20	1.9525E-21
1030.25	1.9491E-21
1030.30	1.9458E-21
1030.35	1.9424E-21
1030.40	1.9389E-21
1030.45	1.9315E-21
1030.50	1.928E-21
1030.55	1.9245E-21
1030.60	1.921E-21
1030.65	1.9174E-21
1030.70	1.9138E-21
1030.75	1.9102E-21
1030.80	1.9065E-21
1030.85	1.9069E-21
1030.90	1.9032E-21
1030.95	1.8995E-21
1031.00	1.8999E-21
1031.05	1.8961E-21
1031.10	1.8964E-21
1031.15	1.8926E-21
1031.20	1.8888E-21
1031.25	1.8849E-21
1031.30	1.881E-21
1031.35	1.8812E-21
1031.40	1.8773E-21
1031.45	1.8775E-21
1031.50	1.8735E-21
1031.55	1.8695E-21
1031.60	1.8654E-21
1031.65	1.8614E-21
1031.70	1.8615E-21
1031.75	1.8531E-21
1031.80	1.8532E-21
1031.85	1.849E-21
1031.90	1.8491E-21
1031.95	1.8491E-21
1032.00	1.8449E-21
1032.05	1.8449E-21
1032.10	1.8406E-21
1032.15	1.8406E-21
1032.20	1.8405E-21
1032.25	1.8362E-21
1032.30	1.8317E-21
1032.35	1.8317E-21
1032.40	1.8316E-21
1032.45	1.8315E-21
1032.50	1.827E-21
1032.55	1.8269E-21
1032.60	1.8267E-21
1032.65	1.831E-21
1032.70	1.8309E-21
1032.75	1.8263E-21
1032.80	1.8305E-21
1032.85	1.8259E-21
1032.90	1.8257E-21
1032.95	1.8255E-21
1033.00	1.8208E-21
1033.05	1.8205E-21
1033.10	1.8157E-21
1033.15	1.82E-21
1033.20	1.8152E-21
1033.25	1.8194E-21
1033.30	1.8146E-21
1033.35	1.8188E-21
1033.40	1.8185E-21
1033.45	1.8136E-21
1033.50	1.8132E-21
1033.55	1.8128E-21
1033.60	1.8125E-21
1033.65	1.8074E-21
1033.70	1.807E-21
1033.75	1.8066E-21
1033.80	1.8015E-21
1033.85	1.8057E-21
1033.90	1.8005E-21
1033.95	1.8001E-21
1034.00	1.7996E-21
1034.05	1.7943E-21
1034.10	1.7938E-21
1034.15	1.7933E-21
1034.20	1.7927E-21
1034.25	1.7921E-21
1034.30	1.7915E-21
1034.35	1.7957E-21
1034.40	1.7903E-21
1034.45	1.7897E-21
1034.50	1.7891E-21
1034.55	1.7884E-21
1034.60	1.7878E-21
1034.65	1.7823E-21
1034.70	1.7864E-21
1034.75	1.7857E-21
1034.80	1.785E-21
1034.85	1.7843E-21
1034.90	1.7836E-21
1034.95	1.7828E-21
1035.00	1.782E-21
1035.05	1.7862E-21
1035.10	1.7805E-21
1035.15	1.7797E-21
1035.20	1.7789E-21
1035.25	1.778E-21
1035.30	1.7772E-21
1035.35	1.7763E-21
1035.40	1.7755E-21
1035.45	1.7746E-21
1035.50	1.7737E-21
1035.55	1.7778E-21
1035.60	1.7718E-21
1035.65	1.7709E-21
1035.70	1.7699E-21
1035.75	1.769E-21
1035.80	1.768E-21
1035.85	1.767E-21
1035.90	1.766E-21
1035.95	1.765E-21
1036.00	1.7639E-21
1036.05	1.768E-21
1036.10	1.767E-21
1036.15	1.7659E-21
1036.20	1.7648E-21
1036.25	1.7637E-21
1036.30	1.7626E-21
1036.35	1.7615E-21
1036.40	1.7656E-21
1036.45	1.7592E-21
1036.50	1.7633E-21
1036.55	1.7568E-21
1036.60	1.7609E-21
1036.65	1.7597E-21
1036.70	1.7638E-21
1036.75	1.7626E-21
1036.80	1.7614E-21
1036.85	1.7601E-21
1036.90	1.7588E-21
1036.95	1.763E-21
1037.00	1.7563E-21
1037.05	1.7549E-21
1037.10	1.7536E-21
1037.15	1.7523E-21
1037.20	1.7564E-21
1037.25	1.755E-21
1037.30	1.7536E-21
1037.35	1.7522E-21
1037.40	1.7508E-21
1037.45	1.7494E-21
1037.50	1.7479E-21
1037.55	1.7464E-21
1037.60	1.745E-21
1037.65	1.7435E-21
1037.70	1.742E-21
1037.75	1.7404E-21
1037.80	1.7445E-21
1037.85	1.7373E-21
1037.90	1.7414E-21
1037.95	1.7398E-21
1038.00	1.7382E-21
1038.05	1.7366E-21
1038.10	1.7293E-21
1038.15	1.7276E-21
1038.20	1.7259E-21
1038.25	1.7242E-21
1038.30	1.7283E-21
1038.35	1.7265E-21
1038.40	1.7248E-21
1038.45	1.7231E-21
1038.50	1.7271E-21
1038.55	1.7253E-21
1038.60	1.7235E-21
1038.65	1.7275E-21
1038.70	1.7257E-21
1038.75	1.7239E-21
1038.80	1.722E-21
1038.85	1.7202E-21
1038.90	1.7183E-21
1038.95	1.7164E-21
1039.00	1.7145E-21
1039.05	1.7125E-21
1039.10	1.7165E-21
1039.15	1.7146E-21
1039.20	1.7126E-21
1039.25	1.7106E-21
1039.30	1.7086E-21
1039.35	1.7126E-21
1039.40	1.7045E-21
1039.45	1.7085E-21
1039.50	1.7064E-21
1039.55	1.6982E-21
1039.60	1.7022E-21
1039.65	1.7001E-21
1039.70	1.6979E-21
1039.75	1.6958E-21
1039.80	1.6936E-21
1039.85	1.6914E-21
1039.90	1.6891E-21
1039.95	1.6869E-21
1040.00	1.6846E-21
1040.05	1.6886E-21
1040.10	1.6863E-21
1040.15	1.684E-21
1040.20	1.6816E-21
1040.25	1.6793E-21
1040.30	1.6832E-21
1040.35	1.6808E-21
1040.40	1.6784E-21
1040.45	1.676E-21
1040.50	1.6736E-21
1040.55	1.6775E-21
1040.60	1.6687E-21
1040.65	1.6662E-21
1040.70	1.6637E-21
1040.75	1.6611E-21
1040.80	1.665E-21
1040.85	1.6624E-21
1040.90	1.6599E-21
1040.95	1.6573E-21
1041.00	1.6546E-21
1041.05	1.652E-21
1041.10	1.6493E-21
1041.15	1.6466E-21
1041.20	1.6439E-21
1041.25	1.6412E-21
1041.30	1.645E-21
1041.35	1.6423E-21
1041.40	1.6395E-21
1041.45	1.6367E-21
1041.50	1.6405E-21
1041.55	1.6377E-21
1041.60	1.6349E-21
1041.65	1.632E-21
1041.70	1.6291E-21
1041.75	1.6329E-21
1041.80	1.6233E-21
1041.85	1.627E-21
1041.90	1.6241E-21
1041.95	1.6211E-21
1042.00	1.6249E-21
1042.05	1.6151E-21
1042.10	1.6188E-21
1042.15	1.6158E-21
1042.20	1.6127E-21
1042.25	1.6096E-21
1042.30	1.6065E-21
1042.35	1.6033E-21
1042.40	1.6001E-21
1042.45	1.5969E-21
1042.50	1.5937E-21
1042.55	1.5905E-21
1042.60	1.5872E-21
1042.65	1.5839E-21
1042.70	1.5806E-21
1042.75	1.5773E-21
1042.80	1.5739E-21
1042.85	1.5776E-21
1042.90	1.5742E-21
1042.95	1.5708E-21
1043.00	1.5674E-21
1043.05	1.571E-21
1043.10	1.5676E-21
1043.15	1.5641E-21
1043.20	1.5677E-21
1043.25	1.557E-21
1043.30	1.5606E-21
1043.35	1.5499E-21
1043.40	1.5462E-21
1043.45	1.5426E-21
1043.50	1.5389E-21
1043.55	1.5425E-21
1043.60	1.5388E-21
1043.65	1.5424E-21
1043.70	1.5387E-21
1043.75	1.535E-21
1043.80	1.5385E-21
1043.85	1.5347E-21
1043.90	1.5309E-21
1043.95	1.5271E-21
1044.00	1.5232E-21
1044.05	1.5193E-21
1044.10	1.5229E-21
1044.15	1.519E-21
1044.20	1.515E-21
1044.25	1.511E-21
1044.30	1.507E-21
1044.35	1.503E-21
1044.40	1.5065E-21
1044.45	1.5025E-21
1044.50	1.4984E-21
1044.55	1.4943E-21
1044.60	1.4977E-21
1044.65	1.4936E-21
1044.70	1.4894E-21
1044.75	1.4852E-21
1044.80	1.481E-21
1044.85	1.4767E-21
1044.90	1.4724E-21
1044.95	1.4759E-21
1045.00	1.4716E-21
1045.05	1.4672E-21
1045.10	1.4706E-21
1045.15	1.4662E-21
1045.20	1.4697E-21
1045.25	1.4653E-21
1045.30	1.4608E-21
1045.35	1.4642E-21
1045.40	1.4597E-21
1045.45	1.4552E-21
1045.50	1.4507E-21
1045.55	1.4461E-21
1045.60	1.4415E-21
1045.65	1.4369E-21
1045.70	1.4402E-21
1045.75	1.4355E-21
1045.80	1.4389E-21
1045.85	1.4342E-21
1045.90	1.4375E-21
1045.95	1.4409E-21
1046.00	1.4362E-21
1046.05	1.4314E-21
1046.10	1.4265E-21
1046.15	1.4217E-21
1046.20	1.4168E-21
1046.25	1.4119E-21
1046.30	1.407E-21
1046.35	1.402E-21
1046.40	1.4053E-21
1046.45	1.4003E-21
1046.50	1.3953E-21
1046.55	1.3985E-21
1046.60	1.3935E-21
1046.65	1.3967E-21
1046.70	1.3916E-21
1046.75	1.3865E-21
1046.80	1.3813E-21
1046.85	1.3845E-21
1046.90	1.3878E-21
1046.95	1.3825E-21
1047.00	1.3858E-21
1047.05	1.3805E-21
1047.10	1.3752E-21
1047.15	1.3784E-21
1047.20	1.3731E-21
1047.25	1.3763E-21
1047.30	1.3709E-21
1047.35	1.3741E-21
1047.40	1.3687E-21
1047.45	1.3719E-21
1047.50	1.3664E-21
1047.55	1.3609E-21
1047.60	1.3641E-21
1047.65	1.3585E-21
1047.70	1.3442E-21
1047.75	1.3473E-21
1047.80	1.3328E-21
1047.85	1.336E-21
1047.90	1.3391E-21
1047.95	1.3334E-21
1048.00	1.3276E-21
1048.05	1.3307E-21
1048.10	1.3249E-21
1048.15	1.3191E-21
1048.20	1.3222E-21
1048.25	1.3163E-21
1048.30	1.3194E-21
1048.35	1.3135E-21
1048.40	1.3165E-21
1048.45	1.3106E-21
1048.50	1.3046E-21
1048.55	1.2985E-21
1048.60	1.2924E-21
1048.65	1.2863E-21
1048.70	1.2893E-21
1048.75	1.2832E-21
1048.80	1.277E-21
1048.85	1.28E-21
1048.90	1.2737E-21
1048.95	1.2767E-21
1049.00	1.2704E-21
1049.05	1.2641E-21
1049.10	1.2577E-21
1049.15	1.2607E-21
1049.20	1.2449E-21
1049.25	1.2478E-21
1049.30	1.2414E-21
1049.35	1.2349E-21
1049.40	1.2283E-21
1049.45	1.2217E-21
1049.50	1.2246E-21
1049.55	1.2179E-21
1049.60	1.2113E-21
1049.65	1.2141E-21
1049.70	1.2074E-21
1049.75	1.2103E-21
1049.80	1.2131E-21
1049.85	1.2063E-21
1049.90	1.2092E-21
1049.95	1.212E-21
1050.00	1.2052E-21
1050.05	1.1983E-21
1050.10	1.1913E-21
1050.15	1.1844E-21
1050.20	1.1773E-21
1050.25	1.1801E-21
1050.30	1.1731E-21
1050.35	1.166E-21
1050.40	1.1588E-21
1050.45	1.1616E-21
1050.50	1.1544E-21
1050.55	1.1472E-21
1050.60	1.1499E-21
1050.65	1.1526E-21
1050.70	1.1453E-21
1050.75	1.138E-21
1050.80	1.1407E-21
1050.85	1.1333E-21
1050.90	1.136E-21
1050.95	1.1285E-21
1051.00	1.121E-21
1051.05	1.1237E-21
1051.10	1.1161E-21
1051.15	1.1086E-21
1051.20	1.1112E-21
1051.25	1.1036E-21
1051.30	1.0959E-21
1051.35	1.0985E-21
1051.40	1.0907E-21
1051.45	1.0933E-21
1051.50	1.0855E-21
1051.55	1.0881E-21
1051.60	1.0803E-21
1051.65	1.0724E-21
1051.70	1.0749E-21
1051.75	1.067E-21
1051.80	1.059E-21
1051.85	1.051E-21
1051.90	1.0429E-21
1051.95	1.0454E-21
1052.00	1.0373E-21
1052.05	1.0397E-21
1052.10	1.0316E-21
1052.15	1.0233E-21
1052.20	1.0151E-21
1052.25	1.0175E-21
1052.30	1.0199E-21
1052.35	1.0224E-21
1052.40	1.014E-21
1052.45	1.0164E-21
1052.50	1.008E-21
1052.55	1.0104E-21
1052.60	1.0128E-21
1052.65	1.0043E-21
1052.70	9.957E-22
1052.75	9.871E-22
1052.80	9.785E-22
1052.85	9.809E-22
1052.90	9.722E-22
1052.95	9.745E-22
1053.00	9.657E-22
1053.05	9.68E-22
1053.10	9.592E-22
1053.15	9.615E-22
1053.20	9.638E-22
1053.25	9.549E-22
1053.30	9.46E-22
1053.35	9.482E-22
1053.40	9.392E-22
1053.45	9.415E-22
1053.50	9.324E-22
1053.55	9.347E-22
1053.60	9.255E-22
1053.65	9.277E-22
1053.70	9.3E-22
1053.75	9.207E-22
1053.80	9.23E-22
1053.85	9.137E-22
1053.90	9.159E-22
1053.95	9.181E-22
1054.00	9.087E-22
1054.05	9.109E-22
1054.10	9.014E-22
1054.15	9.036E-22
1054.20	9.058E-22
1054.25	8.963E-22
1054.30	8.984E-22
1054.35	9.006E-22
1054.40	9.028E-22
1054.45	8.931E-22
1054.50	8.834E-22
1054.55	8.737E-22
1054.60	8.758E-22
1054.65	8.66E-22
1054.70	8.681E-22
1054.75	8.702E-22
1054.80	8.603E-22
1054.85	8.624E-22
1054.90	8.645E-22
1054.95	8.545E-22
1055.00	8.566E-22
1055.05	8.465E-22
1055.10	8.486E-22
1055.15	8.385E-22
1055.20	8.405E-22
1055.25	8.426E-22
1055.30	8.323E-22
1055.35	8.344E-22
1055.40	8.241E-22
1055.45	8.261E-22
1055.50	8.157E-22
1055.55	8.177E-22
1055.60	8.197E-22
1055.65	8.092E-22
1055.70	7.987E-22
1055.75	8.007E-22
1055.80	8.026E-22
1055.85	7.92E-22
1055.90	7.813E-22
1055.95	7.833E-22
1056.00	7.852E-22
1056.05	7.871E-22
1056.10	7.763E-22
1056.15	7.783E-22
1056.20	7.802E-22
1056.25	7.693E-22
1056.30	7.712E-22
1056.35	7.602E-22
1056.40	7.621E-22
1056.45	7.511E-22
1056.50	7.529E-22
1056.55	7.418E-22
1056.60	7.306E-22
1056.65	7.324E-22
1056.70	7.212E-22
1056.75	7.23E-22
1056.80	7.117E-22
1056.85	7.134E-22
1056.90	7.02E-22
1056.95	7.038E-22
1057.00	7.056E-22
1057.05	6.94E-22
1057.10	6.958E-22
1057.15	6.842E-22
1057.20	6.859E-22
1057.25	6.742E-22
1057.30	6.759E-22
1057.35	6.642E-22
1057.40	6.794E-22
1057.45	6.811E-22
1057.50	6.828E-22
1057.55	6.709E-22
1057.60	6.726E-22
1057.65	6.743E-22
1057.70	6.76E-22
1057.75	6.64E-22
1057.80	6.657E-22
1057.85	6.674E-22
1057.90	6.553E-22
1057.95	6.432E-22
1058.00	6.448E-22
1058.05	6.326E-22
1058.10	6.342E-22
1058.15	6.358E-22
1058.20	6.234E-22
1058.25	6.25E-22
1058.30	6.126E-22
1058.35	6.282E-22
1058.40	6.158E-22
1058.45	6.173E-22
1058.50	6.189E-22
1058.55	6.063E-22
1058.60	6.079E-22
1058.65	5.952E-22
1058.70	5.967E-22
1058.75	5.84E-22
1058.80	5.855E-22
1058.85	5.87E-22
1058.90	5.885E-22
1058.95	5.9E-22
1059.00	5.916E-22
1059.05	5.931E-22
1059.10	5.946E-22
1059.15	5.816E-22
1059.20	5.831E-22
1059.25	5.7E-22
1059.30	5.715E-22
1059.35	5.73E-22
1059.40	5.598E-22
1059.45	5.612E-22
1059.50	5.627E-22
1059.55	5.642E-22
1059.60	5.508E-22
1059.65	5.522E-22
1059.70	5.388E-22
1059.75	5.402E-22
1059.80	5.416E-22
1059.85	5.28E-22
1059.90	5.294E-22
1059.95	5.308E-22
1060.00	5.322E-22
1060.05	5.185E-22
1060.10	5.199E-22
1060.15	5.213E-22
1060.20	5.226E-22
1060.25	5.24E-22
1060.30	5.101E-22
1060.35	5.115E-22
1060.40	5.128E-22
1060.45	4.988E-22
1060.50	5.156E-22
1060.55	5.015E-22
1060.60	5.028E-22
1060.65	5.042E-22
1060.70	4.9E-22
1060.75	4.913E-22
1060.80	4.926E-22
1060.85	4.939E-22
1060.90	4.796E-22
1060.95	4.809E-22
1061.00	4.822E-22
1061.05	4.676E-22
1061.10	4.848E-22
1061.15	4.702E-22
1061.20	4.874E-22
1061.25	4.728E-22
1061.30	4.741E-22
1061.35	4.593E-22
1061.40	4.606E-22
1061.45	4.619E-22
1061.50	4.47E-22
1061.55	4.482E-22
1061.60	4.495E-22
1061.65	4.345E-22
1061.70	4.52E-22
1061.75	4.369E-22
1061.80	4.545E-22
1061.85	4.393E-22
1061.90	4.405E-22
1061.95	4.418E-22
1062.00	4.265E-22
1062.05	4.277E-22
1062.10	4.289E-22
1062.15	4.301E-22
1062.20	4.147E-22
1062.25	4.159E-22
1062.30	4.17E-22
1062.35	4.182E-22
1062.40	4.194E-22
1062.45	4.038E-22
1062.50	4.049E-22
1062.55	4.061E-22
1062.60	4.072E-22
1062.65	4.084E-22
1062.70	3.925E-22
1062.75	4.107E-22
1062.80	3.948E-22
1062.85	3.959E-22
1062.90	3.799E-22
1062.95	3.81E-22
1063.00	3.821E-22
1063.05	3.66E-22
1063.10	3.671E-22
1063.15	3.508E-22
1063.20	3.519E-22
1063.25	3.703E-22
1063.30	3.54E-22
1063.35	3.55E-22
1063.40	3.561E-22
1063.45	3.571E-22
1063.50	3.406E-22
1063.55	3.24E-22
1063.60	3.25E-22
1063.65	3.082E-22
1063.70	3.092E-22
1063.75	3.101E-22
1063.80	3.111E-22
1063.85	3.121E-22
1063.90	3.13E-22
1063.95	3.14E-22
1064.00	2.97E-22
1064.05	2.979E-22
1064.10	2.808E-22
1064.15	2.817E-22
1064.20	3.007E-22
1064.25	2.835E-22
1064.30	2.844E-22
1064.35	2.853E-22
1064.40	2.679E-22
1064.45	2.872E-22
1064.50	2.697E-22
1064.55	2.706E-22
1064.60	2.53E-22
1064.65	2.539E-22
1064.70	2.547E-22
1064.75	2.556E-22
1064.80	2.564E-22
1064.85	2.573E-22
1064.90	2.581E-22
1064.95	2.403E-22
1065.00	2.411E-22
1065.05	2.231E-22
1065.10	2.239E-22
1065.15	2.247E-22
1065.20	2.254E-22
1065.25	2.262E-22
1065.30	2.08E-22
1065.35	2.278E-22
1065.40	2.286E-22
1065.45	2.294E-22
1065.50	2.302E-22
1065.55	2.311E-22
1065.60	2.126E-22
1065.65	2.134E-22
1065.70	2.141E-22
1065.75	2.149E-22
1065.80	1.962E-22
1065.85	1.97E-22
1065.90	1.977E-22
1065.95	1.789E-22
1066.00	1.992E-22
1066.05	1.803E-22
1066.10	1.81E-22
1066.15	1.817E-22
1066.20	1.824E-22
1066.25	1.831E-22
1066.30	1.839E-22
1066.35	2.045E-22
1066.40	2.053E-22
1066.45	1.86E-22
1066.50	1.868E-22
1066.55	1.875E-22
1066.60	1.882E-22
1066.65	1.688E-22
1066.70	1.695E-22
1066.75	1.499E-22
1066.80	1.505E-22
1066.85	1.309E-22
1066.90	1.315E-22
1066.95	1.321E-22
1067.00	1.327E-22
1067.05	1.333E-22
1067.10	1.339E-22
1067.15	1.345E-22
1067.20	1.352E-22
1067.25	1.358E-22
1067.30	1.364E-22
1067.35	1.371E-22
1067.40	1.377E-22
1067.45	1.383E-22
1067.50	1.18E-22
1067.55	1.186E-22
1067.60	1.192E-22
1067.65	1.198E-22
1067.70	9.93E-23
1067.75	9.99E-23
1067.80	1.004E-22
1067.85	1.01E-22
1067.90	1.015E-22
1067.95	1.021E-22
1068.00	1.027E-22
1068.05	1.032E-22
1068.10	1.038E-22
1068.15	8.29E-23
1068.20	8.34E-23
1068.25	8.39E-23
1068.30	8.44E-23
1068.35	6.33E-23
1068.40	6.38E-23
1068.45	6.42E-23
1068.50	6.47E-23
1068.55	6.52E-23
1068.60	6.57E-23
1068.65	6.62E-23
1068.70	6.67E-23
1068.75	4.51E-23
1068.80	4.56E-23
1068.85	4.6E-23
1068.90	4.65E-23
1068.95	4.7E-23
1069.00	4.74E-23
1069.05	2.55E-23
1069.10	2.59E-23
1069.15	2.63E-23
1069.20	4.93E-23
1069.25	2.72E-23
1069.30	2.76E-23
1069.35	2.8E-23
1069.40	2.85E-23
1069.45	2.89E-23
1069.50	2.93E-23
1069.55	2.97E-23
1069.60	7.27E-24
1069.65	7.66E-24
1069.70	1.5E-23
1069.75	1.46E-23
1069.80	8.82E-24
1069.85	1.39E-23
1069.90	1.36E-23
1069.95	3.65E-23
1070.00	3.62E-23