800.00 2.0382e-28
800.35 1.7075e-28
800.70 1.4335e-28
801.05 1.2149e-28
801.40 1.0499e-28
801.75 9.3608e-29
802.10 8.7067e-29
802.45 8.5029e-29
802.80 8.7095e-29
803.15 9.2804e-29
803.50 1.0915e-28
803.85 1.2074e-28
804.20 1.2745e-28
804.55 1.3987e-28
804.90 1.5269e-28
805.25 1.4959e-28
805.60 1.4749e-28
805.95 1.4371e-28
806.30 1.3574e-28
806.65 1.3118e-28
807.00 1.2522e-28
807.35 1.2047e-28
807.70 1.0966e-28
808.05 1.0043e-28
808.40 9.4250e-29
808.75 8.6247e-29
809.10 8.8757e-29
809.45 9.0720e-29
809.80 1.0276e-28
810.15 1.0820e-28
810.50 1.0531e-28
810.85 1.0227e-28
811.20 9.2670e-29
811.55 8.2017e-29
811.90 5.9013e-29
812.25 5.9659e-29
812.60 5.6207e-29
812.95 4.5402e-29
813.30 3.4909e-29
813.65 3.6964e-29
814.00 6.5964e-29
814.35 1.0758e-28
814.70 1.6241e-28
815.05 2.3860e-28
815.40 2.9941e-28
815.75 3.7239e-28
816.10 4.3814e-28
816.45 5.0391e-28
816.80 5.7572e-28
817.15 6.5603e-28
817.50 7.1754e-28
817.85 7.8807e-28
818.20 8.7740e-28
818.55 9.3303e-28
818.90 9.6441e-28
819.25 9.4428e-28
819.60 8.7757e-28
819.95 8.2349e-28
820.30 7.9500e-28
820.65 7.6802e-28
821.00 7.1139e-28
821.35 6.4331e-28
821.70 5.6031e-28
822.05 4.4010e-28
822.40 3.4392e-28
822.75 2.6189e-28
823.10 1.8487e-28
823.45 1.6906e-28
823.80 2.0279e-28
824.15 2.4497e-28
824.50 3.2254e-28
824.85 3.8314e-28
825.20 4.5661e-28
825.55 4.9208e-28
825.90 5.0502e-28
826.25 4.9667e-28
826.60 5.0753e-28
826.95 5.0439e-28
827.30 4.6271e-28
827.65 4.4120e-28
828.00 4.0607e-28
828.35 3.4716e-28
828.70 2.6853e-28
829.05 2.5284e-28
829.40 2.4445e-28
829.75 2.2353e-28
830.10 2.3669e-28
830.45 2.7922e-28
830.80 2.9169e-28
831.15 2.7614e-28
831.50 3.0546e-28
831.85 3.4755e-28
832.20 3.5406e-28
832.55 3.6754e-28
832.90 3.6719e-28
833.25 3.2172e-28
833.60 3.3399e-28
833.95 3.6396e-28
834.30 4.3648e-28
834.65 5.3366e-28
835.00 6.1302e-28
835.35 6.7144e-28
835.70 7.7588e-28
836.05 8.1566e-28
836.40 8.1430e-28
836.75 8.2251e-28
837.10 8.6168e-28
837.45 8.7357e-28
837.80 8.7284e-28
838.15 8.9735e-28
838.50 8.6892e-28
838.85 1.0134e-27
839.20 1.0912e-27
839.55 1.1611e-27
839.90 1.1913e-27
840.25 1.2663e-27
840.60 1.3361e-27
840.95 1.4200e-27
841.30 1.5830e-27
841.65 1.7440e-27
842.00 1.9858e-27
842.35 2.2997e-27
842.70 2.5667e-27
843.05 2.8598e-27
843.40 3.1505e-27
843.75 3.4221e-27
844.10 3.7352e-27
844.45 4.1092e-27
844.80 4.5907e-27
845.15 5.1971e-27
845.50 5.8431e-27
845.85 6.3873e-27
846.20 7.0685e-27
846.55 7.7540e-27
846.90 8.5110e-27
847.25 9.4777e-27
847.60 1.0348e-26
847.95 1.1258e-26
848.30 1.2237e-26
848.65 1.3062e-26
849.00 1.3904e-26
849.35 1.4486e-26
849.70 1.4966e-26
850.05 1.5453e-26
850.40 1.5846e-26
850.75 1.6106e-26
851.10 1.6329e-26
851.45 1.6726e-26
851.80 1.7189e-26
852.15 1.7875e-26
852.50 1.8882e-26
852.85 2.0234e-26
853.20 2.1864e-26
853.55 2.3470e-26
853.90 2.4945e-26
854.25 2.6144e-26
854.60 2.7352e-26
854.95 2.8319e-26
855.30 2.9583e-26
855.65 3.1257e-26
856.00 3.3345e-26
856.35 3.5911e-26
856.70 3.8661e-26
857.05 4.1158e-26
857.40 4.3834e-26
857.75 4.6647e-26
858.10 5.0007e-26
858.45 5.3683e-26
858.80 5.7419e-26
859.15 6.0867e-26
859.50 6.4482e-26
859.85 6.8141e-26
860.20 7.2121e-26
860.55 7.6597e-26
860.90 8.1463e-26
861.25 8.6438e-26
861.60 9.1872e-26
861.95 9.7711e-26
862.30 1.0383e-25
862.65 1.1061e-25
863.00 1.1720e-25
863.35 1.2367e-25
863.70 1.3045e-25
864.05 1.3739e-25
864.40 1.4437e-25
864.75 1.5207e-25
865.10 1.5929e-25
865.45 1.6653e-25
865.80 1.7403e-25
866.15 1.8210e-25
866.50 1.9128e-25
866.85 2.0202e-25
867.20 2.1385e-25
867.55 2.2616e-25
867.90 2.3890e-25
868.25 2.5189e-25
868.60 2.6522e-25
868.95 2.7955e-25
869.30 2.9392e-25
869.65 3.0899e-25
870.00 3.2463e-25
870.35 3.4034e-25
870.70 3.5691e-25
871.05 3.7467e-25
871.40 3.9354e-25
871.75 4.1290e-25
872.10 4.3265e-25
872.45 4.5261e-25
872.80 4.7382e-25
873.15 4.9653e-25
873.50 5.2134e-25
873.85 5.4881e-25
874.20 5.7810e-25
874.55 6.1014e-25
874.90 6.4402e-25
875.25 6.8005e-25
875.60 7.1895e-25
875.95 7.6078e-25
876.30 8.0473e-25
876.65 8.5146e-25
877.00 9.0154e-25
877.35 9.5566e-25
877.70 1.0134e-24
878.05 1.0730e-24
878.40 1.1339e-24
878.75 1.1965e-24
879.10 1.2622e-24
879.45 1.3296e-24
879.80 1.3993e-24
880.15 1.4708e-24
880.50 1.5444e-24
880.85 1.6233e-24
881.20 1.7072e-24
881.55 1.7972e-24
881.90 1.8953e-24
882.25 1.9986e-24
882.60 2.1060e-24
882.95 2.2178e-24
883.30 2.3353e-24
883.65 2.4585e-24
884.00 2.5873e-24
884.35 2.7212e-24
884.70 2.8603e-24
885.05 3.0071e-24
885.40 3.1607e-24
885.75 3.3210e-24
886.10 3.4872e-24
886.45 3.6596e-24
886.80 3.8371e-24
887.15 4.0219e-24
887.50 4.2184e-24
887.85 4.4241e-24
888.20 4.6421e-24
888.55 4.8686e-24
888.90 5.0990e-24
889.25 5.3405e-24
889.60 5.5935e-24
889.95 5.8567e-24
890.30 6.1318e-24
890.65 6.4201e-24
891.00 6.7212e-24
891.35 7.0403e-24
891.70 7.3755e-24
892.05 7.7261e-24
892.40 8.0942e-24
892.75 8.4778e-24
893.10 8.8782e-24
893.45 9.2911e-24
893.80 9.7148e-24
894.15 1.0153e-23
894.50 1.0605e-23
894.85 1.1075e-23
895.20 1.1562e-23
895.55 1.2071e-23
895.90 1.2609e-23
896.25 1.3173e-23
896.60 1.3761e-23
896.95 1.4372e-23
897.30 1.5012e-23
897.65 1.5679e-23
898.00 1.6376e-23
898.35 1.7104e-23
898.70 1.7867e-23
899.05 1.8666e-23
899.40 1.9502e-23
899.75 2.0375e-23
900.10 2.1278e-23
900.45 2.2207e-23
900.80 2.3166e-23
901.15 2.4156e-23
901.50 2.5179e-23
901.85 2.6233e-23
902.20 2.7324e-23
902.55 2.8449e-23
902.90 2.9612e-23
903.25 3.0808e-23
903.60 3.2045e-23
903.95 3.3321e-23
904.30 3.4635e-23
904.65 3.5990e-23
905.00 3.7389e-23
905.35 3.8829e-23
905.70 4.0321e-23
906.05 4.1860e-23
906.40 4.3451e-23
906.75 4.5095e-23
907.10 4.6792e-23
907.45 4.8540e-23
907.80 5.0327e-23
908.15 5.2152e-23
908.50 5.4018e-23
908.85 5.5928e-23
909.20 5.7879e-23
909.55 5.9876e-23
909.90 6.1926e-23
910.25 6.4030e-23
910.60 6.6184e-23
910.95 6.8380e-23
911.30 7.0623e-23
911.65 7.2908e-23
912.00 7.5239e-23
912.35 7.7632e-23
912.70 8.0085e-23
913.05 8.2617e-23
913.40 8.5224e-23
913.75 8.7897e-23
914.10 9.0623e-23
914.45 9.3405e-23
914.80 9.6245e-23
915.15 9.9144e-23
915.50 1.0210e-22
915.85 1.0509e-22
916.20 1.0814e-22
916.55 1.1124e-22
916.90 1.1440e-22
917.25 1.1763e-22
917.60 1.2089e-22
917.95 1.2421e-22
918.30 1.2759e-22
918.65 1.3102e-22
919.00 1.3452e-22
919.35 1.3809e-22
919.70 1.4172e-22
920.05 1.4539e-22
920.40 1.4910e-22
920.75 1.5286e-22
921.10 1.5669e-22
921.45 1.6058e-22
921.80 1.6454e-22
922.15 1.6856e-22
922.50 1.7262e-22
922.85 1.7676e-22
923.20 1.8094e-22
923.55 1.8519e-22
923.90 1.8949e-22
924.25 1.9384e-22
924.60 1.9828e-22
924.95 2.0281e-22
925.30 2.0741e-22
925.65 2.1207e-22
926.00 2.1678e-22
926.35 2.2150e-22
926.70 2.2631e-22
927.05 2.3116e-22
927.40 2.3608e-22
927.75 2.4110e-22
928.10 2.4623e-22
928.45 2.5148e-22
928.80 2.5686e-22
929.15 2.6233e-22
929.50 2.6792e-22
929.85 2.7358e-22
930.20 2.7936e-22
930.55 2.8526e-22
930.90 2.9131e-22
931.25 2.9753e-22
931.60 3.0388e-22
931.95 3.1035e-22
932.30 3.1694e-22
932.65 3.2364e-22
933.00 3.3047e-22
933.35 3.3745e-22
933.70 3.4454e-22
934.05 3.5177e-22
934.40 3.5915e-22
934.75 3.6671e-22
935.10 3.7444e-22
935.45 3.8237e-22
935.80 3.9042e-22
936.15 3.9863e-22
936.50 4.0696e-22
936.85 4.1551e-22
937.20 4.2423e-22
937.55 4.3309e-22
937.90 4.4208e-22
938.25 4.5121e-22
938.60 4.6050e-22
938.95 4.6992e-22
939.30 4.7942e-22
939.65 4.8900e-22
940.00 4.9870e-22
940.35 5.0849e-22
940.70 5.1844e-22
941.05 5.2851e-22
941.40 5.3873e-22
941.75 5.4908e-22
942.10 5.5955e-22
942.45 5.7012e-22
942.80 5.8082e-22
943.15 5.9167e-22
943.50 6.0266e-22
943.85 6.1375e-22
944.20 6.2492e-22
944.55 6.3621e-22
944.90 6.4760e-22
945.25 6.5907e-22
945.60 6.7056e-22
945.95 6.8209e-22
946.30 6.9370e-22
946.65 7.0544e-22
947.00 7.1727e-22
947.35 7.2927e-22
947.70 7.4122e-22
948.05 7.5318e-22
948.40 7.6516e-22
948.75 7.7719e-22
949.10 7.8935e-22
949.45 8.0154e-22
949.80 8.1389e-22
950.15 8.2639e-22
950.50 8.3902e-22
950.85 8.5183e-22
951.20 8.6476e-22
951.55 8.7777e-22
951.90 8.9091e-22
952.25 9.0421e-22
952.60 9.1774e-22
952.95 9.3144e-22
953.30 9.4530e-22
953.65 9.5933e-22
954.00 9.7355e-22
954.35 9.8781e-22
954.70 1.0023e-21
955.05 1.0172e-21
955.40 1.0325e-21
955.75 1.0483e-21
956.10 1.0647e-21
956.45 1.0817e-21
956.80 1.0993e-21
957.15 1.1176e-21
957.50 1.1366e-21
957.85 1.1562e-21
958.20 1.1764e-21
958.55 1.1973e-21
958.90 1.2189e-21
959.25 1.2410e-21
959.60 1.2638e-21
959.95 1.2873e-21
960.30 1.3116e-21
960.65 1.3366e-21
961.00 1.3623e-21
961.35 1.3888e-21
961.70 1.4161e-21
962.05 1.4445e-21
962.40 1.4742e-21
962.75 1.5049e-21
963.10 1.5367e-21
963.45 1.5699e-21
963.80 1.6043e-21
964.15 1.6400e-21
964.50 1.6771e-21
964.85 1.7160e-21
965.20 1.7569e-21
965.55 1.7996e-21
965.90 1.8443e-21
966.25 1.8911e-21
966.60 1.9401e-21
966.95 1.9917e-21
967.30 2.0459e-21
967.65 2.1034e-21
968.00 2.1651e-21
968.35 2.2346e-21
968.70 2.3157e-21
969.05 2.4127e-21
969.40 2.5344e-21
969.75 2.6925e-21
970.10 2.9079e-21
970.45 3.2024e-21
970.80 3.5903e-21
971.15 4.0801e-21
971.50 4.6584e-21
971.85 5.3161e-21
972.20 6.0278e-21
972.55 6.7724e-21
972.90 7.5347e-21
973.25 8.2885e-21
973.60 9.0140e-21
973.95 9.6876e-21
974.30 1.0301e-20
974.65 1.0837e-20
975.00 1.1289e-20
975.35 1.1657e-20
975.70 1.1940e-20
976.05 1.2148e-20
976.40 1.2285e-20
976.75 1.2370e-20
977.10 1.2404e-20
977.45 1.2377e-20
977.80 1.2280e-20
978.15 1.2091e-20
978.50 1.1812e-20
978.85 1.1433e-20
979.20 1.0969e-20
979.55 1.0434e-20
979.90 9.8364e-21
980.25 9.2003e-21
980.60 8.5468e-21
980.95 7.9084e-21
981.30 7.2977e-21
981.65 6.7385e-21
982.00 6.2480e-21
982.35 5.8240e-21
982.70 5.4651e-21
983.05 5.1604e-21
983.40 4.9071e-21
983.75 4.6928e-21
984.10 4.5120e-21
984.45 4.3611e-21
984.80 4.2345e-21
985.15 4.1306e-21
985.50 4.0445e-21
985.85 3.9751e-21
986.20 3.9174e-21
986.55 3.8713e-21
986.90 3.8349e-21
987.25 3.8076e-21
987.60 3.7883e-21
987.95 3.7754e-21
988.30 3.7684e-21
988.65 3.7663e-21
989.00 3.7687e-21
989.35 3.7744e-21
989.70 3.7835e-21
990.05 3.7954e-21
990.40 3.8098e-21
990.75 3.8261e-21
991.10 3.8442e-21
991.45 3.8641e-21
991.80 3.8857e-21
992.15 3.9084e-21
992.50 3.9316e-21
992.85 3.9555e-21
993.20 3.9805e-21
993.55 4.0071e-21
993.90 4.0350e-21
994.25 4.0640e-21
994.60 4.0932e-21
994.95 4.1233e-21
995.30 4.1529e-21
995.65 4.1824e-21
996.00 4.2115e-21
996.35 4.2414e-21
996.70 4.2722e-21
997.05 4.3042e-21
997.40 4.3373e-21
997.75 4.3718e-21
998.10 4.4080e-21
998.45 4.4451e-21
998.80 4.4830e-21
999.15 4.5200e-21
999.50 4.5566e-21
999.85 4.5909e-21
1000.20 4.6244e-21
1000.55 4.6564e-21
1000.90 4.6884e-21
1001.25 4.7188e-21
1001.60 4.7479e-21
1001.95 4.7741e-21
1002.30 4.7971e-21
1002.65 4.8182e-21
1003.00 4.8365e-21
1003.35 4.8527e-21
1003.70 4.8685e-21
1004.05 4.8837e-21
1004.40 4.8986e-21
1004.75 4.9146e-21
1005.10 4.9300e-21
1005.45 4.9453e-21
1005.80 4.9603e-21
1006.15 4.9763e-21
1006.50 4.9924e-21
1006.85 5.0113e-21
1007.20 5.0294e-21
1007.55 5.0471e-21
1007.90 5.0628e-21
1008.25 5.0765e-21
1008.60 5.0868e-21
1008.95 5.0949e-21
1009.30 5.1010e-21
1009.65 5.1028e-21
1010.00 5.1021e-21
1010.35 5.1002e-21
1010.70 5.0970e-21
1011.05 5.0960e-21
1011.40 5.0966e-21
1011.75 5.0965e-21
1012.10 5.0968e-21
1012.45 5.0963e-21
1012.80 5.0964e-21
1013.15 5.0959e-21
1013.50 5.0932e-21
1013.85 5.0843e-21
1014.20 5.0704e-21
1014.55 5.0499e-21
1014.90 5.0279e-21
1015.25 5.0068e-21
1015.60 4.9887e-21
1015.95 4.9732e-21
1016.30 4.9620e-21
1016.65 4.9544e-21
1017.00 4.9513e-21
1017.35 4.9515e-21
1017.70 4.9549e-21
1018.05 4.9565e-21
1018.40 4.9557e-21
1018.75 4.9504e-21
1019.10 4.9426e-21
1019.45 4.9315e-21
1019.80 4.9157e-21
1020.15 4.8968e-21
1020.50 4.8763e-21
1020.85 4.8551e-21
1021.20 4.8372e-21
1021.55 4.8239e-21
1021.90 4.8136e-21
1022.25 4.8034e-21
1022.60 4.7927e-21
1022.95 4.7783e-21
1023.30 4.7593e-21
1023.65 4.7337e-21
1024.00 4.7003e-21
1024.35 4.6609e-21
1024.70 4.6146e-21
1025.05 4.5643e-21
1025.40 4.5127e-21
1025.75 4.4643e-21
1026.10 4.4219e-21
1026.45 4.3899e-21
1026.80 4.3705e-21
1027.15 4.3625e-21
1027.50 4.3638e-21
1027.85 4.3690e-21
1028.20 4.3718e-21
1028.55 4.3676e-21
1028.90 4.3529e-21
1029.25 4.3281e-21
1029.60 4.2951e-21
1029.95 4.2567e-21
1030.30 4.2164e-21
1030.65 4.1776e-21
1031.00 4.1425e-21
1031.35 4.1114e-21
1031.70 4.0835e-21
1032.05 4.0565e-21
1032.40 4.0293e-21
1032.75 4.0018e-21
1033.10 3.9744e-21
1033.45 3.9492e-21
1033.80 3.9271e-21
1034.15 3.9081e-21
1034.50 3.8908e-21
1034.85 3.8722e-21
1035.20 3.8488e-21
1035.55 3.8174e-21
1035.90 3.7760e-21
1036.25 3.7249e-21
1036.60 3.6667e-21
1036.95 3.6066e-21
1037.30 3.5504e-21
1037.65 3.5034e-21
1038.00 3.4689e-21
1038.35 3.4472e-21
1038.70 3.4358e-21
1039.05 3.4304e-21
1039.40 3.4257e-21
1039.75 3.4173e-21
1040.10 3.4027e-21
1040.45 3.3816e-21
1040.80 3.3558e-21
1041.15 3.3281e-21
1041.50 3.3018e-21
1041.85 3.2792e-21
1042.20 3.2610e-21
1042.55 3.2467e-21
1042.90 3.2344e-21
1043.25 3.2220e-21
1043.60 3.2076e-21
1043.95 3.1904e-21
1044.30 3.1704e-21
1044.65 3.1484e-21
1045.00 3.1256e-21
1045.35 3.1030e-21
1045.70 3.0812e-21
1046.05 3.0600e-21
1046.40 3.0391e-21
1046.75 3.0180e-21
1047.10 2.9966e-21
1047.45 2.9751e-21
1047.80 2.9542e-21
1048.15 2.9342e-21
1048.50 2.9154e-21
1048.85 2.8978e-21
1049.20 2.8809e-21
1049.55 2.8635e-21
1049.90 2.8447e-21
1050.25 2.8239e-21
1050.60 2.8009e-21
1050.95 2.7764e-21
1051.30 2.7514e-21
1051.65 2.7267e-21
1052.00 2.7033e-21
1052.35 2.6810e-21
1052.70 2.6594e-21
1053.05 2.6381e-21
1053.40 2.6164e-21
1053.75 2.5945e-21
1054.10 2.5730e-21
1054.45 2.5530e-21
1054.80 2.5355e-21
1055.15 2.5216e-21
1055.50 2.5111e-21
1055.85 2.5030e-21
1056.20 2.4954e-21
1056.55 2.4858e-21
1056.90 2.4722e-21
1057.25 2.4537e-21
1057.60 2.4307e-21
1057.95 2.4051e-21
1058.30 2.3794e-21
1058.65 2.3564e-21
1059.00 2.3379e-21
1059.35 2.3242e-21
1059.70 2.3141e-21
1060.05 2.3050e-21
1060.40 2.2939e-21
1060.75 2.2784e-21
1061.10 2.2573e-21
1061.45 2.2310e-21
1061.80 2.2015e-21
1062.15 2.1715e-21
1062.50 2.1439e-21
1062.85 2.1204e-21
1063.20 2.1013e-21
1063.55 2.0857e-21
1063.90 2.0715e-21
1064.25 2.0565e-21
1064.60 2.0391e-21
1064.95 2.0190e-21
1065.30 1.9971e-21
1065.65 1.9752e-21
1066.00 1.9553e-21
1066.35 1.9386e-21
1066.70 1.9250e-21
1067.05 1.9130e-21
1067.40 1.9001e-21
1067.75 1.8836e-21
1068.10 1.8616e-21
1068.45 1.8339e-21
1068.80 1.8018e-21
1069.15 1.7683e-21
1069.50 1.7372e-21
1069.85 1.7119e-21
1070.20 1.6941e-21
1070.55 1.6838e-21
1070.90 1.6789e-21
1071.25 1.6756e-21
1071.60 1.6701e-21
1071.95 1.6591e-21
1072.30 1.6412e-21
1072.65 1.6169e-21
1073.00 1.5883e-21
1073.35 1.5589e-21
1073.70 1.5320e-21
1074.05 1.5101e-21
1074.40 1.4940e-21
1074.75 1.4829e-21
1075.10 1.4745e-21
1075.45 1.4658e-21
1075.80 1.4544e-21
1076.15 1.4385e-21
1076.50 1.4179e-21
1076.85 1.3936e-21
1077.20 1.3676e-21
1077.55 1.3420e-21
1077.90 1.3189e-21
1078.25 1.2991e-21
1078.60 1.2829e-21
1078.95 1.2695e-21
1079.30 1.2577e-21
1079.65 1.2460e-21
1080.00 1.2335e-21
1080.35 1.2196e-21
1080.70 1.2040e-21
1081.05 1.1871e-21
1081.40 1.1694e-21
1081.75 1.1512e-21
1082.10 1.1330e-21
1082.45 1.1148e-21
1082.80 1.0967e-21
1083.15 1.0788e-21
1083.50 1.0610e-21
1083.85 1.0435e-21
1084.20 1.0264e-21
1084.55 1.0099e-21
1084.90 9.9407e-22
1085.25 9.7889e-22
1085.60 9.6437e-22
1085.95 9.5039e-22
1086.30 9.3691e-22
1086.65 9.2393e-22
1087.00 9.1141e-22
1087.35 8.9935e-22
1087.70 8.8763e-22
1088.05 8.7605e-22
1088.40 8.6433e-22
1088.75 8.5210e-22
1089.10 8.3909e-22
1089.45 8.2516e-22
1089.80 8.1038e-22
1090.15 7.9502e-22
1090.50 7.7952e-22
1090.85 7.6434e-22
1091.20 7.4990e-22
1091.55 7.3644e-22
1091.90 7.2398e-22
1092.25 7.1234e-22
1092.60 7.0124e-22
1092.95 6.9042e-22
1093.30 6.7968e-22
1093.65 6.6901e-22
1094.00 6.5851e-22
1094.35 6.4829e-22
1094.70 6.3849e-22
1095.05 6.2910e-22
1095.40 6.1997e-22
1095.75 6.1084e-22
1096.10 6.0142e-22
1096.45 5.9143e-22
1096.80 5.8077e-22
1097.15 5.6955e-22
1097.50 5.5803e-22
1097.85 5.4660e-22
1098.20 5.3561e-22
1098.55 5.2530e-22
1098.90 5.1575e-22
1099.25 5.0688e-22
1099.60 4.9850e-22
1099.95 4.9042e-22
1100.30 4.8249e-22
1100.65 4.7468e-22
1101.00 4.6705e-22
1101.35 4.5976e-22
1101.70 4.5293e-22
1102.05 4.4657e-22
1102.40 4.4058e-22
1102.75 4.3470e-22
1103.10 4.2860e-22
1103.45 4.2199e-22
1103.80 4.1469e-22
1104.15 4.0666e-22
1104.50 3.9807e-22
1104.85 3.8919e-22
1105.20 3.8039e-22
1105.55 3.7200e-22
1105.90 3.6427e-22
1106.25 3.5734e-22
1106.60 3.5120e-22
1106.95 3.4575e-22
1107.30 3.4082e-22
1107.65 3.3625e-22
1108.00 3.3190e-22
1108.35 3.2757e-22
1108.70 3.2313e-22
1109.05 3.1842e-22
1109.40 3.1330e-22
1109.75 3.0770e-22
1110.10 3.0159e-22
1110.45 2.9510e-22
1110.80 2.8847e-22
1111.15 2.8199e-22
1111.50 2.7601e-22
1111.85 2.7078e-22
1112.20 2.6640e-22
1112.55 2.6282e-22
1112.90 2.5979e-22
1113.25 2.5697e-22
1113.60 2.5402e-22
1113.95 2.5070e-22
1114.30 2.4692e-22
1114.65 2.4276e-22
1115.00 2.3845e-22
1115.35 2.3423e-22
1115.70 2.3032e-22
1116.05 2.2679e-22
1116.40 2.2354e-22
1116.75 2.2036e-22
1117.10 2.1702e-22
1117.45 2.1335e-22
1117.80 2.0930e-22
1118.15 2.0504e-22
1118.50 2.0087e-22
1118.85 1.9714e-22
1119.20 1.9416e-22
1119.55 1.9207e-22
1119.90 1.9080e-22
1120.25 1.9005e-22
1120.60 1.8939e-22
1120.95 1.8835e-22
1121.30 1.8658e-22
1121.65 1.8390e-22
1122.00 1.8035e-22
1122.35 1.7617e-22
1122.70 1.7172e-22
1123.05 1.6736e-22
1123.40 1.6336e-22
1123.75 1.5989e-22
1124.10 1.5696e-22
1124.45 1.5451e-22
1124.80 1.5238e-22
1125.15 1.5048e-22
1125.50 1.4873e-22
1125.85 1.4710e-22
1126.20 1.4558e-22
1126.55 1.4415e-22
1126.90 1.4276e-22
1127.25 1.4131e-22
1127.60 1.3971e-22
1127.95 1.3788e-22
1128.30 1.3579e-22
1128.65 1.3350e-22
1129.00 1.3110e-22
1129.35 1.2875e-22
1129.70 1.2657e-22
1130.05 1.2462e-22
1130.40 1.2291e-22
1130.75 1.2135e-22
1131.10 1.1983e-22
1131.45 1.1825e-22
1131.80 1.1656e-22
1132.15 1.1477e-22
1132.50 1.1294e-22
1132.85 1.1114e-22
1133.20 1.0940e-22
1133.55 1.0771e-22
1133.90 1.0600e-22
1134.25 1.0419e-22
1134.60 1.0223e-22
1134.95 1.0016e-22
1135.30 9.8100e-23
1135.65 9.6270e-23
1136.00 9.4900e-23
1136.35 9.4146e-23
1136.70 9.4024e-23
1137.05 9.4376e-23
1137.40 9.4882e-23
1137.75 9.5150e-23
1138.10 9.4830e-23
1138.45 9.3733e-23
1138.80 9.1894e-23
1139.15 8.9564e-23
1139.50 8.7132e-23
1139.85 8.4998e-23
1140.20 8.3430e-23
1140.55 8.2477e-23
1140.90 8.1946e-23
1141.25 8.1484e-23
1141.60 8.0707e-23
1141.95 7.9359e-23
1142.30 7.7421e-23
1142.65 7.5137e-23
1143.00 7.2931e-23
1143.35 7.1268e-23
1143.70 7.0461e-23
1144.05 7.0547e-23
1144.40 7.1248e-23
1144.75 7.2059e-23
1145.10 7.2418e-23
1145.45 7.1925e-23
1145.80 7.0503e-23
1146.15 6.8466e-23
1146.50 6.6418e-23
1146.85 6.5048e-23
1147.20 6.4842e-23
1147.55 6.5850e-23
1147.90 6.7559e-23
1148.25 6.8965e-23
1148.60 6.8811e-23
1148.95 6.5953e-23
1149.30 5.9720e-23
1149.65 5.0181e-23
1150.00 0.0000e+00
