800.000000  -4.789965e-023
800.200000  -5.115703e-023
800.400000  -4.530811e-023
800.600000  -3.753875e-023
800.800000  -2.576986e-023
801.000000  3.060287e-024
801.200000  1.004308e-023
801.400000  5.540846e-024
801.600000  3.270483e-023
801.800000  3.840209e-023
802.000000  3.749564e-023
802.200000  2.671664e-023
802.400000  2.611362e-023
802.600000  2.256350e-023
802.800000  9.448642e-024
803.000000  -5.356895e-024
803.200000  5.752508e-024
803.400000  -8.771565e-024
803.600000  -5.571795e-023
803.800000  -4.724153e-023
804.000000  -3.220734e-023
804.200000  -2.572869e-023
804.400000  -2.437622e-023
804.600000  -2.050839e-024
804.800000  2.284542e-023
805.000000  1.687147e-023
805.200000  -6.587037e-024
805.400000  -2.041152e-024
805.600000  -2.822418e-024
805.800000  4.582722e-025
806.000000  -3.914046e-024
806.200000  4.631156e-025
806.400000  -1.338249e-023
806.600000  1.710011e-024
806.800000  1.093295e-023
807.000000  2.710714e-023
807.200000  1.544589e-023
807.400000  2.104908e-023
807.600000  3.488047e-023
807.800000  1.155935e-023
808.000000  -1.715199e-023
808.200000  -2.033139e-023
808.400000  -2.041913e-023
808.600000  -2.041671e-023
808.800000  -5.914613e-024
809.000000  3.820747e-023
809.200000  5.772341e-023
809.400000  2.619838e-023
809.600000  2.316079e-023
809.800000  3.641624e-023
810.000000  2.108057e-023
810.200000  -5.680500e-025
810.400000  1.532622e-023
810.600000  1.900997e-023
810.800000  1.220911e-023
811.000000  -7.287140e-024
811.200000  1.304385e-023
811.400000  3.006712e-024
811.600000  -2.436366e-023
811.800000  -3.606043e-023
812.000000  -2.697779e-023
812.200000  -4.840207e-023
812.400000  -6.073210e-023
812.600000  -3.864091e-023
812.800000  -1.067062e-023
813.000000  -6.153110e-024
813.200000  -1.845634e-023
813.400000  -9.906844e-024
813.600000  -6.001721e-024
813.800000  -2.946023e-023
814.000000  -3.134589e-023
814.200000  1.391528e-023
814.400000  7.125245e-024
814.600000  -7.871838e-024
814.800000  -9.128644e-024
815.000000  1.191132e-024
815.200000  -1.126963e-023
815.400000  -9.121379e-024
815.600000  1.248235e-023
815.800000  9.606054e-024
816.000000  -6.741027e-024
816.200000  -2.032468e-023
816.400000  -9.373510e-024
816.600000  -1.274880e-023
816.800000  -1.399944e-023
817.000000  3.692512e-024
817.200000  3.514569e-024
817.400000  -5.001508e-024
817.600000  -1.786881e-023
817.800000  2.906065e-024
818.000000  -1.921987e-023
818.200000  -2.111070e-023
818.400000  -1.047581e-023
818.600000  2.604181e-023
818.800000  3.650760e-023
819.000000  3.021732e-023
819.200000  1.191031e-023
819.400000  5.141173e-024
819.600000  4.341123e-024
819.800000  2.216550e-023
820.000000  3.323334e-023
820.200000  2.312657e-023
820.400000  1.088852e-023
820.600000  1.682824e-023
820.800000  4.993734e-023
821.000000  4.958400e-023
821.200000  3.414618e-023
821.400000  4.818508e-023
821.600000  6.154030e-023
821.800000  4.397568e-023
822.000000  2.936966e-023
822.200000  4.878209e-023
822.400000  3.920754e-023
822.600000  1.662209e-023
822.800000  3.058092e-023
823.000000  3.118287e-023
823.200000  8.465453e-024
823.400000  3.331519e-024
823.600000  1.855599e-023
823.800000  1.564689e-023
824.000000  -2.158921e-023
824.200000  -2.406128e-023
824.400000  -4.470706e-024
824.600000  -4.618101e-024
824.800000  6.600054e-026
825.000000  9.922150e-024
825.200000  1.870769e-023
825.400000  2.439360e-023
825.600000  1.605095e-023
825.800000  4.941219e-023
826.000000  6.331957e-023
826.200000  7.101891e-023
826.400000  5.153652e-023
826.600000  7.031889e-023
826.800000  7.645494e-023
827.000000  4.614214e-023
827.200000  4.555595e-023
827.400000  3.035391e-023
827.600000  5.669667e-024
827.800000  -1.701421e-023
828.000000  -3.329999e-024
828.200000  -8.441313e-025
828.400000  -5.488563e-024
828.600000  -2.700572e-024
828.800000  2.056742e-023
829.000000  1.647096e-023
829.200000  6.917290e-024
829.400000  3.365011e-023
829.600000  5.412093e-023
829.800000  3.513934e-023
830.000000  3.098283e-023
830.200000  3.070262e-023
830.400000  1.890081e-023
830.600000  2.804873e-023
830.800000  3.753441e-023
831.000000  4.970508e-023
831.200000  4.401100e-023
831.400000  2.686435e-023
831.600000  1.673106e-023
831.800000  1.052979e-024
832.000000  -1.518010e-023
832.200000  6.087452e-025
832.400000  2.681222e-023
832.600000  5.569099e-023
832.800000  3.784142e-023
833.000000  2.894791e-023
833.200000  6.569689e-023
833.400000  8.813233e-023
833.600000  8.375009e-023
833.800000  1.050814e-022
834.000000  1.231827e-022
834.200000  8.263950e-023
834.400000  -4.779448e-025
834.600000  9.030280e-024
834.800000  2.230064e-023
835.000000  2.552362e-023
835.200000  5.689286e-023
835.400000  8.021485e-023
835.600000  3.752022e-023
835.800000  1.839768e-023
836.000000  3.895133e-023
836.200000  6.323662e-023
836.400000  7.751137e-023
836.600000  6.955749e-023
836.800000  7.642862e-023
837.000000  5.546012e-023
837.200000  5.163361e-024
837.400000  9.087744e-024
837.600000  1.400617e-023
837.800000  1.890783e-023
838.000000  -1.158423e-023
838.200000  -6.493767e-024
838.400000  5.356853e-024
838.600000  1.423003e-023
838.800000  4.132952e-023
839.000000  8.034868e-023
839.200000  5.149302e-023
839.400000  2.740998e-023
839.600000  3.349986e-023
839.800000  5.771001e-023
840.000000  8.137581e-023
840.200000  1.078148e-022
840.400000  1.322129e-022
840.600000  8.893251e-023
840.800000  6.263184e-023
841.000000  5.487690e-023
841.200000  6.513034e-023
841.400000  4.545874e-023
841.600000  2.711319e-023
841.800000  3.615252e-023
842.000000  2.887857e-023
842.200000  1.092573e-023
842.400000  4.747762e-024
842.600000  3.732626e-023
842.800000  3.760739e-023
843.000000  1.093542e-023
843.200000  2.309144e-023
843.400000  3.123174e-023
843.600000  2.343631e-023
843.800000  2.486160e-023
844.000000  6.267059e-023
844.200000  9.599458e-023
844.400000  9.440460e-023
844.600000  6.548453e-023
844.800000  5.326422e-023
845.000000  4.280877e-023
845.200000  2.838287e-023
845.400000  4.140943e-023
845.600000  5.703063e-023
845.800000  5.235423e-023
846.000000  4.689980e-023
846.200000  5.966807e-023
846.400000  6.788228e-023
846.600000  6.526159e-023
846.800000  5.817141e-023
847.000000  5.817383e-023
847.200000  5.406441e-023
847.400000  7.579484e-023
847.600000  7.734182e-023
847.800000  8.273240e-023
848.000000  5.781164e-023
848.200000  5.090187e-023
848.400000  6.249850e-023
848.600000  7.537038e-023
848.800000  5.316400e-023
849.000000  6.044141e-023
849.200000  8.594380e-023
849.400000  8.228729e-023
849.600000  7.483368e-023
849.800000  7.483610e-023
850.000000  1.003567e-022
850.200000  8.500662e-023
850.400000  6.174604e-023
850.600000  8.818415e-023
850.800000  7.768572e-023
851.000000  5.046410e-023
851.200000  3.823173e-023
851.400000  4.106735e-023
851.600000  4.667992e-023
851.800000  4.132862e-023
852.000000  5.989507e-023
852.200000  7.628369e-023
852.400000  7.218776e-023
852.600000  5.952733e-023
852.800000  7.629096e-023
853.000000  6.907072e-023
853.200000  4.558321e-023
853.400000  4.078546e-023
853.600000  6.376903e-023
853.800000  4.926369e-023
854.000000  2.636193e-023
854.200000  3.399277e-023
854.400000  6.448280e-023
854.600000  7.084534e-023
854.800000  6.355623e-023
855.000000  5.644636e-023
855.200000  5.048389e-023
855.400000  4.686247e-023
855.600000  3.764937e-023
855.800000  5.972329e-023
856.000000  5.520421e-023
856.200000  6.442768e-023
856.400000  6.736568e-023
856.600000  6.497061e-023
856.800000  3.958729e-023
857.000000  5.684503e-023
857.200000  9.480303e-023
857.400000  1.142989e-022
857.600000  1.091964e-022
857.800000  1.144166e-022
858.000000  1.221411e-022
858.200000  1.066543e-022
858.400000  1.113204e-022
858.600000  1.496621e-022
858.800000  1.427582e-022
859.000000  1.045972e-022
859.200000  8.145381e-023
859.400000  9.482967e-023
859.600000  1.056078e-022
859.800000  1.040686e-022
860.000000  1.071613e-022
860.200000  1.229851e-022
860.400000  1.045691e-022
860.600000  1.066124e-022
860.800000  1.096702e-022
861.000000  1.091350e-022
861.200000  1.081323e-022
861.400000  9.441886e-023
861.600000  1.147380e-022
861.800000  1.121447e-022
862.000000  9.445354e-023
862.200000  9.391576e-023
862.400000  1.162416e-022
862.600000  9.497078e-023
862.800000  8.581999e-023
863.000000  1.213552e-022
863.200000  1.400271e-022
863.400000  1.171796e-022
863.600000  1.263823e-022
863.800000  1.466132e-022
864.000000  1.292013e-022
864.200000  1.156448e-022
864.400000  1.187430e-022
864.600000  1.186725e-022
864.800000  9.204041e-023
865.000000  6.401236e-023
865.200000  5.996844e-023
865.400000  8.807680e-023
865.600000  1.135787e-022
865.800000  1.101206e-022
866.000000  1.316410e-022
866.200000  1.300767e-022
866.400000  1.265886e-022
866.600000  1.321295e-022
866.800000  1.275600e-022
867.000000  1.320075e-022
867.200000  1.180717e-022
867.400000  1.356321e-022
867.600000  1.505192e-022
867.800000  1.405533e-022
868.000000  1.246676e-022
868.200000  1.421463e-022
868.400000  1.210878e-022
868.600000  1.011125e-022
868.800000  8.760951e-023
869.000000  1.095926e-022
869.200000  1.180267e-022
869.400000  1.345606e-022
869.600000  1.716539e-022
869.800000  1.821942e-022
870.000000  1.692719e-022
870.200000  1.799610e-022
870.400000  1.856543e-022
870.600000  1.719952e-022
870.800000  1.680982e-022
871.000000  1.852174e-022
871.200000  2.007535e-022
871.400000  1.653055e-022
871.600000  1.570604e-022
871.800000  1.759017e-022
872.000000  1.866549e-022
872.200000  1.892093e-022
872.400000  1.857774e-022
872.600000  2.024979e-022
872.800000  1.995396e-022
873.000000  1.696579e-022
873.200000  1.692101e-022
873.400000  1.762077e-022
873.600000  1.766536e-022
873.800000  1.659782e-022
874.000000  1.855539e-022
874.200000  1.827014e-022
874.400000  1.827038e-022
874.600000  1.923682e-022
874.800000  2.013071e-022
875.000000  1.916458e-022
875.200000  1.794488e-022
875.400000  1.937367e-022
875.600000  1.882776e-022
875.800000  1.823957e-022
876.000000  1.725430e-022
876.200000  1.788943e-022
876.400000  1.722632e-022
876.600000  1.810946e-022
876.800000  2.013313e-022
877.000000  2.479108e-022
877.200000  2.588081e-022
877.400000  2.621727e-022
877.600000  2.733170e-022
877.800000  2.422089e-022
878.000000  2.081066e-022
878.200000  2.427780e-022
878.400000  3.035270e-022
878.600000  3.064147e-022
878.800000  2.738569e-022
879.000000  2.834419e-022
879.200000  2.956531e-022
879.400000  2.702445e-022
879.600000  2.583613e-022
879.800000  2.668258e-022
880.000000  2.734935e-022
880.200000  2.558125e-022
880.400000  2.479694e-022
880.600000  3.299045e-022
880.800000  3.356291e-022
881.000000  3.242915e-022
881.200000  3.318645e-022
881.400000  3.325561e-022
881.600000  3.249949e-022
881.800000  3.188599e-022
882.000000  3.431793e-022
882.200000  3.502002e-022
882.400000  3.472202e-022
882.600000  3.518644e-022
882.800000  3.708130e-022
883.000000  3.783925e-022
883.200000  3.717770e-022
883.400000  3.738184e-022
883.600000  3.796561e-022
883.800000  3.805967e-022
884.000000  3.736944e-022
884.200000  3.979075e-022
884.400000  3.988156e-022
884.600000  3.743344e-022
884.800000  3.621787e-022
885.000000  3.601707e-022
885.200000  3.300836e-022
885.400000  3.264281e-022
885.600000  3.465904e-022
885.800000  3.390018e-022
886.000000  3.314635e-022
886.200000  3.416437e-022
886.400000  3.820520e-022
886.600000  3.925637e-022
886.800000  3.928712e-022
887.000000  4.045296e-022
887.200000  4.233875e-022
887.400000  4.278098e-022
887.600000  4.203942e-022
887.800000  4.144056e-022
888.000000  3.947080e-022
888.200000  3.653698e-022
888.400000  3.430623e-022
888.600000  3.647351e-022
888.800000  3.522542e-022
889.000000  3.666539e-022
889.200000  3.828378e-022
889.400000  3.968341e-022
889.600000  3.968365e-022
889.800000  4.042555e-022
890.000000  4.155970e-022
890.200000  4.227215e-022
890.400000  4.191662e-022
890.600000  4.015803e-022
890.800000  3.997955e-022
891.000000  3.932875e-022
891.200000  3.894123e-022
891.400000  4.147409e-022
891.600000  4.433906e-022
891.800000  4.499307e-022
892.000000  4.551316e-022
892.200000  4.724316e-022
892.400000  4.860318e-022
892.600000  4.584109e-022
892.800000  4.444914e-022
893.000000  4.724413e-022
893.200000  4.981295e-022
893.400000  4.888165e-022
893.600000  5.032362e-022
893.800000  5.044289e-022
894.000000  5.083994e-022
894.200000  5.097896e-022
894.400000  5.459319e-022
894.600000  5.463606e-022
894.800000  5.325976e-022
895.000000  5.275111e-022
895.200000  5.466613e-022
895.400000  5.455168e-022
895.600000  5.453051e-022
895.800000  5.540997e-022
896.000000  5.555600e-022
896.200000  5.380851e-022
896.400000  5.121537e-022
896.600000  5.276210e-022
896.800000  5.004800e-022
897.000000  4.755126e-022
897.200000  4.714603e-022
897.400000  5.035209e-022
897.600000  5.272769e-022
897.800000  5.277245e-022
898.000000  5.519745e-022
898.200000  5.778798e-022
898.400000  5.506118e-022
898.600000  5.428754e-022
898.800000  5.546104e-022
899.000000  5.428803e-022
899.200000  5.240451e-022
899.400000  5.505296e-022
899.600000  6.008361e-022
899.800000  6.228512e-022
900.000000  6.277073e-022
900.200000  6.617055e-022
900.400000  6.680820e-022
900.600000  6.680844e-022
900.800000  6.801785e-022
901.000000  7.276697e-022
901.200000  7.469031e-022
901.400000  7.501547e-022
901.600000  7.816486e-022
901.800000  8.139946e-022
902.000000  8.074646e-022
902.200000  7.973721e-022
902.400000  8.198478e-022
902.600000  8.135663e-022
902.800000  8.070518e-022
903.000000  8.001843e-022
903.200000  8.358302e-022
903.400000  8.456650e-022
903.600000  8.522131e-022
903.800000  8.748152e-022
904.000000  8.944120e-022
904.200000  8.716599e-022
904.400000  8.846176e-022
904.600000  9.273304e-022
904.800000  9.502222e-022
905.000000  9.633508e-022
905.200000  9.637251e-022
905.400000  9.999769e-022
905.600000  1.009454e-021
905.800000  1.009608e-021
906.000000  1.033145e-021
906.200000  1.076376e-021
906.400000  1.069532e-021
906.600000  1.082997e-021
906.800000  1.113275e-021
907.000000  1.112561e-021
907.200000  1.085497e-021
907.400000  1.079881e-021
907.600000  1.110323e-021
907.800000  1.092481e-021
908.000000  1.082890e-021
908.200000  1.096913e-021
908.400000  1.099223e-021
908.600000  1.079167e-021
908.800000  1.060470e-021
909.000000  1.083647e-021
909.200000  1.102604e-021
909.400000  1.102470e-021
909.600000  1.103156e-021
909.800000  1.153275e-021
910.000000  1.158875e-021
910.200000  1.186661e-021
910.400000  1.259652e-021
910.600000  1.334585e-021
910.800000  1.384918e-021
911.000000  1.459437e-021
911.200000  1.565966e-021
911.400000  1.666346e-021
911.600000  1.772514e-021
911.800000  1.889004e-021
912.000000  2.059373e-021
912.200000  2.214576e-021
912.400000  2.416712e-021
912.600000  2.654390e-021
912.800000  2.912060e-021
913.000000  3.168423e-021
913.200000  3.479943e-021
913.400000  3.868427e-021
913.600000  4.331156e-021
913.800000  4.695400e-021
914.000000  4.989049e-021
914.200000  5.286655e-021
914.400000  5.493294e-021
914.600000  5.465383e-021
914.800000  5.398306e-021
915.000000  5.349997e-021
915.200000  5.303988e-021
915.400000  5.229267e-021
915.600000  5.286811e-021
915.800000  5.471052e-021
916.000000  5.537326e-021
916.200000  5.524590e-021
916.400000  5.509797e-021
916.600000  5.366563e-021
916.800000  5.040649e-021
917.000000  4.645200e-021
917.200000  4.294977e-021
917.400000  3.850262e-021
917.600000  3.466017e-021
917.800000  3.187209e-021
918.000000  2.920311e-021
918.200000  2.663167e-021
918.400000  2.481198e-021
918.600000  2.386357e-021
918.800000  2.336239e-021
919.000000  2.321272e-021
919.200000  2.388483e-021
919.400000  2.475688e-021
919.600000  2.533311e-021
919.800000  2.580431e-021
920.000000  2.631483e-021
920.200000  2.617401e-021
920.400000  2.522559e-021
920.600000  2.374535e-021
920.800000  2.184572e-021
921.000000  1.973553e-021
921.200000  1.816325e-021
921.400000  1.708230e-021
921.600000  1.649697e-021
921.800000  1.639798e-021
922.000000  1.682563e-021
922.200000  1.766470e-021
922.400000  1.853209e-021
922.600000  1.899944e-021
922.800000  1.923510e-021
923.000000  1.973764e-021
923.200000  1.988686e-021
923.400000  2.030425e-021
923.600000  2.088528e-021
923.800000  2.148200e-021
924.000000  2.195804e-021
924.200000  2.265033e-021
924.400000  2.361838e-021
924.600000  2.460378e-021
924.800000  2.585883e-021
925.000000  2.825066e-021
925.200000  3.114676e-021
925.400000  3.379491e-021
925.600000  3.646134e-021
925.800000  3.919361e-021
926.000000  4.185331e-021
926.200000  4.280038e-021
926.400000  4.278531e-021
926.600000  4.371566e-021
926.800000  4.447411e-021
927.000000  4.427900e-021
927.200000  4.445677e-021
927.400000  4.500021e-021
927.600000  4.453714e-021
927.800000  4.334397e-021
928.000000  4.306099e-021
928.200000  4.381461e-021
928.400000  4.390889e-021
928.600000  4.400064e-021
928.800000  4.509153e-021
929.000000  4.603211e-021
929.200000  4.662988e-021
929.400000  4.805487e-021
929.600000  5.047703e-021
929.800000  5.192752e-021
930.000000  5.242303e-021
930.200000  5.331966e-021
930.400000  5.474695e-021
930.600000  5.506015e-021
930.800000  5.469425e-021
931.000000  5.425942e-021
931.200000  5.265178e-021
931.400000  4.944857e-021
931.600000  4.726719e-021
931.800000  4.627346e-021
932.000000  4.460847e-021
932.200000  4.289313e-021
932.400000  4.225476e-021
932.600000  4.230119e-021
932.800000  4.203291e-021
933.000000  4.201994e-021
933.200000  4.342465e-021
933.400000  4.443936e-021
933.600000  4.438554e-021
933.800000  4.496775e-021
934.000000  4.702114e-021
934.200000  4.870790e-021
934.400000  5.008098e-021
934.600000  5.204873e-021
934.800000  5.361156e-021
935.000000  5.398711e-021
935.200000  5.470555e-021
935.400000  5.663945e-021
935.600000  5.844634e-021
935.800000  6.002083e-021
936.000000  6.255521e-021
936.200000  6.863842e-021
936.400000  7.517998e-021
936.600000  8.108241e-021
936.800000  8.671397e-021
937.000000  8.974616e-021
937.200000  8.816607e-021
937.400000  8.483074e-021
937.600000  8.250119e-021
937.800000  7.986460e-021
938.000000  7.495824e-021
938.200000  7.128724e-021
938.400000  6.964798e-021
938.600000  6.814231e-021
938.800000  6.744846e-021
939.000000  6.979225e-021
939.200000  7.371425e-021
939.400000  7.623248e-021
939.600000  8.036533e-021
939.800000  8.668099e-021
940.000000  9.267692e-021
940.200000  9.696058e-021
940.400000  1.020382e-020
940.600000  1.075695e-020
940.800000  1.106050e-020
941.000000  1.125648e-020
941.200000  1.165882e-020
941.400000  1.212681e-020
941.600000  1.223638e-020
941.800000  1.208539e-020
942.000000  1.178491e-020
942.200000  1.114232e-020
942.400000  1.008156e-020
942.600000  8.989707e-021
942.800000  8.150711e-021
943.000000  7.292791e-021
943.200000  6.455936e-021
943.400000  5.803079e-021
943.600000  5.283065e-021
943.800000  4.763730e-021
944.000000  4.416431e-021
944.200000  4.288303e-021
944.400000  4.154290e-021
944.600000  3.880641e-021
944.800000  3.719158e-021
945.000000  3.513341e-021
945.200000  3.310170e-021
945.400000  3.134364e-021
945.600000  2.994716e-021
945.800000  2.829379e-021
946.000000  2.652790e-021
946.200000  2.449986e-021
946.400000  2.221519e-021
946.600000  1.983761e-021
946.800000  1.817624e-021
947.000000  1.701176e-021
947.200000  1.637809e-021
947.400000  1.573478e-021
947.600000  1.545498e-021
947.800000  1.551214e-021
948.000000  1.569564e-021
948.200000  1.616656e-021
948.400000  1.658724e-021
948.600000  1.660896e-021
948.800000  1.639089e-021
949.000000  1.586243e-021
949.200000  1.545100e-021
949.400000  1.491954e-021
949.600000  1.460163e-021
949.800000  1.458891e-021
950.000000  1.480074e-021
950.200000  1.478957e-021
950.400000  1.477007e-021
950.600000  1.488112e-021
950.800000  1.470260e-021
951.000000  1.437189e-021
951.200000  1.422867e-021
951.400000  1.471733e-021
951.600000  1.463431e-021
951.800000  1.402612e-021
952.000000  1.369834e-021
952.200000  1.322535e-021
952.400000  1.233241e-021
952.600000  1.150161e-021
952.800000  1.099071e-021
953.000000  1.044473e-021
953.200000  9.799284e-022
953.400000  9.619347e-022
953.600000  9.773240e-022
953.800000  9.829497e-022
954.000000  9.767708e-022
954.200000  9.833350e-022
954.400000  1.001263e-021
954.600000  1.041392e-021
954.800000  1.073128e-021
955.000000  1.130197e-021
955.200000  1.212182e-021
955.400000  1.287761e-021
955.600000  1.318058e-021
955.800000  1.312967e-021
956.000000  1.297221e-021
956.200000  1.249408e-021
956.400000  1.154439e-021
956.600000  1.087453e-021
956.800000  1.084906e-021
957.000000  1.082652e-021
957.200000  1.114166e-021
957.400000  1.191942e-021
957.600000  1.269485e-021
957.800000  1.328897e-021
958.000000  1.380016e-021
958.200000  1.435382e-021
958.400000  1.458656e-021
958.600000  1.434640e-021
958.800000  1.423146e-021
959.000000  1.420538e-021
959.200000  1.376370e-021
959.400000  1.316926e-021
959.600000  1.279028e-021
959.800000  1.241712e-021
960.000000  1.140191e-021
960.200000  1.032853e-021
960.400000  9.643792e-022
960.600000  8.826578e-022
960.800000  7.783638e-022
961.000000  7.175326e-022
961.200000  6.713226e-022
961.400000  5.900525e-022
961.600000  5.392801e-022
961.800000  5.157969e-022
962.000000  5.119388e-022
962.200000  4.581021e-022
962.400000  4.336647e-022
962.600000  4.315838e-022
962.800000  4.297910e-022
963.000000  4.359853e-022
963.200000  4.676637e-022
963.400000  4.980099e-022
963.600000  5.028465e-022
963.800000  4.980148e-022
964.000000  5.106159e-022
964.200000  5.262935e-022
964.400000  5.200025e-022
964.600000  5.403052e-022
964.800000  5.889069e-022
965.000000  6.336157e-022
965.200000  6.423084e-022
965.400000  6.827863e-022
965.600000  7.465286e-022
965.800000  7.724612e-022
966.000000  8.198860e-022
966.010000  9.150390e-022
966.020000  8.923484e-022
966.030000  8.587801e-022
966.040000  8.849697e-022
966.050000  9.207923e-022
966.060000  9.456842e-022
966.070000  9.483192e-022
966.080000  9.080766e-022
966.090000  8.760142e-022
966.100000  8.754836e-022
966.110000  9.001398e-022
966.120000  9.185676e-022
966.130000  8.990645e-022
966.140000  8.655257e-022
966.150000  8.603031e-022
966.160000  8.723058e-022
966.170000  9.016448e-022
966.180000  9.279711e-022
966.190000  9.195122e-022
966.200000  9.158084e-022
966.210000  9.207974e-022
966.220000  9.368932e-022
966.230000  9.562346e-022
966.240000  9.612778e-022
966.250000  9.392390e-022
966.260000  9.283756e-022
966.270000  9.381552e-022
966.280000  9.607205e-022
966.290000  1.005913e-021
966.300000  1.019102e-021
966.310000  9.807214e-022
966.320000  9.505788e-022
966.330000  9.444549e-022
966.340000  9.622823e-022
966.350000  9.866103e-022
966.360000  1.004606e-021
966.370000  9.887570e-022
966.380000  9.825893e-022
966.390000  9.812483e-022
966.400000  1.017031e-021
966.410000  1.005257e-021
966.420000  1.014517e-021
966.430000  1.018930e-021
966.440000  1.015242e-021
966.450000  1.018036e-021
966.460000  1.024077e-021
966.470000  1.039885e-021
966.480000  1.031303e-021
966.490000  1.021112e-021
966.500000  1.015799e-021
966.510000  1.026711e-021
966.520000  1.040905e-021
966.530000  1.051875e-021
966.540000  1.077620e-021
966.550000  1.080456e-021
966.560000  1.080008e-021
966.570000  1.081203e-021
966.580000  1.100507e-021
966.590000  1.109964e-021
966.600000  1.111168e-021
966.610000  1.110263e-021
966.620000  1.092866e-021
966.630000  1.087030e-021
966.640000  1.104247e-021
966.650000  1.126484e-021
966.660000  1.135520e-021
966.670000  1.119700e-021
966.680000  1.100637e-021
966.690000  1.147724e-021
966.700000  1.175140e-021
966.710000  1.182575e-021
966.720000  1.176631e-021
966.730000  1.189088e-021
966.740000  1.184811e-021
966.750000  1.192254e-021
966.760000  1.224935e-021
966.770000  1.242569e-021
966.780000  1.251779e-021
966.790000  1.244058e-021
966.800000  1.243112e-021
966.810000  1.260944e-021
966.820000  1.277130e-021
966.830000  1.301904e-021
966.840000  1.314779e-021
966.850000  1.301980e-021
966.860000  1.294334e-021
966.870000  1.314030e-021
966.880000  1.333796e-021
966.890000  1.367452e-021
966.900000  1.371805e-021
966.910000  1.376160e-021
966.920000  1.370127e-021
966.930000  1.388347e-021
966.940000  1.431068e-021
966.950000  1.460036e-021
966.960000  1.466209e-021
966.970000  1.456542e-021
966.980000  1.462709e-021
966.990000  1.472406e-021
967.000000  1.506897e-021
967.010000  1.532096e-021
967.020000  1.552059e-021
967.030000  1.529127e-021
967.040000  1.524076e-021
967.050000  1.547603e-021
967.060000  1.569453e-021
967.070000  1.593217e-021
967.080000  1.602590e-021
967.090000  1.590243e-021
967.100000  1.625045e-021
967.110000  1.641799e-021
967.120000  1.651286e-021
967.130000  1.684712e-021
967.140000  1.685066e-021
967.150000  1.670681e-021
967.160000  1.683931e-021
967.170000  1.704630e-021
967.180000  1.714270e-021
967.190000  1.738846e-021
967.200000  1.746696e-021
967.210000  1.754332e-021
967.220000  1.767608e-021
967.230000  1.807341e-021
967.240000  1.832149e-021
967.250000  1.853256e-021
967.260000  1.859136e-021
967.270000  1.863109e-021
967.280000  1.876665e-021
967.290000  1.901806e-021
967.300000  1.952307e-021
967.310000  1.958299e-021
967.320000  1.976013e-021
967.330000  1.993789e-021
967.340000  2.021477e-021
967.350000  2.029522e-021
967.360000  2.077303e-021
967.370000  2.113468e-021
967.380000  2.131721e-021
967.390000  2.141956e-021
967.400000  2.152210e-021
967.410000  2.168868e-021
967.420000  2.189650e-021
967.430000  2.237176e-021
967.440000  2.237623e-021
967.450000  2.250423e-021
967.460000  2.286033e-021
967.470000  2.353330e-021
967.480000  2.436448e-021
967.490000  2.477660e-021
967.500000  2.512688e-021
967.510000  2.550135e-021
967.520000  2.565895e-021
967.530000  2.564152e-021
967.540000  2.579952e-021
967.550000  2.631170e-021
967.560000  2.682896e-021
967.570000  2.710302e-021
967.580000  2.756000e-021
967.590000  2.760994e-021
967.600000  2.779669e-021
967.610000  2.804543e-021
967.620000  2.836461e-021
967.630000  2.884870e-021
967.640000  2.912614e-021
967.650000  2.907632e-021
967.660000  2.937859e-021
967.670000  2.973010e-021
967.680000  3.039546e-021
967.690000  3.089952e-021
967.700000  3.128626e-021
967.710000  3.174995e-021
967.720000  3.199431e-021
967.730000  3.221496e-021
967.740000  3.296453e-021
967.750000  3.357166e-021
967.760000  3.400528e-021
967.770000  3.415729e-021
967.780000  3.436169e-021
967.790000  3.524956e-021
967.800000  3.580466e-021
967.810000  3.665500e-021
967.820000  3.721693e-021
967.830000  3.809200e-021
967.840000  3.861408e-021
967.850000  3.922751e-021
967.860000  4.079267e-021
967.870000  4.131935e-021
967.880000  4.206052e-021
967.890000  4.266717e-021
967.900000  4.328432e-021
967.910000  4.385241e-021
967.920000  4.432894e-021
967.930000  4.529048e-021
967.940000  4.571645e-021
967.950000  4.649383e-021
967.960000  4.746174e-021
967.970000  4.863430e-021
967.980000  4.940268e-021
967.990000  5.006988e-021
968.000000  5.074248e-021
968.010000  5.153883e-021
968.020000  5.237275e-021
968.030000  5.300156e-021
968.040000  5.387725e-021
968.050000  5.495532e-021
968.060000  5.640299e-021
968.070000  5.743826e-021
968.080000  6.033575e-021
968.090000  6.126100e-021
968.100000  6.243243e-021
968.110000  6.369318e-021
968.120000  6.471851e-021
968.130000  6.665619e-021
968.140000  6.853372e-021
968.150000  6.950525e-021
968.160000  7.031319e-021
968.170000  7.120985e-021
968.180000  7.279645e-021
968.190000  7.509391e-021
968.200000  7.760168e-021
968.210000  7.967790e-021
968.220000  8.114664e-021
968.230000  8.235504e-021
968.240000  8.486548e-021
968.250000  8.619601e-021
968.260000  8.867388e-021
968.270000  9.003679e-021
968.280000  9.150816e-021
968.290000  9.348247e-021
968.300000  9.538255e-021
968.310000  9.801041e-021
968.320000  1.002730e-020
968.330000  1.034021e-020
968.340000  1.054265e-020
968.350000  1.072628e-020
968.360000  1.095549e-020
968.370000  1.130991e-020
968.380000  1.160443e-020
968.390000  1.178948e-020
968.400000  1.194195e-020
968.410000  1.213830e-020
968.420000  1.243260e-020
968.430000  1.278159e-020
968.440000  1.305135e-020
968.450000  1.332599e-020
968.460000  1.359279e-020
968.470000  1.387751e-020
968.480000  1.420792e-020
968.490000  1.444984e-020
968.500000  1.479307e-020
968.510000  1.497380e-020
968.520000  1.525712e-020
968.530000  1.545810e-020
968.540000  1.579535e-020
968.550000  1.612501e-020
968.560000  1.658076e-020
968.570000  1.685603e-020
968.580000  1.711524e-020
968.590000  1.744690e-020
968.600000  1.779954e-020
968.610000  1.831795e-020
968.620000  1.860718e-020
968.630000  1.882005e-020
968.640000  1.907471e-020
968.650000  1.942229e-020
968.660000  1.968543e-020
968.670000  2.012439e-020
968.680000  2.036991e-020
968.690000  2.067065e-020
968.700000  2.096073e-020
968.710000  2.115030e-020
968.720000  2.144549e-020
968.730000  2.172894e-020
968.740000  2.196636e-020
968.750000  2.215548e-020
968.760000  2.227394e-020
968.770000  2.249702e-020
968.780000  2.252762e-020
968.790000  2.273572e-020
968.800000  2.296817e-020
968.810000  2.311939e-020
968.820000  2.311725e-020
968.830000  2.331611e-020
968.840000  2.330172e-020
968.850000  2.334828e-020
968.860000  2.334851e-020
968.870000  2.326596e-020
968.880000  2.318147e-020
968.890000  2.317448e-020
968.900000  2.321580e-020
968.910000  2.309800e-020
968.920000  2.296923e-020
968.930000  2.267263e-020
968.940000  2.254517e-020
968.950000  2.245785e-020
968.960000  2.224125e-020
968.970000  2.210170e-020
968.980000  2.202592e-020
968.990000  2.160743e-020
969.000000  2.135341e-020
969.010000  2.109342e-020
969.020000  2.079028e-020
969.030000  2.063117e-020
969.040000  2.035301e-020
969.050000  1.995437e-020
969.060000  1.954303e-020
969.070000  1.923905e-020
969.080000  1.896477e-020
969.090000  1.852187e-020
969.100000  1.830558e-020
969.110000  1.783514e-020
969.120000  1.756135e-020
969.130000  1.722524e-020
969.140000  1.698136e-020
969.150000  1.675082e-020
969.160000  1.646452e-020
969.170000  1.613320e-020
969.180000  1.572867e-020
969.190000  1.545055e-020
969.200000  1.504928e-020
969.210000  1.480436e-020
969.220000  1.452192e-020
969.230000  1.413701e-020
969.240000  1.377428e-020
969.250000  1.349649e-020
969.260000  1.332470e-020
969.270000  1.312956e-020
969.280000  1.278873e-020
969.290000  1.245504e-020
969.300000  1.211645e-020
969.310000  1.187726e-020
969.320000  1.164157e-020
969.330000  1.128610e-020
969.340000  1.104786e-020
969.350000  1.075907e-020
969.360000  1.042253e-020
969.370000  1.022788e-020
969.380000  9.984122e-021
969.390000  9.896385e-021
969.400000  9.657482e-021
969.410000  9.349726e-021
969.420000  9.125560e-021
969.430000  8.809195e-021
969.440000  8.649170e-021
969.450000  8.462881e-021
969.460000  8.297237e-021
969.470000  7.997427e-021
969.480000  7.792163e-021
969.490000  7.660078e-021
969.500000  7.511642e-021
969.510000  7.407990e-021
969.520000  7.244800e-021
969.530000  6.990133e-021
969.540000  6.864818e-021
969.550000  6.690746e-021
969.560000  6.494090e-021
969.570000  6.437834e-021
969.580000  6.260504e-021
969.590000  6.069301e-021
969.600000  5.549332e-021
969.610000  5.409696e-021
969.620000  5.316202e-021
969.630000  5.242431e-021
969.640000  5.157068e-021
969.650000  5.028356e-021
969.660000  4.915925e-021
969.670000  4.833675e-021
969.680000  4.768366e-021
969.690000  4.727373e-021
969.700000  4.613159e-021
969.710000  4.493141e-021
969.720000  4.383908e-021
969.730000  4.313730e-021
969.740000  3.963185e-021
969.750000  3.878711e-021
969.760000  3.820729e-021
969.770000  3.802246e-021
969.780000  3.761699e-021
969.790000  3.675130e-021
969.800000  3.568725e-021
969.810000  3.499926e-021
969.820000  3.442399e-021
969.830000  3.393208e-021
969.840000  3.319100e-021
969.850000  3.223627e-021
969.860000  3.156809e-021
969.870000  3.088428e-021
969.880000  3.059312e-021
969.890000  3.051947e-021
969.900000  2.994432e-021
969.910000  2.944610e-021
969.920000  2.899929e-021
969.930000  2.844078e-021
969.940000  2.804836e-021
969.950000  2.740943e-021
969.960000  2.702476e-021
969.970000  2.659837e-021
969.980000  2.608720e-021
969.990000  2.569033e-021
970.000000  2.529650e-021
970.010000  2.502618e-021
970.020000  2.488631e-021
970.030000  2.433997e-021
970.040000  2.356755e-021
970.050000  2.290992e-021
970.060000  2.265114e-021
970.070000  2.249640e-021
970.080000  2.226000e-021
970.090000  2.175998e-021
970.100000  2.118422e-021
970.110000  2.083357e-021
970.120000  2.074341e-021
970.130000  2.057389e-021
970.140000  2.024677e-021
970.150000  1.962828e-021
970.160000  1.930681e-021
970.170000  1.892945e-021
970.180000  1.874611e-021
970.190000  1.869732e-021
970.200000  1.836213e-021
970.210000  1.808327e-021
970.220000  1.797575e-021
970.230000  1.777430e-021
970.240000  1.781792e-021
970.250000  1.772982e-021
970.260000  1.754816e-021
970.270000  1.732988e-021
970.280000  1.718689e-021
970.290000  1.685928e-021
970.300000  1.671769e-021
970.310000  1.665003e-021
970.320000  1.667439e-021
970.330000  1.627717e-021
970.340000  1.590121e-021
970.350000  1.549212e-021
970.360000  1.528286e-021
970.370000  1.514585e-021
970.380000  1.513396e-021
970.390000  1.476662e-021
970.400000  1.466642e-021
970.410000  1.460768e-021
970.420000  1.460195e-021
970.430000  1.459622e-021
970.440000  1.425657e-021
970.450000  1.362437e-021
970.460000  1.318846e-021
970.470000  1.320036e-021
970.480000  1.348738e-021
970.490000  1.353377e-021
970.500000  1.344225e-021
970.510000  1.307675e-021
970.520000  1.286693e-021
970.530000  1.279380e-021
970.540000  1.290772e-021
970.550000  1.293662e-021
970.560000  1.267676e-021
970.570000  1.225011e-021
970.580000  1.191051e-021
970.590000  1.173923e-021
970.600000  1.171787e-021
970.610000  1.152363e-021
970.620000  1.131354e-021
970.630000  1.112064e-021
970.640000  1.102669e-021
970.650000  1.078571e-021
970.660000  1.079016e-021
970.670000  1.079462e-021
970.680000  1.057076e-021
970.690000  1.034778e-021
970.700000  1.015795e-021
970.710000  9.920478e-022
970.720000  1.000514e-021
970.730000  1.005771e-021
970.740000  9.916951e-022
970.750000  9.712360e-022
970.760000  9.412774e-022
970.770000  9.432751e-022
970.780000  9.452744e-022
970.790000  9.408926e-022
970.800000  9.317334e-022
970.810000  9.101819e-022
970.820000  8.902929e-022
970.830000  8.673266e-022
970.840000  8.570018e-022
970.850000  8.482618e-022
970.860000  8.285869e-022
970.870000  8.261302e-022
970.880000  8.205523e-022
970.890000  8.118618e-022
970.900000  8.187618e-022
970.910000  8.381899e-022
970.920000  8.372942e-022
970.930000  8.129554e-022
970.940000  7.996003e-022
970.950000  7.955941e-022
970.960000  7.900363e-022
970.970000  7.751806e-022
970.980000  7.572741e-022
970.990000  7.471230e-022
971.000000  7.308392e-022
971.010000  7.395735e-022
971.020000  7.452380e-022
971.030000  7.678908e-022
971.040000  7.658445e-022
971.050000  7.483759e-022
971.060000  7.355795e-022
971.070000  7.212886e-022
971.080000  7.315299e-022
971.090000  7.233786e-022
971.100000  7.076063e-022
971.110000  6.873269e-022
971.120000  6.716787e-022
971.130000  6.848573e-022
971.140000  6.843827e-022
971.150000  6.960645e-022
971.160000  6.834343e-022
971.170000  6.693272e-022
971.180000  6.718832e-022
971.190000  6.683883e-022
971.200000  6.618770e-022
971.210000  6.698777e-022
971.220000  6.627706e-022
971.230000  6.511542e-022
971.240000  6.470845e-022
971.250000  6.310052e-022
971.260000  6.449691e-022
971.270000  6.424088e-022
971.280000  6.293460e-022
971.290000  6.163186e-022
971.300000  5.973653e-022
971.310000  5.933452e-022
971.320000  6.042194e-022
971.330000  6.076491e-022
971.340000  6.006404e-022
971.350000  5.817544e-022
971.360000  5.777497e-022
971.370000  5.856163e-022
971.380000  5.845775e-022
971.390000  5.998924e-022
971.400000  5.914121e-022
971.410000  5.718218e-022
971.420000  5.508166e-022
971.430000  5.387116e-022
971.440000  5.531520e-022
971.450000  5.676433e-022
971.460000  5.407215e-022
971.470000  5.212657e-022
971.480000  4.960142e-022
971.490000  5.059435e-022
971.500000  5.261980e-022
971.510000  5.332521e-022
971.520000  5.137880e-022
971.530000  4.885267e-022
971.540000  4.911271e-022
971.550000  5.040031e-022
971.560000  5.169206e-022
971.570000  5.121811e-022
971.580000  5.015601e-022
971.590000  4.763018e-022
971.600000  4.657349e-022
971.610000  4.910745e-022
971.620000  5.047500e-022
971.630000  5.037278e-022
971.640000  4.836231e-022
971.650000  4.679803e-022
971.660000  4.698901e-022
971.670000  4.703390e-022
971.680000  4.707879e-022
971.690000  4.741596e-022
971.700000  4.164660e-022
971.710000  3.981596e-022
971.720000  4.000486e-022
971.730000  4.250440e-022
971.740000  4.545224e-022
971.750000  4.491519e-022
971.760000  4.292854e-022
971.770000  4.297339e-022
971.780000  4.490437e-022
971.790000  4.786459e-022
971.800000  4.805564e-022
971.810000  4.683095e-022
971.820000  4.227449e-022
971.830000  3.818968e-022
971.840000  3.770617e-022
971.850000  4.081185e-022
971.860000  4.364565e-022
971.870000  4.257796e-022
971.880000  4.151286e-022
971.890000  4.059421e-022
971.900000  4.097158e-022
971.910000  4.221411e-022
971.920000  4.476242e-022
971.930000  4.499689e-022
971.940000  4.204983e-022
971.950000  3.940738e-022
971.960000  3.820781e-022
971.970000  3.929949e-022
971.980000  4.111163e-022
971.990000  4.278530e-022
972.000000  4.014123e-022
972.010000  3.717537e-022
972.020000  3.309151e-022
972.030000  3.440498e-022
972.040000  3.872079e-022
972.050000  3.861647e-022
972.060000  3.751071e-022
972.070000  3.654954e-022
972.080000  3.558978e-022
972.090000  3.591289e-022
972.100000  3.838105e-022
972.110000  3.885005e-022
972.120000  3.688424e-022
972.130000  3.592294e-022
972.140000  3.496305e-022
972.150000  3.557124e-022
972.160000  3.718127e-022
972.170000  3.579022e-022
972.180000  3.269637e-022
972.190000  3.131597e-022
972.200000  3.092825e-022
972.210000  3.381870e-022
972.220000  3.472623e-022
972.230000  3.420886e-022
972.240000  3.198630e-022
972.250000  3.260649e-022
972.260000  3.294315e-022
972.270000  3.313784e-022
972.280000  3.290576e-022
972.290000  3.224727e-022
972.300000  3.102197e-022
972.310000  2.994065e-022
972.320000  2.914377e-022
972.330000  3.103597e-022
972.340000  3.122984e-022
972.350000  3.043076e-022
972.360000  2.920819e-022
972.370000  2.855286e-022
972.380000  2.789814e-022
972.390000  2.893828e-022
972.400000  2.998090e-022
972.410000  2.867054e-022
972.420000  2.736405e-022
972.430000  2.535907e-022
972.440000  2.616639e-022
972.450000  2.725625e-022
972.460000  2.877150e-022
972.470000  2.718447e-022
972.480000  2.476190e-022
972.490000  2.472671e-022
972.500000  2.651466e-022
972.510000  2.873118e-022
972.520000  3.024863e-022
972.530000  3.077796e-022
972.540000  2.834062e-022
972.550000  2.788215e-022
972.560000  2.855006e-022
972.570000  3.020674e-022
972.580000  3.115993e-022
972.590000  2.999230e-022
972.600000  2.925050e-022
972.610000  2.845030e-022
972.620000  2.849514e-022
972.630000  3.164525e-022
972.640000  3.481431e-022
972.650000  3.201814e-022
972.660000  2.951947e-022
972.670000  2.857855e-022
972.680000  2.989108e-022
972.690000  3.092406e-022
972.700000  3.153440e-022
972.710000  3.058992e-022
972.720000  2.936560e-022
972.730000  2.744244e-022
972.740000  2.748723e-022
972.750000  2.879625e-022
972.760000  2.870041e-022
972.770000  2.804263e-022
972.780000  2.626527e-022
972.790000  2.603028e-022
972.800000  2.719498e-022
972.810000  2.913095e-022
972.820000  2.853870e-022
972.830000  2.654523e-022
972.840000  2.497781e-022
972.850000  2.411123e-022
972.860000  2.645575e-022
972.870000  2.712635e-022
972.880000  2.878149e-022
972.890000  2.917376e-022
972.900000  2.773824e-022
972.910000  2.658663e-022
972.920000  2.697717e-022
972.930000  2.722777e-022
972.940000  2.818069e-022
972.950000  2.674747e-022
972.960000  2.587744e-022
972.970000  2.486912e-022
972.980000  2.511864e-022
972.990000  2.313638e-022
973.000000  2.171648e-022
973.010000  2.131515e-022
973.020000  2.299724e-022
973.030000  2.454518e-022
973.040000  2.372338e-022
973.050000  2.206891e-022
973.060000  2.417147e-022
973.070000  2.558289e-022
973.080000  2.784016e-022
973.090000  2.799557e-022
973.100000  2.548790e-022
973.110000  2.285349e-022
973.120000  2.245136e-022
973.130000  2.371853e-022
973.140000  2.905466e-022
973.150000  3.005587e-022
973.160000  2.697746e-022
973.170000  2.391761e-022
973.180000  2.295807e-022
973.190000  2.534283e-022
973.200000  2.801943e-022
973.210000  2.743705e-022
973.220000  2.741618e-022
973.230000  2.418122e-022
973.240000  2.332631e-022
973.250000  2.386290e-022
973.260000  2.663295e-022
973.270000  2.787242e-022
973.280000  2.533504e-022
973.290000  2.406154e-022
973.300000  2.418068e-022
973.310000  2.513496e-022
973.320000  2.804779e-022
973.330000  2.928863e-022
973.340000  2.828589e-022
973.350000  2.644769e-022
973.360000  2.517323e-022
973.370000  2.362504e-022
973.380000  2.402145e-022
973.390000  2.386287e-022
973.400000  2.287332e-022
973.410000  2.210301e-022
973.420000  2.243887e-022
973.430000  2.540987e-022
973.440000  2.560834e-022
973.450000  2.706043e-022
973.460000  2.698039e-022
973.470000  2.676102e-022
973.480000  2.709916e-022
973.490000  2.729798e-022
973.500000  2.833449e-022
973.510000  2.923288e-022
973.520000  2.845321e-022
973.530000  2.683860e-022
973.540000  2.648031e-022
973.550000  2.695728e-022
973.560000  2.924977e-022
973.570000  2.874989e-022
973.580000  2.685679e-022
973.590000  2.538726e-022
973.600000  2.503039e-022
973.610000  2.616133e-022
973.620000  2.715597e-022
973.630000  2.717667e-022
973.640000  2.552751e-022
973.650000  2.638225e-022
973.660000  2.668129e-022
973.670000  2.600563e-022
973.680000  2.783875e-022
973.690000  2.674308e-022
973.700000  2.606689e-022
973.710000  2.511311e-022
973.720000  2.402186e-022
973.730000  2.543180e-022
973.740000  2.614870e-022
973.750000  2.616918e-022
973.760000  2.437943e-022
973.770000  2.121142e-022
973.780000  2.040195e-022
973.790000  2.028288e-022
973.800000  2.223787e-022
973.810000  2.404224e-022
973.820000  2.251507e-022
973.830000  2.223791e-022
973.840000  2.362532e-022
973.850000  2.585303e-022
973.860000  2.599259e-022
973.870000  2.348645e-022
973.880000  1.919884e-022
973.890000  1.837312e-022
973.900000  1.837313e-022
973.910000  2.113078e-022
973.920000  2.293125e-022
973.930000  2.126907e-022
973.940000  2.071622e-022
973.950000  2.057811e-022
973.960000  2.209953e-022
973.970000  2.348657e-022
973.980000  2.487738e-022
973.990000  2.487739e-022
974.000000  2.418153e-022
974.200000  2.150703e-022
974.400000  2.365144e-022
974.600000  2.133173e-022
974.800000  2.084615e-022
975.000000  2.335197e-022
975.200000  2.597952e-022
975.400000  2.439310e-022
975.600000  2.478414e-022
975.800000  2.475276e-022
976.000000  2.066858e-022
976.200000  1.707573e-022
976.400000  1.863547e-022
976.600000  2.235200e-022
976.800000  2.020082e-022
977.000000  2.397055e-022
977.200000  3.415066e-022
977.400000  4.046435e-022
977.600000  4.089383e-022
977.800000  4.600775e-022
978.000000  5.063417e-022
978.200000  4.845999e-022
978.400000  4.649060e-022
978.600000  5.019234e-022
978.800000  5.122261e-022
979.000000  4.742564e-022
979.200000  4.884733e-022
979.400000  5.171498e-022
979.600000  5.164458e-022
979.800000  4.953997e-022
980.000000  4.972850e-022
980.200000  5.154056e-022
980.400000  4.758674e-022
980.600000  4.190201e-022
980.800000  4.149125e-022
981.000000  4.318003e-022
981.200000  4.064809e-022
981.400000  4.190219e-022
981.600000  4.642927e-022
981.800000  4.605350e-022
982.000000  4.181201e-022
982.200000  4.363018e-022
982.400000  4.666443e-022
982.600000  4.117359e-022
982.800000  3.513319e-022
983.000000  3.502143e-022
983.200000  3.340167e-022
983.400000  2.774514e-022
983.600000  2.569245e-022
983.800000  2.572422e-022
984.000000  2.526668e-022
984.200000  2.219304e-022
984.400000  2.382446e-022
984.600000  2.563051e-022
984.800000  2.146104e-022
985.000000  1.984307e-022
985.200000  2.097709e-022
985.400000  2.266044e-022
985.600000  2.014274e-022
985.800000  2.097782e-022
986.000000  2.513564e-022
986.200000  2.474425e-022
986.400000  1.998278e-022
986.600000  2.167321e-022
986.800000  2.493524e-022
987.000000  2.269431e-022
987.200000  2.112062e-022
987.400000  2.200789e-022
987.600000  2.115457e-022
987.800000  1.800463e-022
988.000000  1.896273e-022
988.200000  2.295731e-022
988.400000  2.019110e-022
988.600000  1.649374e-022
988.800000  1.887783e-022
989.000000  2.061630e-022
989.200000  1.604963e-022
989.400000  1.511037e-022
989.600000  1.807185e-022
989.800000  2.063429e-022
990.000000  1.519151e-022
990.200000  1.608742e-022
990.400000  1.882803e-022
990.600000  1.485172e-022
990.800000  1.271427e-022
991.000000  1.698572e-022
991.200000  1.946106e-022
991.400000  1.541173e-022
991.600000  1.525728e-022
991.800000  1.948948e-022
992.000000  2.089110e-022
992.200000  1.492391e-022
992.400000  1.384782e-022
992.600000  1.599751e-022
992.800000  1.343909e-022
993.000000  1.107042e-022
993.200000  1.618596e-022
993.400000  1.909198e-022
993.600000  1.563471e-022
993.800000  1.499960e-022
994.000000  1.611455e-022
994.200000  1.462969e-022
994.400000  1.026386e-022
994.600000  1.165546e-022
994.800000  1.425718e-022
995.000000  1.264964e-022
995.200000  1.216632e-022
995.400000  1.254254e-022
995.600000  1.556859e-022
995.800000  1.395647e-022
996.000000  1.605786e-022
996.200000  1.962695e-022
996.400000  1.821742e-022
996.600000  1.358047e-022
996.800000  1.320765e-022
997.000000  1.576500e-022
997.200000  1.353951e-022
997.400000  1.158572e-022
997.600000  1.279925e-022
997.800000  1.519771e-022
998.000000  1.433505e-022
998.200000  1.740060e-022
998.400000  2.350001e-022
998.600000  2.323968e-022
998.800000  1.985977e-022
999.000000  2.221344e-022
999.200000  2.400450e-022
999.400000  2.121241e-022
999.600000  1.875156e-022
999.800000  2.287908e-022
1000.000000  1.399594e-022
1000.200000  1.609046e-022
1000.400000  1.464283e-022
1000.600000  1.548151e-022
1000.800000  1.555678e-022
1001.000000  1.083728e-022
1001.200000  8.009368e-023
1001.400000  1.172495e-022
1001.600000  1.365324e-022
1001.800000  9.084485e-023
1002.000000  1.042870e-022
1002.200000  1.221596e-022
1002.400000  1.293384e-022
1002.600000  1.221645e-022
1002.800000  1.234249e-022
1003.000000  1.498310e-022
1003.200000  1.093441e-022
1003.400000  8.079700e-023
1003.600000  1.105402e-022
1003.800000  1.483554e-022
1004.000000  1.304634e-022
1004.200000  1.658429e-022
1004.400000  1.902553e-022
1004.600000  1.472290e-022
1004.800000  1.008672e-022
1005.000000  1.221935e-022
1005.200000  1.540775e-022
1005.400000  1.339167e-022
1005.600000  1.369953e-022
1005.800000  1.733824e-022
1006.000000  1.875977e-022
1006.200000  1.331531e-022
1006.400000  1.521793e-022
1006.600000  1.712077e-022
1006.800000  1.750982e-022
1007.000000  1.594323e-022
1007.200000  1.760610e-022
1007.400000  1.677168e-022
1007.600000  1.078027e-022
1007.800000  1.097973e-022
1008.000000  1.207583e-022
1008.200000  1.017156e-022
1008.400000  3.817148e-023
1008.600000  4.688885e-023
1008.800000  7.437005e-023
1009.000000  6.397190e-023
1009.200000  6.430517e-023
1009.400000  9.683442e-023
1009.600000  1.162817e-022
1009.800000  7.797781e-023
1010.000000  6.567267e-023
1010.200000  9.320493e-023
1010.400000  1.005307e-022
1010.600000  7.368382e-023
1010.800000  7.397775e-023
1011.000000  8.713113e-023
1011.200000  7.285290e-023
1011.400000  3.820779e-023
1011.600000  5.917260e-023
1011.800000  9.951834e-023
1012.000000  8.327429e-023
1012.200000  9.041101e-023
1012.400000  1.025157e-022
1012.600000  7.553117e-023
1012.800000  2.741667e-023
1013.000000  2.614532e-023
1013.200000  4.862956e-023
1013.400000  2.345613e-023
1013.600000  5.714141e-024
1013.800000  3.607076e-023
1014.000000  5.870433e-023
1014.200000  5.657927e-023
1014.400000  9.487764e-023
1014.600000  1.069967e-022
1014.800000  7.748351e-023
1015.000000  4.348509e-023
1015.200000  5.652752e-023
1015.400000  8.315595e-023
1015.600000  6.405178e-023
1015.800000  6.489947e-023
1016.000000  6.269902e-023
1016.200000  2.644896e-023
1016.400000  -1.600385e-023
1016.600000  1.515728e-023
1016.800000  5.179429e-023
1017.000000  8.514815e-023
1017.200000  7.765172e-023
1017.400000  9.147372e-023
1017.600000  1.141360e-022
1017.800000  7.322808e-023
1018.000000  6.305903e-023
1018.200000  8.041473e-023
1018.400000  8.319226e-023
1018.600000  4.833525e-023
1018.800000  4.701230e-023
1019.000000  9.331144e-023
1019.200000  8.476229e-023
1019.400000  1.213034e-023
1019.600000  2.137184e-023
1019.800000  3.874683e-023
1020.000000  7.714214e-024
1020.200000  1.214002e-023
1020.400000  4.006330e-023
1020.600000  4.532945e-023
1020.800000  3.001333e-023
1021.000000  4.833004e-023
1021.200000  6.655049e-023
1021.400000  4.836913e-023
1021.600000  3.308567e-023
1021.800000  8.117112e-023
1022.000000  1.143353e-022
1022.200000  7.924767e-023
1022.400000  7.214841e-023
1022.600000  1.241910e-022
1022.800000  1.601261e-022
1023.000000  1.382765e-022
1023.200000  1.486076e-022
1023.400000  1.754284e-022
1023.600000  1.474846e-022
1023.800000  1.149054e-022
1024.000000  1.512928e-022
1024.200000  1.766677e-022
1024.400000  1.686905e-022
1024.600000  1.820673e-022
1024.800000  2.166257e-022
1025.000000  2.071184e-022
1025.200000  1.628447e-022
1025.400000  1.862194e-022
1025.600000  2.058174e-022
1025.800000  1.409901e-022
1026.000000  9.950389e-023
1026.200000  1.250993e-022
1026.400000  1.535836e-022
1026.600000  1.097377e-022
1026.800000  7.387988e-023
1027.000000  7.832757e-023
1027.200000  5.779236e-023
1027.400000  3.927885e-023
1027.600000  7.875143e-023
1027.800000  1.353066e-022
1028.000000  1.448482e-022
1028.200000  1.675227e-022
1028.400000  2.075087e-022
1028.600000  2.350379e-022
1028.800000  2.251415e-022
1029.000000  2.563076e-022
1029.200000  3.254752e-022
1029.400000  3.399807e-022
1029.600000  3.338043e-022
1029.800000  3.531398e-022
1030.000000  3.677011e-022
1030.200000  3.196290e-022
1030.400000  2.545543e-022
1030.600000  2.489611e-022
1030.800000  2.081538e-022
1031.000000  1.092428e-022
1031.200000  7.141299e-023
1031.400000  6.739687e-023
1031.600000  3.230147e-023
1031.800000  -1.554491e-023
1032.000000  7.747810e-024
1032.200000  5.471460e-023
1032.400000  3.802093e-023
1032.600000  2.402533e-023
1032.800000  5.637746e-023
1033.000000  6.468523e-023
1033.200000  1.265423e-023
1033.400000  6.172623e-024
1033.600000  1.356239e-023
1033.800000  -1.334298e-024
1034.000000  -1.913360e-023
1034.200000  7.996903e-024
1034.400000  3.412021e-023
1034.600000  -5.324581e-024
1034.800000  -1.839258e-023
1035.000000  5.617778e-024
1035.200000  -3.312766e-024
1035.400000  -2.263116e-023
1035.600000  -9.960899e-025
1035.800000  3.498655e-023
1036.000000  7.683780e-024
1036.200000  -1.905350e-023
1036.400000  -1.909595e-024
1036.600000  4.598802e-024
1036.800000  -3.335508e-023
1037.000000  -2.999622e-023
1037.200000  1.876840e-023
1037.400000  8.158204e-024
1037.600000  -2.832450e-023
1037.800000  -2.023806e-023
1038.000000  1.089965e-023
1038.200000  8.973210e-024
1038.400000  2.173629e-023
1038.600000  6.545991e-023
1038.800000  7.470001e-023
1039.000000  1.389897e-023
1039.200000  -1.619624e-023
1039.400000  -1.432362e-023
1039.600000  -2.068803e-023
1039.800000  -4.564284e-023
1040.000000  -3.513872e-023
1040.200000  -1.263658e-023
1040.400000  -2.876822e-023
1040.600000  -5.296612e-023
1040.800000  -3.539504e-023
1041.000000  -1.664331e-023
1041.200000  -5.802105e-023
1041.400000  -8.195506e-023
1041.600000  -7.834573e-023
1041.800000  -9.280827e-023
1042.000000  -1.161776e-022
1042.200000  -8.454355e-023
1042.400000  -4.378382e-023
1042.600000  -6.820583e-023
1042.800000  -7.715556e-023
1043.000000  -6.060803e-023
1043.200000  -4.280173e-023
1043.400000  -8.389267e-023
1043.600000  -7.572336e-023
1043.800000  -4.298435e-023
1044.000000  -5.064231e-023
1044.200000  -6.207933e-023
1044.400000  -1.680281e-023
1044.600000  2.983607e-024
1044.800000  -5.014323e-023
1045.000000  -5.713614e-023
1045.200000  -4.427896e-024
1045.400000  2.400846e-024
1045.600000  -5.895514e-023
1045.800000  -6.640318e-023
1046.000000  -1.966759e-023
1046.200000  -3.061383e-023
1046.400000  -4.519811e-023
1046.600000  -1.987216e-023
1046.800000  5.058827e-024
1047.000000  -3.661450e-023
1047.200000  -6.122494e-024
1047.400000  4.175219e-023
1047.600000  6.768454e-023
1047.800000  3.014781e-023
1048.000000  2.399511e-023
1048.200000  2.179221e-023
1048.400000  -2.097374e-023
1048.600000  -5.585504e-023
1048.800000  -1.205219e-023
1049.000000  3.284206e-023
1049.200000  1.846809e-023
1049.400000  3.372731e-023
1049.600000  4.715507e-023
1049.800000  2.253650e-023
1050.000000  -3.376755e-023
1050.200000  -3.107304e-023
1050.400000  5.318246e-024
1050.600000  -5.776081e-024
1050.800000  -2.432792e-023
1051.000000  -4.206434e-024
1051.200000  1.477813e-023
1051.400000  -1.325276e-023
1051.600000  -7.308305e-024
1051.800000  4.046232e-023
1052.000000  2.183819e-023
1052.200000  -6.284677e-023
1052.400000  -6.135087e-023
1052.600000  -1.040722e-023
1052.800000  -8.875667e-024
1053.000000  -9.345263e-024
1053.200000  2.982930e-023
1053.400000  2.270092e-023
1053.600000  -2.742024e-023
1053.800000  -5.757916e-023
1054.000000  -2.741540e-023
1054.200000  -2.548220e-023
1054.400000  -5.199275e-023
1054.600000  -5.116528e-023
1054.800000  -2.908651e-023
1055.000000  -7.249046e-023
1055.200000  -9.415410e-023
1055.400000  -6.405805e-023
1055.600000  -4.722212e-023
1055.800000  -9.833703e-023
1056.000000  -8.737414e-023
1056.200000  -3.913876e-023
1056.400000  -4.998847e-023
1056.600000  -7.936316e-023
1056.800000  -4.752104e-023
1057.000000  -1.441222e-023
1057.200000  -3.990063e-023
1057.400000  -5.178895e-023
1057.600000  -2.784703e-023
1057.800000  -1.657201e-023
1058.000000  -3.793933e-023
1058.200000  -1.345237e-023
1058.400000  3.523136e-023
1058.600000  4.278951e-024
1058.800000  -4.749684e-023
1059.000000  -3.833737e-023
1059.200000  -4.573931e-024
1059.400000  -2.590844e-023
1059.600000  -5.552951e-023
1059.800000  -3.307674e-023
1060.000000  -2.278068e-023
1060.200000  -6.877447e-023
1060.400000  -7.201926e-023
1060.600000  -2.541446e-023
1060.800000  -2.926286e-023
1061.000000  -4.778594e-023
1061.200000  -2.034024e-023
1061.400000  -5.338231e-024
1061.600000  -6.334830e-023
1061.800000  -9.189347e-023
1062.000000  -4.248768e-023
1062.200000  -2.368968e-023
1062.400000  -7.077419e-023
1062.600000  -6.195909e-023
1062.800000  -4.444392e-023
1063.000000  -5.802878e-023
1063.200000  -7.809716e-023
1063.400000  -3.188201e-023
1063.600000  -2.657700e-023
1063.800000  -6.811212e-023
1064.000000  -7.248186e-023
1064.200000  -4.461336e-023
1064.400000  -6.029945e-023
1064.600000  -6.079810e-023
1064.800000  -1.764333e-023
1065.000000  1.880997e-023
1065.200000  9.324227e-024
1065.400000  -2.172682e-023
1065.600000  -4.187416e-024
1065.800000  1.072220e-023
1066.000000  -3.988217e-023
1066.200000  -5.102166e-023
1066.400000  -2.145686e-023
1066.600000  -3.138964e-023
1066.800000  -7.480129e-023
1067.000000  -5.333121e-023
1067.200000  -1.201675e-023
1067.400000  -2.628838e-023
1067.600000  -3.448042e-023
1067.800000  -4.789929e-024
1068.000000  1.785298e-023
1068.200000  -2.481752e-023
1068.400000  -2.409706e-023
1068.600000  7.907085e-026
1068.800000  -4.628644e-024
1069.000000  -4.300290e-023
1069.200000  -3.570862e-023
1069.400000  3.754947e-023
1069.600000  3.484004e-023
1069.800000  -1.092868e-023
1070.000000  -1.198287e-023
1070.200000  -9.017839e-024
1070.400000  -4.130854e-023
1070.600000  -3.205531e-023
1070.800000  -1.921801e-023
1071.000000  -4.011323e-023
1071.200000  -7.301596e-023
1071.400000  -4.495561e-023
1071.600000  -2.061071e-023
1071.800000  -5.363593e-023
1072.000000  -7.300628e-023
1072.200000  -4.326746e-023
1072.400000  -2.768747e-023
1072.600000  -6.065691e-023
1072.800000  -4.760723e-023
1073.000000  2.529744e-024
1073.200000  4.622651e-024
1073.400000  -3.205761e-023
1073.600000  -5.994079e-024
1073.800000  1.236969e-023
1074.000000  -4.723432e-023
1074.200000  -5.861066e-023
1074.400000  -3.641318e-023
1074.600000  -3.400818e-023
1074.800000  -5.325654e-023
1075.000000  -3.640592e-023
1075.200000  -3.132533e-024
1075.400000  -1.594241e-023
1075.600000  -2.399181e-023
1075.800000  2.233070e-023
1076.000000  6.343810e-023
1076.200000  1.345218e-024
1076.400000  -2.837824e-023
1076.600000  1.100327e-023
1076.800000  2.042995e-023
1077.000000  1.354899e-024
1077.200000  7.841773e-024
1077.400000  1.455307e-023
1077.600000  6.312748e-024
1077.800000  -2.147215e-023
1078.000000  -2.297053e-024
1078.200000  3.472337e-024
1078.400000  -3.678295e-023
1078.600000  -4.140965e-023
1078.800000  -1.554726e-023
1079.000000  -3.882484e-024
1079.200000  -3.305634e-023
1079.400000  -3.427456e-023
1079.600000  -1.107661e-023
1079.800000  -2.959687e-023
1080.000000  -3.576334e-023
1080.200000  1.721381e-023
1080.400000  5.090522e-023
1080.600000  1.525504e-023
1080.800000  7.176223e-024
1081.000000  2.405748e-023
1081.200000  3.508640e-024
1081.400000  -4.307593e-023
1081.600000  -2.831531e-023
1081.800000  1.591712e-023
1082.000000  -6.399858e-024
1082.200000  -2.659307e-023
1082.400000  -2.021567e-023
1082.600000  -2.265386e-023
1082.800000  -6.448880e-023
1083.000000  -5.232793e-023
1083.200000  2.716802e-024
1083.400000  1.810619e-023
1083.600000  -1.868961e-023
1083.800000  2.248284e-024
1084.000000  2.722860e-023
1084.200000  9.828983e-024
1084.400000  -1.568531e-023
1084.600000  -1.324847e-023
1084.800000  8.527820e-024
1085.000000  -2.606540e-023
1085.200000  -2.852404e-023
1085.400000  -2.685612e-024
1085.600000  -6.527968e-024
1085.800000  -4.976199e-023
1086.000000  -3.662140e-023
1086.200000  -1.129167e-023
1086.400000  -2.925892e-023
1086.600000  -5.802390e-023
1086.800000  -2.751991e-023
1087.000000  3.783904e-025
1087.200000  -3.123589e-023
1087.400000  -5.060229e-024
1087.600000  2.954058e-023
1087.800000  1.023655e-023
1088.000000  -1.759945e-023
1088.200000  -2.356629e-023
1088.400000  6.794201e-024
1088.600000  1.166992e-023
1088.800000  3.600606e-024
1089.000000  2.595025e-023
1089.200000  4.232807e-023
1089.400000  -1.513679e-023
1089.600000  -4.867610e-024
1089.800000  2.822268e-023
1090.000000  3.045756e-023
1090.200000  3.594131e-023
1090.400000  5.147634e-023
1090.600000  5.012685e-023
1090.800000  7.531455e-024
1091.000000  -1.756315e-023
1091.200000  2.132675e-023
1091.400000  2.951106e-023
1091.600000  -4.542265e-024
1091.800000  8.971647e-024
1092.000000  2.774330e-023
1092.200000  1.350630e-023
1092.400000  -1.978273e-023
1092.600000  3.170054e-024
1092.800000  3.779889e-023
1093.000000  1.018882e-023
1093.200000  -1.431800e-023
1093.400000  -9.157484e-024
1093.600000  -2.322237e-023
1093.800000  -6.617408e-023
1094.000000  -5.610185e-023
1094.200000  -3.378332e-024
1094.400000  2.726194e-023
1094.600000  1.090193e-023
1094.800000  7.345632e-024
1095.000000  1.505012e-023
1095.200000  -2.594197e-023
1095.400000  -1.137030e-023
1095.600000  4.286056e-023
1095.800000  -1.424594e-025
1096.000000  -3.362572e-023
1096.200000  -1.057895e-023
1096.400000  4.470396e-023
1096.600000  6.869780e-023
1096.800000  4.197307e-023
1097.000000  4.425659e-023
1097.200000  5.531567e-023
1097.400000  1.251919e-023
1097.600000  1.764506e-023
1097.800000  1.310041e-023
1098.000000  -6.725149e-024
1098.200000  -6.016095e-023
1098.400000  -4.247961e-023
1098.600000  -4.775761e-024
1098.800000  -2.639220e-023
1099.000000  -3.803840e-023
1099.200000  -9.270440e-024
1099.400000  6.680686e-024
1099.600000  -3.408316e-023
1099.800000  -2.935486e-023
1100.000000  -1.794510e-023
1100.200000  -2.662495e-023
1100.400000  -3.435188e-023
1100.600000  -1.120281e-023
1100.800000  2.365457e-023
1101.000000  5.873638e-025
1101.200000  -1.393402e-023
1101.400000  2.506511e-023
1101.600000  6.519205e-023
1101.800000  8.384310e-023
1102.000000  1.192018e-022
1102.200000  1.256555e-022
1102.400000  4.859280e-023
1102.600000  -1.906755e-023
1102.800000  6.952927e-024
1103.000000  3.512439e-023
1103.200000  1.698307e-023
1103.400000  2.633663e-023
1103.600000  5.641881e-023
1103.800000  5.273119e-023
1104.000000  7.325540e-024
1104.200000  1.660502e-023
1104.400000  4.533832e-023
1104.600000  2.018488e-023
1104.800000  -8.159883e-024
1105.000000  1.422326e-023
1105.200000  3.884820e-023
1105.400000  -9.517912e-024
1105.600000  -3.138501e-023
1105.800000  -1.540710e-023
1106.000000  -8.824986e-024
1106.200000  -4.272555e-023
1106.400000  -2.251985e-023
1106.600000  1.510693e-023
1106.800000  4.182450e-024
1107.000000  -3.540693e-023
1107.200000  -1.946201e-023
1107.400000  -1.209684e-023
1107.600000  -5.346650e-023
1107.800000  -5.258525e-023
1108.000000  -5.020209e-024
1108.200000  1.126441e-023
1108.400000  -1.917160e-023
1108.600000  -1.730478e-024
1108.800000  3.233374e-023
1109.000000  1.116408e-023
1109.200000  -1.865899e-023
1109.400000  -4.026686e-025
1109.600000  -1.127029e-023
1109.800000  -6.165478e-023
1110.000000  -4.403186e-023
1110.200000  9.305684e-025
1110.400000  1.671768e-023
1110.600000  -6.830307e-024
1110.800000  1.167254e-023
1111.000000  2.340649e-023
1111.200000  -3.032631e-023
1111.400000  -5.620664e-023
1111.600000  -1.533692e-023
1111.800000  -7.631979e-024
1112.000000  -4.361267e-023
1112.200000  -3.872751e-023
1112.400000  3.480272e-024
1112.600000  1.185702e-023
1112.800000  -2.699382e-023
1113.000000  -1.596245e-023
1113.200000  4.201398e-024
1113.400000  -1.975207e-023
1113.600000  -3.187937e-023
1113.800000  -1.798459e-023
1114.000000  -8.161114e-024
1114.200000  -3.395126e-023
1114.400000  1.176932e-023
1114.600000  8.340284e-023
1114.800000  7.339751e-023
1115.000000  9.420267e-024
1115.200000  1.090395e-023
1115.400000  4.037982e-023
1115.600000  1.463669e-023
1115.800000  1.424712e-023
1116.000000  3.849028e-023
1116.200000  3.089902e-023
1116.400000  -1.846261e-023
1116.600000  -2.617682e-023
1116.800000  1.913669e-023
1117.000000  -7.938123e-024
1117.200000  -4.335031e-023
1117.400000  -2.846785e-023
1117.600000  -1.540036e-023
1117.800000  -3.465933e-023
1118.000000  -2.796110e-023
1118.200000  2.469549e-023
1118.400000  5.483670e-023
1118.600000  2.310937e-023
1118.800000  2.843407e-023
1119.000000  3.994727e-023
1119.200000  6.730120e-024
1119.400000  -7.964938e-024
1119.600000  4.139147e-024
1119.800000  8.239850e-024
1120.000000  -2.325879e-023
1120.200000  -4.282847e-023
1120.400000  4.369189e-024
1120.600000  1.290028e-023
1120.800000  -2.116898e-023
1121.000000  -7.437574e-024
1121.200000  1.549625e-023
1121.400000  -2.324185e-023
1121.600000  -2.611632e-023
1121.800000  -6.780516e-024
1122.000000  -7.476818e-024
1122.200000  -4.869509e-023
1122.400000  -4.440057e-023
1122.600000  1.879642e-023
1122.800000  2.937108e-023
1123.000000  -6.073625e-024
1123.200000  -1.769811e-025
1123.400000  3.421913e-023
1123.600000  3.981698e-024
1123.800000  -4.002077e-023
1124.000000  -1.981252e-023
1124.200000  8.669272e-024
1124.400000  -3.576023e-023
1124.600000  -2.816162e-023
1124.800000  -6.051846e-024
1125.000000  -2.031979e-023
1125.200000  -3.582173e-023
1125.400000  5.829135e-025
1125.600000  6.917120e-024
1125.800000  -2.764873e-023
1126.000000  -6.290292e-023
1126.200000  -4.703221e-023
1126.400000  -4.864428e-023
1126.600000  -8.360587e-023
1126.800000  -7.264756e-023
1127.000000  -4.663625e-023
1127.200000  -7.532980e-023
1127.400000  -9.671059e-023
1127.600000  -7.007822e-023
1127.800000  -4.623504e-023
1128.000000  -6.840277e-023
1128.200000  -6.864141e-023
1128.400000  8.595691e-024
1128.600000  5.370470e-023
1128.800000  3.535274e-024
1129.000000  -2.655387e-023
1129.200000  -1.359705e-023
1129.400000  -1.936632e-023
1129.600000  -3.506951e-023
1129.800000  -1.402265e-023
1130.000000  9.517066e-024
1130.200000  -2.895188e-023
1130.400000  -4.036621e-023
1130.600000  9.647365e-024
1130.800000  1.298659e-023
1131.000000  -4.855401e-024
1131.200000  3.367566e-023
1131.400000  7.686628e-023
1131.600000  8.811221e-023
1131.800000  7.765029e-023
1132.000000  8.670536e-023
1132.200000  1.030136e-022
1132.400000  4.111604e-023
1132.600000  -1.625170e-023
1132.800000  -2.948323e-023
1133.000000  -6.603327e-023
1133.200000  -1.094548e-022
1133.400000  -7.722778e-023
1133.600000  -4.536561e-023
1133.800000  -7.532175e-023
1134.000000  -1.200102e-022
1134.200000  -1.035820e-022
1134.400000  -5.369957e-023
1134.600000  -6.706695e-023
1134.800000  -5.577803e-023
1135.000000  -1.998066e-023
1135.200000  -3.678000e-023
1135.400000  -8.594487e-023
1135.600000  -9.595293e-023
1135.800000  -6.220390e-023
1136.000000  -8.204065e-023
1136.200000  -9.518126e-023
1136.400000  -2.593724e-023
1136.600000  5.288757e-024
1136.800000  -6.360654e-023
1137.000000  -9.172109e-023
1137.200000  -5.160735e-023
1137.400000  -5.648004e-023
1137.600000  -1.379731e-022
1137.800000  -1.106466e-022
1138.000000  -7.141095e-023
1138.200000  -9.393944e-023
1138.400000  -1.035188e-022
1138.600000  -7.543880e-023
1138.800000  -5.857024e-023
1139.000000  -1.077061e-022
1139.200000  -1.154305e-022
1139.400000  -6.656621e-023
1139.600000  -7.058473e-023
1139.800000  -1.112948e-022
1140.000000  -9.931322e-023
1140.200000  -7.231182e-023
1140.400000  -9.146129e-023
1140.600000  -9.328059e-023
1140.800000  -5.365762e-023
1141.000000  -3.112885e-023
1141.200000  -1.076922e-022
1141.400000  -1.256186e-022
1141.600000  -1.052744e-022
1141.800000  -1.208590e-022
1142.000000  -1.572667e-022
1142.200000  -1.380356e-022
1142.400000  -1.261416e-022
1142.600000  -1.648980e-022
1142.800000  -1.826506e-022
1143.000000  -1.291098e-022
1143.200000  -1.142483e-022
1143.400000  -1.431243e-022
1143.600000  -1.196732e-022
1143.800000  -8.112282e-023
1144.000000  -8.400164e-023
1144.200000  -1.016145e-022
1144.400000  -6.032666e-023
1144.600000  -2.108857e-023
1144.800000  -8.154052e-023
1145.000000  -1.040377e-022
1145.200000  -6.945578e-023
1145.400000  -6.205407e-023
1145.600000  -1.191986e-022
1145.800000  -1.281898e-022
1146.000000  -9.979153e-023
1146.200000  -1.113199e-022
1146.400000  -1.295139e-022
1146.600000  -6.087912e-023
1146.800000  -1.688026e-023
1147.000000  -2.720506e-023
1147.200000  -2.385973e-023
1147.400000  -1.663263e-023
1147.600000  -4.559026e-023
1147.800000  -1.276298e-022
1148.000000  -1.400740e-022
1148.200000  -6.954191e-023
1148.400000  -4.921212e-023
1148.600000  -6.695289e-023
1148.800000  -4.655611e-023
1149.000000  -5.130340e-023
1149.200000  -1.209481e-022
1149.400000  -1.155082e-022
1149.600000  -6.563995e-023
1149.800000  -6.550038e-023
1150.000000  -1.209988e-022
