800.000000  NaN
800.200000  NaN
800.400000  NaN
800.600000  -8.718994e-034
800.800000  -1.803154e-033
801.000000  -4.915258e-033
801.200000  -2.731503e-033
801.400000  -7.724586e-034
801.600000  -2.188310e-033
801.800000  -3.305126e-033
802.000000  4.916075e-033
802.200000  7.536715e-033
802.400000  2.707120e-034
802.600000  -7.478853e-034
802.800000  4.101798e-033
803.000000  -4.281153e-033
803.200000  -8.184946e-033
803.400000  -3.567199e-033
803.600000  -2.889203e-033
803.800000  -1.257456e-032
804.000000  -2.170893e-032
804.200000  -1.760437e-032
804.400000  -1.388538e-032
804.600000  -2.361827e-032
804.800000  -1.294741e-032
805.000000  -6.205444e-033
805.200000  -1.798834e-032
805.400000  -2.240452e-032
805.600000  -1.590944e-032
805.800000  -2.317876e-033
806.000000  -4.473037e-033
806.200000  5.922753e-033
806.400000  1.774792e-032
806.600000  1.590646e-032
806.800000  3.170194e-033
807.000000  8.780549e-033
807.200000  1.981876e-032
807.400000  1.592816e-032
807.600000  2.108000e-033
807.800000  8.447152e-033
808.000000  2.661466e-033
808.200000  -2.694796e-032
808.400000  -2.555599e-032
808.600000  -9.294843e-033
808.800000  -1.098437e-032
809.000000  -1.296778e-032
809.200000  5.203305e-033
809.400000  1.221891e-032
809.600000  -1.008458e-032
809.800000  -1.927100e-032
810.000000  -9.595051e-033
810.200000  4.162882e-033
810.400000  -6.078339e-033
810.600000  -5.931041e-033
810.800000  1.775185e-032
811.000000  8.424870e-034
811.200000  -9.485600e-033
811.400000  5.040954e-033
811.600000  1.162572e-032
811.800000  1.734563e-033
812.000000  1.314585e-032
812.200000  2.370387e-032
812.400000  2.130937e-032
812.600000  -2.423832e-032
812.800000  -3.906374e-033
813.000000  3.177422e-032
813.200000  4.435817e-032
813.400000  -8.024234e-033
813.600000  -1.795977e-032
813.800000  -2.499074e-033
814.000000  -2.813966e-032
814.200000  -1.920194e-032
814.400000  1.603812e-032
814.600000  3.827560e-032
814.800000  -1.456657e-032
815.000000  -1.433712e-032
815.200000  1.384435e-032
815.400000  -1.750177e-033
815.600000  -2.696268e-032
815.800000  3.297909e-032
816.000000  5.730995e-032
816.200000  -5.524735e-033
816.400000  -1.982125e-032
816.600000  2.954713e-032
816.800000  4.484870e-032
817.000000  -1.266545e-032
817.200000  -3.231361e-032
817.400000  2.740278e-032
817.600000  -5.942766e-032
817.800000  -1.181091e-031
818.000000  -3.642561e-032
818.200000  4.306367e-032
818.400000  -4.105953e-032
818.600000  5.015475e-033
818.800000  1.745453e-031
819.000000  2.191243e-031
819.200000  1.425147e-031
819.400000  1.715490e-031
819.600000  3.766926e-031
819.800000  4.098892e-031
820.000000  3.256394e-031
820.200000  2.737072e-031
820.400000  2.719442e-031
820.600000  1.356926e-031
820.800000  1.569395e-031
821.000000  2.262244e-031
821.200000  2.042738e-031
821.400000  3.566833e-033
821.600000  -1.274439e-032
821.800000  -1.210978e-033
822.000000  -1.260987e-031
822.200000  -9.156186e-032
822.400000  -1.043368e-032
822.600000  9.705998e-032
822.800000  4.066156e-032
823.000000  4.604914e-032
823.200000  1.433037e-031
823.400000  1.107821e-031
823.600000  5.797810e-033
823.800000  1.105233e-031
824.000000  1.309759e-031
824.200000  -2.361977e-031
824.400000  -3.564446e-031
824.600000  -5.307474e-032
824.800000  2.571015e-031
825.000000  8.034573e-032
825.200000  1.023722e-031
825.400000  3.557734e-031
825.600000  -5.183272e-032
825.800000  -4.229882e-031
826.000000  -3.191439e-031
826.200000  -2.637063e-032
826.400000  -4.022682e-031
826.600000  -3.468283e-031
826.800000  -3.313917e-033
827.000000  2.326183e-031
827.200000  1.897321e-031
827.400000  2.988801e-031
827.600000  6.471006e-031
827.800000  4.388494e-031
828.000000  2.678315e-031
828.200000  3.608470e-031
828.400000  7.052843e-031
828.600000  4.082715e-031
828.800000  6.405807e-031
829.000000  1.258072e-030
829.200000  1.306631e-030
829.400000  7.012488e-031
829.600000  4.318669e-031
829.800000  4.561668e-031
830.000000  3.903515e-031
830.200000  3.948616e-031
830.400000  1.586273e-031
830.600000  8.084085e-032
830.800000  -1.402736e-031
831.000000  3.577251e-031
831.200000  7.712966e-031
831.400000  3.008528e-031
831.600000  -3.503259e-031
831.800000  -3.451031e-031
832.000000  -9.541812e-032
832.200000  -4.651063e-031
832.400000  -1.030884e-030
832.600000  -2.233389e-031
832.800000  1.152048e-031
833.000000  -6.553058e-031
833.200000  -4.380480e-031
833.400000  1.742363e-031
833.600000  1.014658e-030
833.800000  5.343790e-031
834.000000  1.496080e-031
834.200000  7.085738e-031
834.400000  9.115178e-031
834.600000  1.432320e-030
834.800000  2.264910e-030
835.000000  2.602947e-030
835.200000  1.391727e-030
835.400000  9.008593e-031
835.600000  1.465343e-030
835.800000  1.360306e-030
836.000000  3.954211e-031
836.200000  1.604201e-030
836.400000  2.056718e-030
836.600000  8.777899e-031
836.800000  7.652428e-031
837.000000  1.025073e-030
837.200000  1.609767e-031
837.400000  3.121492e-032
837.600000  3.285799e-031
837.800000  2.024291e-030
838.000000  1.353711e-030
838.200000  5.661598e-032
838.400000  8.640238e-031
838.600000  1.296315e-030
838.800000  3.151240e-031
839.000000  6.052627e-031
839.200000  2.337653e-030
839.400000  3.288425e-030
839.600000  1.806034e-030
839.800000  1.734269e-030
840.000000  4.375937e-030
840.200000  4.261860e-030
840.400000  3.362621e-030
840.600000  4.881282e-030
840.800000  7.473547e-030
841.000000  4.036815e-030
841.200000  2.229135e-030
841.400000  3.273913e-030
841.600000  3.476661e-030
841.800000  9.959782e-031
842.000000  -9.179435e-031
842.200000  3.301773e-031
842.400000  -1.185839e-030
842.600000  -3.150114e-030
842.800000  -3.111449e-031
843.000000  1.226713e-030
843.200000  3.085993e-031
843.400000  -3.353895e-031
843.600000  2.684715e-030
843.800000  4.903343e-030
844.000000  4.468623e-030
844.200000  6.321304e-030
844.400000  9.902703e-030
844.600000  4.811412e-030
844.800000  -3.182636e-030
845.000000  -6.215230e-030
845.200000  -7.300014e-030
845.400000  -1.104845e-029
845.600000  -1.259686e-029
845.800000  -8.845346e-030
846.000000  -5.717015e-030
846.200000  -1.054050e-029
846.400000  -1.169855e-029
846.600000  -9.806043e-030
846.800000  -1.610887e-029
847.000000  -1.953305e-029
847.200000  -1.493104e-029
847.400000  -1.237852e-029
847.600000  -1.563307e-029
847.800000  -1.792038e-029
848.000000  -1.143910e-029
848.200000  -2.210820e-030
848.400000  -5.348211e-030
848.600000  2.294137e-031
848.800000  8.951961e-030
849.000000  7.510287e-030
849.200000  7.730672e-030
849.400000  1.629984e-029
849.600000  1.530818e-029
849.800000  4.551145e-030
850.000000  7.061491e-030
850.200000  1.574107e-029
850.400000  2.065903e-029
850.600000  1.917582e-029
850.800000  1.675588e-029
851.000000  1.506056e-029
851.200000  8.881148e-030
851.400000  8.983866e-030
851.600000  1.889096e-029
851.800000  2.283997e-029
852.000000  1.434224e-029
852.200000  2.133184e-029
852.400000  4.390276e-029
852.600000  4.188396e-029
852.800000  2.323733e-029
853.000000  3.032961e-029
853.200000  4.830175e-029
853.400000  4.505996e-029
853.600000  3.364033e-029
853.800000  3.722616e-029
854.000000  4.164901e-029
854.200000  1.902323e-029
854.400000  2.538595e-029
854.600000  5.225111e-029
854.800000  4.628614e-029
855.000000  2.396492e-029
855.200000  2.476861e-029
855.400000  2.987576e-029
855.600000  1.343253e-029
855.800000  -1.603948e-029
856.000000  3.086329e-030
856.200000  2.458466e-029
856.400000  -7.973981e-030
856.600000  -7.376306e-030
856.800000  6.112468e-030
857.000000  8.199027e-030
857.200000  3.423175e-030
857.400000  3.003758e-029
857.600000  4.160389e-029
857.800000  2.137924e-029
858.000000  3.249338e-030
858.200000  3.352223e-030
858.400000  8.740195e-030
858.600000  -2.683654e-029
858.800000  -3.162201e-029
859.000000  -2.634287e-030
859.200000  -3.316978e-029
859.400000  -5.319306e-029
859.600000  -1.782934e-029
859.800000  -1.590368e-029
860.000000  -1.016483e-028
860.200000  -1.254245e-028
860.400000  -1.279777e-028
860.600000  -1.191514e-028
860.800000  -1.568481e-028
861.000000  -1.360077e-028
861.200000  -1.211507e-028
861.400000  -1.223729e-028
861.600000  -1.214469e-028
861.800000  -1.114513e-028
862.000000  -1.318309e-028
862.200000  -1.974593e-028
862.400000  -2.051596e-028
862.600000  -1.733318e-028
862.800000  -1.080863e-028
863.000000  -4.563104e-029
863.200000  1.004313e-028
863.400000  2.361343e-028
863.600000  1.984728e-028
863.800000  2.014181e-028
864.000000  2.562369e-028
864.200000  2.837022e-028
864.400000  2.092284e-028
864.600000  1.812064e-028
864.800000  2.311382e-028
865.000000  2.346764e-028
865.200000  2.014424e-028
865.400000  2.761111e-028
865.600000  3.952914e-028
865.800000  3.653440e-028
866.000000  3.355580e-028
866.200000  3.709715e-028
866.400000  4.229139e-028
866.600000  3.773036e-028
866.800000  3.704561e-028
867.000000  4.683465e-028
867.200000  4.376521e-028
867.400000  3.735531e-028
867.600000  4.088798e-028
867.800000  4.813423e-028
868.000000  4.103446e-028
868.200000  3.640053e-028
868.400000  3.741165e-028
868.600000  3.603911e-028
868.800000  1.690173e-028
869.000000  3.015843e-028
869.200000  5.430138e-028
869.400000  6.804763e-028
869.600000  7.211810e-028
869.800000  9.388324e-028
870.000000  1.066040e-027
870.200000  8.871782e-028
870.400000  8.539351e-028
870.600000  1.077063e-027
870.800000  1.278857e-027
871.000000  1.308449e-027
871.200000  1.430061e-027
871.400000  1.601134e-027
871.600000  1.630592e-027
871.800000  1.545162e-027
872.000000  1.646708e-027
872.200000  1.617048e-027
872.400000  1.486679e-027
872.600000  1.466507e-027
872.800000  1.609055e-027
873.000000  1.680188e-027
873.200000  1.397088e-027
873.400000  1.361629e-027
873.600000  1.658354e-027
873.800000  1.657727e-027
874.000000  1.780355e-027
874.200000  2.136790e-027
874.400000  2.353998e-027
874.600000  2.134983e-027
874.800000  2.025616e-027
875.000000  2.309732e-027
875.200000  2.403051e-027
875.400000  2.139263e-027
875.600000  2.424619e-027
875.800000  2.757453e-027
876.000000  2.627430e-027
876.200000  2.301740e-027
876.400000  2.641106e-027
876.600000  3.138028e-027
876.800000  2.867729e-027
877.000000  3.155332e-027
877.200000  4.055259e-027
877.400000  4.791394e-027
877.600000  4.860710e-027
877.800000  4.763913e-027
878.000000  4.506715e-027
878.200000  4.456721e-027
878.400000  4.868197e-027
878.600000  5.330977e-027
878.800000  5.418100e-027
879.000000  5.054089e-027
879.200000  5.376964e-027
879.400000  5.974375e-027
879.600000  6.393532e-027
879.800000  6.231871e-027
880.000000  6.683583e-027
880.200000  7.139383e-027
880.400000  6.936563e-027
880.600000  7.165637e-027
880.800000  8.171287e-027
881.000000  8.794451e-027
881.200000  8.442168e-027
881.400000  8.605820e-027
881.600000  9.289902e-027
881.800000  9.198018e-027
882.000000  9.366422e-027
882.200000  1.072784e-026
882.400000  1.213269e-026
882.600000  1.165354e-026
882.800000  1.150538e-026
883.000000  1.206558e-026
883.200000  1.247041e-026
883.400000  1.266554e-026
883.600000  1.353724e-026
883.800000  1.493543e-026
884.000000  1.507224e-026
884.200000  1.431074e-026
884.400000  1.448892e-026
884.600000  1.509677e-026
884.800000  1.448026e-026
885.000000  1.348141e-026
885.200000  1.342758e-026
885.400000  1.402626e-026
885.600000  1.380766e-026
885.800000  1.424174e-026
886.000000  1.615946e-026
886.200000  1.680950e-026
886.400000  1.734049e-026
886.600000  1.900435e-026
886.800000  2.117115e-026
887.000000  2.103888e-026
887.200000  2.112893e-026
887.400000  2.337609e-026
887.600000  2.445799e-026
887.800000  2.285249e-026
888.000000  2.276936e-026
888.200000  2.437368e-026
888.400000  2.330074e-026
888.600000  2.253981e-026
888.800000  2.434961e-026
889.000000  2.692280e-026
889.200000  2.640201e-026
889.400000  2.772189e-026
889.600000  3.033377e-026
889.800000  3.174323e-026
890.000000  3.128474e-026
890.200000  3.297490e-026
890.400000  3.484245e-026
890.600000  3.390271e-026
890.800000  3.490362e-026
891.000000  3.831163e-026
891.200000  4.099178e-026
891.400000  4.042682e-026
891.600000  4.227471e-026
891.800000  4.533837e-026
892.000000  4.905275e-026
892.200000  4.723597e-026
892.400000  4.968169e-026
892.600000  5.409879e-026
892.800000  5.348807e-026
893.000000  5.386454e-026
893.200000  6.042978e-026
893.400000  6.434273e-026
893.600000  6.269540e-026
893.800000  6.449463e-026
894.000000  7.225587e-026
894.200000  7.568694e-026
894.400000  7.579167e-026
894.600000  8.247083e-026
894.800000  8.344818e-026
895.000000  7.795525e-026
895.200000  7.559576e-026
895.400000  8.099013e-026
895.600000  8.515595e-026
895.800000  8.244319e-026
896.000000  8.215091e-026
896.200000  8.223142e-026
896.400000  8.172522e-026
896.600000  8.154523e-026
896.800000  8.491925e-026
897.000000  8.943648e-026
897.200000  8.707191e-026
897.400000  9.169234e-026
897.600000  1.033715e-025
897.800000  1.137147e-025
898.000000  1.187790e-025
898.200000  1.266077e-025
898.400000  1.380969e-025
898.600000  1.474881e-025
898.800000  1.551992e-025
899.000000  1.478661e-025
899.200000  1.490243e-025
899.400000  1.492266e-025
899.600000  1.560941e-025
899.800000  1.764936e-025
900.000000  1.890707e-025
900.200000  1.919655e-025
900.400000  1.979354e-025
900.600000  2.141911e-025
900.800000  2.248101e-025
901.000000  2.328536e-025
901.200000  2.522192e-025
901.400000  2.609988e-025
901.600000  2.629222e-025
901.800000  2.699404e-025
902.000000  2.853396e-025
902.200000  2.961735e-025
902.400000  2.946528e-025
902.600000  2.996465e-025
902.800000  3.195260e-025
903.000000  3.175743e-025
903.200000  3.229320e-025
903.400000  3.357636e-025
903.600000  3.474737e-025
903.800000  3.483023e-025
904.000000  3.589102e-025
904.200000  3.796733e-025
904.400000  3.957959e-025
904.600000  4.074627e-025
904.800000  4.465125e-025
905.000000  5.132909e-025
905.200000  5.303281e-025
905.400000  5.378026e-025
905.600000  5.613782e-025
905.800000  5.818764e-025
906.000000  5.797836e-025
906.200000  5.987454e-025
906.400000  6.428170e-025
906.600000  6.820831e-025
906.800000  7.016749e-025
907.000000  7.433754e-025
907.200000  7.795928e-025
907.400000  7.924120e-025
907.600000  7.992800e-025
907.800000  8.404605e-025
908.000000  8.704302e-025
908.200000  8.842818e-025
908.400000  9.145218e-025
908.600000  9.556978e-025
908.800000  9.659698e-025
909.000000  9.740525e-025
909.200000  1.013570e-024
909.400000  1.048899e-024
909.600000  1.021837e-024
909.800000  1.050491e-024
910.000000  1.118506e-024
910.200000  1.190868e-024
910.400000  1.259100e-024
910.600000  1.355464e-024
910.800000  1.495651e-024
911.000000  1.616467e-024
911.200000  1.741225e-024
911.400000  1.923006e-024
911.600000  2.129591e-024
911.800000  2.313435e-024
912.000000  2.538626e-024
912.200000  2.829047e-024
912.400000  3.173193e-024
912.600000  3.472822e-024
912.800000  3.894331e-024
913.000000  4.393324e-024
913.200000  4.987611e-024
913.400000  5.662310e-024
913.600000  6.515916e-024
913.800000  7.679999e-024
914.000000  8.583967e-024
914.200000  9.395145e-024
914.400000  9.974351e-024
914.600000  1.027150e-023
914.800000  1.035862e-023
915.000000  1.043139e-023
915.200000  1.059064e-023
915.400000  1.096923e-023
915.600000  1.164802e-023
915.800000  1.267777e-023
916.000000  1.376609e-023
916.200000  1.470292e-023
916.400000  1.526153e-023
916.600000  1.509968e-023
916.800000  1.439563e-023
917.000000  1.345549e-023
917.200000  1.240068e-023
917.400000  1.133299e-023
917.600000  1.019490e-023
917.800000  9.250951e-024
918.000000  8.432586e-024
918.200000  7.669214e-024
918.400000  7.043621e-024
918.600000  6.767254e-024
918.800000  6.939022e-024
919.000000  7.372028e-024
919.200000  7.959272e-024
919.400000  8.705138e-024
919.600000  9.468307e-024
919.800000  1.006141e-023
920.000000  1.046902e-023
920.200000  1.072104e-023
920.400000  1.035845e-023
920.600000  9.413555e-024
920.800000  8.303962e-024
921.000000  7.391260e-024
921.200000  6.665419e-024
921.400000  6.165265e-024
921.600000  6.198682e-024
921.800000  6.566450e-024
922.000000  7.050517e-024
922.200000  7.680912e-024
922.400000  8.463235e-024
922.600000  9.011627e-024
922.800000  9.174196e-024
923.000000  9.398226e-024
923.200000  9.766816e-024
923.400000  1.014213e-023
923.600000  1.046830e-023
923.800000  1.099312e-023
924.000000  1.166828e-023
924.200000  1.208989e-023
924.400000  1.261333e-023
924.600000  1.353273e-023
924.800000  1.502633e-023
925.000000  1.702312e-023
925.200000  1.967154e-023
925.400000  2.275249e-023
925.600000  2.569534e-023
925.800000  2.844500e-023
926.000000  3.141960e-023
926.200000  3.282848e-023
926.400000  3.366530e-023
926.600000  3.504321e-023
926.800000  3.644385e-023
927.000000  3.797660e-023
927.200000  3.903621e-023
927.400000  3.967032e-023
927.600000  3.928311e-023
927.800000  3.894154e-023
928.000000  3.963199e-023
928.200000  4.137285e-023
928.400000  4.307592e-023
928.600000  4.470829e-023
928.800000  4.669550e-023
929.000000  4.859444e-023
929.200000  5.154975e-023
929.400000  5.543546e-023
929.600000  5.930645e-023
929.800000  6.195608e-023
930.000000  6.425824e-023
930.200000  6.756882e-023
930.400000  7.181259e-023
930.600000  7.547840e-023
930.800000  7.774918e-023
931.000000  7.704786e-023
931.200000  7.403024e-023
931.400000  6.994654e-023
931.600000  6.768981e-023
931.800000  6.687893e-023
932.000000  6.631999e-023
932.200000  6.595443e-023
932.400000  6.391820e-023
932.600000  6.469830e-023
932.800000  6.827770e-023
933.000000  7.160804e-023
933.200000  7.570108e-023
933.400000  7.791743e-023
933.600000  7.909838e-023
933.800000  8.233939e-023
934.000000  8.887950e-023
934.200000  9.682986e-023
934.400000  1.048012e-022
934.600000  1.109517e-022
934.800000  1.144688e-022
935.000000  1.168665e-022
935.200000  1.203239e-022
935.400000  1.255149e-022
935.600000  1.312829e-022
935.800000  1.386520e-022
936.000000  1.538165e-022
936.200000  1.799244e-022
936.400000  2.145987e-022
936.600000  2.500168e-022
936.800000  2.727176e-022
937.000000  2.750896e-022
937.200000  2.672367e-022
937.400000  2.611323e-022
937.600000  2.550854e-022
937.800000  2.445761e-022
938.000000  2.319218e-022
938.200000  2.240968e-022
938.400000  2.196122e-022
938.600000  2.194724e-022
938.800000  2.280783e-022
939.000000  2.459551e-022
939.200000  2.665160e-022
939.400000  2.897990e-022
939.600000  3.206433e-022
939.800000  3.538126e-022
940.000000  3.879681e-022
940.200000  4.251196e-022
940.400000  4.594194e-022
940.600000  4.847913e-022
940.800000  5.068802e-022
941.000000  5.372306e-022
941.200000  5.812931e-022
941.400000  6.243365e-022
941.600000  6.530857e-022
941.800000  6.611700e-022
942.000000  6.404457e-022
942.200000  5.918800e-022
942.400000  5.320212e-022
942.600000  4.730678e-022
942.800000  4.249168e-022
943.000000  3.839382e-022
943.200000  3.481287e-022
943.400000  3.130625e-022
943.600000  2.819119e-022
943.800000  2.627061e-022
944.000000  2.595522e-022
944.200000  2.650413e-022
944.400000  2.664657e-022
944.600000  2.557460e-022
944.800000  2.434377e-022
945.000000  2.325301e-022
945.200000  2.238624e-022
945.400000  2.151886e-022
945.600000  2.104524e-022
945.800000  2.057511e-022
946.000000  1.940316e-022
946.200000  1.721893e-022
946.400000  1.524219e-022
946.600000  1.376098e-022
946.800000  1.261963e-022
947.000000  1.213183e-022
947.200000  1.239569e-022
947.400000  1.263621e-022
947.600000  1.254127e-022
947.800000  1.295247e-022
948.000000  1.409868e-022
948.200000  1.495144e-022
948.400000  1.546573e-022
948.600000  1.596326e-022
948.800000  1.595454e-022
949.000000  1.533423e-022
949.200000  1.479162e-022
949.400000  1.477780e-022
949.600000  1.494420e-022
949.800000  1.486584e-022
950.000000  1.534902e-022
950.200000  1.644852e-022
950.400000  1.701508e-022
950.600000  1.701595e-022
950.800000  1.718913e-022
951.000000  1.745789e-022
951.200000  1.755914e-022
951.400000  1.832176e-022
951.600000  1.946567e-022
951.800000  1.986663e-022
952.000000  1.869507e-022
952.200000  1.734640e-022
952.400000  1.615710e-022
952.600000  1.423746e-022
952.800000  1.258241e-022
953.000000  1.232728e-022
953.200000  1.276101e-022
953.400000  1.277263e-022
953.600000  1.339295e-022
953.800000  1.472225e-022
954.000000  1.581040e-022
954.200000  1.563292e-022
954.400000  1.654205e-022
954.600000  1.766616e-022
954.800000  1.838939e-022
955.000000  1.953566e-022
955.200000  2.394326e-022
955.400000  2.695289e-022
955.600000  2.810142e-022
955.800000  2.924792e-022
956.000000  2.854163e-022
956.200000  2.461374e-022
956.400000  2.116376e-022
956.600000  2.086838e-022
956.800000  2.149868e-022
957.000000  2.222806e-022
957.200000  2.526210e-022
957.400000  2.967336e-022
957.600000  3.280975e-022
957.800000  3.478913e-022
958.000000  3.778580e-022
958.200000  4.052782e-022
958.400000  4.068440e-022
958.600000  4.064643e-022
958.800000  4.221315e-022
959.000000  4.208991e-022
959.200000  3.976459e-022
959.400000  3.853696e-022
959.600000  3.790597e-022
959.800000  3.547021e-022
960.000000  3.179869e-022
960.200000  3.009613e-022
960.400000  2.869769e-022
960.600000  2.419222e-022
960.800000  2.076894e-022
961.000000  2.015565e-022
961.200000  1.892971e-022
961.400000  1.488081e-022
961.600000  1.400607e-022
961.800000  1.495756e-022
962.000000  1.279952e-022
962.200000  9.794122e-023
962.400000  1.070342e-022
962.600000  1.139838e-022
962.800000  9.322349e-023
963.000000  9.451544e-023
963.200000  1.234593e-022
963.400000  1.348320e-022
963.600000  1.176193e-022
963.800000  1.332915e-022
964.000000  1.644903e-022
964.200000  1.573713e-022
964.400000  1.354947e-022
964.600000  1.678600e-022
964.800000  1.932932e-022
965.000000  1.858062e-022
965.200000  2.046181e-022
965.400000  2.525509e-022
965.600000  2.735101e-022
965.800000  2.696594e-022
966.000000  3.065346e-022
966.200000  3.183018e-022
966.400000  3.674104e-022
966.600000  4.091165e-022
966.800000  4.867021e-022
967.000000  6.657300e-022
967.200000  8.522258e-022
967.400000  1.029104e-021
967.600000  1.456322e-021
967.800000  2.060473e-021
968.000000  3.205210e-021
968.200000  7.150933e-021
968.400000  1.397313e-020
968.600000  2.442881e-020
968.800000  2.691081e-020
969.000000  1.700978e-020
969.200000  9.094410e-021
969.400000  4.596667e-021
969.600000  2.703161e-021
969.800000  1.847101e-021
970.000000  1.284536e-021
970.200000  9.451021e-022
970.400000  7.755297e-022
970.600000  6.507537e-022
970.800000  5.182210e-022
971.000000  4.226023e-022
971.200000  3.975925e-022
971.400000  3.546038e-022
971.600000  3.075571e-022
971.800000  2.696733e-022
972.000000  2.666721e-022
972.200000  2.704231e-022
972.400000  1.986461e-022
972.600000  2.425938e-022
972.800000  2.425509e-022
973.000000  2.172741e-022
973.200000  2.351965e-022
973.400000  2.197647e-022
973.600000  2.418981e-022
973.800000  2.682134e-022
974.000000  2.095385e-022
974.200000  2.183937e-022
974.400000  2.302641e-022
974.600000  1.836356e-022
974.800000  1.856577e-022
975.000000  2.245579e-022
975.200000  2.447478e-022
975.400000  2.477404e-022
975.600000  2.988760e-022
975.800000  3.189169e-022
976.000000  2.479689e-022
976.200000  2.458551e-022
976.400000  3.271402e-022
976.600000  3.561705e-022
976.800000  3.792976e-022
977.000000  4.948489e-022
977.200000  6.193479e-022
977.400000  6.709388e-022
977.600000  7.293008e-022
977.800000  8.532511e-022
978.000000  8.947308e-022
978.200000  8.528581e-022
978.400000  8.944907e-022
978.600000  1.012858e-021
978.800000  1.011934e-021
979.000000  1.004638e-021
979.200000  1.088147e-021
979.400000  1.110589e-021
979.600000  1.050281e-021
979.800000  1.020706e-021
980.000000  1.093045e-021
980.200000  9.847124e-022
980.400000  9.279629e-022
980.600000  8.532802e-022
980.800000  7.843495e-022
981.000000  7.331293e-022
981.200000  7.154147e-022
981.400000  7.572528e-022
981.600000  8.820694e-022
981.800000  1.008564e-021
982.000000  1.090159e-021
982.200000  1.102927e-021
982.400000  1.068805e-021
982.600000  9.652402e-022
982.800000  8.642075e-022
983.000000  7.905581e-022
983.200000  7.493974e-022
983.400000  7.124604e-022
983.600000  6.690978e-022
983.800000  6.447141e-022
984.000000  6.199199e-022
984.200000  5.992810e-022
984.400000  5.853569e-022
984.600000  5.741406e-022
984.800000  5.626123e-022
985.000000  5.649158e-022
985.200000  5.812378e-022
985.400000  6.124886e-022
985.600000  6.607404e-022
985.800000  7.096692e-022
986.000000  7.630484e-022
986.200000  7.925749e-022
986.400000  8.063160e-022
986.600000  7.866171e-022
986.800000  7.590118e-022
987.000000  7.207060e-022
987.200000  7.107821e-022
987.400000  7.139861e-022
987.600000  7.171956e-022
987.800000  7.066497e-022
988.000000  6.817203e-022
988.200000  6.516053e-022
988.400000  6.361125e-022
988.600000  6.204405e-022
988.800000  6.148886e-022
989.000000  6.183091e-022
989.200000  6.316140e-022
989.400000  6.577850e-022
989.600000  6.822352e-022
989.800000  6.971217e-022
990.000000  6.933853e-022
990.200000  6.668204e-022
990.400000  6.387177e-022
990.600000  6.009061e-022
990.800000  5.805558e-022
991.000000  5.638833e-022
991.200000  5.678780e-022
991.400000  5.852975e-022
991.600000  5.949913e-022
991.800000  6.182978e-022
992.000000  6.554078e-022
992.200000  7.415388e-022
992.400000  8.303899e-022
992.600000  9.182194e-022
992.800000  9.766477e-022
993.000000  9.932619e-022
993.200000  9.880945e-022
993.400000  9.793012e-022
993.600000  9.765189e-022
993.800000  9.820289e-022
994.000000  9.932887e-022
994.200000  1.007594e-021
994.400000  1.003916e-021
994.600000  9.738676e-022
994.800000  9.319284e-022
995.000000  9.120678e-022
995.200000  9.000680e-022
995.400000  9.233336e-022
995.600000  9.735961e-022
995.800000  1.016947e-021
996.000000  1.049552e-021
996.200000  1.085733e-021
996.400000  1.104863e-021
996.600000  1.145302e-021
996.800000  1.213241e-021
997.000000  1.345718e-021
997.200000  1.514992e-021
997.400000  1.657868e-021
997.600000  1.808720e-021
997.800000  1.936778e-021
998.000000  2.026564e-021
998.200000  2.068704e-021
998.400000  2.093940e-021
998.600000  2.165597e-021
998.800000  2.265247e-021
999.000000  2.403814e-021
999.200000  2.553510e-021
999.400000  2.652287e-021
999.600000  2.681352e-021
999.800000  2.721357e-021
1000.000000  2.907761e-021
1000.200000  2.979229e-021
1000.400000  2.943216e-021
1000.600000  2.802520e-021
1000.800000  2.586522e-021
1001.000000  2.448311e-021
1001.200000  2.330177e-021
1001.400000  2.207102e-021
1001.600000  2.075932e-021
1001.800000  2.074864e-021
1002.000000  2.045492e-021
1002.200000  1.965695e-021
1002.400000  2.010193e-021
1002.600000  1.961736e-021
1002.800000  1.895817e-021
1003.000000  2.009896e-021
1003.200000  2.211193e-021
1003.400000  2.523717e-021
1003.600000  2.738601e-021
1003.800000  3.174423e-021
1004.000000  3.353855e-021
1004.200000  3.532051e-021
1004.400000  3.568984e-021
1004.600000  3.507236e-021
1004.800000  3.450144e-021
1005.000000  3.509436e-021
1005.200000  3.629548e-021
1005.400000  3.621966e-021
1005.600000  3.566344e-021
1005.800000  3.765371e-021
1006.000000  3.799590e-021
1006.200000  4.313909e-021
1006.400000  4.432300e-021
1006.600000  4.526792e-021
1006.800000  4.202796e-021
1007.000000  4.276282e-021
1007.200000  4.625813e-021
1007.400000  4.725697e-021
1007.600000  4.706139e-021
1007.800000  4.421140e-021
1008.000000  3.858568e-021
1008.200000  3.424595e-021
1008.400000  3.320868e-021
1008.600000  3.285169e-021
1008.800000  3.091642e-021
1009.000000  2.873309e-021
1009.200000  2.701796e-021
1009.400000  2.528308e-021
1009.600000  2.455706e-021
1009.800000  2.448333e-021
1010.000000  2.440942e-021
1010.200000  2.502315e-021
1010.400000  2.586756e-021
1010.600000  2.638544e-021
1010.800000  2.647726e-021
1011.000000  2.622396e-021
1011.200000  2.664489e-021
1011.400000  2.696778e-021
1011.600000  2.804983e-021
1011.800000  2.915049e-021
1012.000000  3.022025e-021
1012.200000  3.039898e-021
1012.400000  3.016413e-021
1012.600000  3.017737e-021
1012.800000  2.990859e-021
1013.000000  2.980530e-021
1013.200000  3.000094e-021
1013.400000  2.954808e-021
1013.600000  2.881117e-021
1013.800000  2.727260e-021
1014.000000  2.586445e-021
1014.200000  2.487107e-021
1014.400000  2.405962e-021
1014.600000  2.404988e-021
1014.800000  2.412385e-021
1015.000000  2.372840e-021
1015.200000  2.297964e-021
1015.400000  2.276706e-021
1015.600000  2.263812e-021
1015.800000  2.207118e-021
1016.000000  2.116606e-021
1016.200000  2.054589e-021
1016.400000  2.083628e-021
1016.600000  2.016382e-021
1016.800000  1.925315e-021
1017.000000  2.015271e-021
1017.200000  2.181685e-021
1017.400000  2.322972e-021
1017.600000  2.452644e-021
1017.800000  2.623372e-021
1018.000000  2.710091e-021
1018.030000  2.712109e-021
1018.060000  2.715054e-021
1018.090000  2.740808e-021
1018.120000  2.767300e-021
1018.150000  2.773243e-021
1018.180000  2.776226e-021
1018.210000  2.790149e-021
1018.240000  2.811677e-021
1018.270000  2.829599e-021
1018.300000  2.847966e-021
1018.330000  2.867215e-021
1018.360000  2.881403e-021
1018.390000  2.891289e-021
1018.420000  2.895600e-021
1018.450000  2.907676e-021
1018.480000  2.933007e-021
1018.510000  2.964285e-021
1018.540000  2.980064e-021
1018.570000  2.998660e-021
1018.600000  3.032769e-021
1018.630000  3.061694e-021
1018.660000  3.076273e-021
1018.690000  3.084302e-021
1018.720000  3.109179e-021
1018.750000  3.135470e-021
1018.780000  3.144910e-021
1018.810000  3.158861e-021
1018.840000  3.201296e-021
1018.870000  3.239564e-021
1018.900000  3.255694e-021
1018.930000  3.272504e-021
1018.960000  3.286308e-021
1018.990000  3.294714e-021
1019.020000  3.310363e-021
1019.050000  3.337471e-021
1019.080000  3.374211e-021
1019.110000  3.410381e-021
1019.140000  3.428276e-021
1019.170000  3.443994e-021
1019.200000  3.475372e-021
1019.230000  3.509106e-021
1019.260000  3.553294e-021
1019.290000  3.618042e-021
1019.320000  3.680299e-021
1019.350000  3.723139e-021
1019.380000  3.757125e-021
1019.410000  3.788470e-021
1019.440000  3.813923e-021
1019.470000  3.829579e-021
1019.500000  3.844237e-021
1019.530000  3.871730e-021
1019.560000  3.905285e-021
1019.590000  3.942828e-021
1019.620000  3.984037e-021
1019.650000  4.016427e-021
1019.680000  4.031850e-021
1019.710000  4.050320e-021
1019.740000  4.072997e-021
1019.770000  4.089541e-021
1019.800000  4.125320e-021
1019.830000  4.181074e-021
1019.860000  4.216267e-021
1019.890000  4.220624e-021
1019.920000  4.214637e-021
1019.950000  4.191025e-021
1019.980000  4.159443e-021
1020.010000  4.143490e-021
1020.040000  4.137349e-021
1020.070000  4.129505e-021
1020.100000  4.114522e-021
1020.130000  4.084503e-021
1020.160000  4.041294e-021
1020.190000  4.004490e-021
1020.220000  3.990707e-021
1020.250000  3.999837e-021
1020.280000  4.017287e-021
1020.310000  4.029953e-021
1020.340000  4.034572e-021
1020.370000  4.030543e-021
1020.400000  4.024244e-021
1020.430000  4.013312e-021
1020.460000  3.986253e-021
1020.490000  3.944644e-021
1020.520000  3.897928e-021
1020.550000  3.855408e-021
1020.580000  3.836622e-021
1020.610000  3.850434e-021
1020.640000  3.887126e-021
1020.670000  3.934965e-021
1020.700000  3.982465e-021
1020.730000  4.019760e-021
1020.760000  4.054952e-021
1020.790000  4.091176e-021
1020.820000  4.103100e-021
1020.850000  4.089357e-021
1020.880000  4.083943e-021
1020.910000  4.094313e-021
1020.940000  4.112847e-021
1020.970000  4.169691e-021
1021.000000  4.256962e-021
1021.030000  4.325835e-021
1021.060000  4.377357e-021
1021.090000  4.438530e-021
1021.120000  4.505402e-021
1021.150000  4.578137e-021
1021.180000  4.658645e-021
1021.210000  4.727189e-021
1021.240000  4.787682e-021
1021.270000  4.861435e-021
1021.300000  4.957847e-021
1021.330000  5.082221e-021
1021.360000  5.240228e-021
1021.390000  5.404042e-021
1021.420000  5.539850e-021
1021.450000  5.672278e-021
1021.480000  5.830993e-021
1021.510000  6.010440e-021
1021.540000  6.217491e-021
1021.570000  6.454322e-021
1021.600000  6.676201e-021
1021.630000  6.852364e-021
1021.660000  7.013688e-021
1021.690000  7.183524e-021
1021.720000  7.383839e-021
1021.750000  7.640291e-021
1021.780000  7.960340e-021
1021.810000  8.322220e-021
1021.840000  8.693784e-021
1021.870000  9.060536e-021
1021.900000  9.420303e-021
1021.930000  9.775828e-021
1021.960000  1.013156e-020
1021.990000  1.049970e-020
1022.020000  1.087266e-020
1022.050000  1.124236e-020
1022.080000  1.160855e-020
1022.110000  1.195442e-020
1022.140000  1.227435e-020
1022.170000  1.259128e-020
1022.200000  1.289549e-020
1022.230000  1.314090e-020
1022.260000  1.335806e-020
1022.290000  1.361985e-020
1022.320000  1.392016e-020
1022.350000  1.423338e-020
1022.380000  1.459318e-020
1022.410000  1.497729e-020
1022.440000  1.529566e-020
1022.470000  1.553378e-020
1022.500000  1.573461e-020
1022.530000  1.590751e-020
1022.560000  1.605187e-020
1022.590000  1.618176e-020
1022.620000  1.629690e-020
1022.650000  1.638849e-020
1022.680000  1.645422e-020
1022.710000  1.649516e-020
1022.740000  1.651478e-020
1022.770000  1.652293e-020
1022.800000  1.653847e-020
1022.830000  1.655398e-020
1022.860000  1.652342e-020
1022.890000  1.641026e-020
1022.920000  1.620977e-020
1022.950000  1.595582e-020
1022.980000  1.572697e-020
1023.010000  1.559365e-020
1023.040000  1.557253e-020
1023.070000  1.564177e-020
1023.100000  1.574803e-020
1023.130000  1.583049e-020
1023.160000  1.584270e-020
1023.190000  1.576728e-020
1023.220000  1.564016e-020
1023.250000  1.553757e-020
1023.280000  1.547120e-020
1023.310000  1.543998e-020
1023.340000  1.547724e-020
1023.370000  1.554921e-020
1023.400000  1.555663e-020
1023.430000  1.547386e-020
1023.460000  1.537661e-020
1023.490000  1.530698e-020
1023.520000  1.527714e-020
1023.550000  1.531302e-020
1023.580000  1.541206e-020
1023.610000  1.548657e-020
1023.640000  1.546856e-020
1023.670000  1.541345e-020
1023.700000  1.536909e-020
1023.730000  1.533391e-020
1023.760000  1.533681e-020
1023.790000  1.541118e-020
1023.820000  1.550753e-020
1023.850000  1.557244e-020
1023.880000  1.562876e-020
1023.910000  1.570161e-020
1023.940000  1.578814e-020
1023.970000  1.588048e-020
1024.000000  1.596728e-020
1024.030000  1.603722e-020
1024.060000  1.608214e-020
1024.090000  1.611246e-020
1024.120000  1.615358e-020
1024.150000  1.621146e-020
1024.180000  1.627306e-020
1024.210000  1.633968e-020
1024.240000  1.642114e-020
1024.270000  1.652323e-020
1024.300000  1.667798e-020
1024.330000  1.691113e-020
1024.360000  1.721625e-020
1024.390000  1.756360e-020
1024.420000  1.792010e-020
1024.450000  1.826591e-020
1024.480000  1.860572e-020
1024.510000  1.895425e-020
1024.540000  1.932585e-020
1024.570000  1.973848e-020
1024.600000  2.019563e-020
1024.630000  2.066206e-020
1024.660000  2.109840e-020
1024.690000  2.148836e-020
1024.720000  2.181583e-020
1024.750000  2.208922e-020
1024.780000  2.235218e-020
1024.810000  2.263746e-020
1024.840000  2.294471e-020
1024.870000  2.326437e-020
1024.900000  2.358885e-020
1024.930000  2.388986e-020
1024.960000  2.410826e-020
1024.990000  2.421929e-020
1025.020000  2.423162e-020
1025.050000  2.412926e-020
1025.080000  2.390872e-020
1025.110000  2.360089e-020
1025.140000  2.323432e-020
1025.170000  2.282353e-020
1025.200000  2.238470e-020
1025.230000  2.194336e-020
1025.260000  2.153132e-020
1025.290000  2.116802e-020
1025.320000  2.084170e-020
1025.350000  2.053142e-020
1025.380000  2.022391e-020
1025.410000  1.989583e-020
1025.440000  1.952302e-020
1025.470000  1.911377e-020
1025.500000  1.868474e-020
1025.530000  1.823262e-020
1025.560000  1.777839e-020
1025.590000  1.736942e-020
1025.620000  1.704107e-020
1025.650000  1.680201e-020
1025.680000  1.663306e-020
1025.710000  1.650388e-020
1025.740000  1.637909e-020
1025.770000  1.623048e-020
1025.800000  1.603918e-020
1025.830000  1.581466e-020
1025.860000  1.558407e-020
1025.890000  1.536214e-020
1025.920000  1.512790e-020
1025.950000  1.486992e-020
1025.980000  1.458881e-020
1026.010000  1.427211e-020
1026.040000  1.392894e-020
1026.070000  1.360028e-020
1026.100000  1.332570e-020
1026.130000  1.312098e-020
1026.160000  1.299201e-020
1026.190000  1.290662e-020
1026.220000  1.282942e-020
1026.250000  1.274545e-020
1026.280000  1.265287e-020
1026.310000  1.254917e-020
1026.340000  1.243794e-020
1026.370000  1.232989e-020
1026.400000  1.221843e-020
1026.430000  1.209632e-020
1026.460000  1.196493e-020
1026.490000  1.183106e-020
1026.520000  1.169949e-020
1026.550000  1.157185e-020
1026.580000  1.145372e-020
1026.610000  1.135649e-020
1026.640000  1.128143e-020
1026.670000  1.121058e-020
1026.700000  1.113541e-020
1026.730000  1.107337e-020
1026.760000  1.102648e-020
1026.790000  1.098401e-020
1026.820000  1.095695e-020
1026.850000  1.095598e-020
1026.880000  1.095418e-020
1026.910000  1.094703e-020
1026.940000  1.094762e-020
1026.970000  1.094888e-020
1027.000000  1.095989e-020
1027.030000  1.099385e-020
1027.060000  1.103865e-020
1027.090000  1.108198e-020
1027.120000  1.112611e-020
1027.150000  1.116796e-020
1027.180000  1.120653e-020
1027.210000  1.124845e-020
1027.240000  1.132012e-020
1027.270000  1.143924e-020
1027.300000  1.159901e-020
1027.330000  1.179210e-020
1027.360000  1.201351e-020
1027.390000  1.224568e-020
1027.420000  1.247511e-020
1027.450000  1.269477e-020
1027.480000  1.290740e-020
1027.510000  1.312217e-020
1027.540000  1.334407e-020
1027.570000  1.356903e-020
1027.600000  1.379633e-020
1027.630000  1.404228e-020
1027.660000  1.431363e-020
1027.690000  1.460814e-020
1027.720000  1.493021e-020
1027.750000  1.528000e-020
1027.780000  1.564740e-020
1027.810000  1.602903e-020
1027.840000  1.642250e-020
1027.870000  1.683466e-020
1027.900000  1.728950e-020
1027.930000  1.777843e-020
1027.960000  1.827627e-020
1027.990000  1.880208e-020
1028.020000  1.936731e-020
1028.050000  1.995218e-020
1028.080000  2.055265e-020
1028.110000  2.118654e-020
1028.140000  2.184256e-020
1028.170000  2.251246e-020
1028.200000  2.321844e-020
1028.230000  2.396405e-020
1028.260000  2.473708e-020
1028.290000  2.552069e-020
1028.320000  2.630222e-020
1028.350000  2.708193e-020
1028.380000  2.789188e-020
1028.410000  2.877155e-020
1028.440000  2.972516e-020
1028.470000  3.070809e-020
1028.500000  3.162742e-020
1028.530000  3.240093e-020
1028.560000  3.304470e-020
1028.590000  3.368437e-020
1028.620000  3.445146e-020
1028.650000  3.539245e-020
1028.680000  3.647934e-020
1028.710000  3.768170e-020
1028.740000  3.891895e-020
1028.770000  4.010082e-020
1028.800000  4.124651e-020
1028.830000  4.242392e-020
1028.860000  4.364163e-020
1028.890000  4.489609e-020
1028.920000  4.621113e-020
1028.950000  4.751520e-020
1028.980000  4.865427e-020
1029.010000  4.959808e-020
1029.040000  5.047759e-020
1029.070000  5.141025e-020
1029.100000  5.254241e-020
1029.130000  5.403523e-020
1029.160000  5.585336e-020
1029.190000  5.778354e-020
1029.220000  5.962048e-020
1029.250000  6.126359e-020
1029.280000  6.272871e-020
1029.310000  6.401721e-020
1029.340000  6.497918e-020
1029.370000  6.562299e-020
1029.400000  6.622509e-020
1029.430000  6.696956e-020
1029.460000  6.789664e-020
1029.490000  6.907829e-020
1029.520000  7.045180e-020
1029.550000  7.174745e-020
1029.580000  7.267200e-020
1029.610000  7.294810e-020
1029.640000  7.264515e-020
1029.670000  7.212911e-020
1029.700000  7.157085e-020
1029.730000  7.101193e-020
1029.760000  7.060781e-020
1029.790000  7.033313e-020
1029.820000  7.000047e-020
1029.850000  6.919182e-020
1029.880000  6.776311e-020
1029.910000  6.622333e-020
1029.940000  6.472610e-020
1029.970000  6.308747e-020
1030.000000  6.137109e-020
1030.030000  5.969933e-020
1030.060000  5.798670e-020
1030.090000  5.614663e-020
1030.120000  5.422758e-020
1030.150000  5.227861e-020
1030.180000  5.026251e-020
1030.210000  4.813912e-020
1030.240000  4.607117e-020
1030.270000  4.414261e-020
1030.300000  4.244669e-020
1030.330000  4.098810e-020
1030.360000  3.951798e-020
1030.390000  3.799661e-020
1030.420000  3.635128e-020
1030.450000  3.452416e-020
1030.480000  3.274392e-020
1030.510000  3.119993e-020
1030.540000  2.979903e-020
1030.570000  2.855157e-020
1030.600000  2.755281e-020
1030.630000  2.669563e-020
1030.660000  2.571609e-020
1030.690000  2.461344e-020
1030.720000  2.361827e-020
1030.750000  2.278293e-020
1030.780000  2.194252e-020
1030.810000  2.115135e-020
1030.840000  2.049941e-020
1030.870000  1.982063e-020
1030.900000  1.903697e-020
1030.930000  1.834702e-020
1030.960000  1.781897e-020
1030.990000  1.723796e-020
1031.020000  1.659254e-020
1031.050000  1.604341e-020
1031.080000  1.555738e-020
1031.110000  1.505083e-020
1031.140000  1.458465e-020
1031.170000  1.415646e-020
1031.200000  1.377004e-020
1031.230000  1.340589e-020
1031.260000  1.307179e-020
1031.290000  1.281705e-020
1031.320000  1.256860e-020
1031.350000  1.222102e-020
1031.380000  1.186366e-020
1031.410000  1.155618e-020
1031.440000  1.127177e-020
1031.470000  1.104951e-020
1031.500000  1.090377e-020
1031.530000  1.074391e-020
1031.560000  1.047924e-020
1031.590000  1.015944e-020
1031.620000  9.894783e-021
1031.650000  9.665162e-021
1031.680000  9.458809e-021
1031.710000  9.326068e-021
1031.740000  9.196142e-021
1031.770000  8.986983e-021
1031.800000  8.756300e-021
1031.830000  8.549150e-021
1031.860000  8.347987e-021
1031.890000  8.189821e-021
1031.920000  8.096180e-021
1031.950000  8.003806e-021
1031.980000  7.859067e-021
1032.010000  7.670349e-021
1032.040000  7.466930e-021
1032.070000  7.265142e-021
1032.100000  7.083717e-021
1032.130000  6.951047e-021
1032.160000  6.872056e-021
1032.190000  6.823912e-021
1032.220000  6.784418e-021
1032.250000  6.740503e-021
1032.280000  6.684418e-021
1032.310000  6.615922e-021
1032.340000  6.537863e-021
1032.370000  6.446039e-021
1032.400000  6.339176e-021
1032.430000  6.223558e-021
1032.460000  6.101738e-021
1032.490000  5.977761e-021
1032.520000  5.864653e-021
1032.550000  5.775700e-021
1032.580000  5.703530e-021
1032.610000  5.624215e-021
1032.640000  5.529056e-021
1032.670000  5.421869e-021
1032.700000  5.316201e-021
1032.730000  5.231133e-021
1032.760000  5.180219e-021
1032.790000  5.146499e-021
1032.820000  5.119486e-021
1032.850000  5.080591e-021
1032.880000  4.999886e-021
1032.910000  4.905680e-021
1032.940000  4.828788e-021
1032.970000  4.752489e-021
1033.000000  4.679186e-021
1033.030000  4.619031e-021
1033.060000  4.553765e-021
1033.090000  4.495744e-021
1033.120000  4.457140e-021
1033.150000  4.412438e-021
1033.180000  4.372371e-021
1033.210000  4.350008e-021
1033.240000  4.309651e-021
1033.270000  4.235391e-021
1033.300000  4.154658e-021
1033.330000  4.089368e-021
1033.360000  4.039697e-021
1033.390000  4.005247e-021
1033.420000  3.988186e-021
1033.450000  3.986618e-021
1033.480000  3.968654e-021
1033.510000  3.904117e-021
1033.540000  3.819578e-021
1033.570000  3.752417e-021
1033.600000  3.696810e-021
1033.630000  3.655997e-021
1033.660000  3.649434e-021
1033.690000  3.657703e-021
1033.720000  3.644081e-021
1033.750000  3.619415e-021
1033.780000  3.590340e-021
1033.810000  3.537338e-021
1033.840000  3.475164e-021
1033.870000  3.432903e-021
1033.900000  3.397471e-021
1033.930000  3.361682e-021
1033.960000  3.347643e-021
1033.990000  3.338423e-021
1034.020000  3.308533e-021
1034.050000  3.269376e-021
1034.080000  3.238428e-021
1034.110000  3.208108e-021
1034.140000  3.183252e-021
1034.170000  3.172707e-021
1034.200000  3.161671e-021
1034.230000  3.140470e-021
1034.260000  3.119297e-021
1034.290000  3.087469e-021
1034.320000  3.051753e-021
1034.350000  3.031912e-021
1034.380000  3.018085e-021
1034.410000  2.993027e-021
1034.440000  2.970541e-021
1034.470000  2.965109e-021
1034.500000  2.957788e-021
1034.530000  2.945620e-021
1034.560000  2.935325e-021
1034.590000  2.924730e-021
1034.620000  2.901181e-021
1034.650000  2.878449e-021
1034.680000  2.859545e-021
1034.710000  2.844090e-021
1034.740000  2.833079e-021
1034.770000  2.816095e-021
1034.800000  2.800876e-021
1034.830000  2.786111e-021
1034.860000  2.765687e-021
1034.890000  2.752479e-021
1034.920000  2.740619e-021
1034.950000  2.710592e-021
1034.980000  2.691995e-021
1035.010000  2.686649e-021
1035.040000  2.672446e-021
1035.070000  2.670215e-021
1035.100000  2.672040e-021
1035.130000  2.648991e-021
1035.160000  2.615263e-021
1035.190000  2.586559e-021
1035.220000  2.559392e-021
1035.250000  2.543970e-021
1035.280000  2.539008e-021
1035.310000  2.535681e-021
1035.340000  2.529592e-021
1035.370000  2.510608e-021
1035.400000  2.487321e-021
1035.430000  2.474107e-021
1035.460000  2.460543e-021
1035.490000  2.453346e-021
1035.520000  2.453368e-021
1035.550000  2.439511e-021
1035.580000  2.414402e-021
1035.610000  2.401297e-021
1035.640000  2.384443e-021
1035.670000  2.356797e-021
1035.700000  2.345753e-021
1035.730000  2.342032e-021
1035.760000  2.325841e-021
1035.790000  2.318282e-021
1035.820000  2.312936e-021
1035.850000  2.289764e-021
1035.880000  2.264554e-021
1035.910000  2.251858e-021
1035.940000  2.237296e-021
1035.970000  2.227018e-021
1036.000000  2.221882e-021
1036.030000  2.219455e-021
1036.060000  2.216537e-021
1036.090000  2.201707e-021
1036.120000  2.183100e-021
1036.150000  2.169538e-021
1036.180000  2.160113e-021
1036.210000  2.145556e-021
1036.240000  2.137987e-021
1036.270000  2.142313e-021
1036.300000  2.150407e-021
1036.330000  2.146402e-021
1036.360000  2.138362e-021
1036.390000  2.140540e-021
1036.420000  2.145196e-021
1036.450000  2.140107e-021
1036.480000  2.137220e-021
1036.510000  2.142383e-021
1036.540000  2.137925e-021
1036.570000  2.126932e-021
1036.600000  2.136846e-021
1036.630000  2.156995e-021
1036.660000  2.168180e-021
1036.690000  2.179974e-021
1036.720000  2.192439e-021
1036.750000  2.193144e-021
1036.780000  2.187997e-021
1036.810000  2.189289e-021
1036.840000  2.201256e-021
1036.870000  2.219049e-021
1036.900000  2.233459e-021
1036.930000  2.249342e-021
1036.960000  2.265119e-021
1036.990000  2.270265e-021
1037.020000  2.278933e-021
1037.050000  2.296047e-021
1037.080000  2.311711e-021
1037.110000  2.322960e-021
1037.140000  2.331004e-021
1037.170000  2.336313e-021
1037.200000  2.337975e-021
1037.230000  2.345161e-021
1037.260000  2.356528e-021
1037.290000  2.367955e-021
1037.320000  2.374731e-021
1037.350000  2.382896e-021
1037.380000  2.387651e-021
1037.410000  2.385526e-021
1037.440000  2.387519e-021
1037.470000  2.389884e-021
1037.500000  2.388029e-021
1037.530000  2.380690e-021
1037.560000  2.379341e-021
1037.590000  2.382664e-021
1037.620000  2.382263e-021
1037.650000  2.380152e-021
1037.680000  2.382353e-021
1037.710000  2.384320e-021
1037.740000  2.388484e-021
1037.770000  2.399002e-021
1037.800000  2.403677e-021
1037.830000  2.408814e-021
1037.860000  2.418524e-021
1037.890000  2.424338e-021
1037.920000  2.426778e-021
1037.950000  2.442828e-021
1037.980000  2.461811e-021
1038.010000  2.481909e-021
1038.040000  2.501781e-021
1038.070000  2.519705e-021
1038.100000  2.539328e-021
1038.130000  2.551143e-021
1038.160000  2.555596e-021
1038.190000  2.562490e-021
1038.220000  2.576771e-021
1038.250000  2.583122e-021
1038.280000  2.590385e-021
1038.310000  2.613250e-021
1038.340000  2.637296e-021
1038.370000  2.647514e-021
1038.400000  2.665942e-021
1038.430000  2.698455e-021
1038.460000  2.716538e-021
1038.490000  2.719741e-021
1038.520000  2.728390e-021
1038.550000  2.737448e-021
1038.580000  2.730453e-021
1038.610000  2.712394e-021
1038.640000  2.705760e-021
1038.670000  2.711537e-021
1038.700000  2.712582e-021
1038.730000  2.713393e-021
1038.760000  2.727708e-021
1038.790000  2.744847e-021
1038.820000  2.739998e-021
1038.850000  2.720081e-021
1038.880000  2.705763e-021
1038.910000  2.696809e-021
1038.940000  2.685604e-021
1038.970000  2.680781e-021
1039.000000  2.677613e-021
1039.030000  2.662542e-021
1039.060000  2.647203e-021
1039.090000  2.631703e-021
1039.120000  2.605034e-021
1039.150000  2.587972e-021
1039.180000  2.592773e-021
1039.210000  2.587211e-021
1039.240000  2.574015e-021
1039.270000  2.576804e-021
1039.300000  2.576500e-021
1039.330000  2.567072e-021
1039.360000  2.559861e-021
1039.390000  2.555275e-021
1039.420000  2.547651e-021
1039.450000  2.540295e-021
1039.480000  2.529991e-021
1039.510000  2.520725e-021
1039.540000  2.509983e-021
1039.570000  2.497260e-021
1039.600000  2.492246e-021
1039.630000  2.484669e-021
1039.660000  2.469890e-021
1039.690000  2.462768e-021
1039.720000  2.460293e-021
1039.750000  2.446328e-021
1039.780000  2.438056e-021
1039.810000  2.434384e-021
1039.840000  2.428189e-021
1039.870000  2.420747e-021
1039.900000  2.419310e-021
1039.930000  2.413925e-021
1039.960000  2.404517e-021
1039.990000  2.390384e-021
1040.020000  2.366218e-021
1040.050000  2.343572e-021
1040.080000  2.326570e-021
1040.110000  2.313817e-021
1040.140000  2.297198e-021
1040.170000  2.282739e-021
1040.200000  2.267577e-021
1040.230000  2.250619e-021
1040.260000  2.237393e-021
1040.290000  2.229337e-021
1040.320000  2.218601e-021
1040.350000  2.202498e-021
1040.380000  2.183585e-021
1040.410000  2.165290e-021
1040.440000  2.144622e-021
1040.470000  2.126820e-021
1040.500000  2.113766e-021
1040.530000  2.102158e-021
1040.560000  2.082756e-021
1040.590000  2.070043e-021
1040.620000  2.072176e-021
1040.650000  2.071458e-021
1040.680000  2.063207e-021
1040.710000  2.055293e-021
1040.740000  2.054684e-021
1040.770000  2.049587e-021
1040.800000  2.051004e-021
1040.830000  2.062606e-021
1040.860000  2.071155e-021
1040.890000  2.070061e-021
1040.920000  2.070371e-021
1040.950000  2.062995e-021
1040.980000  2.047483e-021
1041.010000  2.036527e-021
1041.040000  2.024164e-021
1041.070000  2.015546e-021
1041.100000  2.011914e-021
1041.130000  2.010148e-021
1041.160000  2.014717e-021
1041.190000  2.018951e-021
1041.220000  2.022326e-021
1041.250000  2.032491e-021
1041.280000  2.044174e-021
1041.310000  2.056093e-021
1041.340000  2.064349e-021
1041.370000  2.067776e-021
1041.400000  2.072863e-021
1041.430000  2.077414e-021
1041.460000  2.078518e-021
1041.490000  2.078540e-021
1041.520000  2.070572e-021
1041.550000  2.058642e-021
1041.580000  2.052272e-021
1041.610000  2.047278e-021
1041.640000  2.043014e-021
1041.670000  2.044993e-021
1041.700000  2.051577e-021
1041.730000  2.049741e-021
1041.760000  2.038753e-021
1041.790000  2.035490e-021
1041.820000  2.037940e-021
1041.850000  2.026124e-021
1041.880000  2.018420e-021
1041.910000  2.026488e-021
1041.940000  2.022751e-021
1041.970000  2.006814e-021
1042.000000  2.000874e-021
1042.200000  1.808710e-021
1042.400000  1.859299e-021
1042.600000  1.798185e-021
1042.800000  1.855383e-021
1043.000000  1.843330e-021
1043.200000  1.996260e-021
1043.400000  1.965449e-021
1043.600000  2.111848e-021
1043.800000  2.127374e-021
1044.000000  2.353358e-021
1044.200000  2.305370e-021
1044.400000  2.514545e-021
1044.600000  2.534379e-021
1044.800000  2.771301e-021
1045.000000  2.760375e-021
1045.200000  3.058154e-021
1045.400000  3.224339e-021
1045.600000  3.425855e-021
1045.800000  3.762115e-021
1046.000000  4.017151e-021
1046.200000  4.522398e-021
1046.400000  4.733725e-021
1046.600000  4.953270e-021
1046.800000  5.296495e-021
1047.000000  5.303516e-021
1047.200000  5.339948e-021
1047.400000  5.615834e-021
1047.600000  5.383544e-021
1047.800000  5.793672e-021
1048.000000  5.683101e-021
1048.200000  6.094286e-021
1048.400000  5.853654e-021
1048.600000  5.869107e-021
1048.800000  5.870755e-021
1049.000000  5.328660e-021
1049.200000  5.125933e-021
1049.400000  4.867346e-021
1049.600000  4.239441e-021
1049.800000  4.126379e-021
1050.000000  3.736948e-021
1050.200000  3.358702e-021
1050.400000  3.196693e-021
1050.600000  2.857050e-021
1050.800000  2.704219e-021
1051.000000  2.425334e-021
1051.200000  2.343724e-021
1051.400000  2.217957e-021
1051.600000  1.963629e-021
1051.800000  1.935440e-021
1052.000000  1.811726e-021
1052.200000  1.628550e-021
1052.400000  1.572828e-021
1052.600000  1.519814e-021
1052.800000  1.455222e-021
1053.000000  1.402597e-021
1053.200000  1.321227e-021
1053.400000  1.304310e-021
1053.600000  1.234006e-021
1053.800000  1.225670e-021
1054.000000  1.191400e-021
1054.200000  1.201651e-021
1054.400000  1.176824e-021
1054.600000  1.173067e-021
1054.800000  1.174790e-021
1055.000000  1.160036e-021
1055.200000  1.129775e-021
1055.400000  1.112502e-021
1055.600000  1.088054e-021
1055.800000  1.092965e-021
1056.000000  1.066201e-021
1056.200000  1.090535e-021
1056.400000  1.102832e-021
1056.600000  1.110641e-021
1056.800000  1.093226e-021
1057.000000  1.063249e-021
1057.200000  1.077412e-021
1057.400000  1.040776e-021
1057.600000  1.023224e-021
1057.800000  9.938863e-022
1058.000000  9.795562e-022
1058.200000  9.364877e-022
1058.400000  9.210403e-022
1058.600000  8.898354e-022
1058.800000  8.790768e-022
1059.000000  8.407220e-022
1059.200000  8.728526e-022
1059.400000  8.479195e-022
1059.600000  8.148296e-022
1059.800000  7.995741e-022
1060.000000  8.128275e-022
1060.200000  7.662635e-022
1060.400000  7.797174e-022
1060.600000  7.819153e-022
1060.800000  7.387423e-022
1061.000000  7.612056e-022
1061.200000  7.581525e-022
1061.400000  7.469149e-022
1061.600000  7.285191e-022
1061.800000  7.250039e-022
1062.000000  7.290515e-022
1062.200000  6.983765e-022
1062.400000  7.198915e-022
1062.600000  7.123452e-022
1062.800000  7.288465e-022
1063.000000  6.796717e-022
1063.200000  7.054767e-022
1063.400000  6.741779e-022
1063.600000  6.930331e-022
1063.800000  6.610259e-022
1064.000000  6.805397e-022
1064.200000  6.843665e-022
1064.400000  6.771411e-022
1064.600000  6.911883e-022
1064.800000  6.865110e-022
1065.000000  6.845968e-022
1065.200000  6.952729e-022
1065.400000  7.027634e-022
1065.600000  6.985042e-022
1065.800000  7.066525e-022
1066.000000  6.951022e-022
1066.200000  6.914650e-022
1066.400000  6.863175e-022
1066.600000  6.800853e-022
1066.800000  6.830890e-022
1067.000000  6.473472e-022
1067.200000  6.725191e-022
1067.400000  6.561105e-022
1067.600000  6.327620e-022
1067.800000  6.458881e-022
1068.000000  6.384904e-022
1068.200000  6.252329e-022
1068.400000  6.225680e-022
1068.600000  6.339959e-022
1068.800000  6.191752e-022
1069.000000  6.015010e-022
1069.200000  6.246848e-022
1069.400000  6.313652e-022
1069.600000  6.169197e-022
1069.800000  6.432348e-022
1070.000000  6.392515e-022
1070.200000  6.381009e-022
1070.400000  6.266671e-022
1070.600000  6.434541e-022
1070.800000  6.057057e-022
1071.000000  6.330317e-022
1071.200000  6.301102e-022
1071.400000  6.093823e-022
1071.600000  6.106112e-022
1071.800000  5.977511e-022
1072.000000  5.954442e-022
1072.200000  5.898237e-022
1072.400000  6.102445e-022
1072.600000  5.882728e-022
1072.800000  5.870519e-022
1073.000000  6.084111e-022
1073.200000  6.047678e-022
1073.400000  5.960153e-022
1073.600000  6.110021e-022
1073.800000  6.382388e-022
1074.000000  6.490654e-022
1074.200000  6.160510e-022
1074.400000  6.398011e-022
1074.600000  6.526649e-022
1074.800000  6.474676e-022
1075.000000  6.465060e-022
1075.200000  6.743966e-022
1075.400000  6.568891e-022
1075.600000  6.386760e-022
1075.800000  6.381485e-022
1076.000000  6.391909e-022
1076.200000  6.442796e-022
1076.400000  5.987676e-022
1076.600000  6.171101e-022
1076.800000  6.149794e-022
1077.000000  5.846491e-022
1077.200000  5.696141e-022
1077.400000  5.755666e-022
1077.600000  5.435299e-022
1077.800000  5.485625e-022
1078.000000  5.434064e-022
1078.200000  5.221361e-022
1078.400000  5.310206e-022
1078.600000  5.153792e-022
1078.800000  5.174494e-022
1079.000000  5.156526e-022
1079.200000  5.181815e-022
1079.400000  5.001871e-022
1079.600000  4.805607e-022
1079.800000  4.903748e-022
1080.000000  4.889993e-022
1080.200000  4.876208e-022
1080.400000  4.869267e-022
1080.600000  4.761392e-022
1080.800000  4.823192e-022
1081.000000  4.800082e-022
1081.200000  4.873522e-022
1081.400000  4.762929e-022
1081.600000  4.767335e-022
1081.800000  4.741762e-022
1082.000000  4.780774e-022
1082.200000  4.766709e-022
1082.400000  4.780366e-022
1082.600000  4.826452e-022
1082.800000  4.645553e-022
1083.000000  4.693908e-022
1083.200000  4.681995e-022
1083.400000  4.544591e-022
1083.600000  4.469718e-022
1083.800000  4.592557e-022
1084.000000  4.573498e-022
1084.200000  4.549735e-022
1084.400000  4.460566e-022
1084.600000  4.532434e-022
1084.800000  4.468799e-022
1085.000000  4.489305e-022
1085.200000  4.362248e-022
1085.400000  4.380339e-022
1085.600000  4.501731e-022
1085.800000  4.548166e-022
1086.000000  4.540599e-022
1086.200000  4.469467e-022
1086.400000  4.325171e-022
1086.600000  4.515429e-022
1086.800000  4.467664e-022
1087.000000  4.407995e-022
1087.200000  4.334025e-022
1087.400000  4.267015e-022
1087.600000  4.254359e-022
1087.800000  4.217965e-022
1088.000000  4.136411e-022
1088.200000  4.111710e-022
1088.400000  3.925288e-022
1088.600000  3.971730e-022
1088.800000  3.820557e-022
1089.000000  3.812147e-022
1089.200000  3.870533e-022
1089.400000  3.797657e-022
1089.600000  3.746159e-022
1089.800000  3.797456e-022
1090.000000  3.884768e-022
1090.200000  3.938676e-022
1090.400000  3.848711e-022
1090.600000  3.977128e-022
1090.800000  3.942315e-022
1091.000000  4.090293e-022
1091.200000  4.000122e-022
1091.400000  3.974863e-022
1091.600000  4.038823e-022
1091.800000  4.226056e-022
1092.000000  3.978550e-022
1092.200000  4.037839e-022
1092.400000  3.988263e-022
1092.600000  3.987068e-022
1092.800000  4.002848e-022
1093.000000  3.838968e-022
1093.200000  3.871646e-022
1093.400000  3.702472e-022
1093.600000  3.725338e-022
1093.800000  3.767739e-022
1094.000000  3.724838e-022
1094.200000  3.574427e-022
1094.400000  3.531263e-022
1094.600000  3.446434e-022
1094.800000  3.557307e-022
1095.000000  3.521350e-022
1095.200000  3.517208e-022
1095.400000  3.463957e-022
1095.600000  3.336888e-022
1095.800000  3.273530e-022
1096.000000  3.094353e-022
1096.200000  3.075002e-022
1096.400000  3.144395e-022
1096.600000  3.028779e-022
1096.800000  3.061190e-022
1097.000000  2.970010e-022
1097.200000  2.888562e-022
1097.400000  2.886240e-022
1097.600000  2.809520e-022
1097.800000  2.680536e-022
1098.000000  2.705337e-022
1098.200000  2.682937e-022
1098.400000  2.541032e-022
1098.600000  2.568257e-022
1098.800000  2.487070e-022
1099.000000  2.429690e-022
1099.200000  2.535312e-022
1099.400000  2.374112e-022
1099.600000  2.415309e-022
1099.800000  2.316067e-022
1100.000000  2.235194e-022
1100.200000  2.296696e-022
1100.400000  2.174464e-022
1100.600000  2.192027e-022
1100.800000  2.235534e-022
1101.000000  2.139350e-022
1101.200000  2.161963e-022
1101.400000  2.078399e-022
1101.600000  2.176498e-022
1101.800000  2.294994e-022
1102.000000  2.092668e-022
1102.200000  2.097099e-022
1102.400000  2.037417e-022
1102.600000  2.176248e-022
1102.800000  1.932953e-022
1103.000000  2.058977e-022
1103.200000  1.973344e-022
1103.400000  2.055330e-022
1103.600000  2.080892e-022
1103.800000  2.064670e-022
1104.000000  2.061180e-022
1104.200000  1.888018e-022
1104.400000  1.848297e-022
1104.600000  1.977450e-022
1104.800000  1.878293e-022
1105.000000  1.821524e-022
1105.200000  1.820607e-022
1105.400000  1.689176e-022
1105.600000  1.706133e-022
1105.800000  1.750143e-022
1106.000000  1.731118e-022
1106.200000  1.877332e-022
1106.400000  1.696830e-022
1106.600000  1.819510e-022
1106.800000  1.886565e-022
1107.000000  1.883095e-022
1107.200000  1.834290e-022
1107.400000  1.825578e-022
1107.600000  1.810102e-022
1107.800000  1.719020e-022
1108.000000  1.793877e-022
1108.200000  1.859761e-022
1108.400000  1.759357e-022
1108.600000  1.871721e-022
1108.800000  1.734358e-022
1109.000000  1.744801e-022
1109.200000  1.792635e-022
1109.400000  1.738795e-022
1109.600000  1.724915e-022
1109.800000  1.694236e-022
1110.000000  1.770256e-022
1110.200000  1.710156e-022
1110.400000  1.730879e-022
1110.600000  1.796612e-022
1110.800000  1.685035e-022
1111.000000  1.725285e-022
1111.200000  1.740815e-022
1111.400000  1.719154e-022
1111.600000  1.599436e-022
1111.800000  1.561211e-022
1112.000000  1.593582e-022
1112.200000  1.677402e-022
1112.400000  1.646828e-022
1112.600000  1.542420e-022
1112.800000  1.592947e-022
1113.000000  1.612458e-022
1113.200000  1.592087e-022
1113.400000  1.647851e-022
1113.600000  1.716510e-022
1113.800000  1.401871e-022
1114.000000  1.578588e-022
1114.200000  1.461057e-022
1114.400000  1.384247e-022
1114.600000  1.393256e-022
1114.800000  1.479736e-022
1115.000000  1.452629e-022
1115.200000  1.445608e-022
1115.400000  1.379451e-022
1115.600000  1.393599e-022
1115.800000  1.397003e-022
1116.000000  1.250588e-022
1116.200000  1.256834e-022
1116.400000  1.270648e-022
1116.600000  1.250981e-022
1116.800000  1.244260e-022
1117.000000  1.222096e-022
1117.200000  1.329390e-022
1117.400000  1.226726e-022
1117.600000  1.251165e-022
1117.800000  1.233813e-022
1118.000000  1.193319e-022
1118.200000  1.316573e-022
1118.400000  1.226506e-022
1118.600000  1.178259e-022
1118.800000  1.124740e-022
1119.000000  1.193476e-022
1119.200000  1.157914e-022
1119.400000  1.270849e-022
1119.600000  1.149579e-022
1119.800000  1.062351e-022
1120.000000  1.135997e-022
1120.200000  1.030477e-022
1120.400000  1.067673e-022
1120.600000  1.097508e-022
1120.800000  1.158230e-022
1121.000000  9.561792e-023
1121.200000  1.116170e-022
1121.400000  9.451882e-023
1121.600000  9.772526e-023
1121.800000  1.072148e-022
1122.000000  9.169961e-023
1122.200000  9.463482e-023
1122.400000  9.133635e-023
1122.600000  9.846697e-023
1122.800000  8.477705e-023
1123.000000  9.972681e-023
1123.200000  9.433372e-023
1123.400000  8.709270e-023
1123.600000  8.460560e-023
1123.800000  8.627131e-023
1124.000000  9.050912e-023
1124.200000  7.228167e-023
1124.400000  8.577448e-023
1124.600000  9.002293e-023
1124.800000  8.278827e-023
1125.000000  8.258139e-023
1125.200000  7.198606e-023
1125.400000  6.943670e-023
1125.600000  7.318288e-023
1125.800000  7.271306e-023
1126.000000  7.548253e-023
1126.200000  6.638437e-023
1126.400000  6.957639e-023
1126.600000  6.938393e-023
1126.800000  7.085933e-023
1127.000000  7.644093e-023
1127.200000  5.917321e-023
1127.400000  7.300442e-023
1127.600000  7.806344e-023
1127.800000  7.495172e-023
1128.000000  8.346095e-023
1128.200000  7.491402e-023
1128.400000  6.341871e-023
1128.600000  6.609715e-023
1128.800000  6.880882e-023
1129.000000  7.186786e-023
1129.200000  7.533235e-023
1129.400000  6.381463e-023
1129.600000  7.074210e-023
1129.800000  6.667853e-023
1130.000000  6.647945e-023
1130.200000  6.705499e-023
1130.400000  7.133772e-023
1130.600000  6.596599e-023
1130.800000  6.841321e-023
1131.000000  7.691412e-023
1131.200000  5.740504e-023
1131.400000  7.396244e-023
1131.600000  6.293666e-023
1131.800000  4.683227e-023
1132.000000  5.575652e-023
1132.200000  5.739858e-023
1132.400000  6.486959e-023
1132.600000  5.776115e-023
1132.800000  5.636033e-023
1133.000000  5.455011e-023
1133.200000  6.018318e-023
1133.400000  4.748449e-023
1133.600000  5.935701e-023
1133.800000  5.357636e-023
1134.000000  5.919909e-023
1134.200000  5.577453e-023
1134.400000  6.099963e-023
1134.600000  5.496564e-023
1134.800000  4.994624e-023
1135.000000  5.186674e-023
1135.200000  5.205918e-023
1135.400000  4.863922e-023
1135.600000  4.309657e-023
1135.800000  5.299133e-023
1136.000000  4.944520e-023
1136.200000  5.508901e-023
1136.400000  4.475314e-023
1136.600000  4.984166e-023
1136.800000  4.524570e-023
1137.000000  4.691236e-023
1137.200000  3.973000e-023
1137.400000  3.700925e-023
1137.600000  4.318084e-023
1137.800000  4.321881e-023
1138.000000  5.047618e-023
1138.200000  4.531684e-023
1138.400000  4.803522e-023
1138.600000  5.367752e-023
1138.800000  4.999794e-023
1139.000000  6.245535e-023
1139.200000  4.781597e-023
1139.400000  6.337219e-023
1139.600000  3.907394e-023
1139.800000  4.785219e-023
1140.000000  5.484754e-023
1140.200000  4.925611e-023
1140.400000  5.680531e-023
1140.600000  4.050779e-023
1140.800000  4.457358e-023
1141.000000  4.190340e-023
1141.200000  4.169910e-023
1141.400000  3.742337e-023
1141.600000  4.228533e-023
1141.800000  2.777387e-023
1142.000000  2.725700e-023
1142.200000  2.755323e-023
1142.400000  4.243370e-023
1142.600000  2.787131e-023
1142.800000  4.360032e-023
1143.000000  4.120907e-023
1143.200000  3.905674e-023
1143.400000  3.802618e-023
1143.600000  3.885109e-023
1143.800000  3.672140e-023
1144.000000  3.785155e-023
1144.200000  2.942853e-023
1144.400000  3.217358e-023
1144.600000  3.137602e-023
1144.800000  3.669856e-023
1145.000000  2.768123e-023
1145.200000  3.293008e-023
1145.400000  2.608168e-023
1145.600000  4.644068e-023
1145.800000  2.420283e-023
1146.000000  2.697773e-023
1146.200000  2.810067e-023
1146.400000  2.123337e-023
1146.600000  3.257657e-023
1146.800000  3.204923e-023
1147.000000  1.354782e-023
1147.200000  3.900251e-023
1147.400000  2.409677e-023
1147.600000  2.023551e-023
1147.800000  2.663517e-023
1148.000000  2.221377e-023
1148.200000  2.251271e-023
1148.400000  2.670486e-023
1148.600000  2.951016e-023
1148.800000  2.340631e-023
1149.000000  2.286869e-023
1149.200000  1.228047e-023
1149.400000  1.983573e-023
1149.600000  3.047960e-023
1149.800000  2.664906e-023
1150.000000  3.678823e-023
