800.000000  NaN
800.200000  NaN
800.400000  NaN
800.600000  -1.317811e-036
800.800000  -1.203347e-036
801.000000  -1.383737e-036
801.200000  -9.983803e-037
801.400000  -7.386874e-037
801.600000  -4.935535e-037
801.800000  -6.825261e-037
802.000000  -3.580243e-037
802.200000  1.423193e-038
802.400000  -5.931119e-037
802.600000  -1.397696e-036
802.800000  -1.304365e-036
803.000000  -1.764964e-036
803.200000  -2.477146e-036
803.400000  -2.132113e-036
803.600000  -2.278104e-036
803.800000  -2.851447e-036
804.000000  -3.697659e-036
804.200000  -3.238547e-036
804.400000  -2.605137e-036
804.600000  -3.003981e-036
804.800000  -3.008714e-036
805.000000  -2.842237e-036
805.200000  -4.075103e-036
805.400000  -4.441433e-036
805.600000  -3.251452e-036
805.800000  -6.158259e-037
806.000000  2.688018e-037
806.200000  2.043477e-036
806.400000  4.505458e-036
806.600000  5.709224e-036
806.800000  5.121704e-036
807.000000  5.676618e-036
807.200000  8.290668e-036
807.400000  7.725919e-036
807.600000  6.272024e-036
807.800000  7.916887e-036
808.000000  8.461068e-036
808.200000  7.881952e-036
808.400000  9.235707e-036
808.600000  1.140284e-035
808.800000  1.101598e-035
809.000000  7.881049e-036
809.200000  4.133217e-036
809.400000  2.592519e-036
809.600000  -7.883848e-037
809.800000  -3.839223e-036
810.000000  -4.527153e-036
810.200000  -5.163174e-036
810.400000  -8.121090e-036
810.600000  -8.433941e-036
810.800000  -5.208952e-036
811.000000  -2.391921e-036
811.200000  2.779838e-036
811.400000  3.792315e-036
811.600000  5.815012e-036
811.800000  5.488104e-036
812.000000  4.594863e-037
812.200000  -1.627213e-036
812.400000  -3.934100e-036
812.600000  -6.935707e-036
812.800000  -3.810419e-036
813.000000  -1.966030e-036
813.200000  3.175663e-036
813.400000  -3.849734e-036
813.600000  -3.734040e-036
813.800000  -5.764307e-036
814.000000  -6.744429e-036
814.200000  7.831558e-036
814.400000  1.605945e-035
814.600000  2.001800e-035
814.800000  1.564746e-035
815.000000  1.629755e-035
815.200000  3.211771e-035
815.400000  6.168899e-035
815.600000  6.022523e-035
815.800000  5.982900e-035
816.000000  6.246001e-035
816.200000  2.563761e-035
816.400000  1.771334e-035
816.600000  1.133891e-035
816.800000  1.410989e-035
817.000000  -1.437305e-036
817.200000  -2.078556e-036
817.400000  1.080595e-035
817.600000  -8.452241e-036
817.800000  -2.010669e-035
818.000000  -2.466320e-035
818.200000  -2.355914e-035
818.400000  -5.157926e-035
818.600000  -4.850427e-035
818.800000  -3.922351e-035
819.000000  -1.822660e-035
819.200000  -3.934872e-035
819.400000  -6.580377e-035
819.600000  -4.559435e-035
819.800000  -1.838393e-035
820.000000  -3.732239e-035
820.200000  -5.406581e-035
820.400000  -2.460842e-035
820.600000  -3.480295e-035
820.800000  -4.410137e-035
821.000000  -6.387751e-035
821.200000  -3.784176e-035
821.400000  -5.503605e-035
821.600000  -9.400769e-036
821.800000  1.669821e-035
822.000000  7.680841e-035
822.200000  4.531926e-035
822.400000  3.587314e-035
822.600000  5.121231e-035
822.800000  7.824531e-036
823.000000  -1.558239e-035
823.200000  1.277936e-035
823.400000  1.055456e-034
823.600000  1.200600e-034
823.800000  1.248851e-034
824.000000  9.265549e-035
824.200000  2.066996e-035
824.400000  1.872306e-035
824.600000  -5.630713e-035
824.800000  -1.636139e-034
825.000000  -1.113738e-034
825.200000  -4.300532e-035
825.400000  1.630109e-034
825.600000  2.716409e-034
825.800000  2.399565e-034
826.000000  2.534147e-034
826.200000  3.487810e-034
826.400000  1.032606e-034
826.600000  1.260210e-034
826.800000  2.416775e-034
827.000000  2.173905e-034
827.200000  9.537628e-035
827.400000  -1.512681e-034
827.600000  -2.777384e-034
827.800000  -3.566593e-034
828.000000  -7.350137e-034
828.200000  -7.767493e-034
828.400000  -5.086142e-034
828.600000  -4.917686e-034
828.800000  -6.405359e-034
829.000000  -5.902990e-034
829.200000  -4.211674e-034
829.400000  -4.307001e-034
829.600000  -4.887705e-034
829.800000  -3.934864e-034
830.000000  -4.231501e-034
830.200000  -6.815183e-034
830.400000  -5.075789e-034
830.600000  -3.324452e-035
830.800000  -1.693374e-034
831.000000  -6.030848e-035
831.200000  1.660073e-034
831.400000  -1.414758e-034
831.600000  -6.996819e-034
831.800000  -7.154369e-034
832.000000  -6.610934e-034
832.200000  -8.724510e-034
832.400000  -1.466020e-033
832.600000  -8.752088e-034
832.800000  -5.596532e-034
833.000000  -8.658692e-034
833.200000  -6.611949e-034
833.400000  -3.658628e-034
833.600000  4.977765e-035
833.800000  -6.275240e-034
834.000000  -1.354731e-033
834.200000  -1.326695e-033
834.400000  -1.318068e-033
834.600000  -1.535850e-033
834.800000  -5.410254e-034
835.000000  2.206373e-034
835.200000  6.664164e-034
835.400000  -4.641403e-034
835.600000  1.633674e-034
835.800000  9.039525e-034
836.000000  1.193652e-033
836.200000  1.728780e-033
836.400000  2.105238e-033
836.600000  2.516721e-033
836.800000  2.434243e-033
837.000000  3.074134e-033
837.200000  1.800705e-033
837.400000  1.962434e-033
837.600000  1.645125e-033
837.800000  1.299949e-033
838.000000  -5.085646e-034
838.200000  -2.420743e-033
838.400000  -2.306978e-033
838.600000  -1.816590e-033
838.800000  -2.700405e-033
839.000000  -2.753389e-033
839.200000  -2.137563e-033
839.400000  -1.279141e-033
839.600000  6.616059e-034
839.800000  3.832136e-033
840.000000  6.758994e-033
840.200000  5.302358e-033
840.400000  2.901117e-033
840.600000  2.359592e-033
840.800000  3.909296e-033
841.000000  1.754201e-033
841.200000  2.436893e-034
841.400000  1.897704e-033
841.600000  1.569778e-033
841.800000  2.660880e-034
842.000000  -5.155164e-033
842.200000  -7.838258e-033
842.400000  -1.090629e-032
842.600000  -1.196135e-032
842.800000  -7.069890e-033
843.000000  -2.070466e-033
843.200000  -5.625424e-033
843.400000  -7.996243e-033
843.600000  -2.480966e-033
843.800000  7.271420e-033
844.000000  1.430137e-032
844.200000  1.822883e-032
844.400000  1.628348e-032
844.600000  9.248312e-033
844.800000  4.066076e-033
845.000000  1.098759e-032
845.200000  1.832042e-032
845.400000  2.851519e-032
845.600000  3.345213e-032
845.800000  2.696756e-032
846.000000  3.453856e-032
846.200000  3.903113e-032
846.400000  3.163493e-032
846.600000  3.152658e-032
846.800000  1.714676e-032
847.000000  3.561138e-033
847.200000  -6.134149e-033
847.400000  -8.641533e-033
847.600000  -1.003906e-032
847.800000  -1.317472e-032
848.000000  -1.765988e-032
848.200000  -3.047285e-033
848.400000  -6.329453e-033
848.600000  3.203279e-033
848.800000  1.348299e-032
849.000000  1.757652e-032
849.200000  1.717112e-033
849.400000  2.710673e-032
849.600000  4.221508e-032
849.800000  2.831674e-032
850.000000  3.259889e-032
850.200000  2.438299e-032
850.400000  3.470177e-032
850.600000  4.090874e-032
850.800000  3.742980e-032
851.000000  2.453152e-032
851.200000  1.762972e-033
851.400000  5.374301e-033
851.600000  3.039394e-032
851.800000  4.689072e-032
852.000000  2.980110e-032
852.200000  3.173034e-032
852.400000  5.689030e-032
852.600000  5.934349e-032
852.800000  5.235632e-032
853.000000  7.556282e-032
853.200000  9.382604e-032
853.400000  6.939636e-032
853.600000  4.815144e-032
853.800000  4.550250e-032
854.000000  3.793403e-032
854.200000  5.048565e-032
854.400000  5.734364e-032
854.600000  1.067757e-031
854.800000  1.578613e-031
855.000000  1.181658e-031
855.200000  9.596344e-032
855.400000  1.258711e-031
855.600000  1.021840e-031
855.800000  7.806677e-032
856.000000  1.067844e-031
856.200000  1.324572e-031
856.400000  4.869352e-032
856.600000  7.554303e-032
856.800000  1.223915e-031
857.000000  2.109243e-031
857.200000  1.973066e-031
857.400000  3.032622e-031
857.600000  3.631718e-031
857.800000  3.449787e-031
858.000000  3.197090e-031
858.200000  3.323787e-031
858.400000  4.042872e-031
858.600000  3.737974e-031
858.800000  3.844434e-031
859.000000  3.567873e-031
859.200000  3.618733e-031
859.400000  3.623360e-031
859.600000  4.681019e-031
859.800000  5.396798e-031
860.000000  4.054953e-031
860.200000  4.004004e-031
860.400000  3.906959e-031
860.600000  5.485507e-031
860.800000  5.440641e-031
861.000000  5.322856e-031
861.200000  5.444965e-031
861.400000  4.937373e-031
861.600000  4.715484e-031
861.800000  4.933540e-031
862.000000  6.177188e-031
862.200000  4.339975e-031
862.400000  4.608021e-031
862.600000  5.521028e-031
862.800000  6.138831e-031
863.000000  6.232166e-031
863.200000  8.575073e-031
863.400000  9.108525e-031
863.600000  9.944732e-031
863.800000  8.307282e-031
864.000000  1.161782e-030
864.200000  1.384042e-030
864.400000  1.235210e-030
864.600000  1.117476e-030
864.800000  9.467132e-031
865.000000  1.023312e-030
865.200000  6.229640e-031
865.400000  8.516628e-031
865.600000  1.238595e-030
865.800000  1.280718e-030
866.000000  1.406666e-030
866.200000  1.785472e-030
866.400000  2.221903e-030
866.600000  2.139109e-030
866.800000  2.095820e-030
867.000000  2.724046e-030
867.200000  2.954971e-030
867.400000  2.688697e-030
867.600000  2.782775e-030
867.800000  3.554543e-030
868.000000  2.952609e-030
868.200000  2.186948e-030
868.400000  1.609702e-030
868.600000  1.598930e-030
868.800000  1.126747e-030
869.000000  2.069487e-030
869.200000  2.377808e-030
869.400000  3.609425e-030
869.600000  3.790581e-030
869.800000  4.870873e-030
870.000000  6.065548e-030
870.200000  6.233640e-030
870.400000  6.288031e-030
870.600000  7.610205e-030
870.800000  8.907619e-030
871.000000  9.019796e-030
871.200000  9.759967e-030
871.400000  1.055465e-029
871.600000  1.328832e-029
871.800000  1.342666e-029
872.000000  1.383390e-029
872.200000  1.502693e-029
872.400000  1.581469e-029
872.600000  1.629767e-029
872.800000  1.663421e-029
873.000000  1.517763e-029
873.200000  1.324699e-029
873.400000  1.353502e-029
873.600000  1.380020e-029
873.800000  1.477359e-029
874.000000  1.487803e-029
874.200000  1.510680e-029
874.400000  1.670546e-029
874.600000  1.604123e-029
874.800000  1.554587e-029
875.000000  1.753988e-029
875.200000  2.131086e-029
875.400000  2.371517e-029
875.600000  2.553108e-029
875.800000  3.006619e-029
876.000000  3.209505e-029
876.200000  2.951562e-029
876.400000  2.996123e-029
876.600000  3.576908e-029
876.800000  3.814641e-029
877.000000  4.161778e-029
877.200000  4.586989e-029
877.400000  5.010185e-029
877.600000  4.998134e-029
877.800000  5.348109e-029
878.000000  5.520644e-029
878.200000  6.066701e-029
878.400000  6.604069e-029
878.600000  7.599439e-029
878.800000  8.360281e-029
879.000000  8.629319e-029
879.200000  8.861583e-029
879.400000  8.697462e-029
879.600000  8.496672e-029
879.800000  8.336585e-029
880.000000  8.575703e-029
880.200000  9.305623e-029
880.400000  1.066063e-028
880.600000  1.133920e-028
880.800000  1.242766e-028
881.000000  1.317421e-028
881.200000  1.312963e-028
881.400000  1.301001e-028
881.600000  1.408319e-028
881.800000  1.490802e-028
882.000000  1.519612e-028
882.200000  1.564507e-028
882.400000  1.715516e-028
882.600000  1.742061e-028
882.800000  1.795749e-028
883.000000  1.974312e-028
883.200000  2.063057e-028
883.400000  2.154013e-028
883.600000  2.423437e-028
883.800000  2.659389e-028
884.000000  2.837559e-028
884.200000  2.988927e-028
884.400000  2.971596e-028
884.600000  3.009551e-028
884.800000  2.885178e-028
885.000000  2.701577e-028
885.200000  2.748769e-028
885.400000  2.872994e-028
885.600000  3.002688e-028
885.800000  3.068463e-028
886.000000  3.372748e-028
886.200000  3.732517e-028
886.400000  3.918053e-028
886.600000  4.111906e-028
886.800000  4.718895e-028
887.000000  4.819630e-028
887.200000  4.784120e-028
887.400000  5.055123e-028
887.600000  5.347282e-028
887.800000  5.172021e-028
888.000000  5.036505e-028
888.200000  5.316095e-028
888.400000  5.492951e-028
888.600000  5.566508e-028
888.800000  5.804247e-028
889.000000  6.475464e-028
889.200000  6.799600e-028
889.400000  7.360234e-028
889.600000  7.632736e-028
889.800000  7.652644e-028
890.000000  7.678295e-028
890.200000  7.920226e-028
890.400000  8.466775e-028
890.600000  8.727352e-028
890.800000  9.073681e-028
891.000000  1.027381e-027
891.200000  1.125474e-027
891.400000  1.172163e-027
891.600000  1.210585e-027
891.800000  1.273712e-027
892.000000  1.327714e-027
892.200000  1.318700e-027
892.400000  1.361850e-027
892.600000  1.410454e-027
892.800000  1.477692e-027
893.000000  1.523586e-027
893.200000  1.651213e-027
893.400000  1.815385e-027
893.600000  1.891765e-027
893.800000  2.002603e-027
894.000000  2.182953e-027
894.200000  2.257648e-027
894.400000  2.395028e-027
894.600000  2.557303e-027
894.800000  2.828907e-027
895.000000  2.862332e-027
895.200000  2.804740e-027
895.400000  2.965951e-027
895.600000  3.108582e-027
895.800000  3.074620e-027
896.000000  3.118990e-027
896.200000  3.275821e-027
896.400000  3.266815e-027
896.600000  3.241777e-027
896.800000  3.296905e-027
897.000000  3.613306e-027
897.200000  3.878929e-027
897.400000  4.029449e-027
897.600000  4.439615e-027
897.800000  4.862295e-027
898.000000  4.931487e-027
898.200000  5.175930e-027
898.400000  5.363819e-027
898.600000  5.607876e-027
898.800000  5.933035e-027
899.000000  6.215198e-027
899.200000  6.403033e-027
899.400000  6.559951e-027
899.600000  6.736017e-027
899.800000  7.095597e-027
900.000000  7.649700e-027
900.200000  8.126401e-027
900.400000  8.546937e-027
900.600000  8.942522e-027
900.800000  9.442171e-027
901.000000  1.002077e-026
901.200000  1.072590e-026
901.400000  1.151818e-026
901.600000  1.208927e-026
901.800000  1.263858e-026
902.000000  1.343157e-026
902.200000  1.397079e-026
902.400000  1.422880e-026
902.600000  1.461584e-026
902.800000  1.533649e-026
903.000000  1.595167e-026
903.200000  1.631439e-026
903.400000  1.690266e-026
903.600000  1.773735e-026
903.800000  1.805603e-026
904.000000  1.870567e-026
904.200000  1.988258e-026
904.400000  2.120385e-026
904.600000  2.232736e-026
904.800000  2.378619e-026
905.000000  2.591329e-026
905.200000  2.757210e-026
905.400000  2.929271e-026
905.600000  3.087379e-026
905.800000  3.221187e-026
906.000000  3.277338e-026
906.200000  3.454518e-026
906.400000  3.602858e-026
906.600000  3.850526e-026
906.800000  3.987251e-026
907.000000  4.155237e-026
907.200000  4.317353e-026
907.400000  4.429977e-026
907.600000  4.524219e-026
907.800000  4.616337e-026
908.000000  4.731759e-026
908.200000  4.814437e-026
908.400000  5.035809e-026
908.600000  5.327054e-026
908.800000  5.387065e-026
909.000000  5.335852e-026
909.200000  5.500788e-026
909.400000  5.780216e-026
909.600000  6.009126e-026
909.800000  6.265129e-026
910.000000  6.601118e-026
910.200000  6.860837e-026
910.400000  7.386008e-026
910.600000  8.145720e-026
910.800000  9.192451e-026
911.000000  1.024230e-025
911.200000  1.135489e-025
911.400000  1.274665e-025
911.600000  1.413025e-025
911.800000  1.560955e-025
912.000000  1.711406e-025
912.200000  1.926846e-025
912.400000  2.188352e-025
912.600000  2.472284e-025
912.800000  2.824246e-025
913.000000  3.248891e-025
913.200000  3.776168e-025
913.400000  4.358723e-025
913.600000  5.055921e-025
913.800000  6.107476e-025
914.000000  6.938335e-025
914.200000  7.749058e-025
914.400000  8.465735e-025
914.600000  8.768780e-025
914.800000  8.754907e-025
915.000000  8.849834e-025
915.200000  9.143735e-025
915.400000  9.601866e-025
915.600000  1.042552e-024
915.800000  1.191108e-024
916.000000  1.343985e-024
916.200000  1.472054e-024
916.400000  1.572650e-024
916.600000  1.619815e-024
916.800000  1.570878e-024
917.000000  1.447497e-024
917.200000  1.306547e-024
917.400000  1.201708e-024
917.600000  1.041217e-024
917.800000  9.333632e-025
918.000000  8.364976e-025
918.200000  7.505087e-025
918.400000  6.922681e-025
918.600000  6.819246e-025
918.800000  7.169909e-025
919.000000  7.886328e-025
919.200000  8.770639e-025
919.400000  9.697168e-025
919.600000  1.075321e-024
919.800000  1.182443e-024
920.000000  1.268117e-024
920.200000  1.288054e-024
920.400000  1.217077e-024
920.600000  1.063160e-024
920.800000  9.036405e-025
921.000000  7.778420e-025
921.200000  6.931507e-025
921.400000  6.472560e-025
921.600000  6.632417e-025
921.800000  7.348442e-025
922.000000  8.460505e-025
922.200000  9.448901e-025
922.400000  1.045134e-024
922.600000  1.117194e-024
922.800000  1.128563e-024
923.000000  1.152082e-024
923.200000  1.175584e-024
923.400000  1.228091e-024
923.600000  1.274913e-024
923.800000  1.342681e-024
924.000000  1.412222e-024
924.200000  1.487906e-024
924.400000  1.550103e-024
924.600000  1.681892e-024
924.800000  1.925997e-024
925.000000  2.313366e-024
925.200000  2.776394e-024
925.400000  3.273321e-024
925.600000  3.803033e-024
925.800000  4.326844e-024
926.000000  4.745497e-024
926.200000  4.991150e-024
926.400000  5.077363e-024
926.600000  5.285774e-024
926.800000  5.663731e-024
927.000000  6.028222e-024
927.200000  6.128723e-024
927.400000  6.120844e-024
927.600000  6.060627e-024
927.800000  5.886770e-024
928.000000  6.069989e-024
928.200000  6.624220e-024
928.400000  7.061485e-024
928.600000  7.306708e-024
928.800000  7.617582e-024
929.000000  8.199914e-024
929.200000  8.969496e-024
929.400000  9.793029e-024
929.600000  1.064247e-023
929.800000  1.125753e-023
930.000000  1.167924e-023
930.200000  1.240122e-023
930.400000  1.379129e-023
930.600000  1.507922e-023
930.800000  1.551519e-023
931.000000  1.498593e-023
931.200000  1.419955e-023
931.400000  1.331630e-023
931.600000  1.290630e-023
931.800000  1.298685e-023
932.000000  1.313341e-023
932.200000  1.290100e-023
932.400000  1.246692e-023
932.600000  1.268439e-023
932.800000  1.355969e-023
933.000000  1.493479e-023
933.200000  1.588337e-023
933.400000  1.617989e-023
933.600000  1.619005e-023
933.800000  1.680479e-023
934.000000  1.897527e-023
934.200000  2.161727e-023
934.400000  2.346577e-023
934.600000  2.458802e-023
934.800000  2.548799e-023
935.000000  2.633185e-023
935.200000  2.715874e-023
935.400000  2.853427e-023
935.600000  2.996389e-023
935.800000  3.119651e-023
936.000000  3.431880e-023
936.200000  4.298804e-023
936.400000  5.546967e-023
936.600000  6.698035e-023
936.800000  7.274526e-023
937.000000  7.230525e-023
937.200000  7.000783e-023
937.400000  6.808067e-023
937.600000  6.688737e-023
937.800000  6.424406e-023
938.000000  5.952565e-023
938.200000  5.617231e-023
938.400000  5.617561e-023
938.600000  5.791812e-023
938.800000  5.981273e-023
939.000000  6.523839e-023
939.200000  7.357817e-023
939.400000  8.278092e-023
939.600000  9.212525e-023
939.800000  1.032704e-022
940.000000  1.173043e-022
940.200000  1.307402e-022
940.400000  1.409033e-022
940.600000  1.489491e-022
940.800000  1.567545e-022
941.000000  1.679817e-022
941.200000  1.866736e-022
941.400000  2.081001e-022
941.600000  2.220107e-022
941.800000  2.235179e-022
942.000000  2.146102e-022
942.200000  1.957353e-022
942.400000  1.708419e-022
942.600000  1.489021e-022
942.800000  1.373783e-022
943.000000  1.277803e-022
943.200000  1.130321e-022
943.400000  9.631891e-023
943.600000  8.577850e-023
943.800000  7.959321e-023
944.000000  8.292958e-023
944.200000  9.056531e-023
944.400000  9.423099e-023
944.600000  8.841113e-023
944.800000  8.367542e-023
945.000000  7.870366e-023
945.200000  7.604395e-023
945.400000  7.500229e-023
945.600000  7.550844e-023
945.800000  7.427788e-023
946.000000  6.829108e-023
946.200000  5.761837e-023
946.400000  4.847685e-023
946.600000  4.284094e-023
946.800000  4.032892e-023
947.000000  3.890573e-023
947.200000  4.047939e-023
947.400000  4.183751e-023
947.600000  4.301499e-023
947.800000  4.607200e-023
948.000000  5.196875e-023
948.200000  5.839016e-023
948.400000  6.174552e-023
948.600000  6.403852e-023
948.800000  6.260007e-023
949.000000  5.909755e-023
949.200000  5.701028e-023
949.400000  5.715970e-023
949.600000  5.891747e-023
949.800000  6.089480e-023
950.000000  6.498436e-023
950.200000  7.088073e-023
950.400000  7.404044e-023
950.600000  7.277128e-023
950.800000  7.162187e-023
951.000000  7.376463e-023
951.200000  7.826889e-023
951.400000  8.601583e-023
951.600000  9.282328e-023
951.800000  9.334203e-023
952.000000  8.548459e-023
952.200000  7.489361e-023
952.400000  6.616781e-023
952.600000  6.114619e-023
952.800000  5.612152e-023
953.000000  5.513912e-023
953.200000  5.824064e-023
953.400000  5.918569e-023
953.600000  6.021823e-023
953.800000  6.434955e-023
954.000000  6.951704e-023
954.200000  6.943660e-023
954.400000  7.505205e-023
954.600000  8.432233e-023
954.800000  9.527524e-023
955.000000  1.032187e-022
955.200000  1.236865e-022
955.400000  1.435041e-022
955.600000  1.520812e-022
955.800000  1.549782e-022
956.000000  1.437249e-022
956.200000  1.123946e-022
956.400000  9.142769e-023
956.600000  9.206130e-023
956.800000  1.006565e-022
957.000000  1.092475e-022
957.200000  1.272909e-022
957.400000  1.492786e-022
957.600000  1.642337e-022
957.800000  1.736067e-022
958.000000  1.949660e-022
958.200000  2.074463e-022
958.400000  2.116414e-022
958.600000  2.231283e-022
958.800000  2.417730e-022
959.000000  2.451628e-022
959.200000  2.389702e-022
959.400000  2.373543e-022
959.600000  2.337483e-022
959.800000  2.070540e-022
960.000000  1.751134e-022
960.200000  1.645194e-022
960.400000  1.485732e-022
960.600000  1.148220e-022
960.800000  9.494700e-023
961.000000  1.014282e-022
961.200000  8.516718e-023
961.400000  4.814154e-023
961.600000  5.345017e-023
961.800000  6.865243e-023
962.000000  5.542806e-023
962.200000  4.646310e-023
962.400000  5.856601e-023
962.600000  6.189825e-023
962.800000  4.392798e-023
963.000000  4.578390e-023
963.200000  6.455425e-023
963.400000  6.158749e-023
963.600000  3.431394e-023
963.800000  4.631581e-023
964.000000  6.502587e-023
964.200000  5.778999e-023
964.400000  4.480485e-023
964.600000  6.291030e-023
964.800000  6.888748e-023
965.000000  6.207730e-023
965.200000  6.741089e-023
965.400000  9.480098e-023
965.600000  1.028630e-022
965.800000  8.774500e-023
966.000000  1.129785e-022
966.200000  1.336341e-022
966.400000  1.518911e-022
966.600000  1.372015e-022
966.800000  1.694397e-022
967.000000  2.434486e-022
967.200000  2.523445e-022
967.400000  3.279379e-022
967.600000  4.730157e-022
967.800000  7.400377e-022
968.000000  1.389662e-021
968.200000  3.132212e-021
968.400000  1.086804e-020
968.600000  1.933066e-020
968.800000  1.813102e-020
969.000000  9.529975e-021
969.200000  3.131230e-021
969.400000  1.490104e-021
969.600000  7.950229e-022
969.800000  5.173203e-022
970.000000  3.738169e-022
970.200000  2.912910e-022
970.400000  2.344277e-022
970.600000  2.341878e-022
970.800000  1.661412e-022
971.000000  1.362052e-022
971.200000  1.222163e-022
971.400000  1.822385e-022
971.600000  1.172874e-022
971.800000  9.406294e-023
972.000000  1.379886e-022
972.200000  5.758204e-023
972.400000  7.543647e-023
972.600000  8.566838e-023
972.800000  7.608475e-023
973.000000  9.354077e-023
973.200000  9.414006e-023
973.400000  1.356853e-022
973.600000  1.609937e-022
973.800000  1.518304e-022
974.000000  5.275624e-023
974.200000  2.192580e-022
974.400000  1.713115e-022
974.600000  1.282349e-022
974.800000  1.660266e-022
975.000000  1.996616e-022
975.200000  1.717460e-022
975.400000  1.678740e-022
975.600000  2.440756e-022
975.800000  2.119937e-022
976.000000  1.275533e-022
976.200000  1.586161e-022
976.400000  2.457225e-022
976.600000  2.584301e-022
976.800000  2.554774e-022
977.000000  4.061458e-022
977.200000  5.536135e-022
977.400000  5.823834e-022
977.600000  6.696588e-022
977.800000  8.141568e-022
978.000000  8.171743e-022
978.200000  7.113987e-022
978.400000  8.106555e-022
978.600000  9.509143e-022
978.800000  9.242731e-022
979.000000  9.149878e-022
979.200000  1.091275e-021
979.400000  1.114057e-021
979.600000  9.570746e-022
979.800000  9.251406e-022
980.000000  1.067395e-021
980.200000  8.403357e-022
980.400000  7.531028e-022
980.600000  6.738485e-022
980.800000  6.387612e-022
981.000000  5.493656e-022
981.200000  5.418731e-022
981.400000  6.021027e-022
981.600000  7.303919e-022
981.800000  9.342442e-022
982.000000  1.067696e-021
982.200000  1.025312e-021
982.400000  9.402387e-022
982.600000  8.426943e-022
982.800000  7.023928e-022
983.000000  6.397966e-022
983.200000  6.100065e-022
983.400000  5.597963e-022
983.600000  5.380143e-022
983.800000  5.127653e-022
984.000000  4.715229e-022
984.200000  4.617339e-022
984.400000  4.509931e-022
984.600000  4.274258e-022
984.800000  4.033780e-022
985.000000  4.046527e-022
985.200000  4.269980e-022
985.400000  4.749561e-022
985.600000  5.254692e-022
985.800000  5.940327e-022
986.000000  6.550553e-022
986.200000  7.073537e-022
986.400000  7.297040e-022
986.600000  7.053014e-022
986.800000  6.623725e-022
987.000000  6.240157e-022
987.200000  6.096333e-022
987.400000  6.184228e-022
987.600000  6.308811e-022
987.800000  6.252327e-022
988.000000  5.911769e-022
988.200000  5.523629e-022
988.400000  5.337091e-022
988.600000  5.365983e-022
988.800000  5.344960e-022
989.000000  5.291524e-022
989.200000  5.594338e-022
989.400000  5.943455e-022
989.600000  6.308026e-022
989.800000  6.504943e-022
990.000000  6.329656e-022
990.200000  5.803238e-022
990.400000  5.034258e-022
990.600000  4.342318e-022
990.800000  4.257631e-022
991.000000  4.214377e-022
991.200000  4.111530e-022
991.400000  3.896792e-022
991.600000  3.787444e-022
991.800000  4.319445e-022
992.000000  4.942129e-022
992.200000  5.984676e-022
992.400000  7.521685e-022
992.600000  8.861046e-022
992.800000  9.222377e-022
993.000000  8.719800e-022
993.200000  8.061432e-022
993.400000  7.720598e-022
993.600000  7.775048e-022
993.800000  7.913997e-022
994.000000  7.998905e-022
994.200000  8.127770e-022
994.400000  8.170717e-022
994.600000  8.015510e-022
994.800000  7.599445e-022
995.000000  7.021810e-022
995.200000  7.016728e-022
995.400000  7.385378e-022
995.600000  7.985928e-022
995.800000  8.315172e-022
996.000000  8.094941e-022
996.200000  8.049681e-022
996.400000  8.218096e-022
996.600000  9.054790e-022
996.800000  1.020681e-021
997.000000  1.158933e-021
997.200000  1.312793e-021
997.400000  1.491360e-021
997.600000  1.700547e-021
997.800000  1.852949e-021
998.000000  1.956398e-021
998.200000  1.978389e-021
998.400000  1.988084e-021
998.600000  2.074990e-021
998.800000  2.213067e-021
999.000000  2.368435e-021
999.200000  2.513272e-021
999.400000  2.601043e-021
999.600000  2.765017e-021
999.800000  2.935529e-021
1000.000000  2.929138e-021
1000.200000  3.019221e-021
1000.400000  3.023799e-021
1000.600000  2.964446e-021
1000.800000  2.795703e-021
1001.000000  2.553179e-021
1001.200000  2.258553e-021
1001.400000  2.019699e-021
1001.600000  1.907309e-021
1001.800000  1.953140e-021
1002.000000  1.988068e-021
1002.200000  1.886306e-021
1002.400000  1.719825e-021
1002.600000  1.614438e-021
1002.800000  1.652311e-021
1003.000000  1.742339e-021
1003.200000  1.911533e-021
1003.400000  2.327755e-021
1003.600000  2.874604e-021
1003.800000  3.265674e-021
1004.000000  3.517945e-021
1004.200000  3.618298e-021
1004.400000  3.685473e-021
1004.600000  3.783002e-021
1004.800000  3.842504e-021
1005.000000  3.757066e-021
1005.200000  3.523063e-021
1005.400000  3.272618e-021
1005.600000  3.231109e-021
1005.800000  3.520787e-021
1006.000000  4.137835e-021
1006.200000  4.704794e-021
1006.400000  4.845908e-021
1006.600000  4.735040e-021
1006.800000  4.532272e-021
1007.000000  4.309775e-021
1007.200000  4.539671e-021
1007.400000  5.221693e-021
1007.600000  4.997587e-021
1007.800000  4.642107e-021
1008.000000  3.879813e-021
1008.200000  3.258520e-021
1008.400000  3.042898e-021
1008.600000  2.938815e-021
1008.800000  2.769546e-021
1009.000000  2.582054e-021
1009.200000  2.426737e-021
1009.400000  2.336278e-021
1009.600000  2.245637e-021
1009.800000  2.287041e-021
1010.000000  2.377545e-021
1010.200000  2.489490e-021
1010.400000  2.627850e-021
1010.600000  2.755009e-021
1010.800000  2.790547e-021
1011.000000  2.752255e-021
1011.200000  2.625120e-021
1011.400000  2.552028e-021
1011.600000  2.580905e-021
1011.800000  2.695566e-021
1012.000000  2.843458e-021
1012.200000  2.947036e-021
1012.400000  3.027666e-021
1012.600000  3.033968e-021
1012.800000  2.983947e-021
1013.000000  3.098011e-021
1013.200000  3.120992e-021
1013.400000  2.932973e-021
1013.600000  2.678045e-021
1013.800000  2.649052e-021
1014.000000  2.433333e-021
1014.200000  2.257224e-021
1014.400000  2.214362e-021
1014.600000  2.089504e-021
1014.800000  2.322473e-021
1015.000000  2.431956e-021
1015.200000  2.368968e-021
1015.400000  2.151457e-021
1015.600000  1.926796e-021
1015.800000  1.965687e-021
1016.000000  1.856534e-021
1016.200000  1.841514e-021
1016.400000  1.683617e-021
1016.600000  1.735412e-021
1016.800000  1.689467e-021
1017.000000  1.718531e-021
1017.200000  1.811651e-021
1017.400000  1.908341e-021
1017.600000  2.191830e-021
1017.800000  2.457195e-021
1018.000000  2.660002e-021
1018.030000  2.697073e-021
1018.060000  2.739172e-021
1018.090000  2.774390e-021
1018.120000  2.793901e-021
1018.150000  2.796208e-021
1018.180000  2.789879e-021
1018.210000  2.785396e-021
1018.240000  2.780330e-021
1018.270000  2.787235e-021
1018.300000  2.815095e-021
1018.330000  2.850957e-021
1018.360000  2.881422e-021
1018.390000  2.913941e-021
1018.420000  2.945385e-021
1018.450000  2.963415e-021
1018.480000  2.976722e-021
1018.510000  2.997168e-021
1018.540000  3.016904e-021
1018.570000  3.021761e-021
1018.600000  3.021720e-021
1018.630000  3.017329e-021
1018.660000  3.005360e-021
1018.690000  2.992252e-021
1018.720000  2.984131e-021
1018.750000  2.986519e-021
1018.780000  3.005494e-021
1018.810000  3.047387e-021
1018.840000  3.104644e-021
1018.870000  3.162356e-021
1018.900000  3.202146e-021
1018.930000  3.223127e-021
1018.960000  3.232526e-021
1018.990000  3.232878e-021
1019.020000  3.227111e-021
1019.050000  3.224493e-021
1019.080000  3.237227e-021
1019.110000  3.268252e-021
1019.140000  3.313422e-021
1019.170000  3.359963e-021
1019.200000  3.406210e-021
1019.230000  3.459271e-021
1019.260000  3.508028e-021
1019.290000  3.541546e-021
1019.320000  3.566820e-021
1019.350000  3.609441e-021
1019.380000  3.682766e-021
1019.410000  3.754742e-021
1019.440000  3.809354e-021
1019.470000  3.880699e-021
1019.500000  3.955290e-021
1019.530000  3.988859e-021
1019.560000  4.005772e-021
1019.590000  4.060155e-021
1019.620000  4.129646e-021
1019.650000  4.176325e-021
1019.680000  4.221944e-021
1019.710000  4.266012e-021
1019.740000  4.272171e-021
1019.770000  4.275977e-021
1019.800000  4.324541e-021
1019.830000  4.371397e-021
1019.860000  4.388846e-021
1019.890000  4.395540e-021
1019.920000  4.385682e-021
1019.950000  4.346022e-021
1019.980000  4.302645e-021
1020.010000  4.274361e-021
1020.040000  4.247734e-021
1020.070000  4.234438e-021
1020.100000  4.227685e-021
1020.130000  4.191620e-021
1020.160000  4.149336e-021
1020.190000  4.125971e-021
1020.220000  4.076895e-021
1020.250000  4.001411e-021
1020.280000  3.954223e-021
1020.310000  3.936203e-021
1020.340000  3.920963e-021
1020.370000  3.899833e-021
1020.400000  3.867369e-021
1020.430000  3.810667e-021
1020.460000  3.739435e-021
1020.490000  3.669144e-021
1020.520000  3.603805e-021
1020.550000  3.557254e-021
1020.580000  3.532453e-021
1020.610000  3.508077e-021
1020.640000  3.477587e-021
1020.670000  3.453664e-021
1020.700000  3.434096e-021
1020.730000  3.418974e-021
1020.760000  3.410438e-021
1020.790000  3.416670e-021
1020.820000  3.453235e-021
1020.850000  3.521630e-021
1020.880000  3.598801e-021
1020.910000  3.667163e-021
1020.940000  3.718484e-021
1020.970000  3.741326e-021
1021.000000  3.732570e-021
1021.030000  3.710397e-021
1021.060000  3.701131e-021
1021.090000  3.715215e-021
1021.120000  3.747637e-021
1021.150000  3.794236e-021
1021.180000  3.870513e-021
1021.210000  3.968789e-021
1021.240000  4.069816e-021
1021.270000  4.182975e-021
1021.300000  4.327972e-021
1021.330000  4.489886e-021
1021.360000  4.666435e-021
1021.390000  4.871263e-021
1021.420000  5.094845e-021
1021.450000  5.320435e-021
1021.480000  5.541615e-021
1021.510000  5.755090e-021
1021.540000  5.971932e-021
1021.570000  6.220628e-021
1021.600000  6.508704e-021
1021.630000  6.840860e-021
1021.660000  7.231111e-021
1021.690000  7.676007e-021
1021.720000  8.136329e-021
1021.750000  8.584249e-021
1021.780000  9.019975e-021
1021.810000  9.419969e-021
1021.840000  9.757570e-021
1021.870000  1.006756e-020
1021.900000  1.041167e-020
1021.930000  1.082780e-020
1021.960000  1.129435e-020
1021.990000  1.180221e-020
1022.020000  1.242411e-020
1022.050000  1.309058e-020
1022.080000  1.368406e-020
1022.110000  1.426744e-020
1022.140000  1.486105e-020
1022.170000  1.545242e-020
1022.200000  1.601037e-020
1022.230000  1.653736e-020
1022.260000  1.705413e-020
1022.290000  1.753931e-020
1022.320000  1.799732e-020
1022.350000  1.845279e-020
1022.380000  1.884704e-020
1022.410000  1.919521e-020
1022.440000  1.954804e-020
1022.470000  1.973452e-020
1022.500000  1.986557e-020
1022.530000  2.015132e-020
1022.560000  2.037218e-020
1022.590000  2.041883e-020
1022.620000  2.046988e-020
1022.650000  2.041676e-020
1022.680000  2.017235e-020
1022.710000  2.002261e-020
1022.740000  1.999332e-020
1022.770000  1.983148e-020
1022.800000  1.961702e-020
1022.830000  1.945202e-020
1022.860000  1.917969e-020
1022.890000  1.882250e-020
1022.920000  1.853498e-020
1022.950000  1.829449e-020
1022.980000  1.805029e-020
1023.010000  1.786804e-020
1023.040000  1.780580e-020
1023.070000  1.785778e-020
1023.100000  1.796658e-020
1023.130000  1.806079e-020
1023.160000  1.806942e-020
1023.190000  1.795008e-020
1023.220000  1.771697e-020
1023.250000  1.744783e-020
1023.280000  1.722412e-020
1023.310000  1.708788e-020
1023.340000  1.706481e-020
1023.370000  1.715444e-020
1023.400000  1.730690e-020
1023.430000  1.745511e-020
1023.460000  1.754310e-020
1023.490000  1.757932e-020
1023.520000  1.762999e-020
1023.550000  1.769001e-020
1023.580000  1.766387e-020
1023.610000  1.756045e-020
1023.640000  1.746426e-020
1023.670000  1.735298e-020
1023.700000  1.720039e-020
1023.730000  1.707931e-020
1023.760000  1.703219e-020
1023.790000  1.699030e-020
1023.820000  1.693653e-020
1023.850000  1.693774e-020
1023.880000  1.705839e-020
1023.910000  1.727461e-020
1023.940000  1.750525e-020
1023.970000  1.765453e-020
1024.000000  1.765221e-020
1024.030000  1.750661e-020
1024.060000  1.728207e-020
1024.090000  1.708759e-020
1024.120000  1.703803e-020
1024.150000  1.718279e-020
1024.180000  1.745726e-020
1024.210000  1.777959e-020
1024.240000  1.812119e-020
1024.270000  1.849655e-020
1024.300000  1.895596e-020
1024.330000  1.949609e-020
1024.360000  2.001583e-020
1024.390000  2.048600e-020
1024.420000  2.099495e-020
1024.450000  2.152344e-020
1024.480000  2.206959e-020
1024.510000  2.283883e-020
1024.540000  2.391014e-020
1024.570000  2.500567e-020
1024.600000  2.588971e-020
1024.630000  2.668128e-020
1024.660000  2.747143e-020
1024.690000  2.810123e-020
1024.720000  2.868418e-020
1024.750000  2.952689e-020
1024.780000  3.048177e-020
1024.810000  3.119500e-020
1024.840000  3.158494e-020
1024.870000  3.167571e-020
1024.900000  3.147072e-020
1024.930000  3.112278e-020
1024.960000  3.084890e-020
1024.990000  3.072736e-020
1025.020000  3.064292e-020
1025.050000  3.045809e-020
1025.080000  3.013676e-020
1025.110000  2.970596e-020
1025.140000  2.924510e-020
1025.170000  2.876368e-020
1025.200000  2.814423e-020
1025.230000  2.730708e-020
1025.260000  2.628496e-020
1025.290000  2.516638e-020
1025.320000  2.409176e-020
1025.350000  2.320063e-020
1025.380000  2.251933e-020
1025.410000  2.196207e-020
1025.440000  2.143169e-020
1025.470000  2.087426e-020
1025.500000  2.029529e-020
1025.530000  1.972078e-020
1025.560000  1.916725e-020
1025.590000  1.865066e-020
1025.620000  1.820118e-020
1025.650000  1.783740e-020
1025.680000  1.753481e-020
1025.710000  1.726106e-020
1025.740000  1.700472e-020
1025.770000  1.673779e-020
1025.800000  1.643065e-020
1025.830000  1.610153e-020
1025.860000  1.580166e-020
1025.890000  1.556973e-020
1025.920000  1.539181e-020
1025.950000  1.519522e-020
1025.980000  1.491839e-020
1026.010000  1.458921e-020
1026.040000  1.424251e-020
1026.070000  1.388924e-020
1026.100000  1.357564e-020
1026.130000  1.333089e-020
1026.160000  1.311823e-020
1026.190000  1.290967e-020
1026.220000  1.271358e-020
1026.250000  1.249276e-020
1026.280000  1.224399e-020
1026.310000  1.202716e-020
1026.340000  1.182422e-020
1026.370000  1.160160e-020
1026.400000  1.146159e-020
1026.430000  1.140684e-020
1026.460000  1.128274e-020
1026.490000  1.109938e-020
1026.520000  1.094547e-020
1026.550000  1.078033e-020
1026.580000  1.060288e-020
1026.610000  1.051257e-020
1026.640000  1.049071e-020
1026.670000  1.042992e-020
1026.700000  1.030214e-020
1026.730000  1.014641e-020
1026.760000  9.989142e-021
1026.790000  9.855982e-021
1026.820000  9.771656e-021
1026.850000  9.768816e-021
1026.880000  9.854760e-021
1026.910000  9.957241e-021
1026.940000  9.985804e-021
1026.970000  9.935254e-021
1027.000000  9.834627e-021
1027.030000  9.715175e-021
1027.060000  9.641609e-021
1027.090000  9.651127e-021
1027.120000  9.744769e-021
1027.150000  9.917838e-021
1027.180000  1.011150e-020
1027.210000  1.020972e-020
1027.240000  1.023682e-020
1027.270000  1.029823e-020
1027.300000  1.038428e-020
1027.330000  1.046407e-020
1027.360000  1.062950e-020
1027.390000  1.090197e-020
1027.420000  1.114946e-020
1027.450000  1.130824e-020
1027.480000  1.143218e-020
1027.510000  1.155179e-020
1027.540000  1.168580e-020
1027.570000  1.190514e-020
1027.600000  1.225260e-020
1027.630000  1.270226e-020
1027.660000  1.319928e-020
1027.690000  1.368711e-020
1027.720000  1.413632e-020
1027.750000  1.456415e-020
1027.780000  1.499484e-020
1027.810000  1.544242e-020
1027.840000  1.592677e-020
1027.870000  1.648624e-020
1027.900000  1.715281e-020
1027.930000  1.791009e-020
1027.960000  1.870106e-020
1027.990000  1.946772e-020
1028.020000  2.015105e-020
1028.050000  2.070356e-020
1028.080000  2.113120e-020
1028.110000  2.152456e-020
1028.140000  2.201043e-020
1028.170000  2.266620e-020
1028.200000  2.350449e-020
1028.230000  2.453287e-020
1028.260000  2.575327e-020
1028.290000  2.709752e-020
1028.320000  2.845486e-020
1028.350000  2.976848e-020
1028.380000  3.107706e-020
1028.410000  3.245575e-020
1028.440000  3.389983e-020
1028.470000  3.536003e-020
1028.500000  3.675365e-020
1028.530000  3.793975e-020
1028.560000  3.901444e-020
1028.590000  4.023453e-020
1028.620000  4.159285e-020
1028.650000  4.287485e-020
1028.680000  4.404740e-020
1028.710000  4.524338e-020
1028.740000  4.645803e-020
1028.770000  4.779659e-020
1028.800000  4.950461e-020
1028.830000  5.131094e-020
1028.860000  5.291738e-020
1028.890000  5.455042e-020
1028.920000  5.615879e-020
1028.950000  5.779112e-020
1028.980000  5.994060e-020
1029.010000  6.212876e-020
1029.040000  6.368502e-020
1029.070000  6.527077e-020
1029.100000  6.732729e-020
1029.130000  6.951659e-020
1029.160000  7.218875e-020
1029.190000  7.565349e-020
1029.220000  7.885384e-020
1029.250000  8.106268e-020
1029.280000  8.298455e-020
1029.310000  8.519766e-020
1029.340000  8.754358e-020
1029.370000  9.015921e-020
1029.400000  9.333922e-020
1029.430000  9.672803e-020
1029.460000  9.960852e-020
1029.490000  1.015356e-019
1029.520000  1.024970e-019
1029.550000  1.025591e-019
1029.580000  1.017970e-019
1029.610000  1.004846e-019
1029.640000  9.907316e-020
1029.670000  9.779902e-020
1029.700000  9.645509e-020
1029.730000  9.473760e-020
1029.760000  9.265116e-020
1029.790000  9.029188e-020
1029.820000  8.768374e-020
1029.850000  8.485336e-020
1029.880000  8.182554e-020
1029.910000  7.861452e-020
1029.940000  7.525768e-020
1029.970000  7.183088e-020
1030.000000  6.843148e-020
1030.030000  6.512001e-020
1030.060000  6.178915e-020
1030.090000  5.829822e-020
1030.120000  5.469378e-020
1030.150000  5.115902e-020
1030.180000  4.787532e-020
1030.210000  4.502488e-020
1030.240000  4.264920e-020
1030.270000  4.058647e-020
1030.300000  3.865109e-020
1030.330000  3.673775e-020
1030.360000  3.477455e-020
1030.390000  3.280436e-020
1030.420000  3.096191e-020
1030.450000  2.917107e-020
1030.480000  2.739976e-020
1030.510000  2.577583e-020
1030.540000  2.429913e-020
1030.570000  2.292144e-020
1030.600000  2.175527e-020
1030.630000  2.083150e-020
1030.660000  1.999576e-020
1030.690000  1.913228e-020
1030.720000  1.819841e-020
1030.750000  1.727975e-020
1030.780000  1.644640e-020
1030.810000  1.569428e-020
1030.840000  1.504819e-020
1030.870000  1.454998e-020
1030.900000  1.417473e-020
1030.930000  1.383640e-020
1030.960000  1.344726e-020
1030.990000  1.298945e-020
1031.020000  1.248383e-020
1031.050000  1.195881e-020
1031.080000  1.145340e-020
1031.110000  1.101281e-020
1031.140000  1.066821e-020
1031.170000  1.041322e-020
1031.200000  1.021398e-020
1031.230000  1.001960e-020
1031.260000  9.795493e-021
1031.290000  9.551290e-021
1031.320000  9.313641e-021
1031.350000  9.067313e-021
1031.380000  8.796536e-021
1031.410000  8.520981e-021
1031.440000  8.235174e-021
1031.470000  7.935203e-021
1031.500000  7.646723e-021
1031.530000  7.386500e-021
1031.560000  7.160471e-021
1031.590000  6.989126e-021
1031.620000  6.881131e-021
1031.650000  6.802183e-021
1031.680000  6.729607e-021
1031.710000  6.662575e-021
1031.740000  6.594821e-021
1031.770000  6.509575e-021
1031.800000  6.397535e-021
1031.830000  6.263405e-021
1031.860000  6.114674e-021
1031.890000  5.959562e-021
1031.920000  5.803237e-021
1031.950000  5.656449e-021
1031.980000  5.525217e-021
1032.010000  5.407842e-021
1032.040000  5.304369e-021
1032.070000  5.216572e-021
1032.100000  5.134187e-021
1032.130000  5.056491e-021
1032.160000  4.986551e-021
1032.190000  4.919925e-021
1032.220000  4.855944e-021
1032.250000  4.795464e-021
1032.280000  4.730537e-021
1032.310000  4.654866e-021
1032.340000  4.579514e-021
1032.370000  4.507967e-021
1032.400000  4.436189e-021
1032.430000  4.361078e-021
1032.460000  4.279436e-021
1032.490000  4.181276e-021
1032.520000  4.062518e-021
1032.550000  3.940652e-021
1032.580000  3.830706e-021
1032.610000  3.745740e-021
1032.640000  3.695323e-021
1032.670000  3.677721e-021
1032.700000  3.678430e-021
1032.730000  3.680647e-021
1032.760000  3.676397e-021
1032.790000  3.653953e-021
1032.820000  3.609737e-021
1032.850000  3.553919e-021
1032.880000  3.496252e-021
1032.910000  3.426108e-021
1032.940000  3.340347e-021
1032.970000  3.248547e-021
1033.000000  3.158306e-021
1033.030000  3.082795e-021
1033.060000  3.033320e-021
1033.090000  3.016507e-021
1033.120000  3.021698e-021
1033.150000  3.027653e-021
1033.180000  3.020915e-021
1033.210000  3.003095e-021
1033.240000  2.968283e-021
1033.270000  2.914098e-021
1033.300000  2.855748e-021
1033.330000  2.806581e-021
1033.360000  2.770985e-021
1033.390000  2.748322e-021
1033.420000  2.732819e-021
1033.450000  2.725606e-021
1033.480000  2.718169e-021
1033.510000  2.683699e-021
1033.540000  2.626216e-021
1033.570000  2.566345e-021
1033.600000  2.514023e-021
1033.630000  2.475690e-021
1033.660000  2.462673e-021
1033.690000  2.468901e-021
1033.720000  2.481820e-021
1033.750000  2.488747e-021
1033.780000  2.476204e-021
1033.810000  2.460156e-021
1033.840000  2.454363e-021
1033.870000  2.444847e-021
1033.900000  2.419868e-021
1033.930000  2.388503e-021
1033.960000  2.341664e-021
1033.990000  2.285437e-021
1034.020000  2.252887e-021
1034.050000  2.244498e-021
1034.080000  2.241646e-021
1034.110000  2.242546e-021
1034.140000  2.248240e-021
1034.170000  2.249742e-021
1034.200000  2.247667e-021
1034.230000  2.244467e-021
1034.260000  2.240414e-021
1034.290000  2.228578e-021
1034.320000  2.197784e-021
1034.350000  2.160252e-021
1034.380000  2.139082e-021
1034.410000  2.133730e-021
1034.440000  2.129697e-021
1034.470000  2.135380e-021
1034.500000  2.145532e-021
1034.530000  2.136432e-021
1034.560000  2.103711e-021
1034.590000  2.062561e-021
1034.620000  2.014973e-021
1034.650000  1.967961e-021
1034.680000  1.945169e-021
1034.710000  1.947797e-021
1034.740000  1.957195e-021
1034.770000  1.965984e-021
1034.800000  1.973545e-021
1034.830000  1.968877e-021
1034.860000  1.957600e-021
1034.890000  1.946099e-021
1034.920000  1.926660e-021
1034.950000  1.907373e-021
1034.980000  1.898117e-021
1035.010000  1.891110e-021
1035.040000  1.892651e-021
1035.070000  1.910383e-021
1035.100000  1.925650e-021
1035.130000  1.919565e-021
1035.160000  1.899583e-021
1035.190000  1.875579e-021
1035.220000  1.854269e-021
1035.250000  1.834880e-021
1035.280000  1.810100e-021
1035.310000  1.786190e-021
1035.340000  1.771129e-021
1035.370000  1.764222e-021
1035.400000  1.761473e-021
1035.430000  1.763605e-021
1035.460000  1.761744e-021
1035.490000  1.749571e-021
1035.520000  1.726757e-021
1035.550000  1.695383e-021
1035.580000  1.668420e-021
1035.610000  1.644979e-021
1035.640000  1.614065e-021
1035.670000  1.582299e-021
1035.700000  1.566164e-021
1035.730000  1.563887e-021
1035.760000  1.572683e-021
1035.790000  1.595747e-021
1035.820000  1.622062e-021
1035.850000  1.639302e-021
1035.880000  1.641775e-021
1035.910000  1.630805e-021
1035.940000  1.613220e-021
1035.970000  1.591708e-021
1036.000000  1.568538e-021
1036.030000  1.554159e-021
1036.060000  1.551371e-021
1036.090000  1.545434e-021
1036.120000  1.529851e-021
1036.150000  1.505752e-021
1036.180000  1.481010e-021
1036.210000  1.467949e-021
1036.240000  1.465801e-021
1036.270000  1.477337e-021
1036.300000  1.503350e-021
1036.330000  1.525592e-021
1036.360000  1.527234e-021
1036.390000  1.522076e-021
1036.420000  1.516854e-021
1036.450000  1.504445e-021
1036.480000  1.488536e-021
1036.510000  1.472421e-021
1036.540000  1.455751e-021
1036.570000  1.447646e-021
1036.600000  1.460384e-021
1036.630000  1.491381e-021
1036.660000  1.534334e-021
1036.690000  1.574730e-021
1036.720000  1.598489e-021
1036.750000  1.609600e-021
1036.780000  1.620014e-021
1036.810000  1.630404e-021
1036.840000  1.647688e-021
1036.870000  1.675626e-021
1036.900000  1.699943e-021
1036.930000  1.712702e-021
1036.960000  1.723750e-021
1036.990000  1.735265e-021
1037.020000  1.736785e-021
1037.050000  1.737114e-021
1037.080000  1.743402e-021
1037.110000  1.745459e-021
1037.140000  1.747764e-021
1037.170000  1.761419e-021
1037.200000  1.778445e-021
1037.230000  1.793627e-021
1037.260000  1.815250e-021
1037.290000  1.836257e-021
1037.320000  1.847796e-021
1037.350000  1.858739e-021
1037.380000  1.872115e-021
1037.410000  1.881322e-021
1037.440000  1.886649e-021
1037.470000  1.888261e-021
1037.500000  1.881505e-021
1037.530000  1.866694e-021
1037.560000  1.848087e-021
1037.590000  1.831603e-021
1037.620000  1.834872e-021
1037.650000  1.858515e-021
1037.680000  1.889302e-021
1037.710000  1.919568e-021
1037.740000  1.945438e-021
1037.770000  1.965480e-021
1037.800000  1.973115e-021
1037.830000  1.969333e-021
1037.860000  1.961882e-021
1037.890000  1.952721e-021
1037.920000  1.930155e-021
1037.950000  1.902074e-021
1037.980000  1.887829e-021
1038.010000  1.892143e-021
1038.040000  1.909103e-021
1038.070000  1.942013e-021
1038.100000  1.988164e-021
1038.130000  2.037627e-021
1038.160000  2.090219e-021
1038.190000  2.139767e-021
1038.220000  2.187266e-021
1038.250000  2.228326e-021
1038.280000  2.246469e-021
1038.310000  2.241130e-021
1038.340000  2.225247e-021
1038.370000  2.199103e-021
1038.400000  2.173911e-021
1038.430000  2.159254e-021
1038.460000  2.153114e-021
1038.490000  2.162821e-021
1038.520000  2.186300e-021
1038.550000  2.217230e-021
1038.580000  2.260322e-021
1038.610000  2.308801e-021
1038.640000  2.346905e-021
1038.670000  2.380859e-021
1038.700000  2.406753e-021
1038.730000  2.409839e-021
1038.760000  2.401279e-021
1038.790000  2.389601e-021
1038.820000  2.367824e-021
1038.850000  2.337659e-021
1038.880000  2.316119e-021
1038.910000  2.306162e-021
1038.940000  2.302716e-021
1038.970000  2.301928e-021
1039.000000  2.302096e-021
1039.030000  2.300142e-021
1039.060000  2.282764e-021
1039.090000  2.253541e-021
1039.120000  2.228178e-021
1039.150000  2.214911e-021
1039.180000  2.211259e-021
1039.210000  2.203693e-021
1039.240000  2.180929e-021
1039.270000  2.152604e-021
1039.300000  2.136733e-021
1039.330000  2.125501e-021
1039.360000  2.123008e-021
1039.390000  2.141173e-021
1039.420000  2.164064e-021
1039.450000  2.170926e-021
1039.480000  2.168321e-021
1039.510000  2.160252e-021
1039.540000  2.139664e-021
1039.570000  2.107834e-021
1039.600000  2.068474e-021
1039.630000  2.027504e-021
1039.660000  2.000328e-021
1039.690000  2.000204e-021
1039.720000  2.018127e-021
1039.750000  2.038293e-021
1039.780000  2.053892e-021
1039.810000  2.063700e-021
1039.840000  2.061428e-021
1039.870000  2.051767e-021
1039.900000  2.036557e-021
1039.930000  2.020406e-021
1039.960000  2.006318e-021
1039.990000  1.987102e-021
1040.020000  1.961686e-021
1040.050000  1.943660e-021
1040.080000  1.934682e-021
1040.110000  1.921640e-021
1040.140000  1.907521e-021
1040.170000  1.894021e-021
1040.200000  1.875536e-021
1040.230000  1.855735e-021
1040.260000  1.836053e-021
1040.290000  1.820195e-021
1040.320000  1.802452e-021
1040.350000  1.782392e-021
1040.380000  1.762047e-021
1040.410000  1.743008e-021
1040.440000  1.729525e-021
1040.470000  1.724142e-021
1040.500000  1.725182e-021
1040.530000  1.724149e-021
1040.560000  1.722917e-021
1040.590000  1.712132e-021
1040.620000  1.685300e-021
1040.650000  1.650160e-021
1040.680000  1.619201e-021
1040.710000  1.596450e-021
1040.740000  1.585924e-021
1040.770000  1.591709e-021
1040.800000  1.607646e-021
1040.830000  1.628589e-021
1040.860000  1.648041e-021
1040.890000  1.657992e-021
1040.920000  1.666043e-021
1040.950000  1.678742e-021
1040.980000  1.682926e-021
1041.010000  1.677653e-021
1041.040000  1.676197e-021
1041.070000  1.676084e-021
1041.100000  1.676489e-021
1041.130000  1.684464e-021
1041.160000  1.691159e-021
1041.190000  1.693695e-021
1041.220000  1.698932e-021
1041.250000  1.700136e-021
1041.280000  1.697811e-021
1041.310000  1.710524e-021
1041.340000  1.724376e-021
1041.370000  1.727821e-021
1041.400000  1.734919e-021
1041.430000  1.738510e-021
1041.460000  1.733595e-021
1041.490000  1.735369e-021
1041.520000  1.745302e-021
1041.550000  1.753440e-021
1041.580000  1.763170e-021
1041.610000  1.770325e-021
1041.640000  1.768785e-021
1041.670000  1.761662e-021
1041.700000  1.755147e-021
1041.730000  1.750176e-021
1041.760000  1.738299e-021
1041.790000  1.719242e-021
1041.820000  1.693546e-021
1041.850000  1.662803e-021
1041.880000  1.636523e-021
1041.910000  1.625301e-021
1041.940000  1.628292e-021
1041.970000  1.635952e-021
1042.000000  1.641705e-021
1042.200000  1.716494e-021
1042.400000  1.641792e-021
1042.600000  1.667501e-021
1042.800000  1.756908e-021
1043.000000  1.720789e-021
1043.200000  1.779297e-021
1043.400000  1.858873e-021
1043.600000  2.009230e-021
1043.800000  2.024641e-021
1044.000000  2.165415e-021
1044.200000  2.310317e-021
1044.400000  2.434242e-021
1044.600000  2.664761e-021
1044.800000  2.553110e-021
1045.000000  2.871366e-021
1045.200000  3.102958e-021
1045.400000  3.249577e-021
1045.600000  3.563577e-021
1045.800000  4.138793e-021
1046.000000  4.678117e-021
1046.200000  5.078166e-021
1046.400000  5.361944e-021
1046.600000  5.413927e-021
1046.800000  5.395651e-021
1047.000000  5.584682e-021
1047.200000  5.875882e-021
1047.400000  6.001046e-021
1047.600000  5.932232e-021
1047.800000  6.093021e-021
1048.000000  6.204973e-021
1048.200000  6.124333e-021
1048.400000  6.457068e-021
1048.600000  6.181363e-021
1048.800000  5.891313e-021
1049.000000  5.806089e-021
1049.200000  4.939882e-021
1049.400000  4.386619e-021
1049.600000  3.907555e-021
1049.800000  3.820089e-021
1050.000000  3.430839e-021
1050.200000  3.148098e-021
1050.400000  2.936385e-021
1050.600000  2.431740e-021
1050.800000  2.440031e-021
1051.000000  2.141296e-021
1051.200000  2.137348e-021
1051.400000  1.817376e-021
1051.600000  1.801910e-021
1051.800000  1.604489e-021
1052.000000  1.549923e-021
1052.200000  1.375143e-021
1052.400000  1.344939e-021
1052.600000  1.342401e-021
1052.800000  1.201708e-021
1053.000000  1.219958e-021
1053.200000  1.225348e-021
1053.400000  1.093415e-021
1053.600000  1.126548e-021
1053.800000  1.149439e-021
1054.000000  1.046175e-021
1054.200000  1.100407e-021
1054.400000  1.069842e-021
1054.600000  1.069032e-021
1054.800000  1.002851e-021
1055.000000  1.054805e-021
1055.200000  1.028144e-021
1055.400000  1.053753e-021
1055.600000  9.357454e-022
1055.800000  1.025563e-021
1056.000000  9.969313e-022
1056.200000  1.054891e-021
1056.400000  9.589335e-022
1056.600000  1.071837e-021
1056.800000  1.035553e-021
1057.000000  1.053149e-021
1057.200000  9.484024e-022
1057.400000  9.712905e-022
1057.600000  9.497865e-022
1057.800000  8.744983e-022
1058.000000  9.233477e-022
1058.200000  8.761530e-022
1058.400000  8.804917e-022
1058.600000  7.889337e-022
1058.800000  8.405729e-022
1059.000000  8.040927e-022
1059.200000  7.959394e-022
1059.400000  7.118352e-022
1059.600000  7.667086e-022
1059.800000  7.264833e-022
1060.000000  7.363237e-022
1060.200000  6.751666e-022
1060.400000  7.035278e-022
1060.600000  7.217181e-022
1060.800000  6.743642e-022
1061.000000  7.065657e-022
1061.200000  6.641284e-022
1061.400000  6.446484e-022
1061.600000  6.769109e-022
1061.800000  6.634900e-022
1062.000000  6.796573e-022
1062.200000  6.447690e-022
1062.400000  6.171792e-022
1062.600000  6.680995e-022
1062.800000  6.385809e-022
1063.000000  6.440354e-022
1063.200000  5.939489e-022
1063.400000  6.228378e-022
1063.600000  6.259631e-022
1063.800000  5.960503e-022
1064.000000  6.192965e-022
1064.200000  6.323994e-022
1064.400000  6.442518e-022
1064.600000  6.335888e-022
1064.800000  6.120516e-022
1065.000000  6.633238e-022
1065.200000  6.375084e-022
1065.400000  6.479241e-022
1065.600000  6.331523e-022
1065.800000  6.880556e-022
1066.000000  6.625915e-022
1066.200000  6.540020e-022
1066.400000  6.218098e-022
1066.600000  6.498643e-022
1066.800000  6.274881e-022
1067.000000  6.166804e-022
1067.200000  5.925080e-022
1067.400000  6.395951e-022
1067.600000  6.072037e-022
1067.800000  6.194274e-022
1068.000000  5.867390e-022
1068.200000  5.570160e-022
1068.400000  5.964960e-022
1068.600000  5.903387e-022
1068.800000  5.685568e-022
1069.000000  5.792900e-022
1069.200000  5.633213e-022
1069.400000  5.466698e-022
1069.600000  6.005063e-022
1069.800000  6.226358e-022
1070.000000  6.094802e-022
1070.200000  6.107048e-022
1070.400000  5.999153e-022
1070.600000  5.705178e-022
1070.800000  6.019126e-022
1071.000000  5.983123e-022
1071.200000  5.767233e-022
1071.400000  5.880169e-022
1071.600000  5.479222e-022
1071.800000  5.763611e-022
1072.000000  5.581900e-022
1072.200000  5.657609e-022
1072.400000  5.530577e-022
1072.600000  5.248796e-022
1072.800000  5.717643e-022
1073.000000  5.645577e-022
1073.200000  5.644200e-022
1073.400000  5.835561e-022
1073.600000  5.687990e-022
1073.800000  6.265948e-022
1074.000000  6.007406e-022
1074.200000  6.279851e-022
1074.400000  5.920666e-022
1074.600000  6.360616e-022
1074.800000  6.185911e-022
1075.000000  6.356839e-022
1075.200000  6.085725e-022
1075.400000  6.361966e-022
1075.600000  6.110483e-022
1075.800000  5.972783e-022
1076.000000  5.967125e-022
1076.200000  5.858202e-022
1076.400000  5.789510e-022
1076.600000  5.387876e-022
1076.800000  5.800275e-022
1077.000000  5.325801e-022
1077.200000  5.493105e-022
1077.400000  5.161904e-022
1077.600000  5.318061e-022
1077.800000  4.992854e-022
1078.000000  4.990698e-022
1078.200000  4.671369e-022
1078.400000  5.070259e-022
1078.600000  4.793524e-022
1078.800000  4.663936e-022
1079.000000  4.313536e-022
1079.200000  4.458646e-022
1079.400000  4.578962e-022
1079.600000  4.339224e-022
1079.800000  4.299881e-022
1080.000000  4.150808e-022
1080.200000  4.550225e-022
1080.400000  4.488067e-022
1080.600000  4.432663e-022
1080.800000  4.425302e-022
1081.000000  4.454643e-022
1081.200000  4.325531e-022
1081.400000  4.329533e-022
1081.600000  4.299017e-022
1081.800000  4.033480e-022
1082.000000  4.613625e-022
1082.200000  4.331725e-022
1082.400000  4.326489e-022
1082.600000  4.138587e-022
1082.800000  4.336803e-022
1083.000000  4.451994e-022
1083.200000  4.226577e-022
1083.400000  4.165504e-022
1083.600000  4.243678e-022
1083.800000  4.326643e-022
1084.000000  3.988560e-022
1084.200000  3.901402e-022
1084.400000  3.865369e-022
1084.600000  4.363636e-022
1084.800000  4.050013e-022
1085.000000  3.983613e-022
1085.200000  4.003666e-022
1085.400000  4.192384e-022
1085.600000  4.074345e-022
1085.800000  4.103911e-022
1086.000000  4.239213e-022
1086.200000  3.984535e-022
1086.400000  3.981146e-022
1086.600000  4.156733e-022
1086.800000  4.014410e-022
1087.000000  4.011027e-022
1087.200000  3.979294e-022
1087.400000  3.841129e-022
1087.600000  3.804442e-022
1087.800000  3.869512e-022
1088.000000  3.666855e-022
1088.200000  3.682089e-022
1088.400000  3.474129e-022
1088.600000  3.612802e-022
1088.800000  3.518582e-022
1089.000000  3.343224e-022
1089.200000  3.398729e-022
1089.400000  3.535444e-022
1089.600000  3.607936e-022
1089.800000  3.556279e-022
1090.000000  3.368170e-022
1090.200000  3.428726e-022
1090.400000  3.697891e-022
1090.600000  3.528573e-022
1090.800000  3.668664e-022
1091.000000  3.869087e-022
1091.200000  3.807690e-022
1091.400000  3.630613e-022
1091.600000  3.783347e-022
1091.800000  3.822994e-022
1092.000000  3.879609e-022
1092.200000  3.936324e-022
1092.400000  3.698068e-022
1092.600000  3.662721e-022
1092.800000  3.620036e-022
1093.000000  3.594247e-022
1093.200000  3.723766e-022
1093.400000  3.333561e-022
1093.600000  3.324451e-022
1093.800000  3.390780e-022
1094.000000  3.457227e-022
1094.200000  3.340897e-022
1094.400000  3.226791e-022
1094.600000  3.410527e-022
1094.800000  3.323168e-022
1095.000000  3.220960e-022
1095.200000  3.287597e-022
1095.400000  2.920346e-022
1095.600000  2.871474e-022
1095.800000  2.999377e-022
1096.000000  2.965234e-022
1096.200000  2.874423e-022
1096.400000  2.793297e-022
1096.600000  2.746536e-022
1096.800000  2.682413e-022
1097.000000  2.709559e-022
1097.200000  2.815864e-022
1097.400000  2.702131e-022
1097.600000  2.560943e-022
1097.800000  2.491386e-022
1098.000000  2.385226e-022
1098.200000  2.413228e-022
1098.400000  2.356016e-022
1098.600000  2.365626e-022
1098.800000  2.277133e-022
1099.000000  2.092762e-022
1099.200000  2.250095e-022
1099.400000  2.006178e-022
1099.600000  2.072987e-022
1099.800000  1.943286e-022
1100.000000  1.978606e-022
1100.200000  1.973388e-022
1100.400000  1.985467e-022
1100.600000  1.959403e-022
1100.800000  2.031046e-022
1101.000000  1.914672e-022
1101.200000  1.911124e-022
1101.400000  1.938815e-022
1101.600000  1.786218e-022
1101.800000  1.826465e-022
1102.000000  1.790474e-022
1102.200000  1.828265e-022
1102.400000  1.843847e-022
1102.600000  1.897207e-022
1102.800000  1.897153e-022
1103.000000  1.878060e-022
1103.200000  1.865282e-022
1103.400000  1.737796e-022
1103.600000  1.884955e-022
1103.800000  1.876219e-022
1104.000000  1.767004e-022
1104.200000  1.697401e-022
1104.400000  1.711711e-022
1104.600000  1.647554e-022
1104.800000  1.587117e-022
1105.000000  1.497370e-022
1105.200000  1.503853e-022
1105.400000  1.643265e-022
1105.600000  1.562309e-022
1105.800000  1.634929e-022
1106.000000  1.517794e-022
1106.200000  1.599001e-022
1106.400000  1.650969e-022
1106.600000  1.624082e-022
1106.800000  1.593530e-022
1107.000000  1.625986e-022
1107.200000  1.536135e-022
1107.400000  1.733274e-022
1107.600000  1.725769e-022
1107.800000  1.657809e-022
1108.000000  1.717204e-022
1108.200000  1.625982e-022
1108.400000  1.587655e-022
1108.600000  1.658597e-022
1108.800000  1.642114e-022
1109.000000  1.521539e-022
1109.200000  1.533353e-022
1109.400000  1.477255e-022
1109.600000  1.527228e-022
1109.800000  1.538028e-022
1110.000000  1.634515e-022
1110.200000  1.584593e-022
1110.400000  1.569486e-022
1110.600000  1.450061e-022
1110.800000  1.386950e-022
1111.000000  1.406357e-022
1111.200000  1.479006e-022
1111.400000  1.472428e-022
1111.600000  1.563999e-022
1111.800000  1.587592e-022
1112.000000  1.624973e-022
1112.200000  1.505252e-022
1112.400000  1.485155e-022
1112.600000  1.468466e-022
1112.800000  1.505868e-022
1113.000000  1.597772e-022
1113.200000  1.523194e-022
1113.400000  1.550367e-022
1113.600000  1.448451e-022
1113.800000  1.394854e-022
1114.000000  1.352362e-022
1114.200000  1.400030e-022
1114.400000  1.460075e-022
1114.600000  1.468874e-022
1114.800000  1.341163e-022
1115.000000  1.324146e-022
1115.200000  1.157187e-022
1115.400000  1.344239e-022
1115.600000  1.229115e-022
1115.800000  1.240166e-022
1116.000000  1.127432e-022
1116.200000  1.025000e-022
1116.400000  1.152911e-022
1116.600000  1.146118e-022
1116.800000  1.046125e-022
1117.000000  1.158445e-022
1117.200000  1.017152e-022
1117.400000  1.049209e-022
1117.600000  1.169421e-022
1117.800000  1.121088e-022
1118.000000  1.111772e-022
1118.200000  1.032313e-022
1118.400000  1.134438e-022
1118.600000  1.130279e-022
1118.800000  1.180619e-022
1119.000000  1.033556e-022
1119.200000  9.957107e-023
1119.400000  1.072022e-022
1119.600000  9.534562e-023
1119.800000  1.115549e-022
1120.000000  1.069692e-022
1120.200000  9.694517e-023
1120.400000  1.155048e-022
1120.600000  9.689859e-023
1120.800000  1.000924e-022
1121.000000  9.473225e-023
1121.200000  9.688281e-023
1121.400000  1.050753e-022
1121.600000  8.850094e-023
1121.800000  8.623210e-023
1122.000000  9.053875e-023
1122.200000  7.941310e-023
1122.400000  8.158869e-023
1122.600000  7.800244e-023
1122.800000  8.362077e-023
1123.000000  9.413636e-023
1123.200000  7.723834e-023
1123.400000  7.652822e-023
1123.600000  7.851754e-023
1123.800000  8.120702e-023
1124.000000  7.603548e-023
1124.200000  7.610316e-023
1124.400000  6.711755e-023
1124.600000  5.201903e-023
1124.800000  6.228242e-023
1125.000000  5.289608e-023
1125.200000  6.222499e-023
1125.400000  5.602141e-023
1125.600000  5.239118e-023
1125.800000  5.479955e-023
1126.000000  6.649892e-023
1126.200000  5.346046e-023
1126.400000  7.448262e-023
1126.600000  6.351600e-023
1126.800000  5.687908e-023
1127.000000  7.584015e-023
1127.200000  6.303460e-023
1127.400000  5.558650e-023
1127.600000  6.666096e-023
1127.800000  5.491926e-023
1128.000000  6.601268e-023
1128.200000  5.828476e-023
1128.400000  6.806393e-023
1128.600000  7.074334e-023
1128.800000  6.818465e-023
1129.000000  6.599210e-023
1129.200000  5.737323e-023
1129.400000  7.767961e-023
1129.600000  6.193566e-023
1129.800000  6.579695e-023
1130.000000  5.823559e-023
1130.200000  5.960599e-023
1130.400000  6.281530e-023
1130.600000  4.796454e-023
1130.800000  5.039295e-023
1131.000000  5.728530e-023
1131.200000  6.156921e-023
1131.400000  5.303439e-023
1131.600000  4.543643e-023
1131.800000  5.154014e-023
1132.000000  5.173019e-023
1132.200000  5.047428e-023
1132.400000  4.469979e-023
1132.600000  6.087903e-023
1132.800000  5.840965e-023
1133.000000  5.343948e-023
1133.200000  5.374814e-023
1133.400000  4.556632e-023
1133.600000  7.197509e-023
1133.800000  3.125654e-023
1134.000000  5.883630e-023
1134.200000  4.855796e-023
1134.400000  4.635183e-023
1134.600000  4.162774e-023
1134.800000  5.412866e-023
1135.000000  4.222829e-023
1135.200000  3.845516e-023
1135.400000  5.072223e-023
1135.600000  4.436600e-023
1135.800000  5.904025e-023
1136.000000  3.823789e-023
1136.200000  4.571980e-023
1136.400000  4.069197e-023
1136.600000  4.606576e-023
1136.800000  4.761169e-023
1137.000000  5.695977e-023
1137.200000  4.074669e-023
1137.400000  4.522186e-023
1137.600000  3.619745e-023
1137.800000  4.450095e-023
1138.000000  4.640951e-023
1138.200000  4.499502e-023
1138.400000  3.784093e-023
1138.600000  4.587744e-023
1138.800000  3.683544e-023
1139.000000  5.439267e-023
1139.200000  5.739365e-023
1139.400000  5.341341e-023
1139.600000  4.679645e-023
1139.800000  3.550201e-023
1140.000000  5.262620e-023
1140.200000  2.299848e-023
1140.400000  3.292663e-023
1140.600000  3.403602e-023
1140.800000  3.941307e-023
1141.000000  4.212358e-023
1141.200000  4.297303e-023
1141.400000  4.060113e-023
1141.600000  4.009409e-023
1141.800000  3.662923e-023
1142.000000  2.722420e-023
1142.200000  3.669344e-023
1142.400000  3.481971e-023
1142.600000  4.541730e-023
1142.800000  3.002590e-023
1143.000000  3.166581e-023
1143.200000  2.601358e-023
1143.400000  3.144779e-023
1143.600000  3.393859e-023
1143.800000  2.363778e-023
1144.000000  2.773761e-023
1144.200000  2.966449e-023
1144.400000  3.240953e-023
1144.600000  1.472227e-023
1144.800000  2.352118e-023
1145.000000  1.779246e-023
1145.200000  2.876843e-023
1145.400000  2.522885e-023
1145.600000  2.140696e-023
1145.800000  2.554620e-023
1146.000000  1.539642e-023
1146.200000  2.063875e-023
1146.400000  2.230992e-023
1146.600000  1.681406e-023
1146.800000  1.793276e-023
1147.000000  2.236837e-023
1147.200000  2.155686e-023
1147.400000  7.470163e-024
1147.600000  1.356695e-023
1147.800000  3.270800e-023
1148.000000  3.189949e-023
1148.200000  3.552647e-023
1148.400000  1.444656e-023
1148.600000  3.474920e-023
1148.800000  3.841917e-023
1149.000000  1.977742e-023
1149.200000  2.815874e-023
1149.400000  2.957744e-023
1149.600000  1.927032e-023
1149.800000  4.258594e-023
1150.000000  2.832256e-023
