800.000000  NaN
800.200000  NaN
800.400000  NaN
800.600000  2.223001e-029
800.800000  2.217400e-029
801.000000  2.888361e-029
801.200000  4.538711e-029
801.400000  1.340819e-029
801.600000  2.660892e-030
801.800000  1.400477e-029
802.000000  6.391322e-030
802.200000  -1.395902e-029
802.400000  -2.088332e-030
802.600000  2.867037e-029
802.800000  2.399909e-029
803.000000  -3.661360e-030
803.200000  8.298742e-030
803.400000  4.437845e-030
803.600000  -2.489487e-029
803.800000  -1.775629e-029
804.000000  1.342904e-029
804.200000  4.350702e-030
804.400000  -2.202238e-029
804.600000  -1.989676e-029
804.800000  -8.788025e-030
805.000000  -2.798075e-029
805.200000  -4.577946e-029
805.400000  -1.461383e-029
805.600000  -8.755787e-030
805.800000  -1.957047e-029
806.000000  -1.021273e-029
806.200000  3.542128e-029
806.400000  2.750409e-029
806.600000  1.121620e-029
806.800000  1.864662e-029
807.000000  3.076779e-029
807.200000  -3.618229e-030
807.400000  -2.589909e-029
807.600000  2.150414e-029
807.800000  5.221794e-029
808.000000  5.423555e-030
808.200000  -3.959175e-029
808.400000  -1.280968e-029
808.600000  -3.188733e-029
808.800000  -4.968147e-029
809.000000  1.514709e-029
809.200000  2.512971e-029
809.400000  -3.849461e-029
809.600000  -5.986157e-029
809.800000  -7.771873e-030
810.000000  -1.672272e-029
810.200000  -2.571454e-029
810.400000  6.812823e-030
810.600000  7.725999e-029
810.800000  1.018594e-028
811.000000  2.611478e-029
811.200000  1.018051e-028
811.400000  9.678880e-029
811.600000  3.254696e-029
811.800000  -2.861519e-030
812.000000  5.510361e-029
812.200000  2.490438e-029
812.400000  -2.093990e-029
812.600000  5.979235e-030
812.800000  7.428692e-029
813.000000  2.719979e-029
813.200000  -7.397894e-032
813.400000  3.528416e-029
813.600000  4.526697e-029
813.800000  -3.408179e-029
814.000000  -8.764482e-029
814.200000  2.410359e-029
814.400000  7.167643e-030
814.600000  -4.884957e-029
814.800000  -5.308637e-029
815.000000  -2.612406e-029
815.200000  -7.911959e-029
815.400000  -1.392852e-028
815.600000  -6.115086e-029
815.800000  -1.291046e-029
816.000000  -5.222174e-029
816.200000  -8.461373e-029
816.400000  1.904411e-029
816.600000  2.910458e-029
816.800000  -5.878252e-030
817.000000  8.551565e-029
817.200000  1.414911e-028
817.400000  5.840249e-029
817.600000  -1.335109e-028
817.800000  -8.519543e-029
818.000000  -7.268531e-029
818.200000  -1.292315e-028
818.400000  -1.533546e-028
818.600000  -4.078843e-029
818.800000  -7.760702e-029
819.000000  -1.440540e-028
819.200000  -1.278269e-028
819.400000  -1.170302e-028
819.600000  -1.362074e-028
819.800000  -6.202774e-029
820.000000  2.922749e-029
820.200000  -6.209139e-031
820.400000  -8.683775e-029
820.600000  9.295090e-029
820.800000  3.638369e-028
821.000000  3.525651e-028
821.200000  2.828658e-028
821.400000  3.104168e-028
821.600000  3.683197e-028
821.800000  2.309123e-028
822.000000  8.660643e-029
822.200000  2.668558e-028
822.400000  3.098589e-028
822.600000  1.686927e-028
822.800000  1.584013e-028
823.000000  1.457156e-028
823.200000  -2.794669e-029
823.400000  -1.002747e-028
823.600000  9.662617e-029
823.800000  2.482984e-028
824.000000  -1.211219e-029
824.200000  -2.242203e-028
824.400000  -6.620096e-030
824.600000  -8.032371e-030
824.800000  -1.595585e-028
825.000000  -4.478248e-029
825.200000  1.626382e-028
825.400000  1.105842e-028
825.600000  -1.734474e-028
825.800000  4.791899e-030
826.000000  8.995137e-029
826.200000  4.927556e-029
826.400000  -3.107271e-029
826.600000  2.348838e-028
826.800000  2.369261e-028
827.000000  1.488066e-028
827.200000  1.756394e-028
827.400000  2.492070e-028
827.600000  1.774792e-028
827.800000  -1.106798e-030
828.000000  2.878918e-028
828.200000  2.847281e-028
828.400000  -1.670539e-029
828.600000  -5.399581e-029
828.800000  3.544800e-028
829.000000  4.206770e-028
829.200000  2.569939e-028
829.400000  4.479744e-028
829.600000  7.577409e-028
829.800000  5.928926e-028
830.000000  2.166021e-028
830.200000  5.257279e-028
830.400000  4.322647e-028
830.600000  7.486897e-029
830.800000  -4.996662e-029
831.000000  4.363097e-028
831.200000  4.978781e-028
831.400000  -6.246328e-029
831.600000  -2.442283e-028
831.800000  -6.147568e-029
832.000000  -1.987645e-028
832.200000  -1.622367e-028
832.400000  1.679267e-028
832.600000  4.053628e-028
832.800000  1.946537e-028
833.000000  -1.879082e-028
833.200000  2.310364e-028
833.400000  -2.584875e-029
833.600000  -5.685513e-028
833.800000  -1.297059e-028
834.000000  3.357623e-028
834.200000  -2.342793e-028
834.400000  -5.533153e-028
834.600000  2.409842e-028
834.800000  5.458861e-028
835.000000  4.368968e-028
835.200000  5.507855e-028
835.400000  1.011109e-027
835.600000  6.974282e-028
835.800000  1.369416e-028
836.000000  7.531295e-028
836.200000  1.599568e-027
836.400000  1.196633e-027
836.600000  6.410804e-028
836.800000  1.288610e-027
837.000000  1.338029e-027
837.200000  7.921736e-028
837.400000  1.123809e-027
837.600000  1.863476e-027
837.800000  1.631194e-027
838.000000  1.070856e-027
838.200000  1.463073e-027
838.400000  1.303942e-027
838.600000  2.426960e-028
838.800000  -1.285935e-028
839.000000  7.429548e-028
839.200000  4.076970e-028
839.400000  -7.830391e-029
839.600000  1.188511e-027
839.800000  2.385239e-027
840.000000  1.890059e-027
840.200000  1.842200e-027
840.400000  3.321384e-027
840.600000  3.247407e-027
840.800000  2.982332e-027
841.000000  2.476879e-027
841.200000  2.864256e-027
841.400000  3.119064e-027
841.600000  2.547530e-027
841.800000  2.350266e-027
842.000000  2.014781e-027
842.200000  5.835510e-028
842.400000  -2.212692e-028
842.600000  7.599571e-028
842.800000  1.276367e-027
843.000000  6.324242e-028
843.200000  6.219347e-028
843.400000  1.611266e-027
843.600000  7.921207e-028
843.800000  -6.756538e-029
844.000000  1.134031e-027
844.200000  2.747294e-027
844.400000  1.882700e-027
844.600000  9.007269e-028
844.800000  1.531478e-027
845.000000  2.115779e-027
845.200000  1.466543e-027
845.400000  1.510232e-027
845.600000  3.105463e-027
845.800000  2.603583e-027
846.000000  2.209360e-027
846.200000  3.255863e-027
846.400000  3.921772e-027
846.600000  2.643872e-027
846.800000  2.124561e-027
847.000000  3.782327e-027
847.200000  3.430812e-027
847.400000  1.792224e-027
847.600000  1.724526e-027
847.800000  3.821527e-027
848.000000  2.750507e-027
848.200000  1.373855e-027
848.400000  2.544349e-027
848.600000  4.882364e-027
848.800000  4.340254e-027
849.000000  3.197947e-027
849.200000  3.477072e-027
849.400000  3.294044e-027
849.600000  2.372922e-027
849.800000  3.108027e-027
850.000000  5.757594e-027
850.200000  3.997676e-027
850.400000  1.569920e-027
850.600000  2.917907e-027
850.800000  3.651918e-027
851.000000  5.177010e-028
851.200000  3.183884e-029
851.400000  3.691889e-027
851.600000  4.768209e-027
851.800000  2.491850e-027
852.000000  2.793090e-027
852.200000  7.157002e-027
852.400000  8.350288e-027
852.600000  7.324800e-027
852.800000  9.061879e-027
853.000000  9.736606e-027
853.200000  6.347887e-027
853.400000  5.671394e-027
853.600000  8.136998e-027
853.800000  7.090660e-027
854.000000  4.451601e-027
854.200000  5.030648e-027
854.400000  7.443709e-027
854.600000  6.897241e-027
854.800000  6.547857e-027
855.000000  9.803982e-027
855.200000  1.035431e-026
855.400000  7.130660e-027
855.600000  6.129508e-027
855.800000  8.233686e-027
856.000000  7.805900e-027
856.200000  5.963489e-027
856.400000  5.643531e-027
856.600000  1.038139e-026
856.800000  7.924851e-027
857.000000  8.348683e-027
857.200000  1.300094e-026
857.400000  1.648263e-026
857.600000  1.378060e-026
857.800000  1.157651e-026
858.000000  1.389843e-026
858.200000  1.367507e-026
858.400000  1.319427e-026
858.600000  2.004713e-026
858.800000  2.182338e-026
859.000000  1.743003e-026
859.200000  1.487974e-026
859.400000  1.904503e-026
859.600000  2.017743e-026
859.800000  1.589504e-026
860.000000  1.506926e-026
860.200000  2.109211e-026
860.400000  1.973565e-026
860.600000  1.698605e-026
860.800000  1.966728e-026
861.000000  2.474767e-026
861.200000  2.068850e-026
861.400000  1.388650e-026
861.600000  1.964106e-026
861.800000  2.074492e-026
862.000000  1.272216e-026
862.200000  1.280689e-026
862.400000  2.075853e-026
862.600000  1.975078e-026
862.800000  1.517015e-026
863.000000  2.381667e-026
863.200000  3.019300e-026
863.400000  2.294457e-026
863.600000  1.733924e-026
863.800000  2.582102e-026
864.000000  2.808372e-026
864.200000  2.108962e-026
864.400000  2.145578e-026
864.600000  2.594247e-026
864.800000  2.156063e-026
865.000000  1.407521e-026
865.200000  1.745891e-026
865.400000  2.945627e-026
865.600000  2.953401e-026
865.800000  3.082963e-026
866.000000  4.725988e-026
866.200000  4.475748e-026
866.400000  3.678643e-026
866.600000  4.020468e-026
866.800000  4.535653e-026
867.000000  4.160571e-026
867.200000  3.453408e-026
867.400000  4.226533e-026
867.600000  4.191850e-026
867.800000  3.158573e-026
868.000000  2.849289e-026
868.200000  4.217755e-026
868.400000  3.612739e-026
868.600000  2.220735e-026
868.800000  2.082642e-026
869.000000  3.590675e-026
869.200000  3.273399e-026
869.400000  3.023966e-026
869.600000  4.620626e-026
869.800000  6.181679e-026
870.000000  5.212719e-026
870.200000  4.451255e-026
870.400000  6.669615e-026
870.600000  7.123464e-026
870.800000  6.511122e-026
871.000000  7.289613e-026
871.200000  8.889474e-026
871.400000  8.041376e-026
871.600000  7.771826e-026
871.800000  9.168571e-026
872.000000  1.003834e-025
872.200000  8.307434e-026
872.400000  8.588075e-026
872.600000  1.078405e-025
872.800000  1.064317e-025
873.000000  8.145944e-026
873.200000  8.432049e-026
873.400000  9.162791e-026
873.600000  8.475824e-026
873.800000  7.624914e-026
874.000000  1.022280e-025
874.200000  1.059441e-025
874.400000  9.286610e-026
874.600000  1.006202e-025
874.800000  1.237738e-025
875.000000  1.175343e-025
875.200000  1.033470e-025
875.400000  1.088836e-025
875.600000  1.234658e-025
875.800000  1.172142e-025
876.000000  1.141938e-025
876.200000  1.317879e-025
876.400000  1.490444e-025
876.600000  1.403219e-025
876.800000  1.585323e-025
877.000000  2.052743e-025
877.200000  2.127728e-025
877.400000  1.997192e-025
877.600000  2.223422e-025
877.800000  2.325142e-025
878.000000  2.095510e-025
878.200000  1.994557e-025
878.400000  2.411136e-025
878.600000  2.479910e-025
878.800000  2.440887e-025
879.000000  2.684014e-025
879.200000  3.072971e-025
879.400000  2.790939e-025
879.600000  2.430970e-025
879.800000  2.527920e-025
880.000000  2.759840e-025
880.200000  2.501306e-025
880.400000  2.337050e-025
880.600000  2.714127e-025
880.800000  2.762234e-025
881.000000  2.877566e-025
881.200000  3.243961e-025
881.400000  3.718198e-025
881.600000  3.589257e-025
881.800000  3.258709e-025
882.000000  3.714417e-025
882.200000  4.122043e-025
882.400000  4.043565e-025
882.600000  3.717480e-025
882.800000  4.331883e-025
883.000000  4.466781e-025
883.200000  4.097577e-025
883.400000  4.273728e-025
883.600000  4.839972e-025
883.800000  4.935926e-025
884.000000  4.751328e-025
884.200000  5.224967e-025
884.400000  5.327789e-025
884.600000  4.785420e-025
884.800000  4.677587e-025
885.000000  5.187835e-025
885.200000  5.035767e-025
885.400000  4.776708e-025
885.600000  5.282072e-025
885.800000  5.789633e-025
886.000000  5.658777e-025
886.200000  5.674285e-025
886.400000  6.423192e-025
886.600000  6.401219e-025
886.800000  6.300716e-025
887.000000  6.618875e-025
887.200000  7.415089e-025
887.400000  7.173291e-025
887.600000  6.805883e-025
887.800000  6.746251e-025
888.000000  7.062649e-025
888.200000  6.769555e-025
888.400000  6.061008e-025
888.600000  6.738292e-025
888.800000  7.027129e-025
889.000000  6.884021e-025
889.200000  7.349988e-025
889.400000  8.580910e-025
889.600000  8.455496e-025
889.800000  8.082115e-025
890.000000  8.828957e-025
890.200000  9.716784e-025
890.400000  8.997810e-025
890.600000  8.051802e-025
890.800000  8.963258e-025
891.000000  9.858686e-025
891.200000  9.768233e-025
891.400000  1.004720e-024
891.600000  1.154453e-024
891.800000  1.191543e-024
892.000000  1.217417e-024
892.200000  1.303353e-024
892.400000  1.355423e-024
892.600000  1.227633e-024
892.800000  1.251014e-024
893.000000  1.492609e-024
893.200000  1.494001e-024
893.400000  1.508613e-024
893.600000  1.521705e-024
893.800000  1.580092e-024
894.000000  1.599583e-024
894.200000  1.560123e-024
894.400000  1.737968e-024
894.600000  1.852122e-024
894.800000  1.845345e-024
895.000000  1.868713e-024
895.200000  2.058023e-024
895.400000  2.132463e-024
895.600000  2.109398e-024
895.800000  2.154382e-024
896.000000  2.230791e-024
896.200000  2.198472e-024
896.400000  2.119231e-024
896.600000  2.216934e-024
896.800000  2.241697e-024
897.000000  2.148120e-024
897.200000  2.140620e-024
897.400000  2.367356e-024
897.600000  2.523399e-024
897.800000  2.566550e-024
898.000000  2.678013e-024
898.200000  2.911969e-024
898.400000  2.830566e-024
898.600000  2.870325e-024
898.800000  3.139736e-024
899.000000  3.207829e-024
899.200000  3.026404e-024
899.400000  3.088051e-024
899.600000  3.351842e-024
899.800000  3.506447e-024
900.000000  3.441775e-024
900.200000  3.547718e-024
900.400000  3.761022e-024
900.600000  3.839883e-024
900.800000  3.900349e-024
901.000000  4.311829e-024
901.200000  4.532513e-024
901.400000  4.549931e-024
901.600000  4.757633e-024
901.800000  5.054062e-024
902.000000  5.035327e-024
902.200000  4.971450e-024
902.400000  5.176421e-024
902.600000  5.388015e-024
902.800000  5.410462e-024
903.000000  5.342542e-024
903.200000  5.696910e-024
903.400000  5.812915e-024
903.600000  5.884931e-024
903.800000  6.048449e-024
904.000000  6.505190e-024
904.200000  6.634781e-024
904.400000  6.618144e-024
904.600000  6.901572e-024
904.800000  7.243946e-024
905.000000  7.360515e-024
905.200000  7.507478e-024
905.400000  8.171576e-024
905.600000  8.605181e-024
905.800000  8.631954e-024
906.000000  8.830043e-024
906.200000  9.291848e-024
906.400000  9.470261e-024
906.600000  9.592169e-024
906.800000  1.008585e-023
907.000000  1.055727e-023
907.200000  1.062895e-023
907.400000  1.081260e-023
907.600000  1.128694e-023
907.800000  1.138828e-023
908.000000  1.123373e-023
908.200000  1.159448e-023
908.400000  1.219367e-023
908.600000  1.235453e-023
908.800000  1.228114e-023
909.000000  1.299705e-023
909.200000  1.364279e-023
909.400000  1.358567e-023
909.600000  1.345903e-023
909.800000  1.422387e-023
910.000000  1.508755e-023
910.200000  1.575737e-023
910.400000  1.683942e-023
910.600000  1.836748e-023
910.800000  1.940970e-023
911.000000  2.057075e-023
911.200000  2.242728e-023
911.400000  2.434881e-023
911.600000  2.594734e-023
911.800000  2.789928e-023
912.000000  3.106903e-023
912.200000  3.406426e-023
912.400000  3.762307e-023
912.600000  4.183760e-023
912.800000  4.698888e-023
913.000000  5.179751e-023
913.200000  5.663857e-023
913.400000  6.377916e-023
913.600000  6.942852e-023
913.800000  7.405193e-023
914.000000  7.881824e-023
914.200000  8.395320e-023
914.400000  8.640979e-023
914.600000  8.724756e-023
914.800000  8.819039e-023
915.000000  8.893957e-023
915.200000  8.817274e-023
915.400000  8.788504e-023
915.600000  8.907764e-023
915.800000  9.067359e-023
916.000000  9.038087e-023
916.200000  9.057518e-023
916.400000  9.103008e-023
916.600000  8.893748e-023
916.800000  8.500413e-023
917.000000  8.142891e-023
917.200000  7.795697e-023
917.400000  7.362394e-023
917.600000  6.905810e-023
917.800000  6.663066e-023
918.000000  6.357974e-023
918.200000  6.006075e-023
918.400000  5.733898e-023
918.600000  5.601838e-023
918.800000  5.460280e-023
919.000000  5.378846e-023
919.200000  5.531879e-023
919.400000  5.694416e-023
919.600000  5.839059e-023
919.800000  5.989304e-023
920.000000  6.232048e-023
920.200000  6.306431e-023
920.400000  6.217447e-023
920.600000  6.140209e-023
920.800000  6.014981e-023
921.000000  5.750727e-023
921.200000  5.476057e-023
921.400000  5.376456e-023
921.600000  5.360199e-023
921.800000  5.343399e-023
922.000000  5.422362e-023
922.200000  5.698077e-023
922.400000  5.963780e-023
922.600000  6.058519e-023
922.800000  6.278828e-023
923.000000  6.566480e-023
923.200000  6.770424e-023
923.400000  7.044572e-023
923.600000  7.437660e-023
923.800000  7.804170e-023
924.000000  8.168837e-023
924.200000  8.549989e-023
924.400000  9.182889e-023
924.600000  9.733410e-023
924.800000  1.028839e-022
925.000000  1.120529e-022
925.200000  1.238717e-022
925.400000  1.348094e-022
925.600000  1.435279e-022
925.800000  1.527403e-022
926.000000  1.613577e-022
926.200000  1.700656e-022
926.400000  1.755365e-022
926.600000  1.835690e-022
926.800000  1.874464e-022
927.000000  1.908102e-022
927.200000  1.960447e-022
927.400000  2.021543e-022
927.600000  2.036440e-022
927.800000  2.041314e-022
928.000000  2.091929e-022
928.200000  2.141030e-022
928.400000  2.159595e-022
928.600000  2.204301e-022
928.800000  2.285117e-022
929.000000  2.329038e-022
929.200000  2.387177e-022
929.400000  2.492478e-022
929.600000  2.631371e-022
929.800000  2.705240e-022
930.000000  2.768685e-022
930.200000  2.872676e-022
930.400000  2.947552e-022
930.600000  2.969249e-022
930.800000  2.996347e-022
931.000000  3.040862e-022
931.200000  3.002735e-022
931.400000  2.920325e-022
931.600000  2.897643e-022
931.800000  2.885711e-022
932.000000  2.838996e-022
932.200000  2.821052e-022
932.400000  2.863579e-022
932.600000  2.883774e-022
932.800000  2.886810e-022
933.000000  2.926043e-022
933.200000  3.058130e-022
933.400000  3.129481e-022
933.600000  3.210416e-022
933.800000  3.347065e-022
934.000000  3.516801e-022
934.200000  3.639371e-022
934.400000  3.789380e-022
934.600000  4.003768e-022
934.800000  4.152300e-022
935.000000  4.271478e-022
935.200000  4.439066e-022
935.400000  4.685663e-022
935.600000  4.878311e-022
935.800000  5.066895e-022
936.000000  5.388091e-022
936.200000  5.783551e-022
936.400000  6.143078e-022
936.600000  6.532146e-022
936.800000  7.011768e-022
937.000000  7.325520e-022
937.200000  7.425484e-022
937.400000  7.491282e-022
937.600000  7.545373e-022
937.800000  7.457061e-022
938.000000  7.300999e-022
938.200000  7.290032e-022
938.400000  7.261049e-022
938.600000  7.189418e-022
938.800000  7.296082e-022
939.000000  7.672600e-022
939.200000  7.968806e-022
939.400000  8.281935e-022
939.600000  8.815457e-022
939.800000  9.466439e-022
940.000000  9.994185e-022
940.200000  1.058108e-021
940.400000  1.129707e-021
940.600000  1.199165e-021
940.800000  1.243138e-021
941.000000  1.287522e-021
941.200000  1.343586e-021
941.400000  1.385736e-021
941.600000  1.400467e-021
941.800000  1.408007e-021
942.000000  1.405320e-021
942.200000  1.358345e-021
942.400000  1.291429e-021
942.600000  1.218538e-021
942.800000  1.137070e-021
943.000000  1.047176e-021
943.200000  9.678690e-022
943.400000  9.135389e-022
943.600000  8.402621e-022
943.800000  7.807733e-022
944.000000  7.413416e-022
944.200000  7.180246e-022
944.400000  6.892744e-022
944.600000  6.527580e-022
944.800000  6.362978e-022
945.000000  6.179790e-022
945.200000  5.963747e-022
945.400000  5.762596e-022
945.600000  5.608134e-022
945.800000  5.374990e-022
946.000000  5.122230e-022
946.200000  4.914720e-022
946.400000  4.734043e-022
946.600000  4.461085e-022
946.800000  4.251605e-022
947.000000  4.112954e-022
947.200000  4.041817e-022
947.400000  3.917593e-022
947.600000  3.840529e-022
947.800000  3.862084e-022
948.000000  3.848751e-022
948.200000  3.840752e-022
948.400000  3.936895e-022
948.600000  4.030094e-022
948.800000  4.022099e-022
949.000000  3.991919e-022
949.200000  4.025911e-022
949.400000  3.996625e-022
949.600000  3.952984e-022
949.800000  4.018064e-022
950.000000  4.128350e-022
950.200000  4.131696e-022
950.400000  4.098457e-022
950.600000  4.188011e-022
950.800000  4.281420e-022
951.000000  4.254654e-022
951.200000  4.194802e-022
951.400000  4.295198e-022
951.600000  4.285851e-022
951.800000  4.204564e-022
952.000000  4.181436e-022
952.200000  4.217845e-022
952.400000  4.117917e-022
952.600000  3.983391e-022
952.800000  3.950527e-022
953.000000  3.898689e-022
953.200000  3.718555e-022
953.400000  3.647380e-022
953.600000  3.791926e-022
953.800000  3.913299e-022
954.000000  3.927601e-022
954.200000  4.000187e-022
954.400000  4.160345e-022
954.600000  4.242607e-022
954.800000  4.274936e-022
955.000000  4.430095e-022
955.200000  4.660912e-022
955.400000  4.971030e-022
955.600000  5.193548e-022
955.800000  5.348296e-022
956.000000  5.450804e-022
956.200000  5.509552e-022
956.400000  5.404412e-022
956.600000  5.283711e-022
956.800000  5.245550e-022
957.000000  5.315034e-022
957.200000  5.484901e-022
957.400000  5.798082e-022
957.600000  6.121991e-022
957.800000  6.416044e-022
958.000000  6.646075e-022
958.200000  6.854922e-022
958.400000  7.078304e-022
958.600000  7.209360e-022
958.800000  7.300295e-022
959.000000  7.280909e-022
959.200000  7.205296e-022
959.400000  7.063258e-022
959.600000  6.938231e-022
959.800000  6.866718e-022
960.000000  6.591054e-022
960.200000  6.233301e-022
960.400000  6.016772e-022
960.600000  5.824038e-022
960.800000  5.606990e-022
961.000000  5.364241e-022
961.200000  5.191699e-022
961.400000  4.917106e-022
961.600000  4.734128e-022
961.800000  4.666088e-022
962.000000  4.578525e-022
962.200000  4.452906e-022
962.400000  4.412236e-022
962.600000  4.529022e-022
962.800000  4.519517e-022
963.000000  4.512248e-022
963.200000  4.670525e-022
963.400000  4.923855e-022
963.600000  5.184421e-022
963.800000  5.414263e-022
964.000000  5.589940e-022
964.200000  5.810637e-022
964.400000  5.996428e-022
964.600000  6.331475e-022
964.800000  6.696243e-022
965.000000  7.253747e-022
965.200000  7.849947e-022
965.400000  8.464825e-022
965.600000  9.153627e-022
965.800000  9.794226e-022
966.000000  1.017706e-021
966.200000  1.111603e-021
966.400000  1.183641e-021
966.600000  1.354893e-021
966.800000  1.490446e-021
967.000000  1.795455e-021
967.200000  2.050174e-021
967.400000  2.484657e-021
967.600000  2.991451e-021
967.800000  3.705884e-021
968.000000  4.827541e-021
968.200000  6.502151e-021
968.400000  8.730502e-021
968.600000  1.142279e-020
968.800000  1.369421e-020
969.000000  1.459745e-020
969.200000  1.329281e-020
969.400000  1.058623e-020
969.600000  7.959103e-021
969.800000  6.040738e-021
970.000000  4.597442e-021
970.200000  3.507499e-021
970.400000  2.848219e-021
970.600000  2.271305e-021
970.800000  1.907773e-021
971.000000  1.603910e-021
971.200000  1.366347e-021
971.400000  1.222906e-021
971.600000  1.044362e-021
971.800000  9.560662e-022
972.000000  8.920640e-022
972.200000  7.904199e-022
972.400000  7.288919e-022
972.600000  7.203875e-022
972.800000  6.439521e-022
973.000000  6.115502e-022
973.200000  6.170245e-022
973.400000  5.734025e-022
973.600000  5.845097e-022
973.800000  5.392019e-022
974.000000  5.444034e-022
974.200000  5.145281e-022
974.400000  5.210094e-022
974.600000  5.162365e-022
974.800000  5.180208e-022
975.000000  5.208209e-022
975.200000  5.451349e-022
975.400000  5.501233e-022
975.600000  5.652476e-022
975.800000  5.770837e-022
976.000000  5.859536e-022
976.200000  5.926869e-022
976.400000  6.236808e-022
976.600000  6.622675e-022
976.800000  7.005289e-022
977.000000  7.715425e-022
977.200000  8.664245e-022
977.400000  9.577745e-022
977.600000  9.990180e-022
977.800000  1.054726e-021
978.000000  1.113250e-021
978.200000  1.148153e-021
978.400000  1.160344e-021
978.600000  1.208192e-021
978.800000  1.250559e-021
979.000000  1.270898e-021
979.200000  1.299720e-021
979.400000  1.328846e-021
979.600000  1.367755e-021
979.800000  1.355897e-021
980.000000  1.360293e-021
980.200000  1.393008e-021
980.400000  1.379835e-021
980.600000  1.320231e-021
980.800000  1.275895e-021
981.000000  1.260462e-021
981.200000  1.241030e-021
981.400000  1.238768e-021
981.600000  1.266311e-021
981.800000  1.333687e-021
982.000000  1.340694e-021
982.200000  1.338146e-021
982.400000  1.369631e-021
982.600000  1.335951e-021
982.800000  1.269505e-021
983.000000  1.209556e-021
983.200000  1.139215e-021
983.400000  1.062783e-021
983.600000  1.040985e-021
983.800000  1.025306e-021
984.000000  1.036505e-021
984.200000  9.829653e-022
984.400000  9.843959e-022
984.600000  9.874652e-022
984.800000  9.947980e-022
985.000000  9.821101e-022
985.200000  9.997416e-022
985.400000  1.056603e-021
985.600000  1.055079e-021
985.800000  1.034376e-021
986.000000  1.085780e-021
986.200000  1.137280e-021
986.400000  1.075965e-021
986.600000  1.129402e-021
986.800000  1.166928e-021
987.000000  1.147214e-021
987.200000  1.143051e-021
987.400000  1.178649e-021
987.600000  1.190085e-021
987.800000  1.128365e-021
988.000000  1.099698e-021
988.200000  1.112704e-021
988.400000  1.063407e-021
988.600000  1.023819e-021
988.800000  1.063083e-021
989.000000  1.088582e-021
989.200000  1.077939e-021
989.400000  1.042801e-021
989.600000  1.030161e-021
989.800000  1.047442e-021
990.000000  1.036316e-021
990.200000  1.053745e-021
990.400000  1.066324e-021
990.600000  1.073467e-021
990.800000  1.065645e-021
991.000000  1.093870e-021
991.200000  1.071854e-021
991.400000  1.057304e-021
991.600000  1.094341e-021
991.800000  1.117008e-021
992.000000  1.159064e-021
992.200000  1.229333e-021
992.400000  1.273013e-021
992.600000  1.283896e-021
992.800000  1.332828e-021
993.000000  1.407234e-021
993.200000  1.431392e-021
993.400000  1.477334e-021
993.600000  1.483338e-021
993.800000  1.457707e-021
994.000000  1.491468e-021
994.200000  1.473203e-021
994.400000  1.536517e-021
994.600000  1.516813e-021
994.800000  1.464230e-021
995.000000  1.487409e-021
995.200000  1.520980e-021
995.400000  1.528309e-021
995.600000  1.529223e-021
995.800000  1.564591e-021
996.000000  1.598160e-021
996.200000  1.632002e-021
996.400000  1.678192e-021
996.600000  1.729059e-021
996.800000  1.800260e-021
997.000000  1.875360e-021
997.200000  1.963360e-021
997.400000  2.066808e-021
997.600000  2.146794e-021
997.800000  2.232808e-021
998.000000  2.327386e-021
998.200000  2.405346e-021
998.400000  2.477150e-021
998.600000  2.557516e-021
998.800000  2.638039e-021
999.000000  2.680756e-021
999.200000  2.727777e-021
999.400000  2.800250e-021
999.600000  2.866518e-021
999.800000  2.892681e-021
1000.000000  2.914653e-021
1000.200000  2.909082e-021
1000.400000  2.875884e-021
1000.600000  2.802219e-021
1000.800000  2.758200e-021
1001.000000  2.707698e-021
1001.200000  2.686946e-021
1001.400000  2.640535e-021
1001.600000  2.596164e-021
1001.800000  2.570951e-021
1002.000000  2.513570e-021
1002.200000  2.471073e-021
1002.400000  2.499283e-021
1002.600000  2.544726e-021
1002.800000  2.583808e-021
1003.000000  2.622966e-021
1003.200000  2.681583e-021
1003.400000  2.774810e-021
1003.600000  2.801316e-021
1003.800000  2.927248e-021
1004.000000  3.126951e-021
1004.200000  3.233969e-021
1004.400000  3.263193e-021
1004.600000  3.353201e-021
1004.800000  3.471609e-021
1005.000000  3.514184e-021
1005.200000  3.550314e-021
1005.400000  3.584334e-021
1005.600000  3.535586e-021
1005.800000  3.532557e-021
1006.000000  3.680222e-021
1006.200000  3.769147e-021
1006.400000  3.823229e-021
1006.600000  3.910273e-021
1006.800000  3.964594e-021
1007.000000  3.961948e-021
1007.200000  3.867012e-021
1007.400000  3.881849e-021
1007.600000  3.936339e-021
1007.800000  3.882951e-021
1008.000000  3.725774e-021
1008.200000  3.599194e-021
1008.400000  3.496672e-021
1008.600000  3.382879e-021
1008.800000  3.279931e-021
1009.000000  3.167906e-021
1009.200000  3.088941e-021
1009.400000  2.987604e-021
1009.600000  2.879391e-021
1009.800000  2.790992e-021
1010.000000  2.731376e-021
1010.200000  2.738542e-021
1010.400000  2.801526e-021
1010.600000  2.808769e-021
1010.800000  2.865230e-021
1011.000000  2.850154e-021
1011.200000  2.861939e-021
1011.400000  2.884961e-021
1011.600000  2.921498e-021
1011.800000  2.931131e-021
1012.000000  2.972279e-021
1012.200000  2.972965e-021
1012.400000  2.987176e-021
1012.600000  2.929197e-021
1012.800000  2.904983e-021
1013.000000  2.939509e-021
1013.200000  2.962782e-021
1013.400000  2.938520e-021
1013.600000  2.891528e-021
1013.800000  2.869411e-021
1014.000000  2.826795e-021
1014.200000  2.806838e-021
1014.400000  2.784562e-021
1014.600000  2.691587e-021
1014.800000  2.657740e-021
1015.000000  2.708315e-021
1015.200000  2.713270e-021
1015.400000  2.690775e-021
1015.600000  2.702587e-021
1015.800000  2.682323e-021
1016.000000  2.659722e-021
1016.200000  2.625587e-021
1016.400000  2.586783e-021
1016.600000  2.554805e-021
1016.800000  2.621828e-021
1017.000000  2.652081e-021
1017.200000  2.753952e-021
1017.400000  2.795943e-021
1017.600000  2.851890e-021
1017.800000  2.910260e-021
1018.000000  3.152763e-021
1018.030000  3.174832e-021
1018.060000  3.206557e-021
1018.090000  3.231971e-021
1018.120000  3.247380e-021
1018.150000  3.271573e-021
1018.180000  3.292684e-021
1018.210000  3.300390e-021
1018.240000  3.310936e-021
1018.270000  3.325700e-021
1018.300000  3.328541e-021
1018.330000  3.328697e-021
1018.360000  3.338368e-021
1018.390000  3.357667e-021
1018.420000  3.393866e-021
1018.450000  3.441732e-021
1018.480000  3.485234e-021
1018.510000  3.509983e-021
1018.540000  3.519268e-021
1018.570000  3.517284e-021
1018.600000  3.505856e-021
1018.630000  3.502992e-021
1018.660000  3.514617e-021
1018.690000  3.531937e-021
1018.720000  3.553142e-021
1018.750000  3.578491e-021
1018.780000  3.610659e-021
1018.810000  3.648470e-021
1018.840000  3.682823e-021
1018.870000  3.713615e-021
1018.900000  3.742017e-021
1018.930000  3.751423e-021
1018.960000  3.734649e-021
1018.990000  3.714233e-021
1019.020000  3.698986e-021
1019.050000  3.690207e-021
1019.080000  3.692650e-021
1019.110000  3.708680e-021
1019.140000  3.741595e-021
1019.170000  3.797768e-021
1019.200000  3.857130e-021
1019.230000  3.911432e-021
1019.260000  3.975724e-021
1019.290000  4.026505e-021
1019.320000  4.044697e-021
1019.350000  4.059546e-021
1019.380000  4.096024e-021
1019.410000  4.132631e-021
1019.440000  4.160638e-021
1019.470000  4.201787e-021
1019.500000  4.252778e-021
1019.530000  4.279975e-021
1019.560000  4.281068e-021
1019.590000  4.276226e-021
1019.620000  4.268365e-021
1019.650000  4.258543e-021
1019.680000  4.271187e-021
1019.710000  4.303623e-021
1019.740000  4.338508e-021
1019.770000  4.370405e-021
1019.800000  4.402004e-021
1019.830000  4.427791e-021
1019.860000  4.445404e-021
1019.890000  4.467923e-021
1019.920000  4.489741e-021
1019.950000  4.501012e-021
1019.980000  4.505124e-021
1020.010000  4.524111e-021
1020.040000  4.549623e-021
1020.070000  4.560832e-021
1020.100000  4.571177e-021
1020.130000  4.592866e-021
1020.160000  4.612614e-021
1020.190000  4.635971e-021
1020.220000  4.684414e-021
1020.250000  4.728641e-021
1020.280000  4.741332e-021
1020.310000  4.755931e-021
1020.340000  4.772298e-021
1020.370000  4.770056e-021
1020.400000  4.786808e-021
1020.430000  4.840146e-021
1020.460000  4.877181e-021
1020.490000  4.888964e-021
1020.520000  4.917198e-021
1020.550000  4.939530e-021
1020.580000  4.947112e-021
1020.610000  4.973787e-021
1020.640000  5.023017e-021
1020.670000  5.064550e-021
1020.700000  5.093864e-021
1020.730000  5.113886e-021
1020.760000  5.122369e-021
1020.790000  5.140762e-021
1020.820000  5.172739e-021
1020.850000  5.217614e-021
1020.880000  5.274377e-021
1020.910000  5.341213e-021
1020.940000  5.402361e-021
1020.970000  5.451949e-021
1021.000000  5.495340e-021
1021.030000  5.536061e-021
1021.060000  5.573634e-021
1021.090000  5.606240e-021
1021.120000  5.637108e-021
1021.150000  5.678045e-021
1021.180000  5.731768e-021
1021.210000  5.788021e-021
1021.240000  5.851499e-021
1021.270000  5.930751e-021
1021.300000  6.011700e-021
1021.330000  6.079787e-021
1021.360000  6.146129e-021
1021.390000  6.225701e-021
1021.420000  6.310223e-021
1021.450000  6.390386e-021
1021.480000  6.486146e-021
1021.510000  6.596913e-021
1021.540000  6.679235e-021
1021.570000  6.727528e-021
1021.600000  6.780216e-021
1021.630000  6.847670e-021
1021.660000  6.925919e-021
1021.690000  7.035157e-021
1021.720000  7.175741e-021
1021.750000  7.320771e-021
1021.780000  7.460400e-021
1021.810000  7.591516e-021
1021.840000  7.721483e-021
1021.870000  7.850303e-021
1021.900000  7.980605e-021
1021.930000  8.109762e-021
1021.960000  8.245919e-021
1021.990000  8.382860e-021
1022.020000  8.518687e-021
1022.050000  8.665822e-021
1022.080000  8.807293e-021
1022.110000  8.925345e-021
1022.140000  9.020622e-021
1022.170000  9.118842e-021
1022.200000  9.230250e-021
1022.230000  9.344059e-021
1022.260000  9.471496e-021
1022.290000  9.638674e-021
1022.320000  9.812733e-021
1022.350000  9.932444e-021
1022.380000  1.002440e-020
1022.410000  1.011914e-020
1022.440000  1.019842e-020
1022.470000  1.028678e-020
1022.500000  1.041988e-020
1022.530000  1.057830e-020
1022.560000  1.074809e-020
1022.590000  1.092407e-020
1022.620000  1.108379e-020
1022.650000  1.121686e-020
1022.680000  1.130635e-020
1022.710000  1.135338e-020
1022.740000  1.139523e-020
1022.770000  1.144739e-020
1022.800000  1.150029e-020
1022.830000  1.157964e-020
1022.860000  1.167839e-020
1022.890000  1.175996e-020
1022.920000  1.181875e-020
1022.950000  1.188086e-020
1022.980000  1.196566e-020
1023.010000  1.206297e-020
1023.040000  1.216631e-020
1023.070000  1.227319e-020
1023.100000  1.237281e-020
1023.130000  1.244485e-020
1023.160000  1.249959e-020
1023.190000  1.255069e-020
1023.220000  1.259160e-020
1023.250000  1.263291e-020
1023.280000  1.268202e-020
1023.310000  1.272203e-020
1023.340000  1.274552e-020
1023.370000  1.276844e-020
1023.400000  1.279938e-020
1023.430000  1.283387e-020
1023.460000  1.287159e-020
1023.490000  1.290510e-020
1023.520000  1.292733e-020
1023.550000  1.294016e-020
1023.580000  1.295452e-020
1023.610000  1.298353e-020
1023.640000  1.302740e-020
1023.670000  1.307739e-020
1023.700000  1.311309e-020
1023.730000  1.313192e-020
1023.760000  1.314116e-020
1023.790000  1.316090e-020
1023.820000  1.320880e-020
1023.850000  1.327229e-020
1023.880000  1.333294e-020
1023.910000  1.338037e-020
1023.940000  1.341075e-020
1023.970000  1.343546e-020
1024.000000  1.348215e-020
1024.030000  1.355654e-020
1024.060000  1.363929e-020
1024.090000  1.372750e-020
1024.120000  1.382285e-020
1024.150000  1.390645e-020
1024.180000  1.397994e-020
1024.210000  1.403503e-020
1024.240000  1.404768e-020
1024.270000  1.405327e-020
1024.300000  1.410434e-020
1024.330000  1.418033e-020
1024.360000  1.427882e-020
1024.390000  1.442382e-020
1024.420000  1.456664e-020
1024.450000  1.465823e-020
1024.480000  1.469640e-020
1024.510000  1.472919e-020
1024.540000  1.478589e-020
1024.570000  1.486212e-020
1024.600000  1.495020e-020
1024.630000  1.504934e-020
1024.660000  1.512468e-020
1024.690000  1.516991e-020
1024.720000  1.523263e-020
1024.750000  1.531628e-020
1024.780000  1.542646e-020
1024.810000  1.557748e-020
1024.840000  1.573770e-020
1024.870000  1.583529e-020
1024.900000  1.586316e-020
1024.930000  1.588377e-020
1024.960000  1.593929e-020
1024.990000  1.601713e-020
1025.020000  1.612731e-020
1025.050000  1.629275e-020
1025.080000  1.645175e-020
1025.110000  1.649926e-020
1025.140000  1.646868e-020
1025.170000  1.644853e-020
1025.200000  1.643719e-020
1025.230000  1.642522e-020
1025.260000  1.645042e-020
1025.290000  1.650582e-020
1025.320000  1.651522e-020
1025.350000  1.644607e-020
1025.380000  1.637119e-020
1025.410000  1.635138e-020
1025.440000  1.634013e-020
1025.470000  1.631749e-020
1025.500000  1.628925e-020
1025.530000  1.622173e-020
1025.560000  1.613930e-020
1025.590000  1.606793e-020
1025.620000  1.599756e-020
1025.650000  1.596763e-020
1025.680000  1.593513e-020
1025.710000  1.584379e-020
1025.740000  1.576225e-020
1025.770000  1.571519e-020
1025.800000  1.564928e-020
1025.830000  1.558332e-020
1025.860000  1.552625e-020
1025.890000  1.545249e-020
1025.920000  1.537763e-020
1025.950000  1.532112e-020
1025.980000  1.526359e-020
1026.010000  1.519409e-020
1026.040000  1.512863e-020
1026.070000  1.505288e-020
1026.100000  1.496386e-020
1026.130000  1.488022e-020
1026.160000  1.481088e-020
1026.190000  1.473468e-020
1026.220000  1.465795e-020
1026.250000  1.459534e-020
1026.280000  1.453922e-020
1026.310000  1.448883e-020
1026.340000  1.444660e-020
1026.370000  1.439635e-020
1026.400000  1.432909e-020
1026.430000  1.426779e-020
1026.460000  1.419413e-020
1026.490000  1.409933e-020
1026.520000  1.402522e-020
1026.550000  1.398665e-020
1026.580000  1.398053e-020
1026.610000  1.399777e-020
1026.640000  1.400309e-020
1026.670000  1.398741e-020
1026.700000  1.395486e-020
1026.730000  1.389697e-020
1026.760000  1.382613e-020
1026.790000  1.375992e-020
1026.820000  1.371587e-020
1026.850000  1.370431e-020
1026.880000  1.373498e-020
1026.910000  1.380396e-020
1026.940000  1.388932e-020
1026.970000  1.395682e-020
1027.000000  1.399594e-020
1027.030000  1.401394e-020
1027.060000  1.402669e-020
1027.090000  1.404757e-020
1027.120000  1.407117e-020
1027.150000  1.411185e-020
1027.180000  1.417259e-020
1027.210000  1.424095e-020
1027.240000  1.431095e-020
1027.270000  1.438601e-020
1027.300000  1.446457e-020
1027.330000  1.454341e-020
1027.360000  1.461427e-020
1027.390000  1.469327e-020
1027.420000  1.479029e-020
1027.450000  1.487175e-020
1027.480000  1.493635e-020
1027.510000  1.502772e-020
1027.540000  1.513703e-020
1027.570000  1.524516e-020
1027.600000  1.537000e-020
1027.630000  1.549775e-020
1027.660000  1.559228e-020
1027.690000  1.565773e-020
1027.720000  1.573962e-020
1027.750000  1.586664e-020
1027.780000  1.603396e-020
1027.810000  1.623278e-020
1027.840000  1.644033e-020
1027.870000  1.662470e-020
1027.900000  1.678695e-020
1027.930000  1.694095e-020
1027.960000  1.708322e-020
1027.990000  1.723783e-020
1028.020000  1.743808e-020
1028.050000  1.768697e-020
1028.080000  1.796295e-020
1028.110000  1.825974e-020
1028.140000  1.856896e-020
1028.170000  1.883363e-020
1028.200000  1.904920e-020
1028.230000  1.929808e-020
1028.260000  1.958161e-020
1028.290000  1.986049e-020
1028.320000  2.013878e-020
1028.350000  2.039885e-020
1028.380000  2.066826e-020
1028.410000  2.098782e-020
1028.440000  2.132327e-020
1028.470000  2.167493e-020
1028.500000  2.203568e-020
1028.530000  2.233714e-020
1028.560000  2.263245e-020
1028.590000  2.302255e-020
1028.620000  2.347690e-020
1028.650000  2.393557e-020
1028.680000  2.435596e-020
1028.710000  2.466773e-020
1028.740000  2.493157e-020
1028.770000  2.526911e-020
1028.800000  2.568198e-020
1028.830000  2.614361e-020
1028.860000  2.664059e-020
1028.890000  2.706886e-020
1028.920000  2.740271e-020
1028.950000  2.776767e-020
1028.980000  2.819382e-020
1029.010000  2.864952e-020
1029.040000  2.912966e-020
1029.070000  2.957544e-020
1029.100000  2.992643e-020
1029.130000  3.019962e-020
1029.160000  3.048774e-020
1029.190000  3.086526e-020
1029.220000  3.127538e-020
1029.250000  3.165561e-020
1029.280000  3.200691e-020
1029.310000  3.235315e-020
1029.340000  3.268961e-020
1029.370000  3.302105e-020
1029.400000  3.334362e-020
1029.430000  3.368599e-020
1029.460000  3.406229e-020
1029.490000  3.440818e-020
1029.520000  3.472311e-020
1029.550000  3.502504e-020
1029.580000  3.528271e-020
1029.610000  3.548294e-020
1029.640000  3.569497e-020
1029.670000  3.593007e-020
1029.700000  3.617654e-020
1029.730000  3.642412e-020
1029.760000  3.658571e-020
1029.790000  3.662222e-020
1029.820000  3.663340e-020
1029.850000  3.672987e-020
1029.880000  3.691031e-020
1029.910000  3.713063e-020
1029.940000  3.733061e-020
1029.970000  3.743460e-020
1030.000000  3.739823e-020
1030.030000  3.724947e-020
1030.060000  3.703951e-020
1030.090000  3.680637e-020
1030.120000  3.657366e-020
1030.150000  3.631552e-020
1030.180000  3.601969e-020
1030.210000  3.571123e-020
1030.240000  3.540397e-020
1030.270000  3.508428e-020
1030.300000  3.474670e-020
1030.330000  3.438485e-020
1030.360000  3.398838e-020
1030.390000  3.357116e-020
1030.420000  3.314055e-020
1030.450000  3.269353e-020
1030.480000  3.223547e-020
1030.510000  3.177547e-020
1030.540000  3.131564e-020
1030.570000  3.085760e-020
1030.600000  3.040921e-020
1030.630000  2.996669e-020
1030.660000  2.952147e-020
1030.690000  2.905973e-020
1030.720000  2.858873e-020
1030.750000  2.812461e-020
1030.780000  2.766178e-020
1030.810000  2.717461e-020
1030.840000  2.666459e-020
1030.870000  2.615416e-020
1030.900000  2.565723e-020
1030.930000  2.519031e-020
1030.960000  2.476076e-020
1030.990000  2.435090e-020
1031.020000  2.394204e-020
1031.050000  2.353252e-020
1031.080000  2.312545e-020
1031.110000  2.274475e-020
1031.140000  2.239932e-020
1031.170000  2.207109e-020
1031.200000  2.173570e-020
1031.230000  2.139053e-020
1031.260000  2.103471e-020
1031.290000  2.066334e-020
1031.320000  2.027939e-020
1031.350000  1.988109e-020
1031.380000  1.946233e-020
1031.410000  1.901283e-020
1031.440000  1.855025e-020
1031.470000  1.810246e-020
1031.500000  1.769439e-020
1031.530000  1.733251e-020
1031.560000  1.703092e-020
1031.590000  1.677692e-020
1031.620000  1.652496e-020
1031.650000  1.625712e-020
1031.680000  1.597383e-020
1031.710000  1.566788e-020
1031.740000  1.536901e-020
1031.770000  1.511469e-020
1031.800000  1.487702e-020
1031.830000  1.464210e-020
1031.860000  1.441522e-020
1031.890000  1.415697e-020
1031.920000  1.386100e-020
1031.950000  1.359487e-020
1031.980000  1.338874e-020
1032.010000  1.320728e-020
1032.040000  1.302776e-020
1032.070000  1.284645e-020
1032.100000  1.263470e-020
1032.130000  1.238129e-020
1032.160000  1.211459e-020
1032.190000  1.188804e-020
1032.220000  1.170852e-020
1032.250000  1.153849e-020
1032.280000  1.135759e-020
1032.310000  1.116788e-020
1032.340000  1.098900e-020
1032.370000  1.083158e-020
1032.400000  1.069298e-020
1032.430000  1.056174e-020
1032.460000  1.043532e-020
1032.490000  1.028495e-020
1032.520000  1.010693e-020
1032.550000  9.940303e-021
1032.580000  9.797920e-021
1032.610000  9.668757e-021
1032.640000  9.543978e-021
1032.670000  9.431062e-021
1032.700000  9.328722e-021
1032.730000  9.240133e-021
1032.760000  9.169034e-021
1032.790000  9.086029e-021
1032.820000  8.971896e-021
1032.850000  8.849299e-021
1032.880000  8.716006e-021
1032.910000  8.560647e-021
1032.940000  8.408153e-021
1032.970000  8.275433e-021
1033.000000  8.150574e-021
1033.030000  8.040974e-021
1033.060000  7.964077e-021
1033.090000  7.917022e-021
1033.120000  7.862990e-021
1033.150000  7.788866e-021
1033.180000  7.704976e-021
1033.210000  7.605140e-021
1033.240000  7.498487e-021
1033.270000  7.402494e-021
1033.300000  7.304206e-021
1033.330000  7.198564e-021
1033.360000  7.095909e-021
1033.390000  6.994230e-021
1033.420000  6.889432e-021
1033.450000  6.800427e-021
1033.480000  6.725562e-021
1033.510000  6.650303e-021
1033.540000  6.593335e-021
1033.570000  6.564508e-021
1033.600000  6.535236e-021
1033.630000  6.492000e-021
1033.660000  6.440206e-021
1033.690000  6.352542e-021
1033.720000  6.235931e-021
1033.750000  6.124759e-021
1033.780000  6.027995e-021
1033.810000  5.944366e-021
1033.840000  5.893490e-021
1033.870000  5.873107e-021
1033.900000  5.848781e-021
1033.930000  5.810141e-021
1033.960000  5.765978e-021
1033.990000  5.707987e-021
1034.020000  5.624201e-021
1034.050000  5.535605e-021
1034.080000  5.462014e-021
1034.110000  5.394713e-021
1034.140000  5.333771e-021
1034.170000  5.297704e-021
1034.200000  5.289909e-021
1034.230000  5.281407e-021
1034.260000  5.260303e-021
1034.290000  5.224951e-021
1034.320000  5.165312e-021
1034.350000  5.088633e-021
1034.380000  5.012768e-021
1034.410000  4.943672e-021
1034.440000  4.887149e-021
1034.470000  4.857514e-021
1034.500000  4.837026e-021
1034.530000  4.813441e-021
1034.560000  4.795429e-021
1034.590000  4.777316e-021
1034.620000  4.741378e-021
1034.650000  4.693528e-021
1034.680000  4.666289e-021
1034.710000  4.654583e-021
1034.740000  4.636686e-021
1034.770000  4.608893e-021
1034.800000  4.574159e-021
1034.830000  4.528899e-021
1034.860000  4.476298e-021
1034.890000  4.431683e-021
1034.920000  4.412945e-021
1034.950000  4.415799e-021
1034.980000  4.398612e-021
1035.010000  4.357197e-021
1035.040000  4.316093e-021
1035.070000  4.262392e-021
1035.100000  4.192532e-021
1035.130000  4.140888e-021
1035.160000  4.110903e-021
1035.190000  4.083933e-021
1035.220000  4.061138e-021
1035.250000  4.045242e-021
1035.280000  4.033045e-021
1035.310000  4.017501e-021
1035.340000  3.993922e-021
1035.370000  3.965883e-021
1035.400000  3.936071e-021
1035.430000  3.900332e-021
1035.460000  3.866070e-021
1035.490000  3.836221e-021
1035.520000  3.807277e-021
1035.550000  3.787423e-021
1035.580000  3.783602e-021
1035.610000  3.785126e-021
1035.640000  3.784877e-021
1035.670000  3.785065e-021
1035.700000  3.777255e-021
1035.730000  3.752638e-021
1035.760000  3.722693e-021
1035.790000  3.693399e-021
1035.820000  3.652703e-021
1035.850000  3.606977e-021
1035.880000  3.571184e-021
1035.910000  3.543758e-021
1035.940000  3.516116e-021
1035.970000  3.494116e-021
1036.000000  3.476523e-021
1036.030000  3.453927e-021
1036.060000  3.435661e-021
1036.090000  3.431215e-021
1036.120000  3.432503e-021
1036.150000  3.434483e-021
1036.180000  3.434161e-021
1036.210000  3.415991e-021
1036.240000  3.382761e-021
1036.270000  3.352482e-021
1036.300000  3.321960e-021
1036.330000  3.294356e-021
1036.360000  3.285940e-021
1036.390000  3.292092e-021
1036.420000  3.295212e-021
1036.450000  3.294598e-021
1036.480000  3.293489e-021
1036.510000  3.284415e-021
1036.540000  3.272964e-021
1036.570000  3.267958e-021
1036.600000  3.264441e-021
1036.630000  3.251641e-021
1036.660000  3.227183e-021
1036.690000  3.195541e-021
1036.720000  3.166295e-021
1036.750000  3.145558e-021
1036.780000  3.135183e-021
1036.810000  3.138144e-021
1036.840000  3.146964e-021
1036.870000  3.143713e-021
1036.900000  3.120992e-021
1036.930000  3.088573e-021
1036.960000  3.056304e-021
1036.990000  3.029449e-021
1037.020000  3.003357e-021
1037.050000  2.983450e-021
1037.080000  2.972577e-021
1037.110000  2.964620e-021
1037.140000  2.961310e-021
1037.170000  2.973314e-021
1037.200000  2.995331e-021
1037.230000  3.016070e-021
1037.260000  3.030539e-021
1037.290000  3.027637e-021
1037.320000  3.012242e-021
1037.350000  2.994660e-021
1037.380000  2.974175e-021
1037.410000  2.945543e-021
1037.440000  2.917683e-021
1037.470000  2.899516e-021
1037.500000  2.887033e-021
1037.530000  2.880883e-021
1037.560000  2.891011e-021
1037.590000  2.916396e-021
1037.620000  2.941110e-021
1037.650000  2.960218e-021
1037.680000  2.977743e-021
1037.710000  2.991814e-021
1037.740000  2.994147e-021
1037.770000  2.984907e-021
1037.800000  2.976912e-021
1037.830000  2.970371e-021
1037.860000  2.957031e-021
1037.890000  2.938770e-021
1037.920000  2.928896e-021
1037.950000  2.920397e-021
1037.980000  2.902227e-021
1038.010000  2.886414e-021
1038.040000  2.879431e-021
1038.070000  2.869994e-021
1038.100000  2.862578e-021
1038.130000  2.863507e-021
1038.160000  2.857177e-021
1038.190000  2.849751e-021
1038.220000  2.847265e-021
1038.250000  2.845384e-021
1038.280000  2.847590e-021
1038.310000  2.860450e-021
1038.340000  2.871176e-021
1038.370000  2.872564e-021
1038.400000  2.866190e-021
1038.430000  2.859693e-021
1038.460000  2.856284e-021
1038.490000  2.845175e-021
1038.520000  2.829503e-021
1038.550000  2.817336e-021
1038.580000  2.808615e-021
1038.610000  2.801230e-021
1038.640000  2.797708e-021
1038.670000  2.797088e-021
1038.700000  2.795346e-021
1038.730000  2.786580e-021
1038.760000  2.772240e-021
1038.790000  2.762309e-021
1038.820000  2.762875e-021
1038.850000  2.763900e-021
1038.880000  2.766409e-021
1038.910000  2.773026e-021
1038.940000  2.774548e-021
1038.970000  2.766288e-021
1039.000000  2.761327e-021
1039.030000  2.762507e-021
1039.060000  2.758600e-021
1039.090000  2.757182e-021
1039.120000  2.763160e-021
1039.150000  2.765515e-021
1039.180000  2.754095e-021
1039.210000  2.745411e-021
1039.240000  2.746969e-021
1039.270000  2.739277e-021
1039.300000  2.726021e-021
1039.330000  2.715671e-021
1039.360000  2.697522e-021
1039.390000  2.669717e-021
1039.420000  2.655365e-021
1039.450000  2.652932e-021
1039.480000  2.658192e-021
1039.510000  2.678795e-021
1039.540000  2.697175e-021
1039.570000  2.698508e-021
1039.600000  2.684903e-021
1039.630000  2.659159e-021
1039.660000  2.621155e-021
1039.690000  2.587931e-021
1039.720000  2.570994e-021
1039.750000  2.565880e-021
1039.780000  2.562894e-021
1039.810000  2.558707e-021
1039.840000  2.560900e-021
1039.870000  2.556337e-021
1039.900000  2.538057e-021
1039.930000  2.512811e-021
1039.960000  2.481605e-021
1039.990000  2.449649e-021
1040.020000  2.424891e-021
1040.050000  2.413428e-021
1040.080000  2.420068e-021
1040.110000  2.435329e-021
1040.140000  2.435104e-021
1040.170000  2.426368e-021
1040.200000  2.414695e-021
1040.230000  2.390942e-021
1040.260000  2.365740e-021
1040.290000  2.360531e-021
1040.320000  2.366487e-021
1040.350000  2.377221e-021
1040.380000  2.394338e-021
1040.410000  2.408895e-021
1040.440000  2.408903e-021
1040.470000  2.394098e-021
1040.500000  2.372913e-021
1040.530000  2.347393e-021
1040.560000  2.322530e-021
1040.590000  2.306987e-021
1040.620000  2.308257e-021
1040.650000  2.301233e-021
1040.680000  2.285303e-021
1040.710000  2.275992e-021
1040.740000  2.258431e-021
1040.770000  2.239266e-021
1040.800000  2.244029e-021
1040.830000  2.261474e-021
1040.860000  2.268275e-021
1040.890000  2.268937e-021
1040.920000  2.255936e-021
1040.950000  2.229159e-021
1040.980000  2.203736e-021
1041.010000  2.189900e-021
1041.040000  2.180983e-021
1041.070000  2.169092e-021
1041.100000  2.163799e-021
1041.130000  2.172716e-021
1041.160000  2.190891e-021
1041.190000  2.210908e-021
1041.220000  2.235676e-021
1041.250000  2.253764e-021
1041.280000  2.251453e-021
1041.310000  2.230028e-021
1041.340000  2.202320e-021
1041.370000  2.170588e-021
1041.400000  2.142512e-021
1041.430000  2.121904e-021
1041.460000  2.105996e-021
1041.490000  2.100317e-021
1041.520000  2.105557e-021
1041.550000  2.110010e-021
1041.580000  2.107941e-021
1041.610000  2.109765e-021
1041.640000  2.108650e-021
1041.670000  2.097786e-021
1041.700000  2.090221e-021
1041.730000  2.092044e-021
1041.760000  2.086201e-021
1041.790000  2.075777e-021
1041.820000  2.076647e-021
1041.850000  2.075786e-021
1041.880000  2.070201e-021
1041.910000  2.076544e-021
1041.940000  2.091978e-021
1041.970000  2.097035e-021
1042.000000  2.091106e-021
1042.200000  2.070517e-021
1042.400000  2.062069e-021
1042.600000  2.070315e-021
1042.800000  2.086939e-021
1043.000000  2.074028e-021
1043.200000  2.093302e-021
1043.400000  2.094785e-021
1043.600000  2.112013e-021
1043.800000  2.111673e-021
1044.000000  2.136569e-021
1044.200000  2.175457e-021
1044.400000  2.195190e-021
1044.600000  2.250023e-021
1044.800000  2.295986e-021
1045.000000  2.400414e-021
1045.200000  2.470402e-021
1045.400000  2.545284e-021
1045.600000  2.678325e-021
1045.800000  2.810822e-021
1046.000000  2.919680e-021
1046.200000  3.047342e-021
1046.400000  3.204497e-021
1046.600000  3.316698e-021
1046.800000  3.389143e-021
1047.000000  3.525730e-021
1047.200000  3.555794e-021
1047.400000  3.634009e-021
1047.600000  3.776560e-021
1047.800000  3.857804e-021
1048.000000  3.899003e-021
1048.200000  3.913454e-021
1048.400000  3.890341e-021
1048.600000  3.993487e-021
1048.800000  3.999987e-021
1049.000000  3.976877e-021
1049.200000  3.902511e-021
1049.400000  3.801023e-021
1049.600000  3.607529e-021
1049.800000  3.556911e-021
1050.000000  3.468317e-021
1050.200000  3.279355e-021
1050.400000  3.119846e-021
1050.600000  2.995300e-021
1050.800000  2.837924e-021
1051.000000  2.662849e-021
1051.200000  2.506756e-021
1051.400000  2.399930e-021
1051.600000  2.226927e-021
1051.800000  2.063416e-021
1052.000000  1.981802e-021
1052.200000  1.945686e-021
1052.400000  1.850391e-021
1052.600000  1.731358e-021
1052.800000  1.665558e-021
1053.000000  1.605944e-021
1053.200000  1.544841e-021
1053.400000  1.486095e-021
1053.600000  1.451729e-021
1053.800000  1.403522e-021
1054.000000  1.322687e-021
1054.200000  1.277299e-021
1054.400000  1.241769e-021
1054.600000  1.212530e-021
1054.800000  1.183512e-021
1055.000000  1.181310e-021
1055.200000  1.188530e-021
1055.400000  1.169395e-021
1055.600000  1.154945e-021
1055.800000  1.146306e-021
1056.000000  1.125402e-021
1056.200000  1.089968e-021
1056.400000  1.060044e-021
1056.600000  1.044299e-021
1056.800000  1.032155e-021
1057.000000  1.052710e-021
1057.200000  1.032991e-021
1057.400000  1.010431e-021
1057.600000  1.015033e-021
1057.800000  9.949374e-022
1058.000000  9.750840e-022
1058.200000  9.487228e-022
1058.400000  9.209031e-022
1058.600000  9.045836e-022
1058.800000  8.964122e-022
1059.000000  8.695904e-022
1059.200000  8.732379e-022
1059.400000  8.471901e-022
1059.600000  8.335502e-022
1059.800000  8.215841e-022
1060.000000  8.013680e-022
1060.200000  7.921865e-022
1060.400000  7.858288e-022
1060.600000  7.638122e-022
1060.800000  7.414686e-022
1061.000000  7.273473e-022
1061.200000  7.405853e-022
1061.400000  7.435679e-022
1061.600000  7.385523e-022
1061.800000  7.229413e-022
1062.000000  7.124546e-022
1062.200000  7.171384e-022
1062.400000  7.049035e-022
1062.600000  6.969523e-022
1062.800000  7.016325e-022
1063.000000  6.749608e-022
1063.200000  6.735801e-022
1063.400000  6.678724e-022
1063.600000  6.685007e-022
1063.800000  6.558451e-022
1064.000000  6.550165e-022
1064.200000  6.498457e-022
1064.400000  6.423476e-022
1064.600000  6.362841e-022
1064.800000  6.264365e-022
1065.000000  6.226687e-022
1065.200000  6.273233e-022
1065.400000  5.877587e-022
1065.600000  6.119012e-022
1065.800000  6.279260e-022
1066.000000  6.288072e-022
1066.200000  6.107052e-022
1066.400000  6.133246e-022
1066.600000  6.147778e-022
1066.800000  5.995385e-022
1067.000000  5.968760e-022
1067.200000  5.868719e-022
1067.400000  5.868346e-022
1067.600000  5.970861e-022
1067.800000  5.723391e-022
1068.000000  5.504904e-022
1068.200000  5.657467e-022
1068.400000  5.630306e-022
1068.600000  5.496756e-022
1068.800000  5.584681e-022
1069.000000  5.731950e-022
1069.200000  5.645493e-022
1069.400000  5.383949e-022
1069.600000  5.561101e-022
1069.800000  5.447491e-022
1070.000000  5.625022e-022
1070.200000  5.329722e-022
1070.400000  5.251302e-022
1070.600000  5.414224e-022
1070.800000  5.273058e-022
1071.000000  5.331750e-022
1071.200000  5.354669e-022
1071.400000  5.326751e-022
1071.600000  5.448544e-022
1071.800000  5.291730e-022
1072.000000  5.398701e-022
1072.200000  5.058309e-022
1072.400000  5.267473e-022
1072.600000  5.212200e-022
1072.800000  5.250195e-022
1073.000000  5.098312e-022
1073.200000  5.196617e-022
1073.400000  5.234687e-022
1073.600000  5.239566e-022
1073.800000  5.135504e-022
1074.000000  5.170579e-022
1074.200000  5.233000e-022
1074.400000  5.268220e-022
1074.600000  5.385514e-022
1074.800000  5.156421e-022
1075.000000  5.182522e-022
1075.200000  5.266541e-022
1075.400000  5.292783e-022
1075.600000  5.215311e-022
1075.800000  5.201835e-022
1076.000000  4.962084e-022
1076.200000  5.018720e-022
1076.400000  5.148970e-022
1076.600000  5.098569e-022
1076.800000  5.026589e-022
1077.000000  4.767102e-022
1077.200000  4.753083e-022
1077.400000  4.923671e-022
1077.600000  4.724953e-022
1077.800000  4.643015e-022
1078.000000  4.764588e-022
1078.200000  4.565152e-022
1078.400000  4.461182e-022
1078.600000  4.678839e-022
1078.800000  4.587161e-022
1079.000000  4.287594e-022
1079.200000  4.409486e-022
1079.400000  4.186838e-022
1079.600000  4.352378e-022
1079.800000  4.238166e-022
1080.000000  4.002268e-022
1080.200000  4.096382e-022
1080.400000  3.900471e-022
1080.600000  4.238273e-022
1080.800000  4.154664e-022
1081.000000  4.152251e-022
1081.200000  3.990100e-022
1081.400000  4.131725e-022
1081.600000  3.925319e-022
1081.800000  3.947793e-022
1082.000000  3.935726e-022
1082.200000  3.992855e-022
1082.400000  3.867421e-022
1082.600000  3.924584e-022
1082.800000  4.016556e-022
1083.000000  3.938156e-022
1083.200000  3.982887e-022
1083.400000  3.755598e-022
1083.600000  3.936410e-022
1083.800000  3.898837e-022
1084.000000  3.740627e-022
1084.200000  3.785363e-022
1084.400000  3.849248e-022
1084.600000  3.795532e-022
1084.800000  3.671655e-022
1085.000000  3.442363e-022
1085.200000  3.528485e-022
1085.400000  3.531738e-022
1085.600000  3.381575e-022
1085.800000  3.589436e-022
1086.000000  3.631168e-022
1086.200000  3.778740e-022
1086.400000  3.455005e-022
1086.600000  3.580202e-022
1086.800000  3.615638e-022
1087.000000  3.631833e-022
1087.200000  3.499943e-022
1087.400000  3.300128e-022
1087.600000  3.312841e-022
1087.800000  3.380463e-022
1088.000000  3.393267e-022
1088.200000  3.321990e-022
1088.400000  3.344469e-022
1088.600000  3.203660e-022
1088.800000  3.353863e-022
1089.000000  3.174488e-022
1089.200000  3.382775e-022
1089.400000  3.382629e-022
1089.600000  3.336903e-022
1089.800000  3.038881e-022
1090.000000  3.234098e-022
1090.200000  3.058499e-022
1090.400000  3.131230e-022
1090.600000  3.225022e-022
1090.800000  3.035172e-022
1091.000000  3.223404e-022
1091.200000  3.100428e-022
1091.400000  3.131171e-022
1091.600000  3.172482e-022
1091.800000  3.133296e-022
1092.000000  3.185211e-022
1092.200000  3.138710e-022
1092.400000  2.948678e-022
1092.600000  3.172517e-022
1092.800000  2.961348e-022
1093.000000  2.974640e-022
1093.200000  3.012445e-022
1093.400000  2.994001e-022
1093.600000  3.014645e-022
1093.800000  2.824252e-022
1094.000000  3.065670e-022
1094.200000  2.717373e-022
1094.400000  2.691903e-022
1094.600000  2.778636e-022
1094.800000  2.781842e-022
1095.000000  2.671927e-022
1095.200000  2.646312e-022
1095.400000  2.494947e-022
1095.600000  2.718740e-022
1095.800000  2.619072e-022
1096.000000  2.513520e-022
1096.200000  2.441998e-022
1096.400000  2.701478e-022
1096.600000  2.500576e-022
1096.800000  2.488726e-022
1097.000000  2.325648e-022
1097.200000  2.213167e-022
1097.400000  2.370038e-022
1097.600000  2.484984e-022
1097.800000  2.258093e-022
1098.000000  2.043642e-022
1098.200000  2.235799e-022
1098.400000  2.294434e-022
1098.600000  2.273456e-022
1098.800000  2.109836e-022
1099.000000  2.252790e-022
1099.200000  1.879657e-022
1099.400000  2.128200e-022
1099.600000  2.098445e-022
1099.800000  2.095579e-022
1100.000000  2.090316e-022
1100.200000  1.939478e-022
1100.400000  2.107115e-022
1100.600000  1.987850e-022
1100.800000  1.979035e-022
1101.000000  1.747290e-022
1101.200000  1.932175e-022
1101.400000  1.831548e-022
1101.600000  1.741052e-022
1101.800000  1.809406e-022
1102.000000  1.616750e-022
1102.200000  1.815796e-022
1102.400000  1.658340e-022
1102.600000  1.737224e-022
1102.800000  1.604647e-022
1103.000000  1.567343e-022
1103.200000  1.635616e-022
1103.400000  1.689797e-022
1103.600000  1.578551e-022
1103.800000  1.548375e-022
1104.000000  1.658937e-022
1104.200000  1.695236e-022
1104.400000  1.587763e-022
1104.600000  1.553646e-022
1104.800000  1.435380e-022
1105.000000  1.623161e-022
1105.200000  1.631622e-022
1105.400000  1.573274e-022
1105.600000  1.476301e-022
1105.800000  1.460113e-022
1106.000000  1.380750e-022
1106.200000  1.476800e-022
1106.400000  1.351971e-022
1106.600000  1.363746e-022
1106.800000  1.505807e-022
1107.000000  1.549102e-022
1107.200000  1.522638e-022
1107.400000  1.436110e-022
1107.600000  1.402426e-022
1107.800000  1.417840e-022
1108.000000  1.433279e-022
1108.200000  1.248918e-022
1108.400000  1.432677e-022
1108.600000  1.265727e-022
1108.800000  1.431711e-022
1109.000000  1.370064e-022
1109.200000  1.546761e-022
1109.400000  1.404597e-022
1109.600000  1.268950e-022
1109.800000  1.312918e-022
1110.000000  1.285883e-022
1110.200000  1.325654e-022
1110.400000  1.320407e-022
1110.600000  1.416150e-022
1110.800000  1.284071e-022
1111.000000  1.260829e-022
1111.200000  1.434344e-022
1111.400000  1.239018e-022
1111.600000  1.289421e-022
1111.800000  1.115576e-022
1112.000000  1.172805e-022
1112.200000  1.226528e-022
1112.400000  1.242435e-022
1112.600000  1.208498e-022
1112.800000  1.269268e-022
1113.000000  1.354765e-022
1113.200000  1.247634e-022
1113.400000  1.181657e-022
1113.600000  1.056025e-022
1113.800000  1.353464e-022
1114.000000  1.189208e-022
1114.200000  1.154968e-022
1114.400000  1.040878e-022
1114.600000  1.154490e-022
1114.800000  1.007710e-022
1115.000000  1.089712e-022
1115.200000  1.109337e-022
1115.400000  1.261841e-022
1115.600000  1.005470e-022
1115.800000  1.077862e-022
1116.000000  1.036630e-022
1116.200000  1.192917e-022
1116.400000  1.028931e-022
1116.600000  9.875403e-023
1116.800000  1.013099e-022
1117.000000  1.134168e-022
1117.200000  9.175181e-023
1117.400000  9.286788e-023
1117.600000  9.757085e-023
1117.800000  9.000090e-023
1118.000000  9.963385e-023
1118.200000  9.864832e-023
1118.400000  9.146671e-023
1118.600000  8.661100e-023
1118.800000  9.304238e-023
1119.000000  9.915047e-023
1119.200000  9.618675e-023
1119.400000  9.306860e-023
1119.600000  8.960917e-023
1119.800000  8.312023e-023
1120.000000  9.204814e-023
1120.200000  9.141994e-023
1120.400000  8.903160e-023
1120.600000  8.394197e-023
1120.800000  8.116760e-023
1121.000000  7.557388e-023
1121.200000  9.303057e-023
1121.400000  9.183547e-023
1121.600000  9.726011e-023
1121.800000  9.343039e-023
1122.000000  7.768309e-023
1122.200000  8.450522e-023
1122.400000  7.748183e-023
1122.600000  7.399836e-023
1122.800000  7.175688e-023
1123.000000  8.283814e-023
1123.200000  7.150585e-023
1123.400000  8.548900e-023
1123.600000  6.221883e-023
1123.800000  7.545857e-023
1124.000000  7.697085e-023
1124.200000  6.562048e-023
1124.400000  7.798413e-023
1124.600000  6.878776e-023
1124.800000  6.419286e-023
1125.000000  5.676304e-023
1125.200000  3.208855e-023
1125.400000  6.172387e-023
1125.600000  6.928564e-023
1125.800000  6.114362e-023
1126.000000  6.495807e-023
1126.200000  6.144433e-023
1126.400000  4.647011e-023
1126.600000  7.551848e-023
1126.800000  5.540886e-023
1127.000000  7.191433e-023
1127.200000  6.515065e-023
1127.400000  6.042111e-023
1127.600000  6.047472e-023
1127.800000  4.799726e-023
1128.000000  6.093046e-023
1128.200000  4.544778e-023
1128.400000  5.913838e-023
1128.600000  4.913808e-023
1128.800000  5.780590e-023
1129.000000  6.201755e-023
1129.200000  5.308269e-023
1129.400000  5.457092e-023
1129.600000  5.859582e-023
1129.800000  4.448329e-023
1130.000000  4.991227e-023
1130.200000  5.464720e-023
1130.400000  4.929643e-023
1130.600000  5.212033e-023
1130.800000  4.495486e-023
1131.000000  4.860361e-023
1131.200000  6.702159e-023
1131.400000  4.821805e-023
1131.600000  4.896866e-023
1131.800000  4.468158e-023
1132.000000  5.543837e-023
1132.200000  4.827045e-023
1132.400000  6.489113e-023
1132.600000  4.800023e-023
1132.800000  4.001575e-023
1133.000000  4.978682e-023
1133.200000  4.511706e-023
1133.400000  5.927089e-023
1133.600000  4.436344e-023
1133.800000  5.453019e-023
1134.000000  6.395957e-023
1134.200000  5.208013e-023
1134.400000  3.684266e-023
1134.600000  3.904732e-023
1134.800000  5.209836e-023
1135.000000  3.658085e-023
1135.200000  3.652917e-023
1135.400000  2.642609e-023
1135.600000  2.065269e-023
1135.800000  4.567709e-023
1136.000000  4.996822e-023
1136.200000  3.334282e-023
1136.400000  4.680220e-023
1136.600000  4.246063e-023
1136.800000  4.893709e-023
1137.000000  3.737556e-023
1137.200000  4.067800e-023
1137.400000  2.030847e-023
1137.600000  4.139577e-023
1137.800000  4.684867e-023
1138.000000  4.943866e-023
1138.200000  5.555603e-023
1138.400000  2.071403e-023
1138.600000  4.802770e-023
1138.800000  4.478133e-023
1139.000000  3.890012e-023
1139.200000  3.675025e-023
1139.400000  3.605387e-023
1139.600000  2.551695e-023
1139.800000  2.948260e-023
1140.000000  3.315316e-023
1140.200000  3.427294e-023
1140.400000  4.087332e-023
1140.600000  1.972414e-023
1140.800000  3.838522e-023
1141.000000  4.829006e-023
1141.200000  3.662266e-023
1141.400000  2.162492e-023
1141.600000  2.384689e-023
1141.800000  3.084465e-023
1142.000000  4.261427e-023
1142.200000  3.494547e-023
1142.400000  4.198779e-023
1142.600000  2.874017e-023
1142.800000  8.850236e-024
1143.000000  2.214909e-023
1143.200000  2.918822e-023
1143.400000  4.217188e-023
1143.600000  2.997735e-023
1143.800000  4.332466e-023
1144.000000  2.335514e-023
1144.200000  1.038868e-023
1144.400000  3.862441e-023
1144.600000  1.226834e-023
1144.800000  2.386622e-023
1145.000000  3.470843e-023
1145.200000  3.772829e-023
1145.400000  1.757260e-023
1145.600000  3.405077e-023
1145.800000  1.760331e-023
1146.000000  2.286448e-023
1146.200000  2.888966e-023
1146.400000  3.416983e-023
1146.600000  1.653480e-023
1146.800000  4.402195e-023
1147.000000  2.296441e-023
1147.200000  2.110171e-023
1147.400000  2.224989e-023
1147.600000  2.944204e-023
1147.800000  1.775748e-023
1148.000000  2.268852e-023
1148.200000  1.740771e-023
1148.400000  1.628817e-023
1148.600000  8.721148e-024
1148.800000  3.301484e-023
1149.000000  2.696465e-023
1149.200000  3.801366e-025
1149.400000  1.065241e-023
1149.600000  2.817578e-023
1149.800000  2.712255e-023
1150.000000  1.414653e-023
