800.000000  -2.214457e-023
800.200000  -2.812081e-023
800.400000  4.328298e-024
800.600000  5.273693e-023
800.800000  1.878531e-023
801.000000  1.156257e-023
801.200000  4.178315e-023
801.400000  3.746664e-023
801.600000  8.382463e-024
801.800000  5.120033e-023
802.000000  1.318934e-022
802.200000  1.427847e-022
802.400000  9.744649e-023
802.600000  4.566499e-024
802.800000  -1.053824e-022
803.000000  -1.628422e-022
803.200000  -1.286342e-022
803.400000  -6.714197e-023
803.600000  -7.106715e-023
803.800000  -7.549575e-023
804.000000  -6.701186e-023
804.200000  -5.074434e-023
804.400000  -7.574926e-023
804.600000  -8.625739e-023
804.800000  -4.104893e-023
805.000000  -2.028848e-023
805.200000  -6.382070e-023
805.400000  -5.256843e-023
805.600000  -1.671761e-023
805.800000  2.729066e-023
806.000000  6.771425e-024
806.200000  1.725493e-023
806.400000  4.987176e-023
806.600000  4.215594e-023
806.800000  2.814112e-023
807.000000  6.465356e-023
807.200000  9.063490e-023
807.400000  5.310932e-023
807.600000  4.000975e-023
807.800000  5.959210e-023
808.000000  5.429722e-023
808.200000  4.130534e-024
808.400000  2.377252e-023
808.600000  6.476535e-023
808.800000  4.283753e-023
809.000000  1.328130e-023
809.200000  1.255048e-023
809.400000  -5.833100e-024
809.600000  -4.216665e-023
809.800000  -1.512059e-023
810.000000  2.330068e-023
810.200000  1.161661e-023
810.400000  -2.613837e-023
810.600000  -2.953227e-023
810.800000  -3.238217e-024
811.000000  -3.611244e-023
811.200000  -3.549355e-023
811.400000  -5.867566e-024
811.600000  -1.694340e-023
811.800000  -6.205297e-023
812.000000  -4.639118e-023
812.200000  -2.183142e-023
812.400000  -4.067873e-023
812.600000  -5.400598e-023
812.800000  -2.550268e-024
813.000000  3.229228e-023
813.200000  1.679178e-023
813.400000  5.675964e-024
813.600000  9.647452e-024
813.800000  -1.374469e-023
814.000000  -5.525838e-023
814.200000  -3.666676e-023
814.400000  6.542654e-024
814.600000  1.181643e-023
814.800000  -1.286309e-023
815.000000  5.222772e-025
815.200000  1.799421e-023
815.400000  -2.278320e-023
815.600000  -3.117254e-023
815.800000  9.107758e-024
816.000000  4.638056e-023
816.200000  2.733222e-024
816.400000  3.684597e-023
816.600000  5.631006e-023
816.800000  1.488569e-023
817.000000  -2.352746e-023
817.200000  5.983620e-024
817.400000  3.057892e-023
817.600000  -1.220740e-023
817.800000  -1.034456e-024
818.000000  2.304761e-023
818.200000  -5.300911e-024
818.400000  -5.701056e-023
818.600000  -2.686521e-023
818.800000  -9.508173e-024
819.000000  -2.219508e-023
819.200000  -4.055671e-023
819.400000  2.560940e-024
819.600000  2.493147e-023
819.800000  -3.507570e-024
820.000000  -1.580019e-023
820.200000  2.380399e-023
820.400000  1.509338e-023
820.600000  -1.894292e-023
820.800000  1.780056e-023
821.000000  5.735668e-023
821.200000  1.174525e-023
821.400000  -2.707006e-023
821.600000  1.960869e-023
821.800000  1.195150e-023
822.000000  -3.906179e-023
822.200000  -3.956600e-023
822.400000  7.019138e-024
822.600000  -8.893998e-024
822.800000  -8.925830e-025
823.000000  1.313811e-023
823.200000  3.089785e-023
823.400000  -1.113206e-023
823.600000  -3.233084e-023
823.800000  -2.132595e-024
824.000000  -1.657659e-023
824.200000  -6.513071e-023
824.400000  -5.216963e-023
824.600000  -1.918698e-023
824.800000  -2.074409e-023
825.000000  -2.739312e-023
825.200000  1.777329e-023
825.400000  5.017307e-023
825.600000  1.506470e-023
825.800000  -1.107125e-024
826.000000  2.264762e-023
826.200000  2.707082e-023
826.400000  -1.199488e-023
826.600000  2.183256e-025
826.800000  2.961397e-023
827.000000  -6.947601e-025
827.200000  -1.118630e-023
827.400000  1.000876e-023
827.600000  2.869785e-023
827.800000  1.608614e-023
828.000000  6.565973e-024
828.200000  3.227505e-023
828.400000  2.713029e-023
828.600000  -1.954030e-023
828.800000  -6.233344e-024
829.000000  1.596996e-023
829.200000  6.115673e-026
829.400000  -9.365286e-024
829.600000  3.442594e-023
829.800000  4.504185e-023
830.000000  -1.529304e-023
830.200000  -9.235960e-024
830.400000  2.517365e-023
830.600000  2.139535e-023
830.800000  5.003825e-024
831.000000  5.069332e-023
831.200000  9.114182e-023
831.400000  6.093056e-023
831.600000  3.108598e-023
831.800000  5.188017e-023
832.000000  5.532658e-023
832.200000  1.810213e-024
832.400000  -2.492191e-023
832.600000  1.720669e-023
832.800000  1.214334e-023
833.000000  -2.316198e-023
833.200000  -9.405521e-024
833.400000  3.305669e-023
833.600000  1.882073e-023
833.800000  -5.887251e-024
834.000000  2.228104e-023
834.200000  1.800671e-023
834.400000  -2.329668e-023
834.600000  -1.064557e-023
834.800000  2.889836e-023
835.000000  2.896705e-023
835.200000  -1.907489e-024
835.400000  1.814863e-023
835.600000  5.633416e-023
835.800000  1.049208e-023
836.000000  4.861492e-024
836.200000  4.145642e-023
836.400000  4.296047e-023
836.600000  -3.423531e-024
836.800000  6.759800e-024
837.000000  3.994393e-023
837.200000  8.811908e-024
837.400000  -3.182053e-023
837.600000  -2.695815e-023
837.800000  -2.855465e-024
838.000000  -3.642475e-023
838.200000  -3.098308e-023
838.400000  1.642282e-023
838.600000  2.573827e-023
838.800000  2.182634e-023
839.000000  5.845608e-023
839.200000  8.821929e-023
839.400000  6.375747e-023
839.600000  3.453095e-023
839.800000  7.902997e-023
840.000000  1.099349e-022
840.200000  7.776779e-023
840.400000  5.936925e-023
840.600000  8.116162e-023
840.800000  8.739351e-023
841.000000  4.062481e-023
841.200000  3.128737e-023
841.400000  4.699730e-023
841.600000  2.204971e-023
841.800000  8.471754e-024
842.000000  2.697761e-023
842.200000  4.446690e-023
842.400000  -6.382792e-025
842.600000  -9.854969e-024
842.800000  3.252114e-023
843.000000  2.504035e-023
843.200000  -8.080278e-024
843.400000  1.636715e-023
843.600000  5.065772e-023
843.800000  3.942303e-023
844.000000  2.588354e-023
844.200000  5.933745e-023
844.400000  8.049264e-023
844.600000  3.838232e-023
844.800000  3.240701e-023
845.000000  7.367036e-023
845.200000  5.920496e-023
845.400000  2.409196e-023
845.600000  4.297184e-023
845.800000  7.394492e-023
846.000000  3.935239e-023
846.200000  1.659000e-023
846.400000  5.688316e-023
846.600000  8.681810e-023
846.800000  2.805783e-023
847.000000  2.157864e-024
847.200000  2.368379e-023
847.400000  3.299644e-023
847.600000  2.363758e-024
847.800000  2.713267e-023
848.000000  5.369740e-023
848.200000  2.402694e-023
848.400000  4.281033e-025
848.600000  4.234099e-023
848.800000  6.191076e-023
849.000000  3.078947e-023
849.200000  4.060556e-023
849.400000  8.215116e-023
849.600000  6.823437e-023
849.800000  3.253944e-023
850.000000  5.494368e-023
850.200000  7.170151e-023
850.400000  2.873577e-023
850.600000  1.370362e-023
850.800000  4.468057e-023
851.000000  4.892544e-023
851.200000  -1.612738e-024
851.400000  7.378661e-024
851.600000  5.066287e-023
851.800000  4.243222e-023
852.000000  1.717382e-023
852.200000  4.624793e-023
852.400000  7.382590e-023
852.600000  3.582509e-023
852.800000  2.728107e-023
853.000000  7.724218e-023
853.200000  7.916106e-023
853.400000  2.970463e-023
853.600000  3.074595e-023
853.800000  7.017806e-023
854.000000  6.289760e-023
854.200000  3.589057e-023
854.400000  6.308297e-023
854.600000  8.505736e-023
854.800000  3.646121e-023
855.000000  2.896225e-023
855.200000  6.661712e-023
855.400000  6.622867e-023
855.600000  4.417069e-023
855.800000  5.417525e-023
856.000000  9.042660e-023
856.200000  8.098304e-023
856.400000  4.982173e-023
856.600000  9.742063e-023
856.800000  1.214540e-022
857.000000  1.016027e-022
857.200000  1.120554e-022
857.400000  1.631384e-022
857.600000  1.616327e-022
857.800000  1.328838e-022
858.000000  1.437779e-022
858.200000  1.759211e-022
858.400000  1.330895e-022
858.600000  1.276039e-022
858.800000  1.297544e-022
859.000000  1.162735e-022
859.200000  6.441404e-023
859.400000  4.968768e-023
859.600000  7.893790e-023
859.800000  6.471643e-023
860.000000  2.151744e-023
860.200000  4.352859e-023
860.400000  6.807514e-023
860.600000  5.482057e-023
860.800000  2.395731e-023
861.000000  5.105309e-023
861.200000  6.569402e-023
861.400000  1.799900e-023
861.600000  3.228630e-023
861.800000  6.947852e-023
862.000000  6.112460e-023
862.200000  3.013637e-023
862.400000  5.553421e-023
862.600000  7.726156e-023
862.800000  4.055167e-023
863.000000  3.015815e-023
863.200000  5.192226e-023
863.400000  5.028675e-023
863.600000  1.080370e-023
863.800000  3.111891e-023
864.000000  7.158631e-023
864.200000  7.340246e-023
864.400000  4.618807e-023
864.600000  6.125588e-023
864.800000  8.019809e-023
865.000000  4.562183e-023
865.200000  2.061450e-024
865.400000  3.935846e-023
865.600000  4.688446e-023
865.800000  4.201195e-024
866.000000  1.065007e-023
866.200000  2.724124e-023
866.400000  4.502965e-023
866.600000  2.947437e-023
866.800000  4.607627e-023
867.000000  7.786821e-023
867.200000  5.487058e-023
867.400000  4.537236e-023
867.600000  8.155247e-023
867.800000  7.466136e-023
868.000000  1.946122e-023
868.200000  2.188263e-023
868.400000  5.832265e-023
868.600000  3.529781e-023
868.800000  -1.446196e-023
869.000000  1.960800e-023
869.200000  4.311844e-023
869.400000  1.767216e-023
869.600000  1.567426e-023
869.800000  8.054882e-023
870.000000  7.975582e-023
870.200000  4.527599e-023
870.400000  6.911058e-023
870.600000  1.127953e-022
870.800000  8.477192e-023
871.000000  5.381793e-023
871.200000  7.242878e-023
871.400000  9.699248e-023
871.600000  8.589964e-023
871.800000  6.575877e-023
872.000000  7.656757e-023
872.200000  6.420969e-023
872.400000  5.186527e-023
872.600000  8.663191e-023
872.800000  1.437631e-022
873.000000  1.229265e-022
873.200000  8.040838e-023
873.400000  1.172466e-022
873.600000  1.087189e-022
873.800000  8.018183e-023
874.000000  9.389161e-023
874.200000  1.387076e-022
874.400000  1.477863e-022
874.600000  1.218665e-022
874.800000  1.336997e-022
875.000000  1.867194e-022
875.200000  1.533519e-022
875.400000  1.082522e-022
875.600000  1.265845e-022
875.800000  1.266530e-022
876.000000  9.028198e-023
876.200000  8.779341e-023
876.400000  1.316481e-022
876.600000  1.227537e-022
876.800000  9.561313e-023
877.000000  1.334218e-022
877.200000  1.712601e-022
877.400000  1.537652e-022
877.600000  1.411440e-022
877.800000  1.665899e-022
878.000000  1.741642e-022
878.200000  1.375947e-022
878.400000  1.716182e-022
878.600000  2.162929e-022
878.800000  2.133720e-022
879.000000  2.053995e-022
879.200000  2.534568e-022
879.400000  2.634812e-022
879.600000  2.129655e-022
879.800000  1.858200e-022
880.000000  2.074659e-022
880.200000  2.015644e-022
880.400000  1.789902e-022
880.600000  2.017013e-022
880.800000  2.462757e-022
881.000000  2.290897e-022
881.200000  2.098366e-022
881.400000  2.315653e-022
881.600000  2.569713e-022
881.800000  2.150118e-022
882.000000  2.064267e-022
882.200000  2.644399e-022
882.400000  2.765466e-022
882.600000  2.362898e-022
882.800000  2.463206e-022
883.000000  2.839738e-022
883.200000  2.684036e-022
883.400000  2.375422e-022
883.600000  2.793639e-022
883.800000  3.073434e-022
884.000000  2.645277e-022
884.200000  2.619164e-022
884.400000  2.958139e-022
884.600000  2.892984e-022
884.800000  2.443307e-022
885.000000  2.483518e-022
885.200000  2.751003e-022
885.400000  2.535252e-022
885.600000  2.409641e-022
885.800000  2.753056e-022
886.000000  3.217947e-022
886.200000  2.841757e-022
886.400000  2.767213e-022
886.600000  2.872780e-022
886.800000  2.936355e-022
887.000000  2.754399e-022
887.200000  2.973498e-022
887.400000  3.288283e-022
887.600000  3.034847e-022
887.800000  2.617138e-022
888.000000  2.868272e-022
888.200000  3.110975e-022
888.400000  2.798084e-022
888.600000  3.106744e-022
888.800000  3.396483e-022
889.000000  3.304495e-022
889.200000  3.051689e-022
889.400000  3.341176e-022
889.600000  3.642466e-022
889.800000  3.239134e-022
890.000000  2.994586e-022
890.200000  3.305922e-022
890.400000  3.421550e-022
890.600000  2.886469e-022
890.800000  3.018663e-022
891.000000  3.431439e-022
891.200000  3.454410e-022
891.400000  3.291180e-022
891.600000  3.518638e-022
891.800000  3.554560e-022
892.000000  3.638253e-022
892.200000  3.389686e-022
892.400000  3.828513e-022
892.600000  4.006727e-022
892.800000  3.504743e-022
893.000000  3.603901e-022
893.200000  4.043731e-022
893.400000  4.042163e-022
893.600000  3.944688e-022
893.800000  4.139311e-022
894.000000  4.698552e-022
894.200000  4.532235e-022
894.400000  4.528988e-022
894.600000  4.903892e-022
894.800000  5.079286e-022
895.000000  4.596461e-022
895.200000  4.571938e-022
895.400000  4.992867e-022
895.600000  5.210160e-022
895.800000  4.802544e-022
896.000000  4.846780e-022
896.200000  4.947212e-022
896.400000  4.380083e-022
896.600000  4.290839e-022
896.800000  4.446954e-022
897.000000  4.318652e-022
897.200000  3.973609e-022
897.400000  4.203919e-022
897.600000  4.777764e-022
897.800000  4.812729e-022
898.000000  4.782749e-022
898.200000  5.134508e-022
898.400000  5.690961e-022
898.600000  5.339568e-022
898.800000  5.182410e-022
899.000000  5.371933e-022
899.200000  5.368247e-022
899.400000  5.114573e-022
899.600000  5.405001e-022
899.800000  5.939182e-022
900.000000  5.836709e-022
900.200000  5.554339e-022
900.400000  5.806699e-022
900.600000  6.153592e-022
900.800000  6.024920e-022
901.000000  6.249788e-022
901.200000  6.761032e-022
901.400000  6.826113e-022
901.600000  6.729260e-022
901.800000  7.085463e-022
902.000000  7.470794e-022
902.200000  7.275603e-022
902.400000  7.082627e-022
902.600000  7.342428e-022
902.800000  7.602139e-022
903.000000  7.114161e-022
903.200000  7.245456e-022
903.400000  7.701830e-022
903.600000  7.898208e-022
903.800000  7.735814e-022
904.000000  8.096878e-022
904.200000  8.524233e-022
904.400000  8.296606e-022
904.600000  8.034351e-022
904.800000  8.395946e-022
905.000000  8.760130e-022
905.200000  8.599289e-022
905.400000  8.962900e-022
905.600000  9.695130e-022
905.800000  9.833673e-022
906.000000  9.600162e-022
906.200000  9.832334e-022
906.400000  9.933199e-022
906.600000  9.629888e-022
906.800000  9.696710e-022
907.000000  1.012964e-021
907.200000  1.026439e-021
907.400000  9.770122e-022
907.600000  9.906227e-022
907.800000  1.047405e-021
908.000000  1.037927e-021
908.200000  1.001154e-021
908.400000  1.030575e-021
908.600000  1.064958e-021
908.800000  1.026187e-021
909.000000  1.015354e-021
909.200000  1.078689e-021
909.400000  1.099187e-021
909.600000  1.059004e-021
909.800000  1.099323e-021
910.000000  1.173911e-021
910.200000  1.199229e-021
910.400000  1.224768e-021
910.600000  1.318454e-021
910.800000  1.406362e-021
911.000000  1.450319e-021
911.200000  1.529105e-021
911.400000  1.680493e-021
911.600000  1.793401e-021
911.800000  1.897514e-021
912.000000  2.059534e-021
912.200000  2.269411e-021
912.400000  2.469799e-021
912.600000  2.673864e-021
912.800000  2.962714e-021
913.000000  3.269277e-021
913.200000  3.543048e-021
913.400000  3.866868e-021
913.600000  4.335903e-021
913.800000  4.697659e-021
914.000000  4.912875e-021
914.200000  5.148484e-021
914.400000  5.339442e-021
914.600000  5.352324e-021
914.800000  5.245027e-021
915.000000  5.207813e-021
915.200000  5.177846e-021
915.400000  5.069656e-021
915.600000  5.024714e-021
915.800000  5.162052e-021
916.000000  5.185347e-021
916.200000  5.091057e-021
916.400000  5.018110e-021
916.600000  4.882460e-021
916.800000  4.610839e-021
917.000000  4.226448e-021
917.200000  3.881137e-021
917.400000  3.598826e-021
917.600000  3.245551e-021
917.800000  2.994145e-021
918.000000  2.802661e-021
918.200000  2.595883e-021
918.400000  2.403743e-021
918.600000  2.316826e-021
918.800000  2.304759e-021
919.000000  2.259857e-021
919.200000  2.258851e-021
919.400000  2.332918e-021
919.600000  2.394688e-021
919.800000  2.384349e-021
920.000000  2.399564e-021
920.200000  2.425552e-021
920.400000  2.353770e-021
920.600000  2.215769e-021
920.800000  2.089030e-021
921.000000  1.980787e-021
921.200000  1.832319e-021
921.400000  1.725672e-021
921.600000  1.699553e-021
921.800000  1.685099e-021
922.000000  1.649718e-021
922.200000  1.692830e-021
922.400000  1.791675e-021
922.600000  1.835073e-021
922.800000  1.843418e-021
923.000000  1.909703e-021
923.200000  1.968529e-021
923.400000  1.987115e-021
923.600000  2.021700e-021
923.800000  2.118343e-021
924.000000  2.208135e-021
924.200000  2.275214e-021
924.400000  2.400040e-021
924.600000  2.545950e-021
924.800000  2.668219e-021
925.000000  2.845119e-021
925.200000  3.106859e-021
925.400000  3.385082e-021
925.600000  3.565883e-021
925.800000  3.755576e-021
926.000000  3.963034e-021
926.200000  4.160618e-021
926.400000  4.165466e-021
926.600000  4.211188e-021
926.800000  4.307066e-021
927.000000  4.339512e-021
927.200000  4.334718e-021
927.400000  4.394054e-021
927.600000  4.422662e-021
927.800000  4.319016e-021
928.000000  4.270226e-021
928.200000  4.359987e-021
928.400000  4.409217e-021
928.600000  4.387452e-021
928.800000  4.450528e-021
929.000000  4.555801e-021
929.200000  4.638413e-021
929.400000  4.695746e-021
929.600000  4.899820e-021
929.800000  5.068794e-021
930.000000  5.104443e-021
930.200000  5.145127e-021
930.400000  5.269185e-021
930.600000  5.308475e-021
930.800000  5.236347e-021
931.000000  5.167990e-021
931.200000  5.081848e-021
931.400000  4.840669e-021
931.600000  4.601233e-021
931.800000  4.484958e-021
932.000000  4.411339e-021
932.200000  4.271824e-021
932.400000  4.169158e-021
932.600000  4.182031e-021
932.800000  4.160462e-021
933.000000  4.108689e-021
933.200000  4.200185e-021
933.400000  4.335088e-021
933.600000  4.393887e-021
933.800000  4.428274e-021
934.000000  4.613455e-021
934.200000  4.808674e-021
934.400000  4.912366e-021
934.600000  5.066710e-021
934.800000  5.243095e-021
935.000000  5.346934e-021
935.200000  5.383995e-021
935.400000  5.566514e-021
935.600000  5.807277e-021
935.800000  6.067488e-021
936.000000  6.337231e-021
936.200000  6.809575e-021
936.400000  7.372824e-021
936.600000  7.795563e-021
936.800000  8.161223e-021
937.000000  8.439447e-021
937.200000  8.403687e-021
937.400000  8.115228e-021
937.600000  7.881325e-021
937.800000  7.685381e-021
938.000000  7.358023e-021
938.200000  7.057353e-021
938.400000  6.927446e-021
938.600000  6.840772e-021
938.800000  6.769760e-021
939.000000  6.897490e-021
939.200000  7.227108e-021
939.400000  7.558969e-021
939.600000  7.902796e-021
939.800000  8.376234e-021
940.000000  8.930996e-021
940.200000  9.337918e-021
940.400000  9.734321e-021
940.600000  1.022652e-020
940.800000  1.057839e-020
941.000000  1.076036e-020
941.200000  1.103282e-020
941.400000  1.142691e-020
941.600000  1.153532e-020
941.800000  1.133716e-020
942.000000  1.104345e-020
942.200000  1.053931e-020
942.400000  9.696125e-021
942.600000  8.772300e-021
942.800000  8.032084e-021
943.000000  7.312440e-021
943.200000  6.484076e-021
943.400000  5.829448e-021
943.600000  5.366696e-021
943.800000  4.907702e-021
944.000000  4.527775e-021
944.200000  4.343386e-021
944.400000  4.213249e-021
944.600000  3.850088e-021
944.800000  3.673668e-021
945.000000  3.520228e-021
945.200000  3.315334e-021
945.400000  3.112227e-021
945.600000  2.979597e-021
945.800000  2.861765e-021
946.000000  2.676364e-021
946.200000  2.468701e-021
946.400000  2.328407e-021
946.600000  2.151992e-021
946.800000  1.954255e-021
947.000000  1.813507e-021
947.200000  1.776182e-021
947.400000  1.713215e-021
947.600000  1.641444e-021
947.800000  1.661598e-021
948.000000  1.687286e-021
948.200000  1.653664e-021
948.400000  1.635263e-021
948.600000  1.687952e-021
948.800000  1.672849e-021
949.000000  1.601240e-021
949.200000  1.573063e-021
949.400000  1.582325e-021
949.600000  1.553772e-021
949.800000  1.517543e-021
950.000000  1.552920e-021
950.200000  1.605147e-021
950.400000  1.582166e-021
950.600000  1.572499e-021
950.800000  1.620656e-021
951.000000  1.604363e-021
951.200000  1.522765e-021
951.400000  1.505424e-021
951.600000  1.503659e-021
951.800000  1.444765e-021
952.000000  1.376912e-021
952.200000  1.348050e-021
952.400000  1.309690e-021
952.600000  1.210878e-021
952.800000  1.158024e-021
953.000000  1.158414e-021
953.200000  1.110787e-021
953.400000  1.026202e-021
953.600000  1.023097e-021
953.800000  1.062909e-021
954.000000  1.040632e-021
954.200000  9.881739e-022
954.400000  1.037459e-021
954.600000  1.091496e-021
954.800000  1.089457e-021
955.000000  1.115794e-021
955.200000  1.211711e-021
955.400000  1.291633e-021
955.600000  1.299018e-021
955.800000  1.317133e-021
956.000000  1.337478e-021
956.200000  1.289033e-021
956.400000  1.202567e-021
956.600000  1.150336e-021
956.800000  1.131898e-021
957.000000  1.097722e-021
957.200000  1.123201e-021
957.400000  1.224471e-021
957.600000  1.310077e-021
957.800000  1.317142e-021
958.000000  1.361920e-021
958.200000  1.431237e-021
958.400000  1.431182e-021
958.600000  1.410460e-021
958.800000  1.445911e-021
959.000000  1.416373e-021
959.200000  1.331903e-021
959.400000  1.295466e-021
959.600000  1.290013e-021
959.800000  1.229611e-021
960.000000  1.114577e-021
960.200000  1.047402e-021
960.400000  1.018159e-021
960.600000  9.318425e-022
960.800000  8.344211e-022
961.000000  8.101978e-022
961.200000  7.775751e-022
961.400000  6.684533e-022
961.600000  6.220952e-022
961.800000  6.403188e-022
962.000000  6.168122e-022
962.200000  5.532238e-022
962.400000  5.535442e-022
962.600000  5.711021e-022
962.800000  5.387684e-022
963.000000  5.250231e-022
963.200000  5.571661e-022
963.400000  5.799522e-022
963.600000  5.709773e-022
963.800000  5.944165e-022
964.000000  6.614391e-022
964.200000  6.698334e-022
964.400000  6.405871e-022
964.600000  6.874519e-022
964.800000  7.404299e-022
965.000000  7.492347e-022
965.200000  7.700383e-022
965.400000  8.506904e-022
965.600000  9.173614e-022
965.800000  9.337063e-022
966.000000  1.023335e-021
966.010000  1.014633e-021
966.020000  1.017325e-021
966.030000  1.023316e-021
966.040000  1.009540e-021
966.050000  1.027055e-021
966.060000  1.038007e-021
966.070000  1.078875e-021
966.080000  1.108316e-021
966.090000  1.099320e-021
966.100000  1.087007e-021
966.110000  1.064759e-021
966.120000  1.085760e-021
966.130000  1.108511e-021
966.140000  1.119604e-021
966.150000  1.110597e-021
966.160000  1.096601e-021
966.170000  1.107664e-021
966.180000  1.122097e-021
966.190000  1.151713e-021
966.200000  1.161189e-021
966.210000  1.156482e-021
966.220000  1.138306e-021
966.230000  1.120185e-021
966.240000  1.118853e-021
966.250000  1.135991e-021
966.260000  1.143075e-021
966.270000  1.151862e-021
966.280000  1.131990e-021
966.290000  1.130656e-021
966.300000  1.132687e-021
966.310000  1.154972e-021
966.320000  1.162099e-021
966.330000  1.155685e-021
966.340000  1.156041e-021
966.350000  1.147938e-021
966.360000  1.158449e-021
966.370000  1.194526e-021
966.380000  1.210285e-021
966.390000  1.229540e-021
966.400000  1.219612e-021
966.410000  1.224320e-021
966.420000  1.254900e-021
966.430000  1.266571e-021
966.440000  1.264395e-021
966.450000  1.255297e-021
966.460000  1.244487e-021
966.470000  1.249223e-021
966.480000  1.257424e-021
966.490000  1.263907e-021
966.500000  1.258267e-021
966.510000  1.264752e-021
966.520000  1.279932e-021
966.530000  1.277749e-021
966.540000  1.284262e-021
966.550000  1.290785e-021
966.560000  1.320055e-021
966.570000  1.319610e-021
966.580000  1.315661e-021
966.590000  1.308214e-021
966.600000  1.321784e-021
966.610000  1.336587e-021
966.620000  1.351429e-021
966.630000  1.348652e-021
966.640000  1.356457e-021
966.650000  1.378432e-021
966.660000  1.409401e-021
966.670000  1.436964e-021
966.680000  1.448479e-021
966.690000  1.427720e-021
966.700000  1.430258e-021
966.710000  1.431007e-021
966.720000  1.447884e-021
966.730000  1.468413e-021
966.740000  1.490828e-021
966.750000  1.511518e-021
966.760000  1.510451e-021
966.770000  1.502128e-021
966.780000  1.508317e-021
966.790000  1.532708e-021
966.800000  1.568208e-021
966.810000  1.554444e-021
966.820000  1.533427e-021
966.830000  1.527039e-021
966.840000  1.537042e-021
966.850000  1.587394e-021
966.860000  1.625234e-021
966.870000  1.626130e-021
966.880000  1.625172e-021
966.890000  1.633486e-021
966.900000  1.647389e-021
966.910000  1.661325e-021
966.920000  1.662220e-021
966.930000  1.674319e-021
966.940000  1.673345e-021
966.950000  1.721173e-021
966.960000  1.746644e-021
966.970000  1.785580e-021
966.980000  1.788384e-021
966.990000  1.762609e-021
967.000000  1.765403e-021
967.010000  1.773434e-021
967.020000  1.802512e-021
967.030000  1.843347e-021
967.040000  1.863156e-021
967.050000  1.875268e-021
967.060000  1.852438e-021
967.070000  1.870358e-021
967.080000  1.898117e-021
967.090000  1.941798e-021
967.100000  1.954139e-021
967.110000  1.958590e-021
967.120000  1.951168e-021
967.130000  1.965529e-021
967.140000  1.999877e-021
967.150000  2.062721e-021
967.160000  2.087601e-021
967.170000  2.108530e-021
967.180000  2.088694e-021
967.190000  2.095352e-021
967.200000  2.120430e-021
967.210000  2.157597e-021
967.220000  2.184649e-021
967.230000  2.164097e-021
967.240000  2.180807e-021
967.250000  2.205895e-021
967.260000  2.208132e-021
967.270000  2.239639e-021
967.280000  2.275560e-021
967.290000  2.315988e-021
967.300000  2.346021e-021
967.310000  2.359033e-021
967.320000  2.363479e-021
967.330000  2.365780e-021
967.340000  2.385306e-021
967.350000  2.415743e-021
967.360000  2.450726e-021
967.370000  2.468383e-021
967.380000  2.490501e-021
967.390000  2.503878e-021
967.400000  2.490806e-021
967.410000  2.537693e-021
967.420000  2.591734e-021
967.430000  2.623707e-021
967.440000  2.624158e-021
967.450000  2.649513e-021
967.460000  2.681836e-021
967.470000  2.748945e-021
967.480000  2.781888e-021
967.490000  2.817383e-021
967.500000  2.815490e-021
967.510000  2.827670e-021
967.520000  2.842232e-021
967.530000  2.880503e-021
967.540000  2.935814e-021
967.550000  2.950673e-021
967.560000  2.980063e-021
967.570000  3.012050e-021
967.580000  3.044232e-021
967.590000  3.106264e-021
967.600000  3.146519e-021
967.610000  3.191377e-021
967.620000  3.203696e-021
967.630000  3.249069e-021
967.640000  3.289712e-021
967.650000  3.343649e-021
967.660000  3.392922e-021
967.670000  3.408380e-021
967.680000  3.434448e-021
967.690000  3.473954e-021
967.700000  3.524522e-021
967.710000  3.591929e-021
967.720000  3.646449e-021
967.730000  3.684876e-021
967.740000  3.718006e-021
967.750000  3.765439e-021
967.760000  3.804786e-021
967.770000  3.847308e-021
967.780000  3.890191e-021
967.790000  3.962678e-021
967.800000  3.997690e-021
967.810000  4.125761e-021
967.820000  4.184364e-021
967.830000  4.312772e-021
967.840000  4.407493e-021
967.850000  4.459473e-021
967.860000  4.488955e-021
967.870000  4.506978e-021
967.880000  4.591742e-021
967.890000  4.681799e-021
967.900000  4.730647e-021
967.910000  4.776600e-021
967.920000  4.825759e-021
967.930000  4.911048e-021
967.940000  4.954750e-021
967.950000  5.081994e-021
967.960000  5.170133e-021
967.970000  5.248182e-021
967.980000  5.281369e-021
967.990000  5.341577e-021
968.000000  5.417699e-021
968.010000  5.515502e-021
968.020000  5.612391e-021
968.030000  5.664705e-021
968.040000  5.727502e-021
968.050000  5.803454e-021
968.060000  6.008350e-021
968.070000  6.148383e-021
968.080000  6.329936e-021
968.090000  6.464603e-021
968.100000  6.510291e-021
968.110000  6.605287e-021
968.120000  6.750464e-021
968.130000  6.855161e-021
968.140000  6.977313e-021
968.150000  7.117317e-021
968.160000  7.173193e-021
968.170000  7.254869e-021
968.180000  7.379962e-021
968.190000  7.575653e-021
968.200000  7.800273e-021
968.210000  7.954165e-021
968.220000  8.109559e-021
968.230000  8.175558e-021
968.240000  8.424977e-021
968.250000  8.520048e-021
968.260000  8.690456e-021
968.270000  8.758852e-021
968.280000  8.884339e-021
968.290000  9.049113e-021
968.300000  9.205928e-021
968.310000  9.393679e-021
968.320000  9.593608e-021
968.330000  9.836383e-021
968.340000  1.000123e-020
968.350000  1.009588e-020
968.360000  1.035699e-020
968.370000  1.052736e-020
968.380000  1.079580e-020
968.390000  1.090607e-020
968.400000  1.097366e-020
968.410000  1.112445e-020
968.420000  1.132109e-020
968.430000  1.164448e-020
968.440000  1.183656e-020
968.450000  1.199628e-020
968.460000  1.209922e-020
968.470000  1.235650e-020
968.480000  1.255793e-020
968.490000  1.278649e-020
968.500000  1.304339e-020
968.510000  1.319140e-020
968.520000  1.332821e-020
968.530000  1.344077e-020
968.540000  1.365731e-020
968.550000  1.386389e-020
968.560000  1.426057e-020
968.570000  1.439393e-020
968.580000  1.462466e-020
968.590000  1.480308e-020
968.600000  1.502604e-020
968.610000  1.536765e-020
968.620000  1.558445e-020
968.630000  1.580440e-020
968.640000  1.586229e-020
968.650000  1.607121e-020
968.660000  1.623702e-020
968.670000  1.647300e-020
968.680000  1.669060e-020
968.690000  1.686980e-020
968.700000  1.710783e-020
968.710000  1.722654e-020
968.720000  1.734951e-020
968.730000  1.755681e-020
968.740000  1.780261e-020
968.750000  1.791158e-020
968.760000  1.798866e-020
968.770000  1.811634e-020
968.780000  1.823987e-020
968.790000  1.842270e-020
968.800000  1.853275e-020
968.810000  1.860507e-020
968.820000  1.866154e-020
968.830000  1.876513e-020
968.840000  1.894602e-020
968.850000  1.904778e-020
968.860000  1.906703e-020
968.870000  1.906233e-020
968.880000  1.916850e-020
968.890000  1.903454e-020
968.900000  1.904824e-020
968.910000  1.908037e-020
968.920000  1.911255e-020
968.930000  1.901766e-020
968.940000  1.890880e-020
968.950000  1.885873e-020
968.960000  1.898168e-020
968.970000  1.886951e-020
968.980000  1.880874e-020
968.990000  1.865666e-020
969.000000  1.842302e-020
969.010000  1.841157e-020
969.020000  1.834390e-020
969.030000  1.820685e-020
969.040000  1.811588e-020
969.050000  1.798772e-020
969.060000  1.762458e-020
969.070000  1.745408e-020
969.080000  1.734778e-020
969.090000  1.713490e-020
969.100000  1.699544e-020
969.110000  1.669264e-020
969.120000  1.648866e-020
969.130000  1.629197e-020
969.140000  1.618587e-020
969.150000  1.605029e-020
969.160000  1.588601e-020
969.170000  1.562041e-020
969.180000  1.538823e-020
969.190000  1.521661e-020
969.200000  1.492019e-020
969.210000  1.470551e-020
969.220000  1.452095e-020
969.230000  1.425756e-020
969.240000  1.398519e-020
969.250000  1.379551e-020
969.260000  1.362091e-020
969.270000  1.349931e-020
969.280000  1.330245e-020
969.290000  1.299581e-020
969.300000  1.273151e-020
969.310000  1.248350e-020
969.320000  1.229851e-020
969.330000  1.210385e-020
969.340000  1.186519e-020
969.350000  1.164139e-020
969.360000  1.140940e-020
969.370000  1.124722e-020
969.380000  1.094428e-020
969.390000  1.084067e-020
969.400000  1.066253e-020
969.410000  1.045072e-020
969.420000  1.021060e-020
969.430000  9.974191e-021
969.440000  9.822273e-021
969.450000  9.621755e-021
969.460000  9.463397e-021
969.470000  9.208980e-021
969.480000  8.987504e-021
969.490000  8.797613e-021
969.500000  8.703991e-021
969.510000  8.629687e-021
969.520000  8.472005e-021
969.530000  8.224364e-021
969.540000  8.079849e-021
969.550000  7.927739e-021
969.560000  7.777138e-021
969.570000  7.689605e-021
969.580000  7.558811e-021
969.590000  7.325480e-021
969.600000  7.138127e-021
969.610000  7.005784e-021
969.620000  6.941619e-021
969.630000  6.844358e-021
969.640000  6.756035e-021
969.650000  6.618893e-021
969.660000  6.442378e-021
969.670000  6.372611e-021
969.680000  6.311231e-021
969.690000  6.250119e-021
969.700000  6.085901e-021
969.710000  5.616425e-021
969.720000  5.509057e-021
969.730000  5.427437e-021
969.740000  5.367641e-021
969.750000  5.277224e-021
969.760000  5.204035e-021
969.770000  5.090229e-021
969.780000  5.012167e-021
969.790000  4.933798e-021
969.800000  4.860286e-021
969.810000  4.773747e-021
969.820000  4.687826e-021
969.830000  4.564343e-021
969.840000  4.487764e-021
969.850000  4.397560e-021
969.860000  4.365810e-021
969.870000  4.305926e-021
969.880000  3.997354e-021
969.890000  3.941579e-021
969.900000  3.860538e-021
969.910000  3.814734e-021
969.920000  3.766519e-021
969.930000  3.693716e-021
969.940000  3.624666e-021
969.950000  3.551130e-021
969.960000  3.489286e-021
969.970000  3.446653e-021
969.980000  3.417501e-021
969.990000  3.398982e-021
970.000000  3.300229e-021
970.010000  3.230263e-021
970.020000  3.196365e-021
970.030000  3.162677e-021
970.040000  3.109331e-021
970.050000  3.061423e-021
970.060000  3.011507e-021
970.070000  2.933222e-021
970.080000  2.901131e-021
970.090000  2.881076e-021
970.100000  2.854005e-021
970.110000  2.789624e-021
970.120000  2.730626e-021
970.130000  2.697413e-021
970.140000  2.673515e-021
970.150000  2.627064e-021
970.160000  2.610224e-021
970.170000  2.557612e-021
970.180000  2.516569e-021
970.190000  2.458295e-021
970.200000  2.420174e-021
970.210000  2.399089e-021
970.220000  2.393201e-021
970.230000  2.346472e-021
970.240000  2.289578e-021
970.250000  2.256410e-021
970.260000  2.223463e-021
970.270000  2.213624e-021
970.280000  2.214224e-021
970.290000  2.185709e-021
970.300000  2.130620e-021
970.310000  2.078160e-021
970.320000  2.050415e-021
970.330000  2.028854e-021
970.340000  2.023426e-021
970.350000  1.982031e-021
970.360000  1.940978e-021
970.370000  1.915961e-021
970.380000  1.928368e-021
970.390000  1.956623e-021
970.400000  1.957223e-021
970.410000  1.928792e-021
970.420000  1.898574e-021
970.430000  1.860771e-021
970.440000  1.842577e-021
970.450000  1.828314e-021
970.460000  1.806408e-021
970.470000  1.782694e-021
970.480000  1.751498e-021
970.490000  1.707310e-021
970.500000  1.682215e-021
970.510000  1.677792e-021
970.520000  1.662175e-021
970.530000  1.652191e-021
970.540000  1.636664e-021
970.550000  1.626740e-021
970.560000  1.598408e-021
970.570000  1.594082e-021
970.580000  1.584257e-021
970.590000  1.558011e-021
970.600000  1.531911e-021
970.610000  1.514423e-021
970.620000  1.502399e-021
970.630000  1.503021e-021
970.640000  1.492817e-021
970.650000  1.457502e-021
970.660000  1.406430e-021
970.670000  1.373430e-021
970.680000  1.370483e-021
970.690000  1.383409e-021
970.700000  1.385757e-021
970.710000  1.340572e-021
970.720000  1.302717e-021
970.730000  1.278962e-021
970.740000  1.272581e-021
970.750000  1.269664e-021
970.760000  1.263289e-021
970.770000  1.232807e-021
970.780000  1.209329e-021
970.790000  1.180840e-021
970.800000  1.183057e-021
970.810000  1.178761e-021
970.820000  1.167670e-021
970.830000  1.158295e-021
970.840000  1.126974e-021
970.850000  1.124397e-021
970.860000  1.111725e-021
970.870000  1.136112e-021
970.880000  1.130154e-021
970.890000  1.110731e-021
970.900000  1.084676e-021
970.910000  1.048762e-021
970.920000  1.051195e-021
970.930000  1.065292e-021
970.940000  1.051073e-021
970.950000  9.988662e-022
970.960000  9.585960e-022
970.970000  9.544351e-022
970.980000  9.781014e-022
970.990000  1.005185e-021
971.000000  1.020820e-021
971.010000  1.006992e-021
971.020000  9.653008e-022
971.030000  9.288361e-022
971.040000  9.282605e-022
971.050000  9.423227e-022
971.060000  9.189989e-022
971.070000  9.135677e-022
971.080000  8.952257e-022
971.090000  8.930492e-022
971.100000  9.005484e-022
971.110000  8.999826e-022
971.120000  9.042578e-022
971.130000  8.843616e-022
971.140000  8.709594e-022
971.150000  8.591965e-022
971.160000  8.698475e-022
971.170000  8.805163e-022
971.180000  8.687368e-022
971.190000  8.410417e-022
971.200000  8.214299e-022
971.210000  8.013053e-022
971.220000  8.144070e-022
971.230000  8.370727e-022
971.240000  8.264027e-022
971.250000  8.078460e-022
971.260000  7.830629e-022
971.270000  7.898094e-022
971.280000  8.060347e-022
971.290000  8.238938e-022
971.300000  8.116763e-022
971.310000  7.805944e-022
971.320000  7.528306e-022
971.330000  7.439102e-022
971.340000  7.490427e-022
971.350000  7.651328e-022
971.360000  7.624504e-022
971.370000  7.301296e-022
971.380000  7.134969e-022
971.390000  7.046527e-022
971.400000  7.020080e-022
971.410000  7.141656e-022
971.420000  7.092837e-022
971.430000  6.843064e-022
971.440000  6.840670e-022
971.450000  6.915522e-022
971.460000  6.990536e-022
971.470000  7.096756e-022
971.480000  6.892922e-022
971.490000  6.689755e-022
971.500000  6.625670e-022
971.510000  6.623204e-022
971.520000  6.713280e-022
971.530000  6.865498e-022
971.540000  6.662076e-022
971.550000  6.413205e-022
971.560000  6.272541e-022
971.570000  6.162755e-022
971.580000  6.282724e-022
971.590000  6.264805e-022
971.600000  6.170233e-022
971.610000  5.854088e-022
971.620000  5.630786e-022
971.630000  5.635309e-022
971.640000  5.670151e-022
971.650000  5.705010e-022
971.660000  5.558030e-022
971.670000  5.381339e-022
971.680000  5.265407e-022
971.690000  5.284969e-022
971.700000  5.455236e-022
971.710000  5.671484e-022
971.720000  5.630561e-022
971.730000  5.529201e-022
971.740000  5.352720e-022
971.750000  5.387361e-022
971.760000  5.482353e-022
971.770000  5.698599e-022
971.780000  5.597144e-022
971.790000  5.511001e-022
971.800000  5.319637e-022
971.810000  5.343677e-022
971.820000  5.443014e-022
971.830000  5.421879e-022
971.840000  5.295501e-022
971.850000  5.169479e-022
971.860000  5.193454e-022
971.870000  5.247422e-022
971.880000  5.361513e-022
971.890000  5.566266e-022
971.900000  5.274381e-022
971.910000  5.148547e-022
971.920000  5.037988e-022
971.930000  4.987303e-022
971.940000  5.115682e-022
971.950000  5.124659e-022
971.960000  5.044057e-022
971.970000  4.948722e-022
971.980000  4.883318e-022
971.990000  4.996446e-022
972.000000  5.065028e-022
972.010000  4.920605e-022
972.020000  4.791366e-022
972.030000  4.558874e-022
972.040000  4.459907e-022
972.050000  4.700856e-022
972.060000  4.853751e-022
972.070000  4.798761e-022
972.080000  4.728967e-022
972.090000  4.540805e-022
972.100000  4.412234e-022
972.110000  4.416578e-022
972.120000  4.598370e-022
972.130000  4.528737e-022
972.140000  4.355824e-022
972.150000  4.183422e-022
972.160000  4.055516e-022
972.170000  4.206702e-022
972.180000  4.328882e-022
972.190000  4.288955e-022
972.200000  4.278524e-022
972.210000  4.019539e-022
972.220000  3.951942e-022
972.230000  4.045697e-022
972.240000  4.198550e-022
972.250000  4.263319e-022
972.260000  4.180661e-022
972.270000  3.995235e-022
972.280000  4.000970e-022
972.290000  4.124360e-022
972.300000  4.262855e-022
972.310000  4.253902e-022
972.320000  4.038640e-022
972.330000  3.882829e-022
972.340000  3.742061e-022
972.350000  3.689240e-022
972.360000  3.855950e-022
972.370000  3.832325e-022
972.380000  3.662351e-022
972.390000  3.507451e-022
972.400000  3.411122e-022
972.410000  3.465320e-022
972.420000  3.709349e-022
972.430000  3.690635e-022
972.440000  3.395093e-022
972.450000  3.275005e-022
972.460000  3.227585e-022
972.470000  3.383092e-022
972.480000  3.495347e-022
972.490000  3.505865e-022
972.500000  3.400131e-022
972.510000  3.280177e-022
972.520000  3.334142e-022
972.530000  3.504292e-022
972.540000  3.718702e-022
972.550000  3.700029e-022
972.560000  3.506746e-022
972.570000  3.444663e-022
972.580000  3.484184e-022
972.590000  3.727447e-022
972.600000  3.942483e-022
972.610000  4.005590e-022
972.620000  4.039427e-022
972.630000  4.087955e-022
972.640000  4.151212e-022
972.650000  4.361856e-022
972.660000  4.469747e-022
972.670000  4.651965e-022
972.680000  4.478775e-022
972.690000  4.320934e-022
972.700000  4.207693e-022
972.710000  4.168117e-022
972.720000  4.290282e-022
972.730000  4.162454e-022
972.740000  3.771984e-022
972.750000  3.732796e-022
972.760000  3.781006e-022
972.770000  3.829253e-022
972.780000  3.965198e-022
972.790000  3.984332e-022
972.800000  3.740788e-022
972.810000  3.694189e-022
972.820000  3.517011e-022
972.830000  3.340424e-022
972.840000  3.482131e-022
972.850000  3.421269e-022
972.860000  3.244976e-022
972.870000  3.155573e-022
972.880000  3.051946e-022
972.890000  3.048995e-022
972.900000  3.117936e-022
972.910000  3.215803e-022
972.920000  3.126424e-022
972.930000  3.008462e-022
972.940000  3.034239e-022
972.950000  3.103179e-022
972.960000  3.258745e-022
972.970000  3.183678e-022
972.980000  3.051175e-022
972.990000  2.732915e-022
973.000000  2.715677e-022
973.010000  2.960612e-022
973.020000  3.221132e-022
973.030000  3.294835e-022
973.040000  3.166519e-022
973.050000  2.966721e-022
973.060000  2.882207e-022
973.070000  3.142292e-022
973.080000  3.230295e-022
973.090000  3.202981e-022
973.100000  3.031797e-022
973.110000  2.947187e-022
973.120000  2.891369e-022
973.130000  2.935899e-022
973.140000  2.951768e-022
973.150000  2.795751e-022
973.160000  2.625964e-022
973.170000  2.414150e-022
973.180000  2.529348e-022
973.190000  2.659056e-022
973.200000  2.703381e-022
973.210000  2.686818e-022
973.220000  2.556343e-022
973.230000  2.625241e-022
973.240000  2.822666e-022
973.250000  2.977749e-022
973.260000  3.018380e-022
973.270000  2.944367e-022
973.280000  2.642331e-022
973.290000  2.583188e-022
973.300000  2.552527e-022
973.310000  2.706640e-022
973.320000  2.861145e-022
973.330000  2.730521e-022
973.340000  2.642899e-022
973.350000  2.470450e-022
973.360000  2.851813e-022
973.370000  3.408519e-022
973.380000  3.651569e-022
973.390000  3.490051e-022
973.400000  3.257264e-022
973.410000  3.105520e-022
973.420000  3.011381e-022
973.430000  3.017355e-022
973.440000  3.051914e-022
973.450000  3.272779e-022
973.460000  3.207020e-022
973.470000  3.127048e-022
973.480000  3.104403e-022
973.490000  3.153303e-022
973.500000  3.073449e-022
973.510000  2.893956e-022
973.520000  2.672583e-022
973.530000  2.636036e-022
973.540000  2.627839e-022
973.550000  2.860896e-022
973.560000  2.966531e-022
973.570000  2.801753e-022
973.580000  2.694204e-022
973.590000  2.714343e-022
973.600000  2.890718e-022
973.610000  3.007075e-022
973.620000  3.123752e-022
973.630000  2.883693e-022
973.640000  2.687170e-022
973.650000  2.717897e-022
973.660000  2.833956e-022
973.670000  2.936070e-022
973.680000  2.924227e-022
973.690000  2.755757e-022
973.700000  2.687072e-022
973.710000  2.661021e-022
973.720000  2.962457e-022
973.730000  3.222720e-022
973.740000  3.110437e-022
973.750000  2.784234e-022
973.760000  2.701195e-022
973.770000  2.518915e-022
973.780000  2.521223e-022
973.790000  2.580304e-022
973.800000  2.696396e-022
973.810000  2.696430e-022
973.820000  2.582698e-022
973.830000  2.483394e-022
973.840000  2.511791e-022
973.850000  2.725047e-022
973.860000  2.710839e-022
973.870000  2.582869e-022
973.880000  2.483564e-022
973.890000  2.441084e-022
973.900000  2.497812e-022
973.910000  2.611422e-022
973.920000  2.597246e-022
973.930000  2.427056e-022
973.940000  2.299793e-022
973.950000  2.384657e-022
973.960000  2.455490e-022
973.970000  2.625841e-022
973.980000  2.540646e-022
973.990000  2.299963e-022
974.000000  2.074469e-022
974.200000  2.765593e-022
974.400000  2.692852e-022
974.600000  2.165256e-022
974.800000  2.353932e-022
975.000000  2.714566e-022
975.200000  2.578480e-022
975.400000  2.259183e-022
975.600000  2.484530e-022
975.800000  2.615750e-022
976.000000  2.127287e-022
976.200000  2.192672e-022
976.400000  2.750853e-022
976.600000  2.997254e-022
976.800000  2.648871e-022
977.000000  3.190913e-022
977.200000  4.200172e-022
977.400000  4.436067e-022
977.600000  4.288490e-022
977.800000  4.860240e-022
978.000000  5.304215e-022
978.200000  4.919917e-022
978.400000  4.918986e-022
978.600000  5.549743e-022
978.800000  5.715993e-022
979.000000  5.305285e-022
979.200000  5.278795e-022
979.400000  5.598424e-022
979.600000  5.393198e-022
979.800000  5.040352e-022
980.000000  5.084990e-022
980.200000  5.238107e-022
980.400000  4.586255e-022
980.600000  4.458013e-022
980.800000  4.832632e-022
981.000000  4.502007e-022
981.200000  3.860862e-022
981.400000  4.096365e-022
981.600000  4.551718e-022
981.800000  4.211855e-022
982.000000  3.925050e-022
982.200000  4.244696e-022
982.400000  4.385074e-022
982.600000  3.643834e-022
982.800000  3.257438e-022
983.000000  3.463406e-022
983.200000  3.276012e-022
983.400000  2.953254e-022
983.600000  3.125567e-022
983.800000  3.101562e-022
984.000000  2.542180e-022
984.200000  2.179676e-022
984.400000  2.504106e-022
984.600000  2.579993e-022
984.800000  1.892705e-022
985.000000  1.969495e-022
985.200000  2.509128e-022
985.400000  2.522110e-022
985.600000  2.054841e-022
985.800000  2.430776e-022
986.000000  3.337629e-022
986.200000  3.219669e-022
986.400000  2.200607e-022
986.600000  2.742835e-022
986.800000  2.832367e-022
987.000000  2.233323e-022
987.200000  2.311328e-022
987.400000  2.795147e-022
987.600000  2.581500e-022
987.800000  2.053260e-022
988.000000  2.440991e-022
988.200000  2.767677e-022
988.400000  2.039538e-022
988.600000  1.881599e-022
988.800000  2.548192e-022
989.000000  2.432782e-022
989.200000  1.574675e-022
989.400000  1.638621e-022
989.600000  1.911614e-022
989.800000  1.586128e-022
990.000000  1.121737e-022
990.200000  1.396245e-022
990.400000  1.671914e-022
990.600000  1.300560e-022
990.800000  1.060086e-022
991.000000  1.462288e-022
991.200000  1.552544e-022
991.400000  1.121545e-022
991.600000  1.315403e-022
991.800000  1.818904e-022
992.000000  1.645295e-022
992.200000  1.205663e-022
992.400000  1.699244e-022
992.600000  2.208387e-022
992.800000  2.004572e-022
993.000000  1.896013e-022
993.200000  2.230857e-022
993.400000  1.943180e-022
993.600000  1.229396e-022
993.800000  1.480166e-022
994.000000  1.803457e-022
994.200000  1.525997e-022
994.400000  1.562384e-022
994.600000  1.885189e-022
994.800000  1.779762e-022
995.000000  1.356201e-022
995.200000  1.386827e-022
995.400000  1.821642e-022
995.600000  1.839025e-022
995.800000  1.466632e-022
996.000000  1.704001e-022
996.200000  2.064156e-022
996.400000  1.791823e-022
996.600000  1.538692e-022
996.800000  1.900176e-022
997.000000  2.001609e-022
997.200000  1.539533e-022
997.400000  1.661165e-022
997.600000  2.127052e-022
997.800000  2.023674e-022
998.000000  1.803932e-022
998.200000  2.404450e-022
998.400000  3.022598e-022
998.600000  2.650613e-022
998.800000  2.284019e-022
999.000000  2.870626e-022
999.200000  3.055564e-022
999.400000  2.372321e-022
999.600000  2.097465e-022
999.800000  2.433695e-022
1000.000000  2.108048e-022
1000.200000  1.838581e-022
1000.400000  1.371547e-022
1000.600000  1.833201e-022
1000.800000  1.976238e-022
1001.000000  1.553544e-022
1001.200000  1.372704e-022
1001.400000  1.694163e-022
1001.600000  1.435042e-022
1001.800000  9.499376e-023
1002.000000  1.325317e-022
1002.200000  1.693442e-022
1002.400000  1.444917e-022
1002.600000  1.318752e-022
1002.800000  1.756513e-022
1003.000000  1.972302e-022
1003.200000  1.324425e-022
1003.400000  1.168580e-022
1003.600000  1.523952e-022
1003.800000  1.506966e-022
1004.000000  1.543800e-022
1004.200000  2.061658e-022
1004.400000  2.174044e-022
1004.600000  1.633798e-022
1004.800000  1.327531e-022
1005.000000  1.892016e-022
1005.200000  2.001046e-022
1005.400000  1.609534e-022
1005.600000  1.772551e-022
1005.800000  2.167599e-022
1006.000000  1.827800e-022
1006.200000  1.309081e-022
1006.400000  1.849410e-022
1006.600000  2.069807e-022
1006.800000  1.597840e-022
1007.000000  1.521373e-022
1007.200000  2.145300e-022
1007.400000  2.359716e-022
1007.600000  1.728451e-022
1007.800000  1.665496e-022
1008.000000  1.777302e-022
1008.200000  1.212314e-022
1008.400000  6.256160e-023
1008.600000  8.440757e-023
1008.800000  1.069101e-022
1009.000000  6.742951e-023
1009.200000  8.351870e-023
1009.400000  1.321166e-022
1009.600000  1.200750e-022
1009.800000  6.320300e-023
1010.000000  8.527300e-023
1010.200000  1.291061e-022
1010.400000  1.047965e-022
1010.600000  1.044832e-022
1010.800000  1.178822e-022
1011.000000  1.046142e-022
1011.200000  4.535157e-023
1011.400000  2.386180e-023
1011.600000  5.811761e-023
1011.800000  5.371112e-023
1012.000000  3.423611e-024
1012.200000  3.430559e-023
1012.400000  7.794926e-023
1012.600000  4.572824e-023
1012.800000  3.409460e-023
1013.000000  6.684629e-023
1013.200000  8.192804e-023
1013.400000  1.480112e-023
1013.600000  -1.342984e-023
1013.800000  1.968042e-023
1014.000000  3.220081e-024
1014.200000  -3.537451e-023
1014.400000  3.085444e-025
1014.600000  3.333657e-023
1014.800000  -6.498114e-024
1015.000000  -4.288964e-023
1015.200000  1.451958e-024
1015.400000  2.545555e-023
1015.600000  -6.685755e-024
1015.800000  7.329967e-024
1016.000000  4.985848e-023
1016.200000  -7.386604e-024
1016.400000  -5.763364e-023
1016.600000  -1.072524e-023
1016.800000  3.654214e-023
1017.000000  1.736419e-023
1017.200000  7.373199e-024
1017.400000  4.227527e-023
1017.600000  5.185063e-023
1017.800000  1.105665e-023
1018.000000  2.979366e-023
1018.200000  8.401462e-023
1018.400000  8.703072e-023
1018.600000  8.396799e-023
1018.800000  1.038348e-022
1019.000000  1.240784e-022
1019.200000  6.253491e-023
1019.400000  2.892568e-024
1019.600000  4.885359e-023
1019.800000  4.546270e-023
1020.000000  -1.965666e-023
1020.200000  -2.041095e-023
1020.400000  3.651111e-023
1020.600000  3.141785e-023
1020.800000  1.608193e-023
1021.000000  7.653850e-023
1021.200000  1.160347e-022
1021.400000  7.163732e-023
1021.600000  5.376730e-023
1021.800000  1.075182e-022
1022.000000  1.198127e-022
1022.200000  8.737463e-023
1022.400000  9.892294e-023
1022.600000  1.461400e-022
1022.800000  1.474586e-022
1023.000000  1.444619e-022
1023.200000  2.062988e-022
1023.400000  2.473999e-022
1023.600000  2.003792e-022
1023.800000  1.673464e-022
1024.000000  2.311506e-022
1024.200000  2.354389e-022
1024.400000  2.003153e-022
1024.600000  2.328288e-022
1024.800000  2.925766e-022
1025.000000  2.555812e-022
1025.200000  2.217410e-022
1025.400000  2.425881e-022
1025.600000  2.569985e-022
1025.800000  1.942732e-022
1026.000000  1.899095e-022
1026.200000  2.262473e-022
1026.400000  2.039272e-022
1026.600000  1.275528e-022
1026.800000  1.314227e-022
1027.000000  1.496060e-022
1027.200000  9.704693e-023
1027.400000  7.297191e-023
1027.600000  1.501703e-022
1027.800000  2.024124e-022
1028.000000  1.772907e-022
1028.200000  2.193688e-022
1028.400000  3.096032e-022
1028.600000  3.329201e-022
1028.800000  3.372936e-022
1029.000000  4.060679e-022
1029.200000  4.576740e-022
1029.400000  4.475093e-022
1029.600000  4.356299e-022
1029.800000  4.836618e-022
1030.000000  4.898752e-022
1030.200000  4.062507e-022
1030.400000  3.590894e-022
1030.600000  3.611456e-022
1030.800000  2.920464e-022
1031.000000  1.940020e-022
1031.200000  1.794182e-022
1031.400000  1.832418e-022
1031.600000  9.395103e-023
1031.800000  3.501004e-023
1032.000000  5.316619e-023
1032.200000  7.394459e-023
1032.400000  2.800444e-023
1032.600000  4.565302e-023
1032.800000  9.676814e-023
1033.000000  5.480373e-023
1033.200000  -2.087018e-023
1033.400000  1.202532e-023
1033.600000  3.540323e-023
1033.800000  -2.157215e-023
1034.000000  -1.843068e-023
1034.200000  4.299267e-023
1034.400000  3.250990e-023
1034.600000  -3.839145e-023
1034.800000  -1.996887e-023
1035.000000  2.008624e-023
1035.200000  -3.092182e-023
1035.400000  -4.493470e-023
1035.600000  -1.534370e-023
1035.800000  -1.084588e-023
1036.000000  -7.732803e-023
1036.200000  -6.207256e-023
1036.400000  -2.124405e-023
1036.600000  -2.254465e-023
1036.800000  -6.044671e-023
1037.000000  -3.866770e-023
1037.200000  4.981423e-024
1037.400000  -3.976271e-023
1037.600000  -7.611560e-023
1037.800000  -3.391387e-023
1038.000000  -7.918753e-024
1038.200000  -4.661340e-023
1038.400000  -3.385828e-023
1038.600000  2.574001e-023
1038.800000  2.180613e-023
1039.000000  -3.088114e-023
1039.200000  -3.205551e-023
1039.400000  3.972926e-024
1039.600000  -2.061541e-023
1039.800000  -4.297533e-023
1040.000000  -3.718425e-024
1040.200000  1.920306e-023
1040.400000  -2.308882e-023
1040.600000  -2.118940e-023
1040.800000  9.723423e-024
1041.000000  -1.088118e-023
1041.200000  -6.801349e-023
1041.400000  -6.055808e-023
1041.600000  -3.587390e-023
1041.800000  -7.382942e-023
1042.000000  -8.688568e-023
1042.200000  -4.187574e-023
1042.400000  -4.538500e-023
1042.600000  -9.079266e-023
1042.800000  -8.399258e-023
1043.000000  -4.376842e-023
1043.200000  -4.153702e-023
1043.400000  -7.475268e-023
1043.600000  -5.360780e-023
1043.800000  -1.792428e-023
1044.000000  -4.653320e-023
1044.200000  -5.530961e-023
1044.400000  -3.089909e-023
1044.600000  -1.101492e-023
1044.800000  -5.104934e-023
1045.000000  -4.767393e-023
1045.200000  -1.036017e-023
1045.400000  -2.449683e-023
1045.600000  -5.961474e-023
1045.800000  -1.388416e-024
1046.000000  4.599627e-023
1046.200000  -1.236452e-023
1046.400000  -3.487603e-023
1046.600000  6.386204e-024
1046.800000  7.776417e-024
1047.000000  -5.771578e-023
1047.200000  -5.093194e-023
1047.400000  -2.175268e-023
1047.600000  -3.587618e-023
1047.800000  -3.863577e-023
1048.000000  1.395615e-023
1048.200000  2.247617e-023
1048.400000  -6.013804e-023
1048.600000  -1.001503e-022
1048.800000  -5.638849e-023
1049.000000  -3.291036e-023
1049.200000  -5.262735e-023
1049.400000  -2.398239e-023
1049.600000  3.512094e-023
1049.800000  2.133730e-023
1050.000000  -4.846848e-023
1050.200000  -3.782318e-023
1050.400000  -1.992770e-023
1050.600000  -4.157704e-023
1050.800000  -2.291659e-023
1051.000000  2.386196e-023
1051.200000  8.376435e-024
1051.400000  -4.612961e-023
1051.600000  -3.482277e-023
1051.800000  1.832948e-023
1052.000000  -1.085654e-023
1052.200000  -5.331419e-023
1052.400000  -2.801580e-023
1052.600000  -1.110973e-023
1052.800000  -7.567560e-023
1053.000000  -7.873602e-023
1053.200000  -1.310369e-023
1053.400000  -3.344324e-023
1053.600000  -7.540481e-023
1053.800000  -6.596420e-023
1054.000000  -4.355232e-023
1054.200000  -9.713878e-023
1054.400000  -1.416701e-022
1054.600000  -7.770059e-023
1054.800000  -3.703104e-023
1055.000000  -9.361179e-023
1055.200000  -8.638856e-023
1055.400000  -1.938887e-023
1055.600000  -1.805438e-023
1055.800000  -6.146861e-023
1056.000000  -2.647558e-023
1056.200000  3.818387e-024
1056.400000  -3.353741e-023
1056.600000  -4.964009e-023
1056.800000  -1.243681e-023
1057.000000  -1.365137e-023
1057.200000  -7.351879e-023
1057.400000  -7.741055e-023
1057.600000  -3.496362e-023
1057.800000  -6.315337e-023
1058.000000  -1.001974e-022
1058.200000  -7.304068e-023
1058.400000  -2.445078e-023
1058.600000  -3.151800e-023
1058.800000  -3.832802e-023
1059.000000  7.909061e-024
1059.200000  1.552240e-023
1059.400000  -5.087750e-023
1059.600000  -6.205970e-023
1059.800000  -2.100720e-023
1060.000000  -3.167910e-023
1060.200000  -7.497616e-023
1060.400000  -4.377267e-023
1060.600000  8.427717e-024
1060.800000  -2.186049e-023
1061.000000  -1.378298e-023
1061.200000  4.357246e-023
1061.400000  7.773369e-024
1061.600000  -8.759967e-023
1061.800000  -5.248071e-023
1062.000000  3.218256e-023
1062.200000  4.087324e-023
1062.400000  -1.212366e-023
1062.600000  -3.818538e-023
1062.800000  -4.439889e-023
1063.000000  -1.003586e-022
1063.200000  -1.097620e-022
1063.400000  -4.493559e-023
1063.600000  -3.423525e-023
1063.800000  -8.105171e-023
1064.000000  -5.631420e-023
1064.200000  -6.893896e-024
1064.400000  -3.052878e-023
1064.600000  -4.959514e-023
1064.800000  1.790645e-024
1065.000000  5.197180e-023
1065.200000  2.115664e-023
1065.400000  1.673483e-023
1065.600000  6.651185e-023
1065.800000  4.696540e-023
1066.000000  -1.721424e-023
1066.200000  -6.848691e-024
1066.400000  3.373375e-023
1066.600000  -5.787502e-024
1066.800000  -4.397120e-023
1067.000000  -1.185854e-023
1067.200000  1.106625e-023
1067.400000  -2.464362e-023
1067.600000  -8.512836e-025
1067.800000  3.727814e-023
1068.000000  4.955152e-023
1068.200000  1.227037e-023
1068.400000  4.253428e-023
1068.600000  6.144544e-023
1068.800000  1.923918e-023
1069.000000  1.299467e-023
1069.200000  6.640756e-023
1069.400000  7.004645e-023
1069.600000  -5.698950e-024
1069.800000  -3.518569e-023
1070.000000  -4.094802e-024
1070.200000  -2.511228e-023
1070.400000  -7.601220e-023
1070.600000  -3.205107e-023
1070.800000  2.126201e-023
1071.000000  -2.104005e-023
1071.200000  -5.664995e-023
1071.400000  -2.312424e-023
1071.600000  -9.215677e-024
1071.800000  -5.842801e-023
1072.000000  -4.022931e-023
1072.200000  2.220988e-023
1072.400000  1.910678e-023
1072.600000  -3.019226e-023
1072.800000  -1.726472e-023
1073.000000  6.239994e-024
1073.200000  -4.009072e-023
1073.400000  -6.316070e-023
1073.600000  -2.364733e-023
1073.800000  -2.405390e-023
1074.000000  -7.280902e-023
1074.200000  -4.658848e-023
1074.400000  2.633693e-024
1074.600000  -1.631715e-023
1074.800000  -3.561889e-023
1075.000000  1.095210e-023
1075.200000  4.982291e-023
1075.400000  -6.561707e-025
1075.600000  -1.948507e-023
1075.800000  1.619949e-023
1076.000000  3.174487e-024
1076.200000  -7.474655e-023
1076.400000  -6.931530e-023
1076.600000  -1.105713e-023
1076.800000  -2.859166e-023
1077.000000  -5.029535e-023
1077.200000  -1.672119e-023
1077.400000  1.716902e-023
1077.600000  -1.852706e-024
1077.800000  -2.958396e-023
1078.000000  5.986698e-024
1078.200000  -9.917960e-024
1078.400000  -7.184445e-023
1078.600000  -5.741367e-023
1078.800000  -9.715207e-024
1079.000000  -3.879177e-023
1079.200000  -7.055662e-023
1079.400000  -3.914694e-023
1079.600000  -4.931828e-024
1079.800000  -4.791512e-023
1080.000000  -3.224256e-023
1080.200000  5.372254e-023
1080.400000  6.030693e-023
1080.600000  1.364139e-023
1080.800000  3.017326e-023
1081.000000  5.805037e-023
1081.200000  7.478347e-024
1081.400000  -2.020884e-023
1081.600000  1.357809e-023
1081.800000  3.092864e-023
1082.000000  -3.755606e-023
1082.200000  -3.872906e-023
1082.400000  -7.913935e-024
1082.600000  -3.193580e-023
1082.800000  -8.452642e-023
1083.000000  -5.613466e-023
1083.200000  -3.618518e-024
1083.400000  -1.809654e-023
1083.600000  -4.390278e-023
1083.800000  1.563416e-024
1084.000000  1.573936e-023
1084.200000  -4.246684e-023
1084.400000  -4.881820e-023
1084.600000  -8.229303e-024
1084.800000  -1.633780e-023
1085.000000  -5.083123e-023
1085.200000  1.100488e-024
1085.400000  3.262988e-023
1085.600000  -2.840335e-023
1085.800000  -6.612588e-023
1086.000000  -2.584666e-023
1086.200000  -1.938822e-023
1086.400000  -6.981290e-023
1086.600000  -6.332644e-023
1086.800000  -2.872521e-024
1087.000000  -2.647587e-023
1087.200000  -5.530257e-023
1087.400000  6.372232e-024
1087.600000  3.018046e-023
1087.800000  -3.827637e-023
1088.000000  -6.589047e-023
1088.200000  -2.287017e-023
1088.400000  -1.416651e-023
1088.600000  -5.824625e-023
1088.800000  -3.623655e-023
1089.000000  2.426236e-023
1089.200000  7.912272e-024
1089.400000  -4.663286e-023
1089.600000  -1.185707e-023
1089.800000  2.134601e-023
1090.000000  -1.730408e-023
1090.200000  -1.995756e-023
1090.400000  2.838606e-023
1090.600000  2.160420e-023
1090.800000  -3.726332e-023
1091.000000  -3.496217e-023
1091.200000  1.219948e-023
1091.400000  -1.521723e-023
1091.600000  -4.915700e-023
1091.800000  -2.701694e-024
1092.000000  3.809710e-023
1092.200000  -7.738308e-025
1092.400000  -2.308184e-023
1092.600000  3.829967e-023
1092.800000  3.471202e-023
1093.000000  -2.306186e-023
1093.200000  -1.187252e-023
1093.400000  9.735787e-024
1093.600000  -4.524903e-023
1093.800000  -9.351681e-023
1094.000000  -5.350897e-023
1094.200000  -3.339009e-023
1094.400000  -4.915314e-023
1094.600000  -2.597025e-024
1094.800000  6.241098e-023
1095.000000  7.139304e-024
1095.200000  -8.521008e-023
1095.400000  -5.173975e-023
1095.600000  1.326944e-023
1095.800000  4.414478e-025
1096.000000  -2.818209e-024
1096.200000  6.725138e-023
1096.400000  1.203949e-022
1096.600000  6.694896e-023
1096.800000  5.126897e-023
1097.000000  8.954318e-023
1097.200000  7.314454e-023
1097.400000  3.033091e-023
1097.600000  5.485381e-023
1097.800000  5.858484e-023
1098.000000  1.339440e-025
1098.200000  -3.972306e-023
1098.400000  2.643641e-024
1098.600000  1.324708e-023
1098.800000  -3.852440e-023
1099.000000  -4.192948e-023
1099.200000  6.410954e-025
1099.400000  2.338336e-025
1099.600000  -6.503255e-023
1099.800000  -3.297695e-023
1100.000000  -5.053830e-024
1100.200000  -5.749144e-023
1100.400000  -7.329707e-023
1100.600000  -1.178087e-023
1100.800000  2.318875e-023
1101.000000  -8.075898e-024
1101.200000  2.165338e-024
1101.400000  5.791301e-023
1101.600000  3.174822e-023
1101.800000  2.257710e-023
1102.000000  5.222038e-023
1102.200000  6.986849e-023
1102.400000  9.747697e-024
1102.600000  -1.890024e-023
1102.800000  1.549847e-023
1103.000000  1.603637e-023
1103.200000  -3.252317e-023
1103.400000  -2.022579e-023
1103.600000  2.641919e-023
1103.800000  2.001503e-023
1104.000000  -1.971893e-023
1104.200000  9.003544e-024
1104.400000  3.781397e-023
1104.600000  -4.006368e-024
1104.800000  -2.944552e-023
1105.000000  2.082015e-023
1105.200000  2.320893e-023
1105.400000  -6.694507e-023
1105.600000  -7.190277e-023
1105.800000  -2.247006e-023
1106.000000  -2.140578e-023
1106.200000  -5.245062e-023
1106.400000  -1.551297e-023
1106.600000  5.511940e-024
1106.800000  -3.050480e-023
1107.000000  -3.651801e-023
1107.200000  2.993526e-023
1107.400000  3.752660e-023
1107.600000  -1.795092e-023
1107.800000  2.213804e-023
1108.000000  9.581923e-023
1108.200000  6.134251e-023
1108.400000  1.388544e-023
1108.600000  4.542944e-023
1108.800000  6.572916e-023
1109.000000  2.488989e-023
1109.200000  1.463516e-023
1109.400000  5.279740e-023
1109.600000  3.074286e-023
1109.800000  -1.407395e-023
1110.000000  1.766744e-023
1110.200000  7.726751e-023
1110.400000  4.806619e-023
1110.600000  -6.669728e-024
1110.800000  3.443179e-024
1111.000000  1.242848e-023
1111.200000  -4.683893e-023
1111.400000  -4.750140e-023
1111.600000  1.878576e-024
1111.800000  -1.553624e-023
1112.000000  -7.944267e-023
1112.200000  -6.049327e-023
1112.400000  -2.396807e-023
1112.600000  -6.071656e-023
1112.800000  -8.520567e-023
1113.000000  -2.629961e-023
1113.200000  -4.028458e-025
1113.400000  -5.834389e-023
1113.600000  -7.956265e-024
1113.800000  3.167624e-023
1114.000000  -1.125599e-024
1114.200000  -3.823677e-023
1114.400000  -6.685351e-024
1114.600000  2.481269e-023
1114.800000  -7.893417e-024
1115.000000  -2.868611e-023
1115.200000  9.796273e-024
1115.400000  7.998560e-024
1115.600000  -5.161116e-023
1115.800000  -2.071972e-023
1116.000000  4.048121e-023
1116.200000  2.442490e-023
1116.400000  -1.637000e-023
1116.600000  3.262385e-023
1116.800000  6.974092e-023
1117.000000  1.422617e-023
1117.200000  -1.276008e-023
1117.400000  1.346544e-023
1117.600000  4.043471e-024
1117.800000  -5.192100e-023
1118.000000  -3.385028e-023
1118.200000  1.316718e-023
1118.400000  1.167781e-023
1118.600000  -1.703988e-023
1118.800000  2.568010e-023
1119.000000  6.037724e-023
1119.200000  1.853592e-023
1119.400000  1.817568e-023
1119.600000  7.934693e-023
1119.800000  6.656734e-023
1120.000000  -1.408942e-023
1120.200000  -2.215435e-023
1120.400000  2.232026e-023
1120.600000  -2.960693e-023
1120.800000  -6.048794e-023
1121.000000  -1.521125e-023
1121.200000  1.639571e-023
1121.400000  -3.952421e-023
1121.600000  -5.092893e-023
1121.800000  -1.143507e-023
1122.000000  -1.495790e-023
1122.200000  -5.610145e-023
1122.400000  -2.296818e-023
1122.600000  3.463087e-023
1122.800000  1.059202e-023
1123.000000  -1.893042e-023
1123.200000  1.854183e-023
1123.400000  5.324907e-023
1123.600000  -1.461949e-023
1123.800000  -5.268061e-023
1124.000000  -2.375243e-023
1124.200000  -2.683376e-023
1124.400000  -7.965546e-023
1124.600000  -4.904764e-023
1124.800000  -3.995867e-024
1125.000000  -1.817304e-023
1125.200000  -3.647549e-023
1125.400000  1.167040e-023
1125.600000  3.496874e-024
1125.800000  -5.705701e-023
1126.000000  -4.885891e-023
1126.200000  4.712489e-024
1126.400000  3.258680e-024
1126.600000  -5.209112e-023
1126.800000  -5.256561e-023
1127.000000  -1.471660e-023
1127.200000  -5.497366e-023
1127.400000  -8.210371e-023
1127.600000  -5.584055e-024
1127.800000  2.746889e-023
1128.000000  1.967063e-023
1128.200000  4.828404e-023
1128.400000  9.664377e-023
1128.600000  3.956394e-023
1128.800000  -2.788383e-023
1129.000000  -2.597032e-023
1129.200000  -1.293537e-023
1129.400000  -5.077282e-023
1129.600000  -5.179676e-023
1129.800000  -2.780724e-023
1130.000000  -5.403059e-023
1130.200000  -1.182917e-022
1130.400000  -1.003043e-022
1130.600000  -3.601733e-023
1130.800000  -5.612544e-023
1131.000000  -8.848064e-023
1131.200000  -5.599073e-023
1131.400000  -1.071178e-023
1131.600000  -4.432622e-023
1131.800000  -6.646487e-023
1132.000000  -1.926854e-023
1132.200000  -6.485137e-024
1132.400000  -6.176800e-023
1132.600000  -5.889935e-023
1132.800000  -4.831034e-023
1133.000000  -8.469360e-023
1133.200000  -1.221088e-022
1133.400000  -7.517750e-023
1133.600000  -2.841288e-023
1133.800000  -5.240631e-023
1134.000000  -6.771339e-023
1134.200000  -3.632492e-023
1134.400000  -4.829260e-023
1134.600000  -8.853973e-023
1134.800000  -7.119313e-023
1135.000000  -2.333662e-023
1135.200000  -6.378527e-023
1135.400000  -9.793850e-023
1135.600000  -6.673863e-023
1135.800000  -5.934571e-023
1136.000000  -1.267949e-022
1136.200000  -1.516621e-022
1136.400000  -1.241594e-022
1136.600000  -1.376005e-022
1136.800000  -1.641215e-022
1137.000000  -1.356364e-022
1137.200000  -6.902688e-023
1137.400000  -9.481846e-023
1137.600000  -1.374977e-022
1137.800000  -8.337341e-023
1138.000000  -6.782152e-023
1138.200000  -1.291105e-022
1138.400000  -1.236972e-022
1138.600000  -5.362733e-023
1138.800000  -5.168268e-023
1139.000000  -7.673349e-023
1139.200000  -4.551827e-023
1139.400000  -4.453203e-023
1139.600000  -1.172767e-022
1139.800000  -1.369942e-022
1140.000000  -8.307712e-023
1140.200000  -5.894731e-023
1140.400000  -1.081135e-022
1140.600000  -1.068399e-022
1140.800000  -7.321706e-023
1141.000000  -8.991969e-023
1141.200000  -1.419947e-022
1141.400000  -1.119561e-022
1141.600000  -8.253866e-023
1141.800000  -1.369414e-022
1142.000000  -1.731700e-022
1142.200000  -1.360676e-022
1142.400000  -1.478643e-022
1142.600000  -1.923578e-022
1142.800000  -1.804879e-022
1143.000000  -1.060175e-022
1143.200000  -1.149488e-022
1143.400000  -1.497404e-022
1143.600000  -1.142512e-022
1143.800000  -7.258465e-023
1144.000000  -1.117952e-022
1144.200000  -1.293252e-022
1144.400000  -7.286730e-023
1144.600000  -6.425478e-023
1144.800000  -1.091106e-022
1145.000000  -1.253232e-022
1145.200000  -1.059288e-022
1145.400000  -1.258088e-022
1145.600000  -1.613647e-022
1145.800000  -1.250541e-022
1146.000000  -8.144070e-023
1146.200000  -1.201926e-022
1146.400000  -1.079871e-022
1146.600000  -2.381472e-023
1146.800000  -1.342022e-023
1147.000000  -6.953807e-023
1147.200000  -7.808085e-023
1147.400000  -5.260322e-023
1147.600000  -8.149598e-023
1147.800000  -1.147715e-022
1148.000000  -8.807130e-023
1148.200000  -6.865970e-023
1148.400000  -1.030441e-022
1148.600000  -1.144509e-022
1148.800000  -6.973413e-023
1149.000000  -5.928969e-023
1149.200000  -1.197327e-022
1149.400000  -1.202844e-022
1149.600000  -5.210041e-023
1149.800000  -7.942701e-023
1150.000000  -7.995665e-023
