800.000000  -4.441105e-023
800.200000  -2.146461e-023
800.400000  2.367403e-023
800.600000  3.476101e-023
800.800000  3.397273e-023
801.000000  4.335866e-023
801.200000  6.675741e-023
801.400000  1.932342e-023
801.600000  3.757443e-024
801.800000  1.937746e-023
802.000000  8.665063e-024
802.200000  -1.854388e-023
802.400000  -2.718405e-024
802.600000  3.656968e-023
802.800000  2.999580e-023
803.000000  -4.484255e-024
803.200000  9.959709e-024
803.400000  5.219122e-024
803.600000  -2.869000e-023
803.800000  -2.005269e-023
804.000000  1.486173e-023
804.200000  4.718373e-024
804.400000  -2.340507e-023
804.600000  -2.072265e-023
804.800000  -8.969656e-024
805.000000  -2.798786e-023
805.200000  -4.487571e-023
805.400000  -1.403910e-023
805.600000  -8.243459e-024
805.800000  -1.805755e-023
806.000000  -9.235218e-024
806.200000  3.139219e-023
806.400000  2.388972e-023
806.600000  9.548169e-024
806.800000  1.555749e-023
807.000000  2.515968e-023
807.200000  -2.899870e-024
807.400000  -2.034441e-023
807.600000  1.655636e-023
807.800000  3.940481e-023
808.000000  4.011479e-024
808.200000  -2.870255e-023
808.400000  -9.102350e-024
808.600000  -2.220943e-023
808.800000  -3.391735e-023
809.000000  1.013606e-023
809.200000  1.648330e-023
809.400000  -2.475014e-023
809.600000  -3.772691e-023
809.800000  -4.801296e-024
810.000000  -1.012683e-023
810.200000  -1.526454e-023
810.400000  3.964373e-024
810.600000  4.407058e-023
810.800000  5.695687e-023
811.000000  1.431485e-023
811.200000  5.470531e-023
811.400000  5.098576e-023
811.600000  1.680747e-023
811.800000  -1.448641e-024
812.000000  2.734770e-023
812.200000  1.211706e-023
812.400000  -9.988061e-024
812.600000  2.796028e-024
812.800000  3.405664e-023
813.000000  1.222511e-023
813.200000  -3.259848e-026
813.400000  1.524317e-023
813.600000  1.917288e-023
813.800000  -1.415282e-023
814.000000  -3.568336e-023
814.200000  9.621535e-024
814.400000  2.805216e-024
814.600000  -1.874486e-023
814.800000  -1.997286e-023
815.000000  -9.636911e-024
815.200000  -2.861708e-023
815.400000  -4.939633e-023
815.600000  -2.126399e-023
815.800000  -4.401903e-024
816.000000  -1.745867e-023
816.200000  -2.773740e-023
816.400000  6.121457e-024
816.600000  9.173372e-024
816.800000  -1.816743e-024
817.000000  2.591628e-023
817.200000  4.204769e-023
817.400000  1.701902e-023
817.600000  -3.815173e-023
817.800000  -2.387329e-023
818.000000  -1.997309e-023
818.200000  -3.482361e-023
818.400000  -4.052407e-023
818.600000  -1.056984e-023
818.800000  -1.972203e-023
819.000000  -3.590040e-023
819.200000  -3.124092e-023
819.400000  -2.804989e-023
819.600000  -3.201618e-023
819.800000  -1.429864e-023
820.000000  6.607608e-024
820.200000  -1.376678e-025
820.400000  -1.888260e-023
820.600000  1.982272e-023
820.800000  7.609864e-023
821.000000  7.232261e-023
821.200000  5.690938e-023
821.400000  6.125218e-023
821.600000  7.128173e-023
821.800000  4.383099e-023
822.000000  1.612388e-023
822.200000  4.872875e-023
822.400000  5.549655e-023
822.600000  2.963436e-023
822.800000  2.729352e-023
823.000000  2.462705e-023
823.200000  -4.632831e-024
823.400000  -1.630502e-023
823.600000  1.541141e-023
823.800000  3.884574e-023
824.000000  -1.858738e-024
824.200000  -3.375207e-023
824.400000  -9.775157e-025
824.600000  -1.163433e-024
824.800000  -2.267043e-023
825.000000  -6.241574e-024
825.200000  2.223611e-023
825.400000  1.483145e-023
825.600000  -2.282006e-023
825.800000  6.184706e-025
826.000000  1.138900e-023
826.200000  6.120401e-024
826.400000  -3.786186e-024
826.600000  2.807724e-023
826.800000  2.778413e-023
827.000000  1.711956e-023
827.200000  1.982362e-023
827.400000  2.759408e-023
827.600000  1.927977e-023
827.800000  -1.179575e-025
828.000000  3.010184e-023
828.200000  2.920819e-023
828.400000  -1.681302e-024
828.600000  -5.331725e-024
828.800000  3.434172e-023
829.000000  3.998580e-023
829.200000  2.396682e-023
829.400000  4.098977e-023
829.600000  6.802705e-023
829.800000  5.222513e-023
830.000000  1.872030e-023
830.200000  4.458222e-023
830.400000  3.596706e-023
830.600000  6.112454e-024
830.800000  -4.002729e-024
831.000000  3.429553e-023
831.200000  3.840043e-023
831.400000  -4.727289e-024
831.600000  -1.813684e-023
831.800000  -4.479725e-024
832.000000  -1.421258e-023
832.200000  -1.138344e-023
832.400000  1.156214e-023
832.600000  2.738801e-023
832.800000  1.290569e-023
833.000000  -1.222560e-023
833.200000  1.475077e-023
833.400000  -1.619525e-024
833.600000  -3.495711e-023
833.800000  -7.826133e-024
834.000000  1.988131e-023
834.200000  -1.361371e-023
834.400000  -3.155358e-023
834.600000  1.348658e-023
834.800000  2.998172e-023
835.000000  2.354933e-023
835.200000  2.913609e-023
835.400000  5.249280e-023
835.600000  3.553514e-023
835.800000  6.847858e-024
836.000000  3.696184e-023
836.200000  7.704690e-023
836.400000  5.656998e-023
836.600000  2.974498e-023
836.800000  5.868174e-023
837.000000  5.980412e-023
837.200000  3.475152e-023
837.400000  4.838802e-023
837.600000  7.875259e-023
837.800000  6.766219e-023
838.000000  4.359885e-023
838.200000  5.846787e-023
838.400000  5.114705e-023
838.600000  9.344154e-024
838.800000  -4.859766e-024
839.000000  2.756014e-023
839.200000  1.484510e-023
839.400000  -2.798720e-024
839.600000  4.169785e-023
839.800000  8.214485e-023
840.000000  6.389482e-023
840.200000  6.113261e-023
840.400000  1.081944e-022
840.600000  1.038427e-022
840.800000  9.361651e-023
841.000000  7.632422e-023
841.200000  8.664316e-023
841.400000  9.262229e-023
841.600000  7.426482e-023
841.800000  6.726004e-023
842.000000  5.660415e-023
842.200000  1.609471e-023
842.400000  -5.991190e-024
842.600000  2.020100e-023
842.800000  3.330847e-023
843.000000  1.620268e-023
843.200000  1.564322e-023
843.400000  3.978831e-023
843.600000  1.920393e-023
843.800000  -1.608190e-024
844.000000  2.650064e-023
844.200000  6.303160e-023
844.400000  4.240919e-023
844.600000  1.992056e-023
844.800000  3.325465e-023
845.000000  4.510752e-023
845.200000  3.069830e-023
845.400000  3.103900e-023
845.600000  6.266699e-023
845.800000  5.158649e-023
846.000000  4.298203e-023
846.200000  6.219366e-023
846.400000  7.355729e-023
846.600000  4.869124e-023
846.800000  3.841940e-023
847.000000  6.716067e-023
847.200000  5.981791e-023
847.400000  3.068376e-023
847.600000  2.899158e-023
847.800000  6.308537e-023
848.000000  4.458593e-023
848.200000  2.186870e-023
848.400000  3.977036e-023
848.600000  7.494064e-023
848.800000  6.542001e-023
849.000000  4.733459e-023
849.200000  5.054017e-023
849.400000  4.701882e-023
849.600000  3.326204e-023
849.800000  4.278355e-023
850.000000  7.783297e-023
850.200000  5.307186e-023
850.400000  2.046785e-023
850.600000  3.736006e-023
850.800000  4.592005e-023
851.000000  6.393068e-024
851.200000  3.861359e-025
851.400000  4.397318e-023
851.600000  5.577692e-023
851.800000  2.862759e-023
852.000000  3.151485e-023
852.200000  7.931083e-023
852.400000  9.088193e-023
852.600000  7.829792e-023
852.800000  9.513816e-023
853.000000  1.003991e-022
853.200000  6.428961e-023
853.400000  5.641498e-023
853.600000  7.949971e-023
853.800000  6.804377e-023
854.000000  4.195869e-023
854.200000  4.657333e-023
854.400000  6.768837e-023
854.600000  6.160487e-023
854.800000  5.744569e-023
855.000000  8.448566e-023
855.200000  8.764508e-023
855.400000  5.928784e-023
855.600000  5.006044e-023
855.800000  6.605415e-023
856.000000  6.151332e-023
856.200000  4.616264e-023
856.400000  4.291299e-023
856.600000  7.754333e-023
856.800000  5.814805e-023
857.000000  6.017561e-023
857.200000  9.205328e-023
857.400000  1.146455e-022
857.600000  9.416027e-023
857.800000  7.770522e-023
858.000000  9.164627e-023
858.200000  8.858474e-023
858.400000  8.396504e-023
858.600000  1.253293e-022
858.800000  1.340335e-022
859.000000  1.051681e-022
859.200000  8.820217e-023
859.400000  1.109091e-022
859.600000  1.154401e-022
859.800000  8.934319e-023
860.000000  8.321547e-023
860.200000  1.144322e-022
860.400000  1.051960e-022
860.600000  8.895355e-023
860.800000  1.011910e-022
861.000000  1.251014e-022
861.200000  1.027521e-022
861.400000  6.776291e-023
861.600000  9.416837e-023
861.800000  9.772288e-023
862.000000  5.888346e-023
862.200000  5.824089e-023
862.400000  9.275473e-023
862.600000  8.671264e-023
862.800000  6.544106e-023
863.000000  1.009502e-022
863.200000  1.257482e-022
863.400000  9.389626e-023
863.600000  6.972278e-023
863.800000  1.020230e-022
864.000000  1.090342e-022
864.200000  8.045701e-023
864.400000  8.043219e-023
864.600000  9.556326e-023
864.800000  7.804381e-023
865.000000  5.006488e-023
865.200000  6.102388e-023
865.400000  1.011739e-022
865.600000  9.968386e-023
865.800000  1.022553e-022
866.000000  1.540383e-022
866.200000  1.433586e-022
866.400000  1.157901e-022
866.600000  1.243625e-022
866.800000  1.378749e-022
867.000000  1.242895e-022
867.200000  1.013839e-022
867.400000  1.219406e-022
867.600000  1.188547e-022
867.800000  8.801397e-023
868.000000  7.802802e-023
868.200000  1.135148e-022
868.400000  9.555825e-023
868.600000  5.772876e-023
868.800000  5.320808e-023
869.000000  9.015915e-023
869.200000  8.078059e-023
869.400000  7.334368e-023
869.600000  1.101458e-022
869.800000  1.448299e-022
870.000000  1.200340e-022
870.200000  1.007428e-022
870.400000  1.483636e-022
870.600000  1.557458e-022
870.800000  1.399210e-022
871.000000  1.539703e-022
871.200000  1.845514e-022
871.400000  1.640907e-022
871.600000  1.558807e-022
871.800000  1.807549e-022
872.000000  1.945238e-022
872.200000  1.582355e-022
872.400000  1.607912e-022
872.600000  1.984637e-022
872.800000  1.925336e-022
873.000000  1.448494e-022
873.200000  1.473844e-022
873.400000  1.574319e-022
873.600000  1.431518e-022
873.800000  1.265911e-022
874.000000  1.668380e-022
874.200000  1.699659e-022
874.400000  1.464556e-022
874.600000  1.559915e-022
874.800000  1.886317e-022
875.000000  1.760859e-022
875.200000  1.522071e-022
875.400000  1.576450e-022
875.600000  1.757310e-022
875.800000  1.640095e-022
876.000000  1.570804e-022
876.200000  1.782170e-022
876.400000  1.981467e-022
876.600000  1.833992e-022
876.800000  2.037014e-022
877.000000  2.593095e-022
877.200000  2.642475e-022
877.400000  2.438535e-022
877.600000  2.669001e-022
877.800000  2.744084e-022
878.000000  2.431432e-022
878.200000  2.275342e-022
878.400000  2.704289e-022
878.600000  2.734650e-022
878.800000  2.646375e-022
879.000000  2.861078e-022
879.200000  3.220683e-022
879.400000  2.875993e-022
879.600000  2.463022e-022
879.800000  2.518295e-022
880.000000  2.703243e-022
880.200000  2.408958e-022
880.400000  2.213069e-022
880.600000  2.527116e-022
880.800000  2.528871e-022
881.000000  2.590396e-022
881.200000  2.871404e-022
881.400000  3.236179e-022
881.600000  3.071773e-022
881.800000  2.742319e-022
882.000000  3.073649e-022
882.200000  3.354058e-022
882.400000  3.235343e-022
882.600000  2.924864e-022
882.800000  3.351492e-022
883.000000  3.398317e-022
883.200000  3.065543e-022
883.400000  3.144137e-022
883.600000  3.501508e-022
883.800000  3.511574e-022
884.000000  3.324087e-022
884.200000  3.594748e-022
884.400000  3.604647e-022
884.600000  3.183977e-022
884.800000  3.060618e-022
885.000000  3.338213e-022
885.200000  3.186673e-022
885.400000  2.972677e-022
885.600000  3.232763e-022
885.800000  3.484772e-022
886.000000  3.349677e-022
886.200000  3.303329e-022
886.400000  3.677521e-022
886.600000  3.604407e-022
886.800000  3.489242e-022
887.000000  3.604946e-022
887.200000  3.971985e-022
887.400000  3.779110e-022
887.600000  3.526458e-022
887.800000  3.437978e-022
888.000000  3.539956e-022
888.200000  3.337208e-022
888.400000  2.938760e-022
888.600000  3.213427e-022
888.800000  3.296091e-022
889.000000  3.175918e-022
889.200000  3.335207e-022
889.400000  3.829851e-022
889.600000  3.711959e-022
889.800000  3.489859e-022
890.000000  3.749853e-022
890.200000  4.059314e-022
890.400000  3.697391e-022
890.600000  3.254493e-022
890.800000  3.563617e-022
891.000000  3.855514e-022
891.200000  3.757687e-022
891.400000  3.801844e-022
891.600000  4.297076e-022
891.800000  4.362723e-022
892.000000  4.384715e-022
892.200000  4.617656e-022
892.400000  4.723835e-022
892.600000  4.208742e-022
892.800000  4.219033e-022
893.000000  4.951844e-022
893.200000  4.875791e-022
893.400000  4.843382e-022
893.600000  4.805968e-022
893.800000  4.909257e-022
894.000000  4.889070e-022
894.200000  4.691024e-022
894.400000  5.140945e-022
894.600000  5.389723e-022
894.800000  5.282910e-022
895.000000  5.263083e-022
895.200000  5.702340e-022
895.400000  5.812899e-022
895.600000  5.656936e-022
895.800000  5.684079e-022
896.000000  5.790473e-022
896.200000  5.614321e-022
896.400000  5.324499e-022
896.600000  5.480000e-022
896.800000  5.451738e-022
897.000000  5.139848e-022
897.200000  5.039275e-022
897.400000  5.483174e-022
897.600000  5.750392e-022
897.800000  5.754499e-022
898.000000  5.907719e-022
898.200000  6.320426e-022
898.400000  6.044891e-022
898.600000  6.031217e-022
898.800000  6.491259e-022
899.000000  6.525475e-022
899.200000  6.057535e-022
899.400000  6.081696e-022
899.600000  6.495286e-022
899.800000  6.685894e-022
900.000000  6.457366e-022
900.200000  6.549464e-022
900.400000  6.832024e-022
900.600000  6.863594e-022
900.800000  6.860095e-022
901.000000  7.462502e-022
901.200000  7.719004e-022
901.400000  7.624819e-022
901.600000  7.845510e-022
901.800000  8.201239e-022
902.000000  8.040412e-022
902.200000  7.811754e-022
902.400000  8.004110e-022
902.600000  8.198478e-022
902.800000  8.101454e-022
903.000000  7.872339e-022
903.200000  8.260864e-022
903.400000  8.294944e-022
903.600000  8.264135e-022
903.800000  8.358716e-022
904.000000  8.847044e-022
904.200000  8.879950e-022
904.400000  8.717037e-022
904.600000  8.946076e-022
904.800000  9.240909e-022
905.000000  9.240718e-022
905.200000  9.275828e-022
905.400000  9.936388e-022
905.600000  1.029793e-021
905.800000  1.016645e-021
906.000000  1.023520e-021
906.200000  1.060015e-021
906.400000  1.063289e-021
906.600000  1.059958e-021
906.800000  1.096907e-021
907.000000  1.130050e-021
907.200000  1.119768e-021
907.400000  1.121147e-021
907.600000  1.151877e-021
907.800000  1.143902e-021
908.000000  1.110602e-021
908.200000  1.128217e-021
908.400000  1.167847e-021
908.600000  1.164637e-021
908.800000  1.139512e-021
909.000000  1.186982e-021
909.200000  1.226378e-021
909.400000  1.202063e-021
909.600000  1.172163e-021
909.800000  1.219335e-021
910.000000  1.273087e-021
910.200000  1.308761e-021
910.400000  1.376714e-021
910.600000  1.478119e-021
910.800000  1.537534e-021
911.000000  1.604003e-021
911.200000  1.721408e-021
911.400000  1.839671e-021
911.600000  1.929805e-021
911.800000  2.042560e-021
912.000000  2.239101e-021
912.200000  2.416641e-021
912.400000  2.627469e-021
912.600000  2.876228e-021
912.800000  3.180005e-021
913.000000  3.450807e-021
913.200000  3.714550e-021
913.400000  4.117730e-021
913.600000  4.412707e-021
913.800000  4.633345e-021
914.000000  4.854886e-021
914.200000  5.090807e-021
914.400000  5.158368e-021
914.600000  5.127500e-021
914.800000  5.102460e-021
915.000000  5.065966e-021
915.200000  4.944399e-021
915.400000  4.851868e-021
915.600000  4.841507e-021
915.800000  4.851918e-021
916.000000  4.761381e-021
916.200000  4.697776e-021
916.400000  4.648338e-021
916.600000  4.471263e-021
916.800000  4.207470e-021
917.000000  3.968242e-021
917.200000  3.740382e-021
917.400000  3.477959e-021
917.600000  3.211940e-021
917.800000  3.051246e-021
918.000000  2.866653e-021
918.200000  2.666265e-021
918.400000  2.506234e-021
918.600000  2.410817e-021
918.800000  2.313735e-021
919.000000  2.244170e-021
919.200000  2.272533e-021
919.400000  2.303353e-021
919.600000  2.325578e-021
919.800000  2.348789e-021
920.000000  2.406473e-021
920.200000  2.397835e-021
920.400000  2.327749e-021
920.600000  2.263594e-021
920.800000  2.183453e-021
921.000000  2.055557e-021
921.200000  1.927413e-021
921.400000  1.863399e-021
921.600000  1.829349e-021
921.800000  1.795734e-021
922.000000  1.794422e-021
922.200000  1.856859e-021
922.400000  1.913770e-021
922.600000  1.914498e-021
922.800000  1.953846e-021
923.000000  2.012197e-021
923.200000  2.043068e-021
923.400000  2.093406e-021
923.600000  2.176557e-021
923.800000  2.249045e-021
924.000000  2.318314e-021
924.200000  2.389577e-021
924.400000  2.527442e-021
924.600000  2.638251e-021
924.800000  2.746318e-021
925.000000  2.945650e-021
925.200000  3.206921e-021
925.400000  3.437139e-021
925.600000  3.603933e-021
925.800000  3.777118e-021
926.000000  3.929759e-021
926.200000  4.079104e-021
926.400000  4.146589e-021
926.600000  4.270716e-021
926.800000  4.294961e-021
927.000000  4.305935e-021
927.200000  4.357198e-021
927.400000  4.425116e-021
927.600000  4.390413e-021
927.800000  4.334496e-021
928.000000  4.374955e-021
928.200000  4.410118e-021
928.400000  4.381303e-021
928.600000  4.404620e-021
928.800000  4.497334e-021
929.000000  4.514767e-021
929.200000  4.557833e-021
929.400000  4.687302e-021
929.600000  4.874097e-021
929.800000  4.935615e-021
930.000000  4.975484e-021
930.200000  5.084843e-021
930.400000  5.139067e-021
930.600000  5.099225e-021
930.800000  5.068591e-021
931.000000  5.066782e-021
931.200000  4.928283e-021
931.400000  4.721238e-021
931.600000  4.614433e-021
931.800000  4.526660e-021
932.000000  4.386765e-021
932.200000  4.293860e-021
932.400000  4.293446e-021
932.600000  4.259130e-021
932.800000  4.199945e-021
933.000000  4.193480e-021
933.200000  4.317388e-021
933.400000  4.352227e-021
933.600000  4.398224e-021
933.800000  4.517102e-021
934.000000  4.675477e-021
934.200000  4.766391e-021
934.400000  4.888995e-021
934.600000  5.088750e-021
934.800000  5.199057e-021
935.000000  5.268784e-021
935.200000  5.394150e-021
935.400000  5.609245e-021
935.600000  5.753174e-021
935.800000  5.886911e-021
936.000000  6.167238e-021
936.200000  6.521739e-021
936.400000  6.824498e-021
936.600000  7.149228e-021
936.800000  7.560529e-021
937.000000  7.781928e-021
937.200000  7.771420e-021
937.400000  7.724341e-021
937.600000  7.665110e-021
937.800000  7.463466e-021
938.000000  7.199346e-021
938.200000  7.082407e-021
938.400000  6.950151e-021
938.600000  6.780080e-021
938.800000  6.779220e-021
939.000000  7.023996e-021
939.200000  7.187690e-021
939.400000  7.360123e-021
939.600000  7.718946e-021
939.800000  8.166999e-021
940.000000  8.495494e-021
940.200000  8.862158e-021
940.400000  9.322792e-021
940.600000  9.750633e-021
940.800000  9.959776e-021
941.000000  1.016398e-020
941.200000  1.045097e-020
941.400000  1.062077e-020
941.600000  1.057635e-020
941.800000  1.047750e-020
942.000000  1.030435e-020
942.200000  9.814114e-021
942.400000  9.194103e-021
942.600000  8.548286e-021
942.800000  7.860149e-021
943.000000  7.132952e-021
943.200000  6.496437e-021
943.400000  6.042232e-021
943.600000  5.476455e-021
943.800000  5.014491e-021
944.000000  4.691806e-021
944.200000  4.477994e-021
944.400000  4.236055e-021
944.600000  3.953207e-021
944.800000  3.797418e-021
945.000000  3.634419e-021
945.200000  3.456340e-021
945.400000  3.291199e-021
945.600000  3.156427e-021
945.800000  2.981255e-021
946.000000  2.799802e-021
946.200000  2.647381e-021
946.400000  2.513055e-021
946.600000  2.333808e-021
946.800000  2.191972e-021
947.000000  2.089759e-021
947.200000  2.023866e-021
947.400000  1.933259e-021
947.600000  1.867798e-021
947.800000  1.851107e-021
948.000000  1.818039e-021
948.200000  1.788034e-021
948.400000  1.806310e-021
948.600000  1.822364e-021
948.800000  1.792491e-021
949.000000  1.753367e-021
949.200000  1.742789e-021
949.400000  1.705164e-021
949.600000  1.662236e-021
949.800000  1.665260e-021
950.000000  1.686327e-021
950.200000  1.663399e-021
950.400000  1.626275e-021
950.600000  1.637908e-021
950.800000  1.650366e-021
951.000000  1.616479e-021
951.200000  1.570845e-021
951.400000  1.585345e-021
951.600000  1.559190e-021
951.800000  1.507672e-021
952.000000  1.477876e-021
952.200000  1.469374e-021
952.400000  1.414006e-021
952.600000  1.348221e-021
952.800000  1.317954e-021
953.000000  1.282046e-021
953.200000  1.205318e-021
953.400000  1.165342e-021
953.600000  1.194208e-021
953.800000  1.214824e-021
954.000000  1.201851e-021
954.200000  1.206588e-021
954.400000  1.236990e-021
954.600000  1.243456e-021
954.800000  1.235067e-021
955.000000  1.261653e-021
955.200000  1.308478e-021
955.400000  1.375666e-021
955.600000  1.416787e-021
955.800000  1.438243e-021
956.000000  1.444962e-021
956.200000  1.439772e-021
956.400000  1.392227e-021
956.600000  1.341799e-021
956.800000  1.313194e-021
957.000000  1.311704e-021
957.200000  1.334422e-021
957.400000  1.390612e-021
957.600000  1.447485e-021
957.800000  1.495516e-021
958.000000  1.527193e-021
958.200000  1.552883e-021
958.400000  1.580795e-021
958.600000  1.587288e-021
958.800000  1.584582e-021
959.000000  1.558037e-021
959.200000  1.520073e-021
959.400000  1.469064e-021
959.600000  1.422689e-021
959.800000  1.388157e-021
960.000000  1.313636e-021
960.200000  1.224818e-021
960.400000  1.165609e-021
960.600000  1.112377e-021
960.800000  1.055841e-021
961.000000  9.959113e-022
961.200000  9.503158e-022
961.400000  8.873945e-022
961.600000  8.423614e-022
961.800000  8.185876e-022
962.000000  7.919434e-022
962.200000  7.594008e-022
962.400000  7.419040e-022
962.600000  7.508574e-022
962.800000  7.387740e-022
963.000000  7.272465e-022
963.200000  7.422087e-022
963.400000  7.715070e-022
963.600000  8.009614e-022
963.800000  8.247646e-022
964.000000  8.396139e-022
964.200000  8.605589e-022
964.400000  8.756617e-022
964.600000  9.116709e-022
964.800000  9.507282e-022
965.000000  1.015505e-021
965.200000  1.083636e-021
965.400000  1.152217e-021
965.600000  1.228603e-021
965.800000  1.296263e-021
966.000000  1.328166e-021
966.010000  1.440341e-021
966.020000  1.441384e-021
966.030000  1.437187e-021
966.040000  1.426024e-021
966.050000  1.437527e-021
966.060000  1.450801e-021
966.070000  1.457095e-021
966.080000  1.456386e-021
966.090000  1.438207e-021
966.100000  1.425315e-021
966.110000  1.426357e-021
966.120000  1.460552e-021
966.130000  1.456344e-021
966.140000  1.431219e-021
966.150000  1.432260e-021
966.160000  1.436781e-021
966.170000  1.443047e-021
966.180000  1.473802e-021
966.190000  1.462586e-021
966.200000  1.430505e-021
966.210000  1.415290e-021
966.220000  1.410491e-021
966.230000  1.403965e-021
966.240000  1.414754e-021
966.250000  1.408220e-021
966.260000  1.413818e-021
966.270000  1.440312e-021
966.280000  1.426782e-021
966.290000  1.448114e-021
966.300000  1.457274e-021
966.310000  1.433222e-021
966.320000  1.404065e-021
966.330000  1.402727e-021
966.340000  1.408330e-021
966.350000  1.438342e-021
966.360000  1.486155e-021
966.370000  1.484816e-021
966.380000  1.488771e-021
966.390000  1.485665e-021
966.400000  1.502007e-021
966.410000  1.529979e-021
966.420000  1.542015e-021
966.430000  1.534433e-021
966.440000  1.523300e-021
966.450000  1.512190e-021
966.460000  1.533094e-021
966.470000  1.548720e-021
966.480000  1.535769e-021
966.490000  1.521070e-021
966.500000  1.501089e-021
966.510000  1.497100e-021
966.520000  1.537554e-021
966.530000  1.542466e-021
966.540000  1.550964e-021
966.550000  1.557684e-021
966.560000  1.566210e-021
966.570000  1.585558e-021
966.580000  1.623115e-021
966.590000  1.664617e-021
966.600000  1.695398e-021
966.610000  1.722007e-021
966.620000  1.717202e-021
966.630000  1.725355e-021
966.640000  1.714999e-021
966.650000  1.732411e-021
966.660000  1.762918e-021
966.670000  1.776739e-021
966.680000  1.758819e-021
966.690000  1.781975e-021
966.700000  1.808990e-021
966.710000  1.826695e-021
966.720000  1.825555e-021
966.730000  1.833854e-021
966.740000  1.825162e-021
966.750000  1.808963e-021
966.760000  1.826655e-021
966.770000  1.857666e-021
966.780000  1.862208e-021
966.790000  1.847788e-021
966.800000  1.839078e-021
966.810000  1.851322e-021
966.820000  1.871188e-021
966.830000  1.902583e-021
966.840000  1.901566e-021
966.850000  1.902460e-021
966.860000  1.899533e-021
966.870000  1.917644e-021
966.880000  1.958939e-021
966.890000  1.981123e-021
966.900000  2.011192e-021
966.910000  2.019894e-021
966.920000  2.026651e-021
966.930000  2.051068e-021
966.940000  2.073619e-021
966.950000  2.112139e-021
966.960000  2.117009e-021
966.970000  2.123872e-021
966.980000  2.130742e-021
966.990000  2.153614e-021
967.000000  2.184631e-021
967.010000  2.215478e-021
967.020000  2.203870e-021
967.030000  2.196321e-021
967.040000  2.184744e-021
967.050000  2.193353e-021
967.060000  2.216173e-021
967.070000  2.251363e-021
967.080000  2.266262e-021
967.090000  2.268880e-021
967.100000  2.261238e-021
967.110000  2.286478e-021
967.120000  2.299440e-021
967.130000  2.322818e-021
967.140000  2.350492e-021
967.150000  2.355275e-021
967.160000  2.374744e-021
967.170000  2.409082e-021
967.180000  2.426662e-021
967.190000  2.433669e-021
967.200000  2.459895e-021
967.210000  2.477177e-021
967.220000  2.513924e-021
967.230000  2.524888e-021
967.240000  2.535874e-021
967.250000  2.542538e-021
967.260000  2.551385e-021
967.270000  2.586470e-021
967.280000  2.628418e-021
967.290000  2.655143e-021
967.300000  2.666407e-021
967.310000  2.682158e-021
967.320000  2.700195e-021
967.330000  2.729545e-021
967.340000  2.756798e-021
967.350000  2.786472e-021
967.360000  2.804876e-021
967.370000  2.793610e-021
967.380000  2.837277e-021
967.390000  2.885959e-021
967.400000  2.939795e-021
967.410000  2.961406e-021
967.420000  2.952438e-021
967.430000  2.981187e-021
967.440000  2.988735e-021
967.450000  3.036767e-021
967.460000  3.078012e-021
967.470000  3.122014e-021
967.480000  3.132191e-021
967.490000  3.137511e-021
967.500000  3.177099e-021
967.510000  3.202162e-021
967.520000  3.247217e-021
967.530000  3.262621e-021
967.540000  3.273064e-021
967.550000  3.298584e-021
967.560000  3.367348e-021
967.570000  3.393331e-021
967.580000  3.434902e-021
967.590000  3.474204e-021
967.600000  3.490277e-021
967.610000  3.505653e-021
967.620000  3.552664e-021
967.630000  3.584150e-021
967.640000  3.621184e-021
967.650000  3.639656e-021
967.660000  3.658196e-021
967.670000  3.636377e-021
967.680000  3.676509e-021
967.690000  3.716963e-021
967.700000  3.777026e-021
967.710000  3.776730e-021
967.720000  3.815217e-021
967.730000  3.842805e-021
967.740000  3.907224e-021
967.750000  3.981082e-021
967.760000  4.155529e-021
967.770000  4.197043e-021
967.780000  4.175371e-021
967.790000  4.224897e-021
967.800000  4.263827e-021
967.810000  4.342042e-021
967.820000  4.437328e-021
967.830000  4.487051e-021
967.840000  4.545506e-021
967.850000  4.577358e-021
967.860000  4.639012e-021
967.870000  4.710179e-021
967.880000  4.804213e-021
967.890000  4.832333e-021
967.900000  4.834949e-021
967.910000  4.858419e-021
967.920000  4.903678e-021
967.930000  5.003027e-021
967.940000  5.051286e-021
967.950000  5.126279e-021
967.960000  5.176653e-021
967.970000  5.220098e-021
967.980000  5.280757e-021
967.990000  5.376488e-021
968.000000  5.477294e-021
968.010000  5.526828e-021
968.020000  5.613570e-021
968.030000  5.616938e-021
968.040000  5.677304e-021
968.050000  5.805411e-021
968.060000  5.905756e-021
968.070000  6.060656e-021
968.080000  6.105502e-021
968.090000  6.126421e-021
968.100000  6.243800e-021
968.110000  6.410817e-021
968.120000  6.530228e-021
968.130000  6.650496e-021
968.140000  6.655409e-021
968.150000  6.734936e-021
968.160000  6.831538e-021
968.170000  6.987679e-021
968.180000  7.145322e-021
968.190000  7.167291e-021
968.200000  7.274982e-021
968.210000  7.415782e-021
968.220000  7.487984e-021
968.230000  7.701162e-021
968.240000  7.872552e-021
968.250000  7.902030e-021
968.260000  7.967437e-021
968.270000  8.024086e-021
968.280000  8.126214e-021
968.290000  8.293038e-021
968.300000  8.461634e-021
968.310000  8.557263e-021
968.320000  8.691029e-021
968.330000  8.816440e-021
968.340000  8.981112e-021
968.350000  9.128156e-021
968.360000  9.286336e-021
968.370000  9.406677e-021
968.380000  9.518009e-021
968.390000  9.550441e-021
968.400000  9.632774e-021
968.410000  9.811775e-021
968.420000  9.962285e-021
968.430000  1.011432e-020
968.440000  1.021594e-020
968.450000  1.028696e-020
968.460000  1.041078e-020
968.470000  1.057809e-020
968.480000  1.077956e-020
968.490000  1.085333e-020
968.500000  1.093836e-020
968.510000  1.111169e-020
968.520000  1.120929e-020
968.530000  1.138580e-020
968.540000  1.151910e-020
968.550000  1.163080e-020
968.560000  1.174335e-020
968.570000  1.183364e-020
968.580000  1.204109e-020
968.590000  1.225142e-020
968.600000  1.242866e-020
968.610000  1.259587e-020
968.620000  1.266708e-020
968.630000  1.272638e-020
968.640000  1.282286e-020
968.650000  1.300703e-020
968.660000  1.319348e-020
968.670000  1.331848e-020
968.680000  1.339326e-020
968.690000  1.349417e-020
968.700000  1.363473e-020
968.710000  1.381603e-020
968.720000  1.394636e-020
968.730000  1.403774e-020
968.740000  1.412969e-020
968.750000  1.419520e-020
968.760000  1.436981e-020
968.770000  1.440901e-020
968.780000  1.448953e-020
968.790000  1.463982e-020
968.800000  1.469370e-020
968.810000  1.475225e-020
968.820000  1.488140e-020
968.830000  1.501160e-020
968.840000  1.504275e-020
968.850000  1.518864e-020
968.860000  1.517693e-020
968.870000  1.523720e-020
968.880000  1.521104e-020
968.890000  1.541667e-020
968.900000  1.544855e-020
968.910000  1.542201e-020
968.920000  1.548316e-020
968.930000  1.541276e-020
968.940000  1.543001e-020
968.950000  1.553517e-020
968.960000  1.559671e-020
968.970000  1.556991e-020
968.980000  1.548451e-020
968.990000  1.545793e-020
969.000000  1.544600e-020
969.010000  1.547609e-020
969.020000  1.541860e-020
969.030000  1.531786e-020
969.040000  1.531874e-020
969.050000  1.527628e-020
969.060000  1.516216e-020
969.070000  1.517737e-020
969.080000  1.510674e-020
969.090000  1.495147e-020
969.100000  1.482576e-020
969.110000  1.475675e-020
969.120000  1.467420e-020
969.130000  1.460589e-020
969.140000  1.463441e-020
969.150000  1.440193e-020
969.160000  1.432129e-020
969.170000  1.420069e-020
969.180000  1.413450e-020
969.190000  1.404196e-020
969.200000  1.387085e-020
969.210000  1.373405e-020
969.220000  1.361130e-020
969.230000  1.346375e-020
969.240000  1.324142e-020
969.250000  1.315992e-020
969.260000  1.307879e-020
969.270000  1.292342e-020
969.280000  1.275722e-020
969.290000  1.258053e-020
969.300000  1.244177e-020
969.310000  1.236392e-020
969.320000  1.225068e-020
969.330000  1.200881e-020
969.340000  1.181672e-020
969.350000  1.162686e-020
969.360000  1.151847e-020
969.370000  1.139948e-020
969.380000  1.124778e-020
969.390000  1.109745e-020
969.400000  1.089375e-020
969.410000  1.075331e-020
969.420000  1.063562e-020
969.430000  1.052949e-020
969.440000  1.029754e-020
969.450000  1.015208e-020
969.460000  9.966823e-021
969.470000  9.783796e-021
969.480000  9.673365e-021
969.490000  9.573748e-021
969.500000  9.425102e-021
969.510000  9.327103e-021
969.520000  9.112654e-021
969.530000  9.016650e-021
969.540000  8.911657e-021
969.550000  8.816919e-021
969.560000  8.609502e-021
969.570000  8.451339e-021
969.580000  8.294805e-021
969.590000  8.148990e-021
969.600000  8.077048e-021
969.610000  7.899596e-021
969.620000  7.840016e-021
969.630000  7.736240e-021
969.640000  7.580393e-021
969.650000  7.461000e-021
969.660000  7.411913e-021
969.670000  7.293898e-021
969.680000  7.193942e-021
969.690000  7.086171e-021
969.700000  6.937057e-021
969.710000  6.806113e-021
969.720000  6.742635e-021
969.730000  6.687717e-021
969.740000  6.616538e-021
969.750000  6.488452e-021
969.760000  6.353382e-021
969.770000  6.283840e-021
969.780000  6.254772e-021
969.790000  6.169731e-021
969.800000  6.045516e-021
969.810000  5.709601e-021
969.820000  5.596675e-021
969.830000  5.536771e-021
969.840000  5.487092e-021
969.850000  5.390854e-021
969.860000  5.305270e-021
969.870000  5.205522e-021
969.880000  5.130393e-021
969.890000  5.074527e-021
969.900000  5.008553e-021
969.910000  4.969022e-021
969.920000  4.866274e-021
969.930000  4.778178e-021
969.940000  4.686815e-021
969.950000  4.584757e-021
969.960000  4.571218e-021
969.970000  4.518564e-021
969.980000  4.433343e-021
969.990000  4.324239e-021
970.000000  4.268596e-021
970.010000  4.238383e-021
970.020000  4.219264e-021
970.030000  4.175043e-021
970.040000  4.113803e-021
970.050000  3.926627e-021
970.060000  3.852289e-021
970.070000  3.790035e-021
970.080000  3.736711e-021
970.090000  3.697484e-021
970.100000  3.628954e-021
970.110000  3.574554e-021
970.120000  3.510208e-021
970.130000  3.472596e-021
970.140000  3.453366e-021
970.150000  3.403281e-021
970.160000  3.343492e-021
970.170000  3.299457e-021
970.180000  3.258278e-021
970.190000  3.224854e-021
970.200000  3.179311e-021
970.210000  3.150457e-021
970.220000  3.104766e-021
970.230000  3.054684e-021
970.240000  2.997970e-021
970.250000  2.965429e-021
970.260000  2.956599e-021
970.270000  2.926672e-021
970.280000  2.894599e-021
970.290000  2.871988e-021
970.300000  2.824186e-021
970.310000  2.815617e-021
970.320000  2.802494e-021
970.330000  2.771220e-021
970.340000  2.717637e-021
970.350000  2.673518e-021
970.360000  2.651902e-021
970.370000  2.639218e-021
970.380000  2.655314e-021
970.390000  2.642624e-021
970.400000  2.568570e-021
970.410000  2.494037e-021
970.420000  2.454585e-021
970.430000  2.445135e-021
970.440000  2.416645e-021
970.450000  2.394635e-021
970.460000  2.360175e-021
970.470000  2.325961e-021
970.480000  2.304373e-021
970.490000  2.297305e-021
970.500000  2.292311e-021
970.510000  2.268835e-021
970.520000  2.241398e-021
970.530000  2.212091e-021
970.540000  2.199111e-021
970.550000  2.176101e-021
970.560000  2.161220e-021
970.570000  2.142392e-021
970.580000  2.111715e-021
970.590000  2.079262e-021
970.600000  2.048989e-021
970.610000  2.028238e-021
970.620000  2.015349e-021
970.630000  1.979212e-021
970.640000  1.956783e-021
970.650000  1.922940e-021
970.660000  1.900733e-021
970.670000  1.899546e-021
970.680000  1.890737e-021
970.690000  1.851606e-021
970.700000  1.824025e-021
970.710000  1.790969e-021
970.720000  1.772989e-021
970.730000  1.801690e-021
970.740000  1.821152e-021
970.750000  1.814323e-021
970.760000  1.786894e-021
970.770000  1.768907e-021
970.780000  1.752832e-021
970.790000  1.742361e-021
970.800000  1.704213e-021
970.810000  1.659320e-021
970.820000  1.620235e-021
970.830000  1.604867e-021
970.840000  1.585938e-021
970.850000  1.585044e-021
970.860000  1.566178e-021
970.870000  1.556321e-021
970.880000  1.521511e-021
970.890000  1.497539e-021
970.900000  1.484262e-021
970.910000  1.488671e-021
970.920000  1.480707e-021
970.930000  1.448117e-021
970.940000  1.434949e-021
970.950000  1.423558e-021
970.960000  1.427908e-021
970.970000  1.439274e-021
970.980000  1.441887e-021
970.990000  1.412991e-021
971.000000  1.399893e-021
971.010000  1.392243e-021
971.020000  1.381138e-021
971.030000  1.392600e-021
971.040000  1.404083e-021
971.050000  1.366969e-021
971.060000  1.302762e-021
971.070000  1.273187e-021
971.080000  1.279324e-021
971.090000  1.314440e-021
971.100000  1.332606e-021
971.110000  1.297765e-021
971.120000  1.263174e-021
971.130000  1.267603e-021
971.140000  1.268648e-021
971.150000  1.261239e-021
971.160000  1.250471e-021
971.170000  1.238049e-021
971.180000  1.212266e-021
971.190000  1.173331e-021
971.200000  1.171057e-021
971.210000  1.186451e-021
971.220000  1.190226e-021
971.230000  1.164117e-021
971.240000  1.143088e-021
971.250000  1.133653e-021
971.260000  1.137393e-021
971.270000  1.132904e-021
971.280000  1.123491e-021
971.290000  1.099372e-021
971.300000  1.078623e-021
971.310000  1.062824e-021
971.320000  1.063272e-021
971.330000  1.091368e-021
971.340000  1.083668e-021
971.350000  1.062993e-021
971.360000  1.044019e-021
971.370000  1.034784e-021
971.380000  1.036844e-021
971.390000  1.050210e-021
971.400000  1.055510e-021
971.410000  1.032731e-021
971.420000  9.988126e-022
971.430000  9.762486e-022
971.440000  9.712745e-022
971.450000  9.998698e-022
971.460000  9.996880e-022
971.470000  9.738945e-022
971.480000  9.434467e-022
971.490000  9.337261e-022
971.500000  9.398707e-022
971.510000  9.460270e-022
971.520000  9.506025e-022
971.530000  9.360901e-022
971.540000  9.010529e-022
971.550000  8.787880e-022
971.560000  8.801404e-022
971.570000  8.846424e-022
971.580000  8.765544e-022
971.590000  8.606256e-022
971.600000  8.494294e-022
971.610000  8.498798e-022
971.620000  8.425087e-022
971.630000  8.398337e-022
971.640000  8.371606e-022
971.650000  8.204664e-022
971.660000  8.069318e-022
971.670000  8.058305e-022
971.680000  8.264869e-022
971.690000  8.487872e-022
971.700000  8.414229e-022
971.710000  8.076307e-022
971.720000  7.987815e-022
971.730000  7.930413e-022
971.740000  8.043287e-022
971.750000  8.234108e-022
971.760000  8.114316e-022
971.770000  7.871135e-022
971.780000  7.690656e-022
971.790000  7.710542e-022
971.800000  7.776641e-022
971.810000  7.862728e-022
971.820000  7.840847e-022
971.830000  7.680439e-022
971.840000  7.581914e-022
971.850000  7.422414e-022
971.860000  7.416097e-022
971.870000  7.440353e-022
971.880000  7.403470e-022
971.890000  7.290367e-022
971.900000  7.390855e-022
971.910000  7.629346e-022
971.920000  7.745773e-022
971.930000  7.754732e-022
971.940000  7.533681e-022
971.950000  7.435652e-022
971.960000  7.444607e-022
971.970000  7.377279e-022
971.980000  7.416729e-022
971.990000  7.410427e-022
972.000000  7.419376e-022
972.010000  7.180732e-022
972.020000  6.958216e-022
972.030000  6.857167e-022
972.040000  7.134307e-022
972.050000  7.306339e-022
972.060000  7.540200e-022
972.070000  7.422759e-022
972.080000  7.016787e-022
972.090000  6.643932e-022
972.100000  6.693728e-022
972.110000  6.940053e-022
972.120000  6.853969e-022
972.130000  6.677493e-022
972.140000  6.591760e-022
972.150000  6.566274e-022
972.160000  6.616040e-022
972.170000  6.741325e-022
972.180000  6.655428e-022
972.190000  6.569640e-022
972.200000  6.393832e-022
972.210000  6.490039e-022
972.220000  6.526217e-022
972.230000  6.637815e-022
972.240000  6.568537e-022
972.250000  6.349026e-022
972.260000  6.205164e-022
972.270000  6.151310e-022
972.280000  6.322123e-022
972.290000  6.538772e-022
972.300000  6.544876e-022
972.310000  6.190257e-022
972.320000  5.942201e-022
972.330000  5.888520e-022
972.340000  6.133380e-022
972.350000  6.049611e-022
972.360000  5.995808e-022
972.370000  5.912210e-022
972.380000  5.620677e-022
972.390000  5.493187e-022
972.400000  5.721480e-022
972.410000  5.836152e-022
972.420000  5.727646e-022
972.430000  5.427040e-022
972.440000  5.349004e-022
972.450000  5.285840e-022
972.460000  5.488108e-022
972.470000  5.616976e-022
972.480000  5.420515e-022
972.490000  5.357300e-022
972.500000  5.500555e-022
972.510000  5.703421e-022
972.520000  5.936783e-022
972.530000  5.798584e-022
972.540000  5.468718e-022
972.550000  5.302522e-022
972.560000  5.415995e-022
972.570000  5.692262e-022
972.580000  5.865848e-022
972.590000  5.965511e-022
972.600000  5.931373e-022
972.610000  5.669005e-022
972.620000  5.496360e-022
972.630000  5.648430e-022
972.640000  5.579084e-022
972.650000  5.495111e-022
972.660000  5.440711e-022
972.670000  5.078644e-022
972.680000  4.908116e-022
972.690000  5.014632e-022
972.700000  5.311744e-022
972.710000  5.433754e-022
972.720000  5.262070e-022
972.730000  5.076386e-022
972.740000  4.993341e-022
972.750000  5.099971e-022
972.760000  5.309353e-022
972.770000  5.372534e-022
972.780000  5.157277e-022
972.790000  5.001215e-022
972.800000  4.860184e-022
972.810000  5.017308e-022
972.820000  5.160314e-022
972.830000  5.186589e-022
972.840000  5.168994e-022
972.850000  4.990852e-022
972.860000  5.031618e-022
972.870000  5.218606e-022
972.880000  5.347558e-022
972.890000  5.212663e-022
972.900000  4.961426e-022
972.910000  4.754900e-022
972.920000  4.824533e-022
972.930000  4.894269e-022
972.940000  5.168534e-022
972.950000  5.165561e-022
972.960000  4.987318e-022
972.970000  4.635592e-022
972.980000  4.415848e-022
972.990000  4.412875e-022
973.000000  4.597717e-022
973.010000  4.671644e-022
973.020000  4.542867e-022
973.030000  4.472138e-022
973.040000  4.488083e-022
973.050000  4.561847e-022
973.060000  4.635713e-022
973.070000  4.651703e-022
973.080000  4.494110e-022
973.090000  4.380217e-022
973.100000  4.338515e-022
973.110000  4.513072e-022
973.120000  4.789777e-022
973.130000  4.530532e-022
973.140000  4.330146e-022
973.150000  4.490215e-022
973.160000  4.578417e-022
973.170000  4.753757e-022
973.180000  4.987963e-022
973.190000  4.887533e-022
973.200000  4.874493e-022
973.210000  4.726713e-022
973.220000  4.869315e-022
973.230000  4.866728e-022
973.240000  4.878672e-022
973.250000  4.745505e-022
973.260000  4.612746e-022
973.270000  4.581352e-022
973.280000  4.752340e-022
973.290000  4.822230e-022
973.300000  4.964810e-022
973.310000  5.005813e-022
973.320000  4.858004e-022
973.330000  4.624040e-022
973.340000  4.563862e-022
973.350000  4.633443e-022
973.360000  4.804274e-022
973.370000  4.801714e-022
973.380000  4.755789e-022
973.390000  4.350365e-022
973.400000  4.347934e-022
973.410000  4.368220e-022
973.420000  4.748171e-022
973.430000  4.956645e-022
973.440000  4.846775e-022
973.450000  4.751596e-022
973.460000  4.714267e-022
973.470000  4.835716e-022
973.480000  5.073445e-022
973.490000  4.977862e-022
973.500000  4.911412e-022
973.510000  4.845063e-022
973.520000  4.966736e-022
973.530000  4.958203e-022
973.540000  4.891811e-022
973.550000  4.652567e-022
973.560000  4.428812e-022
973.570000  4.320292e-022
973.580000  4.369130e-022
973.590000  4.618822e-022
973.600000  4.667899e-022
973.610000  4.498069e-022
973.620000  4.471883e-022
973.630000  4.546122e-022
973.640000  4.591742e-022
973.650000  4.752693e-022
973.660000  4.711992e-022
973.670000  4.498692e-022
973.680000  4.343426e-022
973.690000  4.245711e-022
973.700000  4.205256e-022
973.710000  4.264874e-022
973.720000  4.367592e-022
973.730000  4.255431e-022
973.740000  4.043572e-022
973.750000  3.931991e-022
973.760000  4.048322e-022
973.770000  4.179275e-022
973.780000  4.324970e-022
973.790000  4.184104e-022
973.800000  4.000749e-022
973.810000  4.086420e-022
973.820000  4.272516e-022
973.830000  4.473686e-022
973.840000  4.617868e-022
973.850000  4.444928e-022
973.860000  4.401794e-022
973.870000  4.301272e-022
973.880000  4.301285e-022
973.890000  4.444982e-022
973.900000  4.502581e-022
973.910000  4.301326e-022
973.920000  4.043721e-022
973.930000  3.986662e-022
973.940000  4.000937e-022
973.950000  4.215363e-022
973.960000  4.244032e-022
973.970000  4.315757e-022
973.980000  4.172449e-022
973.990000  4.143846e-022
974.000000  4.129557e-022
974.200000  3.644410e-022
974.400000  3.762725e-022
974.600000  3.611265e-022
974.800000  3.662057e-022
975.000000  3.699690e-022
975.200000  3.913388e-022
975.400000  3.777895e-022
975.600000  3.842190e-022
975.800000  3.867131e-022
976.000000  3.756315e-022
976.200000  3.553173e-022
976.400000  3.653093e-022
976.600000  3.873536e-022
976.800000  3.934033e-022
977.000000  4.259381e-022
977.200000  4.943172e-022
977.400000  5.488457e-022
977.600000  5.537210e-022
977.800000  5.774485e-022
978.000000  6.137358e-022
978.200000  6.209047e-022
978.400000  6.007778e-022
978.600000  6.327678e-022
978.800000  6.524151e-022
979.000000  6.429495e-022
979.200000  6.401884e-022
979.400000  6.520975e-022
979.600000  6.808118e-022
979.800000  6.627081e-022
980.000000  6.636738e-022
980.200000  6.875293e-022
980.400000  6.584083e-022
980.600000  6.131210e-022
980.800000  5.911567e-022
981.000000  5.829661e-022
981.200000  5.543585e-022
981.400000  5.442517e-022
981.600000  5.621303e-022
981.800000  5.810793e-022
982.000000  5.605478e-022
982.200000  5.645681e-022
982.400000  5.815729e-022
982.600000  5.487644e-022
982.800000  5.036190e-022
983.000000  4.714511e-022
983.200000  4.307209e-022
983.400000  3.763493e-022
983.600000  3.607218e-022
983.800000  3.528279e-022
984.000000  3.622113e-022
984.200000  3.365504e-022
984.400000  3.390323e-022
984.600000  3.412382e-022
984.800000  3.371788e-022
985.000000  3.282491e-022
985.200000  3.391351e-022
985.400000  3.568158e-022
985.600000  3.394649e-022
985.800000  3.284150e-022
986.000000  3.543467e-022
986.200000  3.695974e-022
986.400000  3.268369e-022
986.600000  3.406688e-022
986.800000  3.630783e-022
987.000000  3.566639e-022
987.200000  3.533761e-022
987.400000  3.669689e-022
987.600000  3.671595e-022
987.800000  3.327487e-022
988.000000  3.127026e-022
988.200000  3.132934e-022
988.400000  2.831133e-022
988.600000  2.566290e-022
988.800000  2.831671e-022
989.000000  3.037600e-022
989.200000  2.900779e-022
989.400000  2.641371e-022
989.600000  2.567634e-022
989.800000  2.536256e-022
990.000000  2.443080e-022
990.200000  2.448831e-022
990.400000  2.699407e-022
990.600000  2.728782e-022
990.800000  2.510747e-022
991.000000  2.593108e-022
991.200000  2.763262e-022
991.400000  2.808081e-022
991.600000  2.785015e-022
991.800000  2.892089e-022
992.000000  2.850905e-022
992.200000  2.407051e-022
992.400000  2.268152e-022
992.600000  2.459657e-022
992.800000  2.546957e-022
993.000000  2.305402e-022
993.200000  2.507044e-022
993.400000  2.882421e-022
993.600000  3.016902e-022
993.800000  2.814672e-022
994.000000  2.607959e-022
994.200000  2.383869e-022
994.400000  2.074922e-022
994.600000  2.079379e-022
994.800000  2.132510e-022
995.000000  1.999585e-022
995.200000  1.950364e-022
995.400000  2.093310e-022
995.600000  2.189580e-022
995.800000  2.029595e-022
996.000000  2.000929e-022
996.200000  2.173904e-022
996.400000  2.300642e-022
996.600000  2.153786e-022
996.800000  2.220997e-022
997.000000  2.455726e-022
997.200000  2.450471e-022
997.400000  2.517687e-022
997.600000  3.119699e-022
997.800000  3.449279e-022
998.000000  3.498808e-022
998.200000  3.667038e-022
998.400000  3.934945e-022
998.600000  3.997971e-022
998.800000  3.627651e-022
999.000000  3.891448e-022
999.200000  4.298910e-022
999.400000  4.272217e-022
999.600000  4.184645e-022
999.800000  4.555358e-022
1000.000000  3.375591e-022
1000.200000  3.381263e-022
1000.400000  3.103767e-022
1000.600000  3.237905e-022
1000.800000  3.382069e-022
1001.000000  3.008935e-022
1001.200000  2.467627e-022
1001.400000  2.599377e-022
1001.600000  2.638187e-022
1001.800000  2.339550e-022
1002.000000  2.281809e-022
1002.200000  2.407191e-022
1002.400000  2.536692e-022
1002.600000  2.543419e-022
1002.800000  2.548738e-022
1003.000000  2.738471e-022
1003.200000  2.683427e-022
1003.400000  2.605256e-022
1003.600000  2.747803e-022
1003.800000  3.033548e-022
1004.000000  3.046473e-022
1004.200000  3.183069e-022
1004.400000  3.186216e-022
1004.600000  2.806220e-022
1004.800000  2.414723e-022
1005.000000  2.519477e-022
1005.200000  2.846702e-022
1005.400000  2.889493e-022
1005.600000  3.078144e-022
1005.800000  3.366968e-022
1006.000000  3.629471e-022
1006.200000  3.408696e-022
1006.400000  3.210631e-022
1006.600000  2.857765e-022
1006.800000  2.573031e-022
1007.000000  2.197282e-022
1007.200000  2.308745e-022
1007.400000  2.575556e-022
1007.600000  2.404539e-022
1007.800000  2.367185e-022
1008.000000  2.424860e-022
1008.200000  2.344402e-022
1008.400000  1.806085e-022
1008.600000  1.728044e-022
1008.800000  2.007621e-022
1009.000000  2.013726e-022
1009.200000  1.931068e-022
1009.400000  2.070147e-022
1009.600000  2.190876e-022
1009.800000  1.860254e-022
1010.000000  1.733590e-022
1010.200000  1.878747e-022
1010.400000  2.147341e-022
1010.600000  2.279841e-022
1010.800000  2.141553e-022
1011.000000  2.087875e-022
1011.200000  1.759598e-022
1011.400000  1.487450e-022
1011.600000  1.537249e-022
1011.800000  1.651994e-022
1012.000000  1.408130e-022
1012.200000  1.370934e-022
1012.400000  1.412913e-022
1012.600000  1.617561e-022
1012.800000  1.473901e-022
1013.000000  1.538498e-022
1013.200000  1.690763e-022
1013.400000  1.520507e-022
1013.600000  1.205405e-022
1013.800000  1.194950e-022
1014.000000  1.293333e-022
1014.200000  1.035292e-022
1014.400000  1.102042e-022
1014.600000  1.328982e-022
1014.800000  1.298297e-022
1015.000000  9.041784e-023
1015.200000  9.289919e-023
1015.400000  1.144238e-022
1015.600000  1.006656e-022
1015.800000  8.302465e-023
1016.000000  8.346535e-023
1016.200000  6.304799e-023
1016.400000  3.364408e-023
1016.600000  4.639412e-023
1016.800000  7.526031e-023
1017.000000  1.008536e-022
1017.200000  8.807372e-023
1017.400000  9.138044e-023
1017.600000  1.219685e-022
1017.800000  1.233638e-022
1018.000000  1.499874e-022
1018.200000  1.647956e-022
1018.400000  1.732769e-022
1018.600000  1.276090e-022
1018.800000  1.075986e-022
1019.000000  1.250941e-022
1019.200000  1.299607e-022
1019.400000  9.118727e-023
1019.600000  9.754035e-023
1019.800000  1.126285e-022
1020.000000  8.165684e-023
1020.200000  7.541984e-023
1020.400000  1.009047e-022
1020.600000  1.277965e-022
1020.800000  1.282165e-022
1021.000000  1.462145e-022
1021.200000  1.724484e-022
1021.400000  1.814822e-022
1021.600000  1.608483e-022
1021.800000  2.068443e-022
1022.000000  2.465056e-022
1022.200000  2.438850e-022
1022.400000  2.500426e-022
1022.600000  2.814887e-022
1022.800000  3.078517e-022
1023.000000  3.186619e-022
1023.200000  3.398223e-022
1023.400000  3.593097e-022
1023.600000  3.454403e-022
1023.800000  3.145246e-022
1024.000000  3.316121e-022
1024.200000  3.444002e-022
1024.400000  3.424741e-022
1024.600000  3.556015e-022
1024.800000  3.935327e-022
1025.000000  4.263485e-022
1025.200000  4.087240e-022
1025.400000  4.015302e-022
1025.600000  4.076623e-022
1025.800000  3.916562e-022
1026.000000  3.588503e-022
1026.200000  3.452157e-022
1026.400000  3.474588e-022
1026.600000  3.031340e-022
1026.800000  2.765656e-022
1027.000000  2.649950e-022
1027.200000  2.587171e-022
1027.400000  2.642548e-022
1027.600000  3.149138e-022
1027.800000  3.571161e-022
1028.000000  3.656301e-022
1028.200000  3.832895e-022
1028.400000  4.326884e-022
1028.600000  4.824406e-022
1028.800000  5.073869e-022
1029.000000  5.456127e-022
1029.200000  6.040805e-022
1029.400000  6.445308e-022
1029.600000  6.592557e-022
1029.800000  6.870290e-022
1030.000000  6.991819e-022
1030.200000  6.572845e-022
1030.400000  6.075775e-022
1030.600000  5.737093e-022
1030.800000  5.001564e-022
1031.000000  4.077956e-022
1031.200000  3.361468e-022
1031.400000  3.037786e-022
1031.600000  2.462234e-022
1031.800000  1.755215e-022
1032.000000  1.638701e-022
1032.200000  1.900983e-022
1032.400000  1.758598e-022
1032.600000  1.558189e-022
1032.800000  1.642256e-022
1033.000000  1.726651e-022
1033.200000  1.229569e-022
1033.400000  1.002071e-022
1033.600000  9.716768e-023
1033.800000  9.821206e-023
1034.000000  7.209539e-023
1034.200000  8.077885e-023
1034.400000  8.608915e-023
1034.600000  5.457578e-023
1034.800000  3.084549e-023
1035.000000  3.131868e-023
1035.200000  1.719943e-023
1035.400000  -2.135045e-024
1035.600000  -6.716863e-024
1035.800000  2.135927e-023
1036.000000  9.859384e-024
1036.200000  -3.724065e-024
1036.400000  8.201405e-024
1036.600000  2.266541e-023
1036.800000  2.701350e-023
1037.000000  1.171005e-023
1037.200000  3.161407e-023
1037.400000  1.577063e-023
1037.600000  -2.332053e-023
1037.800000  -2.566333e-023
1038.000000  -2.383549e-024
1038.200000  6.139588e-024
1038.400000  -1.271661e-023
1038.600000  9.872729e-024
1038.800000  3.490627e-023
1039.000000  3.225877e-023
1039.200000  2.309075e-023
1039.400000  3.017179e-023
1039.600000  2.661113e-023
1039.800000  -6.334822e-024
1040.000000  1.423796e-024
1040.200000  3.201686e-023
1040.400000  2.665464e-023
1040.600000  4.753212e-024
1040.800000  6.625170e-024
1041.000000  2.814816e-023
1041.200000  -1.212115e-025
1041.400000  -2.949305e-023
1041.600000  -2.063766e-023
1041.800000  -1.652934e-023
1042.000000  -4.282472e-023
1042.200000  -2.938565e-023
1042.400000  -1.191180e-023
1042.600000  -2.313805e-023
1042.800000  -1.639509e-023
1043.000000  -5.149414e-024
1043.200000  -8.226045e-024
1043.400000  -3.358122e-023
1043.600000  -4.654344e-023
1043.800000  -2.676937e-023
1044.000000  -1.864212e-023
1044.200000  -2.482787e-023
1044.400000  -5.717275e-024
1044.600000  3.520550e-023
1044.800000  3.209555e-023
1045.000000  4.319459e-023
1045.200000  6.221771e-023
1045.400000  7.212140e-023
1045.600000  3.130217e-023
1045.800000  2.608986e-023
1046.000000  4.685749e-023
1046.200000  3.890815e-023
1046.400000  -4.873902e-024
1046.600000  2.000132e-024
1046.800000  3.236402e-023
1047.000000  3.924469e-024
1047.200000  -5.237554e-024
1047.400000  -2.565578e-024
1047.600000  1.775268e-023
1047.800000  -1.955514e-023
1048.000000  -1.738022e-023
1048.200000  1.747474e-023
1048.400000  1.195877e-023
1048.600000  -2.306296e-023
1048.800000  -8.334950e-024
1049.000000  4.510901e-024
1049.200000  -1.901401e-024
1049.400000  -5.311685e-024
1049.600000  -2.444725e-024
1049.800000  2.268277e-024
1050.000000  -2.458464e-023
1050.200000  -5.966238e-024
1050.400000  -1.394913e-024
1050.600000  8.157063e-025
1050.800000  -7.117506e-024
1051.000000  -8.121795e-024
1051.200000  1.349959e-023
1051.400000  -3.912672e-024
1051.600000  -5.054276e-023
1051.800000  -2.927261e-023
1052.000000  -1.373231e-023
1052.200000  -4.555771e-023
1052.400000  -4.667697e-023
1052.600000  -3.571207e-024
1052.800000  -7.323307e-024
1053.000000  -3.424310e-023
1053.200000  -2.146994e-023
1053.400000  1.102258e-023
1053.600000  7.482420e-025
1053.800000  -3.481951e-023
1054.000000  -3.889573e-023
1054.200000  -3.702429e-023
1054.400000  -5.550382e-023
1054.600000  -3.353992e-023
1054.800000  -1.669569e-023
1055.000000  -3.623480e-023
1055.200000  -3.971755e-023
1055.400000  -1.758850e-023
1055.600000  -3.168586e-024
1055.800000  -3.073920e-023
1056.000000  -3.550111e-023
1056.200000  -2.395229e-023
1056.400000  -8.266081e-024
1056.600000  -2.441375e-023
1056.800000  2.117376e-024
1057.000000  1.681654e-023
1057.200000  1.267453e-023
1057.400000  -1.010387e-023
1057.600000  5.962364e-024
1057.800000  1.738449e-023
1058.000000  -6.625454e-024
1058.200000  -1.648858e-023
1058.400000  -1.528301e-023
1058.600000  -2.504155e-023
1058.800000  -5.042187e-023
1059.000000  -3.334337e-023
1059.200000  -4.855178e-024
1059.400000  -1.824215e-023
1059.600000  -4.521803e-023
1059.800000  -3.323602e-023
1060.000000  -4.463349e-024
1060.200000  -1.594993e-023
1060.400000  -3.256282e-023
1060.600000  3.564868e-024
1060.800000  -1.712924e-025
1061.000000  -2.934653e-023
1061.200000  -3.891240e-023
1061.400000  -2.929285e-023
1061.600000  -5.011085e-023
1061.800000  -4.958284e-023
1062.000000  -1.861266e-023
1062.200000  3.172858e-025
1062.400000  -2.558496e-023
1062.600000  -2.480563e-023
1062.800000  -7.130183e-024
1063.000000  -1.799170e-023
1063.200000  -5.140310e-023
1063.400000  -3.960229e-023
1063.600000  -3.693306e-023
1063.800000  -4.135443e-023
1064.000000  -4.315286e-023
1064.200000  -3.107493e-023
1064.400000  -1.490453e-023
1064.600000  -3.661391e-023
1064.800000  -1.727375e-023
1065.000000  1.650509e-023
1065.200000  9.676171e-024
1065.400000  -5.351488e-024
1065.600000  1.750939e-023
1065.800000  3.254741e-023
1066.000000  -4.703685e-024
1066.200000  -2.654305e-023
1066.400000  -1.027027e-023
1066.600000  9.253617e-024
1066.800000  -2.088951e-023
1067.000000  -7.522609e-024
1067.200000  2.332214e-023
1067.400000  2.779127e-023
1067.600000  1.140142e-023
1067.800000  6.564775e-024
1068.000000  1.052011e-023
1068.200000  -2.142387e-023
1068.400000  -3.128944e-023
1068.600000  -1.772716e-023
1068.800000  -6.525392e-024
1069.000000  -2.883457e-023
1069.200000  -1.085552e-023
1069.400000  2.223024e-023
1069.600000  2.755018e-023
1069.800000  6.054727e-024
1070.000000  2.310293e-024
1070.200000  1.335841e-023
1070.400000  -1.091203e-023
1070.600000  -1.503699e-023
1070.800000  5.224205e-025
1071.000000  3.842084e-024
1071.200000  -2.642238e-023
1071.400000  -1.710561e-023
1071.600000  -8.764232e-024
1071.800000  -2.023709e-023
1072.000000  -3.973476e-023
1072.200000  -2.333384e-023
1072.400000  -7.690149e-024
1072.600000  -1.375480e-023
1072.800000  -1.691780e-023
1073.000000  3.800058e-024
1073.200000  1.667433e-023
1073.400000  -9.276794e-024
1073.600000  -1.802673e-023
1073.800000  -1.313426e-023
1074.000000  -3.241384e-023
1074.200000  -4.111548e-023
1074.400000  -3.492582e-023
1074.600000  -3.252996e-023
1074.800000  -5.172873e-023
1075.000000  -5.614390e-023
1075.200000  -3.352460e-023
1075.400000  -3.845477e-023
1075.600000  -5.973757e-023
1075.800000  -4.024165e-023
1076.000000  -1.332373e-023
1076.200000  -2.674101e-023
1076.400000  -4.283049e-023
1076.600000  -3.295253e-023
1076.800000  -7.583062e-024
1077.000000  -1.586126e-023
1077.200000  -6.563749e-024
1077.400000  2.170830e-023
1077.600000  5.161129e-023
1077.800000  3.474657e-023
1078.000000  3.210257e-023
1078.200000  1.888250e-023
1078.400000  -5.000603e-024
1078.600000  -1.785963e-023
1078.800000  -1.093642e-023
1079.000000  -7.436231e-024
1079.200000  -3.383149e-023
1079.400000  -4.041131e-023
1079.600000  -1.994149e-023
1079.800000  -2.488999e-023
1080.000000  -2.286612e-023
1080.200000  8.412068e-024
1080.400000  3.648836e-023
1080.600000  2.277325e-023
1080.800000  -1.562387e-024
1081.000000  1.265536e-023
1081.200000  8.392138e-024
1081.400000  -1.378816e-023
1081.600000  -2.063337e-023
1081.800000  -8.850441e-024
1082.000000  -2.574829e-023
1082.200000  -3.768901e-023
1082.400000  -3.128721e-023
1082.600000  -3.106256e-023
1082.800000  -5.935852e-023
1083.000000  -5.521513e-023
1083.200000  -2.459519e-023
1083.400000  6.927693e-024
1083.600000  -1.349312e-023
1083.800000  -6.094094e-024
1084.000000  1.611173e-023
1084.200000  4.148065e-024
1084.400000  -1.584907e-023
1084.600000  -1.606851e-023
1084.800000  1.384184e-023
1085.000000  9.227296e-024
1085.200000  6.689312e-024
1085.400000  2.990451e-023
1085.600000  2.070970e-023
1085.800000  -1.442368e-023
1086.000000  -1.218996e-023
1086.200000  5.068582e-024
1086.400000  -1.014320e-023
1086.600000  -3.623729e-023
1086.800000  -2.191016e-023
1087.000000  5.318127e-025
1087.200000  -1.473058e-023
1087.400000  5.854491e-025
1087.600000  1.340202e-023
1087.800000  -5.979441e-024
1088.000000  -4.721490e-023
1088.200000  -3.670649e-023
1088.400000  4.401730e-024
1088.600000  -4.404740e-024
1088.800000  -1.230489e-023
1089.000000  1.548957e-023
1089.200000  3.447199e-023
1089.400000  -1.740006e-023
1089.600000  -3.131897e-023
1089.800000  -1.463457e-023
1090.000000  -1.782606e-024
1090.200000  -9.897187e-024
1090.400000  2.084594e-025
1090.600000  1.498277e-024
1090.800000  -5.577191e-024
1091.000000  -2.510798e-023
1091.200000  -8.028585e-024
1091.400000  2.692378e-024
1091.600000  -6.668248e-024
1091.800000  4.200368e-024
1092.000000  1.480727e-023
1092.200000  6.016149e-024
1092.400000  -2.713654e-023
1092.600000  -1.499582e-023
1092.800000  1.395980e-023
1093.000000  -2.757009e-024
1093.200000  -1.615392e-023
1093.400000  -1.365531e-023
1093.600000  -1.958498e-023
1093.800000  -6.246442e-023
1094.000000  -6.044894e-023
1094.200000  -2.689521e-023
1094.400000  -1.277652e-023
1094.600000  -1.250970e-023
1094.800000  5.741016e-024
1095.000000  1.888444e-023
1095.200000  -5.752845e-024
1095.400000  -1.560689e-023
1095.600000  1.399830e-023
1095.800000  2.565781e-023
1096.000000  1.685553e-023
1096.200000  2.618453e-023
1096.400000  5.688508e-023
1096.600000  6.153734e-023
1096.800000  4.869809e-023
1097.000000  4.827789e-023
1097.200000  5.655492e-023
1097.400000  2.482227e-023
1097.600000  1.076219e-023
1097.800000  2.819661e-023
1098.000000  4.146186e-023
1098.200000  1.247047e-023
1098.400000  8.130970e-024
1098.600000  2.963423e-023
1098.800000  3.557277e-023
1099.000000  2.096426e-023
1099.200000  1.693716e-023
1099.400000  3.846894e-023
1099.600000  2.236252e-023
1099.800000  7.834520e-024
1100.000000  1.382384e-023
1100.200000  -2.292753e-025
1100.400000  -2.989834e-023
1100.600000  -1.218720e-023
1100.800000  1.989303e-023
1101.000000  1.883730e-023
1101.200000  -1.167535e-024
1101.400000  1.319659e-023
1101.600000  2.814142e-023
1101.800000  2.170068e-023
1102.000000  3.189828e-023
1102.200000  4.664922e-023
1102.400000  3.640311e-023
1102.600000  -6.017074e-025
1102.800000  -2.140615e-024
1103.000000  3.880880e-024
1103.200000  5.013339e-024
1103.400000  8.955498e-024
1103.600000  2.793437e-023
1103.800000  5.192185e-023
1104.000000  2.598005e-023
1104.200000  2.419370e-023
1104.400000  4.180998e-023
1104.600000  2.220625e-023
1104.800000  -1.714091e-023
1105.000000  -1.960426e-023
1105.200000  -1.180553e-023
1105.400000  -5.478046e-023
1105.600000  -8.460627e-023
1105.800000  -5.484441e-023
1106.000000  -2.053479e-023
1106.200000  -5.702259e-023
1106.400000  -5.879714e-023
1106.600000  -2.693480e-023
1106.800000  -4.736386e-024
1107.000000  -1.636554e-023
1107.200000  -2.263990e-023
1107.400000  -1.251261e-023
1107.600000  -1.477608e-023
1107.800000  2.778106e-024
1108.000000  2.534233e-023
1108.200000  3.609906e-023
1108.400000  1.686535e-023
1108.600000  3.710931e-023
1108.800000  5.445402e-023
1109.000000  5.872949e-023
1109.200000  2.307367e-023
1109.400000  2.175853e-023
1109.600000  2.520377e-024
1109.800000  -3.106364e-023
1110.000000  -4.133391e-023
1110.200000  -1.593669e-023
1110.400000  8.053087e-024
1110.600000  -1.259186e-023
1110.800000  -1.357765e-023
1111.000000  -1.025571e-023
1111.200000  -7.913449e-024
1111.400000  -1.426684e-023
1111.600000  4.283487e-024
1111.800000  1.767232e-023
1112.000000  -2.952942e-023
1112.200000  -5.813556e-023
1112.400000  -4.417053e-023
1112.600000  -4.452330e-023
1112.800000  -7.183603e-023
1113.000000  -6.908306e-023
1113.200000  -4.095047e-023
1113.400000  -3.387660e-023
1113.600000  -3.738376e-023
1113.800000  -9.338788e-024
1114.000000  9.007705e-024
1114.200000  -1.107924e-023
1114.400000  -1.079807e-023
1114.600000  9.263801e-024
1114.800000  1.346027e-023
1115.000000  -1.303305e-023
1115.200000  -8.639201e-024
1115.400000  9.370996e-024
1115.600000  -2.135547e-024
1115.800000  4.308550e-025
1116.000000  2.472976e-023
1116.200000  7.115566e-023
1116.400000  6.456928e-023
1116.600000  2.518627e-023
1116.800000  4.796676e-023
1117.000000  4.082764e-023
1117.200000  1.378184e-023
1117.400000  5.991030e-024
1117.600000  3.334436e-023
1117.800000  1.705362e-023
1118.000000  -1.813978e-024
1118.200000  -5.921578e-024
1118.400000  1.227462e-023
1118.600000  2.074062e-023
1118.800000  1.468189e-023
1119.000000  3.287736e-024
1119.200000  1.306033e-023
1119.400000  7.020301e-024
1119.600000  2.772164e-023
1119.800000  6.367525e-023
1120.000000  2.065765e-023
1120.200000  -7.652642e-024
1120.400000  2.235319e-023
1120.600000  3.961412e-023
1120.800000  2.855819e-023
1121.000000  3.354773e-023
1121.200000  4.796705e-023
1121.400000  1.795208e-023
1121.600000  -7.986068e-024
1121.800000  -1.334379e-025
1122.000000  4.933792e-024
1122.200000  -2.182540e-023
1122.400000  -1.180291e-023
1122.600000  8.279629e-024
1122.800000  1.303573e-023
1123.000000  3.620716e-024
1123.200000  9.557711e-024
1123.400000  2.375613e-023
1123.600000  2.046125e-024
1123.800000  -3.027090e-023
1124.000000  -2.723665e-023
1124.200000  6.963602e-024
1124.400000  8.659956e-024
1124.600000  7.527932e-024
1124.800000  2.681895e-023
1125.000000  5.617316e-023
1125.200000  6.453830e-023
1125.400000  1.102891e-022
1125.600000  1.285794e-022
1125.800000  9.960264e-023
1126.000000  3.428691e-023
1126.200000  5.345634e-025
1126.400000  -2.415101e-023
1126.600000  -7.061685e-023
1126.800000  -8.550523e-023
1127.000000  -6.249559e-023
1127.200000  -5.649269e-023
1127.400000  -5.748046e-023
1127.600000  -3.079726e-023
1127.800000  -1.562022e-023
1128.000000  -1.744463e-023
1128.200000  -2.658955e-023
1128.400000  -7.075152e-024
1128.600000  -2.846814e-024
1128.800000  -2.960113e-023
1129.000000  -4.218744e-023
1129.200000  -5.244983e-023
1129.400000  -5.563949e-023
1129.600000  -3.927795e-023
1129.800000  -2.704040e-023
1130.000000  -2.701361e-023
1130.200000  -6.527734e-023
1130.400000  -8.500366e-023
1130.600000  -6.713778e-023
1130.800000  -5.255064e-023
1131.000000  -7.621937e-023
1131.200000  -6.698731e-023
1131.400000  -3.375280e-023
1131.600000  -1.755840e-023
1131.800000  -2.210488e-023
1132.000000  -1.618023e-023
1132.200000  -6.479633e-024
1132.400000  -3.212920e-023
1132.600000  -5.000761e-023
1132.800000  -3.945916e-023
1133.000000  -3.464189e-023
1133.200000  -7.224597e-023
1133.400000  -8.397962e-023
1133.600000  -6.988784e-023
1133.800000  -7.626526e-023
1134.000000  -8.858146e-023
1134.200000  -8.092586e-023
1134.400000  -6.663283e-023
1134.600000  -8.315124e-023
1134.800000  -9.561572e-023
1135.000000  -6.251859e-023
1135.200000  -5.248627e-023
1135.400000  -7.489096e-023
1135.600000  -8.485112e-023
1135.800000  -7.774294e-023
1136.000000  -1.038043e-022
1136.200000  -1.376075e-022
1136.400000  -1.366104e-022
1136.600000  -1.324121e-022
1136.800000  -1.384232e-022
1137.000000  -1.275811e-022
1137.200000  -9.049963e-023
1137.400000  -8.991459e-023
1137.600000  -1.148486e-022
1137.800000  -9.934114e-023
1138.000000  -7.499990e-023
1138.200000  -8.863849e-023
1138.400000  -1.011654e-022
1138.600000  -9.095904e-023
1138.800000  -6.524140e-023
1139.000000  -7.833674e-023
1139.200000  -8.909591e-023
1139.400000  -6.705424e-023
1139.600000  -6.812889e-023
1139.800000  -9.981149e-023
1140.000000  -9.675620e-023
1140.200000  -8.777175e-023
1140.400000  -9.495352e-023
1140.600000  -1.026955e-022
1140.800000  -7.213764e-023
1141.000000  -6.186426e-023
1141.200000  -9.605938e-023
1141.400000  -1.139194e-022
1141.600000  -1.144104e-022
1141.800000  -1.210652e-022
1142.000000  -1.395279e-022
1142.200000  -1.350982e-022
1142.400000  -1.202457e-022
1142.600000  -1.352153e-022
1142.800000  -1.589028e-022
1143.000000  -1.409094e-022
1143.200000  -1.321629e-022
1143.400000  -1.461284e-022
1143.600000  -1.435544e-022
1143.800000  -1.173058e-022
1144.000000  -1.114703e-022
1144.200000  -1.260162e-022
1144.400000  -1.209620e-022
1144.600000  -1.245642e-022
1144.800000  -1.390791e-022
1145.000000  -1.491168e-022
1145.200000  -1.537765e-022
1145.400000  -1.196986e-022
1145.600000  -1.372428e-022
1145.800000  -1.400311e-022
1146.000000  -1.207478e-022
1146.200000  -1.233612e-022
1146.400000  -1.444324e-022
1146.600000  -1.212930e-022
1146.800000  -7.480559e-023
1147.000000  -7.597588e-023
1147.200000  -8.141985e-023
1147.400000  -7.718240e-023
1147.600000  -1.151470e-022
1147.800000  -1.543153e-022
1148.000000  -1.455126e-022
1148.200000  -1.233215e-022
1148.400000  -1.186715e-022
1148.600000  -1.270303e-022
1148.800000  -1.153973e-022
1149.000000  -9.623117e-023
1149.200000  -1.354866e-022
1149.400000  -1.600886e-022
1149.600000  -1.467932e-022
1149.800000  -1.469842e-022
1150.000000  -1.596198e-022
