800.000000  NaN
800.200000  NaN
800.400000  NaN
800.600000  -5.027068e-028
800.800000  -7.369378e-028
801.000000  -6.071001e-028
801.200000  -3.119593e-028
801.400000  -4.205900e-028
801.600000  -6.768157e-028
801.800000  -5.527786e-028
802.000000  -4.244684e-028
802.200000  -6.865839e-028
802.400000  -7.234085e-028
802.600000  -3.958139e-028
802.800000  -3.159685e-028
803.000000  -4.682783e-028
803.200000  -2.869705e-028
803.400000  -1.400260e-028
803.600000  -2.921683e-028
803.800000  -2.828686e-028
804.000000  -2.996621e-029
804.200000  1.180077e-028
804.400000  -1.453944e-028
804.600000  -2.035198e-028
804.800000  1.988848e-028
805.000000  1.814315e-028
805.200000  -1.699368e-028
805.400000  -2.454593e-029
805.600000  1.647184e-028
805.800000  -1.428124e-028
806.000000  -2.143028e-028
806.200000  2.926373e-028
806.400000  5.005334e-028
806.600000  2.244674e-028
806.800000  2.538570e-028
807.000000  7.296649e-028
807.200000  6.608819e-028
807.400000  1.398459e-028
807.600000  3.815965e-028
807.800000  6.234785e-028
808.000000  9.414952e-029
808.200000  -3.547878e-028
808.400000  -2.887972e-028
808.600000  -4.713037e-028
808.800000  -8.630029e-028
809.000000  -7.511485e-028
809.200000  -3.127730e-028
809.400000  -5.694188e-028
809.600000  -8.128182e-028
809.800000  -3.917775e-028
810.000000  -1.392265e-028
810.200000  -4.530544e-028
810.400000  -3.016383e-028
810.600000  2.987209e-028
810.800000  2.600583e-028
811.000000  -3.047243e-028
811.200000  2.358431e-028
811.400000  9.698269e-028
811.600000  5.973736e-028
811.800000  -7.840304e-029
812.000000  1.023106e-028
812.200000  4.639640e-028
812.400000  -5.977599e-029
812.600000  -4.215618e-028
812.800000  3.688635e-028
813.000000  3.443088e-028
813.200000  -3.228851e-028
813.400000  -8.119575e-029
813.600000  4.765556e-028
813.800000  -8.189778e-029
814.000000  -5.711672e-028
814.200000  2.751523e-028
814.400000  3.382341e-028
814.600000  -5.214618e-028
814.800000  -9.144534e-028
815.000000  1.253908e-028
815.200000  -1.081020e-028
815.400000  -9.575962e-028
815.600000  -3.542885e-028
815.800000  7.691084e-028
816.000000  7.833253e-028
816.200000  2.422360e-028
816.400000  7.565482e-028
816.600000  8.375742e-028
816.800000  -2.391976e-028
817.000000  7.506010e-029
817.200000  1.032087e-027
817.400000  1.379033e-027
817.600000  1.102974e-027
817.800000  1.774615e-027
818.000000  2.217136e-027
818.200000  1.405056e-027
818.400000  7.172807e-028
818.600000  1.909947e-027
818.800000  2.043939e-027
819.000000  9.640192e-028
819.200000  4.937688e-028
819.400000  1.211648e-027
819.600000  6.717531e-028
819.800000  -2.805163e-028
820.000000  4.014967e-028
820.200000  1.255825e-027
820.400000  5.333165e-028
820.600000  2.329032e-028
820.800000  1.840535e-027
821.000000  2.269271e-027
821.200000  1.003336e-027
821.400000  4.222483e-028
821.600000  1.187002e-027
821.800000  -5.413577e-028
822.000000  -1.915479e-027
822.200000  -1.061837e-027
822.400000  1.759396e-028
822.600000  -5.016216e-028
822.800000  -7.176627e-028
823.000000  4.768027e-028
823.200000  2.474808e-028
823.400000  -1.165701e-027
823.600000  -1.482066e-027
823.800000  -8.435815e-028
824.000000  -2.184544e-027
824.200000  -3.506035e-027
824.400000  -2.100247e-027
824.600000  -6.482946e-028
824.800000  -6.029315e-028
825.000000  -1.914129e-028
825.200000  2.048923e-027
825.400000  3.643198e-027
825.600000  3.034181e-027
825.800000  4.015768e-027
826.000000  4.733465e-027
826.200000  2.403252e-027
826.400000  -6.677425e-029
826.600000  8.513210e-028
826.800000  1.506763e-027
827.000000  -1.296197e-027
827.200000  -2.500561e-027
827.400000  -7.946868e-028
827.600000  -1.420860e-027
827.800000  -4.388021e-027
828.000000  -4.242730e-027
828.200000  -2.195828e-027
828.400000  -3.018198e-027
828.600000  -3.667196e-027
828.800000  -1.614152e-027
829.000000  -3.373534e-028
829.200000  -1.699370e-027
829.400000  -2.271804e-027
829.600000  -2.133799e-029
829.800000  -3.826405e-028
830.000000  -3.356579e-027
830.200000  -1.935625e-027
830.400000  -1.026433e-027
830.600000  -1.514405e-027
830.800000  -2.904459e-027
831.000000  -9.771261e-028
831.200000  -2.136099e-028
831.400000  -4.215030e-027
831.600000  -5.277638e-027
831.800000  -2.697255e-027
832.000000  -3.943373e-027
832.200000  -7.256463e-027
832.400000  -6.623648e-027
832.600000  -3.401984e-027
832.800000  -4.057542e-027
833.000000  -5.899440e-027
833.200000  -1.896661e-027
833.400000  -3.016983e-028
833.600000  -3.684861e-027
833.800000  -4.742716e-027
834.000000  -2.106260e-027
834.200000  -3.968303e-027
834.400000  -6.817831e-027
834.600000  -3.371426e-027
834.800000  8.482842e-028
835.000000  -6.570516e-028
835.200000  -1.028261e-027
835.400000  3.790374e-027
835.600000  4.421153e-027
835.800000  6.235498e-028
836.000000  2.787930e-027
836.200000  7.422694e-027
836.400000  4.724197e-027
836.600000  5.540282e-028
836.800000  2.694817e-027
837.000000  4.625844e-027
837.200000  -3.199747e-028
837.400000  -9.705640e-028
837.600000  2.917919e-027
837.800000  2.071056e-027
838.000000  -1.983588e-027
838.200000  -2.165195e-027
838.400000  8.686377e-028
838.600000  -2.767215e-027
838.800000  -5.088183e-027
839.000000  1.930758e-027
839.200000  6.190596e-027
839.400000  2.184065e-027
839.600000  4.001560e-028
839.800000  6.452794e-027
840.000000  7.641353e-027
840.200000  2.736343e-027
840.400000  4.459600e-027
840.600000  9.165764e-027
840.800000  6.821759e-027
841.000000  8.075783e-028
841.200000  5.396618e-027
841.400000  8.503031e-027
841.600000  2.103111e-027
841.800000  -3.131120e-029
842.000000  5.667864e-027
842.200000  3.834401e-027
842.400000  -2.599471e-027
842.600000  -1.967281e-027
842.800000  4.831350e-027
843.000000  -1.544885e-027
843.200000  -6.260953e-027
843.400000  -1.667595e-028
843.600000  3.755871e-027
843.800000  -3.751831e-027
844.000000  -3.314246e-027
844.200000  6.946687e-027
844.400000  6.173770e-027
844.600000  -8.661688e-028
844.800000  -8.735460e-029
845.000000  8.362535e-027
845.200000  4.758560e-027
845.400000  -1.959564e-027
845.600000  2.862303e-027
845.800000  3.338625e-027
846.000000  -2.849893e-027
846.200000  6.112534e-030
846.400000  1.086690e-026
846.600000  6.724059e-027
846.800000  -7.019126e-027
847.000000  -6.350101e-027
847.200000  1.183317e-027
847.400000  -2.882259e-027
847.600000  -5.802360e-027
847.800000  6.998014e-027
848.000000  9.776425e-027
848.200000  5.253747e-028
848.400000  1.060416e-027
848.600000  1.340358e-026
848.800000  1.186302e-026
849.000000  6.888866e-027
849.200000  1.065698e-026
849.400000  1.820893e-026
849.600000  8.759147e-027
849.800000  3.216659e-027
850.000000  1.598380e-026
850.200000  1.741761e-026
850.400000  7.387187e-027
850.600000  1.093589e-026
850.800000  1.805014e-026
851.000000  7.358152e-027
851.200000  -2.971514e-027
851.400000  1.082422e-026
851.600000  2.497547e-026
851.800000  1.357917e-026
852.000000  6.944423e-027
852.200000  1.652315e-026
852.400000  2.340884e-026
852.600000  1.314030e-026
852.800000  1.264455e-026
853.000000  2.818597e-026
853.200000  2.184950e-026
853.400000  6.658074e-027
853.600000  1.228867e-026
853.800000  1.681532e-026
854.000000  3.697939e-027
854.200000  1.687446e-027
854.400000  2.162082e-026
854.600000  3.025602e-026
854.800000  1.519538e-026
855.000000  1.929196e-026
855.200000  3.384589e-026
855.400000  2.415338e-026
855.600000  1.159435e-026
855.800000  2.523577e-026
856.000000  3.542064e-026
856.200000  1.940990e-026
856.400000  8.792191e-027
856.600000  3.278051e-026
856.800000  2.663056e-026
857.000000  1.531138e-026
857.200000  2.913321e-026
857.400000  4.521475e-026
857.600000  3.302451e-026
857.800000  1.574374e-026
858.000000  3.765215e-026
858.200000  4.702811e-026
858.400000  4.144008e-026
858.600000  4.458684e-026
858.800000  6.719934e-026
859.000000  4.891942e-026
859.200000  1.475492e-026
859.400000  2.147013e-026
859.600000  5.220982e-026
859.800000  4.236529e-026
860.000000  2.490102e-026
860.200000  5.824548e-026
860.400000  7.575762e-026
860.600000  5.954247e-026
860.800000  4.995384e-026
861.000000  8.265291e-026
861.200000  7.446265e-026
861.400000  4.798758e-026
861.600000  6.826429e-026
861.800000  8.805669e-026
862.000000  6.207477e-026
862.200000  4.137648e-026
862.400000  7.158221e-026
862.600000  8.232751e-026
862.800000  5.408492e-026
863.000000  6.668051e-026
863.200000  1.061019e-025
863.400000  8.869107e-026
863.600000  4.862643e-026
863.800000  7.483585e-026
864.000000  1.036947e-025
864.200000  7.697974e-026
864.400000  5.338256e-026
864.600000  7.113415e-026
864.800000  7.557250e-026
865.000000  5.018171e-026
865.200000  4.414788e-026
865.400000  8.426643e-026
865.600000  7.834237e-026
865.800000  5.464425e-026
866.000000  9.300904e-026
866.200000  1.085222e-025
866.400000  9.080350e-026
866.600000  7.892321e-026
866.800000  1.271778e-025
867.000000  1.440301e-025
867.200000  9.721567e-026
867.400000  1.116226e-025
867.600000  1.547934e-025
867.800000  1.280488e-025
868.000000  6.845192e-026
868.200000  9.430412e-026
868.400000  1.139177e-025
868.600000  9.822906e-026
868.800000  6.403758e-026
869.000000  1.275752e-025
869.200000  1.253259e-025
869.400000  1.017628e-025
869.600000  1.483159e-025
869.800000  2.139709e-025
870.000000  1.872054e-025
870.200000  1.547851e-025
870.400000  2.287633e-025
870.600000  2.557408e-025
870.800000  1.931950e-025
871.000000  1.814795e-025
871.200000  2.303104e-025
871.400000  2.165549e-025
871.600000  1.976550e-025
871.800000  2.579509e-025
872.000000  3.264738e-025
872.200000  2.585987e-025
872.400000  2.132951e-025
872.600000  2.836597e-025
872.800000  3.235411e-025
873.000000  2.366932e-025
873.200000  1.935069e-025
873.400000  2.355242e-025
873.600000  2.139080e-025
873.800000  1.395605e-025
874.000000  1.936709e-025
874.200000  2.575907e-025
874.400000  2.119802e-025
874.600000  1.601264e-025
874.800000  2.148286e-025
875.000000  2.574493e-025
875.200000  1.908468e-025
875.400000  1.809830e-025
875.600000  2.562666e-025
875.800000  2.540718e-025
876.000000  1.926810e-025
876.200000  2.467104e-025
876.400000  3.259115e-025
876.600000  3.114147e-025
876.800000  2.887875e-025
877.000000  3.918036e-025
877.200000  4.031831e-025
877.400000  3.693630e-025
877.600000  3.933138e-025
877.800000  4.671136e-025
878.000000  4.051002e-025
878.200000  3.509002e-025
878.400000  4.720360e-025
878.600000  6.074967e-025
878.800000  5.710715e-025
879.000000  5.416864e-025
879.200000  6.771780e-025
879.400000  7.064110e-025
879.600000  6.270283e-025
879.800000  6.350073e-025
880.000000  7.461218e-025
880.200000  7.150094e-025
880.400000  6.765370e-025
880.600000  7.967171e-025
880.800000  8.974223e-025
881.000000  8.393104e-025
881.200000  8.192075e-025
881.400000  9.629061e-025
881.600000  1.028891e-024
881.800000  9.370294e-025
882.000000  9.810079e-025
882.200000  1.128553e-024
882.400000  1.075415e-024
882.600000  9.651997e-025
882.800000  1.095329e-024
883.000000  1.190422e-024
883.200000  1.058349e-024
883.400000  1.027003e-024
883.600000  1.248428e-024
883.800000  1.292520e-024
884.000000  1.207333e-024
884.200000  1.304835e-024
884.400000  1.430773e-024
884.600000  1.321186e-024
884.800000  1.184255e-024
885.000000  1.277448e-024
885.200000  1.270186e-024
885.400000  1.138945e-024
885.600000  1.213674e-024
885.800000  1.426771e-024
886.000000  1.492296e-024
886.200000  1.414567e-024
886.400000  1.588277e-024
886.600000  1.820433e-024
886.800000  1.834474e-024
887.000000  1.776323e-024
887.200000  1.960822e-024
887.400000  2.025264e-024
887.600000  1.858948e-024
887.800000  1.754863e-024
888.000000  1.963802e-024
888.200000  1.993640e-024
888.400000  1.786068e-024
888.600000  1.955214e-024
888.800000  2.151707e-024
889.000000  2.149002e-024
889.200000  2.138318e-024
889.400000  2.409974e-024
889.600000  2.444304e-024
889.800000  2.184883e-024
890.000000  2.127388e-024
890.200000  2.251646e-024
890.400000  2.105992e-024
890.600000  1.852657e-024
890.800000  2.119606e-024
891.000000  2.457286e-024
891.200000  2.375288e-024
891.400000  2.285858e-024
891.600000  2.673070e-024
891.800000  2.831125e-024
892.000000  2.786401e-024
892.200000  2.779483e-024
892.400000  3.114814e-024
892.600000  3.031470e-024
892.800000  2.892236e-024
893.000000  3.193369e-024
893.200000  3.487911e-024
893.400000  3.382435e-024
893.600000  3.313123e-024
893.800000  3.617329e-024
894.000000  3.767955e-024
894.200000  3.644021e-024
894.400000  3.831284e-024
894.600000  4.200009e-024
894.800000  4.146649e-024
895.000000  3.888128e-024
895.200000  4.275460e-024
895.400000  4.686637e-024
895.600000  4.595130e-024
895.800000  4.550426e-024
896.000000  4.921669e-024
896.200000  4.972375e-024
896.400000  4.645362e-024
896.600000  4.822896e-024
896.800000  5.060528e-024
897.000000  4.784075e-024
897.200000  4.582867e-024
897.400000  5.188208e-024
897.600000  5.789608e-024
897.800000  5.814825e-024
898.000000  6.017605e-024
898.200000  6.675620e-024
898.400000  6.894671e-024
898.600000  6.782867e-024
898.800000  7.133958e-024
899.000000  7.635497e-024
899.200000  7.398901e-024
899.400000  6.780233e-024
899.600000  7.164513e-024
899.800000  7.479035e-024
900.000000  7.141789e-024
900.200000  7.060190e-024
900.400000  7.558565e-024
900.600000  7.847500e-024
900.800000  7.724767e-024
901.000000  8.256136e-024
901.200000  9.073623e-024
901.400000  9.200838e-024
901.600000  9.242252e-024
901.800000  1.007467e-023
902.000000  1.049933e-023
902.200000  1.033555e-023
902.400000  1.060639e-023
902.600000  1.149794e-023
902.800000  1.174295e-023
903.000000  1.144382e-023
903.200000  1.229253e-023
903.400000  1.297898e-023
903.600000  1.311172e-023
903.800000  1.309424e-023
904.000000  1.396097e-023
904.200000  1.445265e-023
904.400000  1.414372e-023
904.600000  1.418189e-023
904.800000  1.510599e-023
905.000000  1.541851e-023
905.200000  1.541388e-023
905.400000  1.644202e-023
905.600000  1.766320e-023
905.800000  1.784965e-023
906.000000  1.826756e-023
906.200000  1.938946e-023
906.400000  1.989049e-023
906.600000  2.004068e-023
906.800000  2.067962e-023
907.000000  2.194890e-023
907.200000  2.205454e-023
907.400000  2.179818e-023
907.600000  2.248589e-023
907.800000  2.330246e-023
908.000000  2.322732e-023
908.200000  2.334920e-023
908.400000  2.467928e-023
908.600000  2.536923e-023
908.800000  2.482757e-023
909.000000  2.587634e-023
909.200000  2.751650e-023
909.400000  2.810977e-023
909.600000  2.813208e-023
909.800000  2.996160e-023
910.000000  3.199079e-023
910.200000  3.301164e-023
910.400000  3.480921e-023
910.600000  3.820793e-023
910.800000  4.087918e-023
911.000000  4.299346e-023
911.200000  4.661116e-023
911.400000  5.142266e-023
911.600000  5.445898e-023
911.800000  5.764663e-023
912.000000  6.298304e-023
912.200000  6.917755e-023
912.400000  7.477475e-023
912.600000  8.094630e-023
912.800000  8.958514e-023
913.000000  9.743969e-023
913.200000  1.052140e-022
913.400000  1.162836e-022
913.600000  1.255256e-022
913.800000  1.312479e-022
914.000000  1.360690e-022
914.200000  1.422269e-022
914.400000  1.448233e-022
914.600000  1.441838e-022
914.800000  1.443226e-022
915.000000  1.446175e-022
915.200000  1.418438e-022
915.400000  1.385371e-022
915.600000  1.383673e-022
915.800000  1.395925e-022
916.000000  1.370242e-022
916.200000  1.332240e-022
916.400000  1.322321e-022
916.600000  1.298310e-022
916.800000  1.251931e-022
917.000000  1.207707e-022
917.200000  1.180675e-022
917.400000  1.132832e-022
917.600000  1.070211e-022
917.800000  1.040838e-022
918.000000  1.018164e-022
918.200000  9.779919e-023
918.400000  9.400031e-023
918.600000  9.445241e-023
918.800000  9.440089e-023
919.000000  9.213063e-023
919.200000  9.279758e-023
919.400000  9.531834e-023
919.600000  9.575999e-023
919.800000  9.530904e-023
920.000000  9.738576e-023
920.200000  1.001496e-022
920.400000  9.934258e-023
920.600000  9.781250e-023
920.800000  9.850367e-023
921.000000  9.801004e-023
921.200000  9.435302e-023
921.400000  9.270391e-023
921.600000  9.357636e-023
921.800000  9.332559e-023
922.000000  9.277248e-023
922.200000  9.656998e-023
922.400000  1.019439e-022
922.600000  1.051372e-022
922.800000  1.079876e-022
923.000000  1.148687e-022
923.200000  1.189352e-022
923.400000  1.215227e-022
923.600000  1.261810e-022
923.800000  1.347217e-022
924.000000  1.407275e-022
924.200000  1.472526e-022
924.400000  1.578912e-022
924.600000  1.674576e-022
924.800000  1.735290e-022
925.000000  1.840336e-022
925.200000  1.992255e-022
925.400000  2.124739e-022
925.600000  2.233460e-022
925.800000  2.360739e-022
926.000000  2.496370e-022
926.200000  2.578778e-022
926.400000  2.644484e-022
926.600000  2.774386e-022
926.800000  2.838045e-022
927.000000  2.868957e-022
927.200000  2.941763e-022
927.400000  3.041736e-022
927.600000  3.065570e-022
927.800000  3.057459e-022
928.000000  3.126632e-022
928.200000  3.211931e-022
928.400000  3.233975e-022
928.600000  3.285857e-022
928.800000  3.389740e-022
929.000000  3.427466e-022
929.200000  3.463786e-022
929.400000  3.574870e-022
929.600000  3.747390e-022
929.800000  3.824496e-022
930.000000  3.879527e-022
930.200000  3.997727e-022
930.400000  4.091717e-022
930.600000  4.100614e-022
930.800000  4.134939e-022
931.000000  4.213968e-022
931.200000  4.183889e-022
931.400000  4.089660e-022
931.600000  4.084997e-022
931.800000  4.118423e-022
932.000000  4.062880e-022
932.200000  4.043648e-022
932.400000  4.109188e-022
932.600000  4.159807e-022
932.800000  4.155091e-022
933.000000  4.212651e-022
933.200000  4.399260e-022
933.400000  4.510453e-022
933.600000  4.604120e-022
933.800000  4.765940e-022
934.000000  4.970936e-022
934.200000  5.067869e-022
934.400000  5.210285e-022
934.600000  5.466236e-022
934.800000  5.683449e-022
935.000000  5.837729e-022
935.200000  6.052925e-022
935.400000  6.386861e-022
935.600000  6.634087e-022
935.800000  6.830806e-022
936.000000  7.183830e-022
936.200000  7.667910e-022
936.400000  7.935876e-022
936.600000  8.265779e-022
936.800000  8.708986e-022
937.000000  8.997650e-022
937.200000  9.133432e-022
937.400000  9.269086e-022
937.600000  9.496417e-022
937.800000  9.495428e-022
938.000000  9.415199e-022
938.200000  9.524486e-022
938.400000  9.547668e-022
938.600000  9.464032e-022
938.800000  9.602173e-022
939.000000  1.007930e-021
939.200000  1.041142e-021
939.400000  1.066810e-021
939.600000  1.122258e-021
939.800000  1.189505e-021
940.000000  1.237628e-021
940.200000  1.287131e-021
940.400000  1.359543e-021
940.600000  1.428252e-021
940.800000  1.469814e-021
941.000000  1.515819e-021
941.200000  1.568420e-021
941.400000  1.604815e-021
941.600000  1.614567e-021
941.800000  1.619141e-021
942.000000  1.619151e-021
942.200000  1.574711e-021
942.400000  1.509095e-021
942.600000  1.450930e-021
942.800000  1.379479e-021
943.000000  1.285212e-021
943.200000  1.204473e-021
943.400000  1.151438e-021
943.600000  1.085990e-021
943.800000  1.019979e-021
944.000000  9.710673e-022
944.200000  9.435847e-022
944.400000  9.019580e-022
944.600000  8.565198e-022
944.800000  8.355451e-022
945.000000  8.162629e-022
945.200000  7.863461e-022
945.400000  7.559330e-022
945.600000  7.391864e-022
945.800000  7.155889e-022
946.000000  6.852204e-022
946.200000  6.617063e-022
946.400000  6.516636e-022
946.600000  6.275405e-022
946.800000  5.976984e-022
947.000000  5.791021e-022
947.200000  5.730834e-022
947.400000  5.537707e-022
947.600000  5.329059e-022
947.800000  5.330836e-022
948.000000  5.346404e-022
948.200000  5.225111e-022
948.400000  5.240752e-022
948.600000  5.368685e-022
948.800000  5.352067e-022
949.000000  5.258296e-022
949.200000  5.344221e-022
949.400000  5.415704e-022
949.600000  5.326461e-022
949.800000  5.296314e-022
950.000000  5.445120e-022
950.200000  5.561685e-022
950.400000  5.451053e-022
950.600000  5.477637e-022
950.800000  5.649643e-022
951.000000  5.634360e-022
951.200000  5.523937e-022
951.400000  5.661080e-022
951.600000  5.747507e-022
951.800000  5.633316e-022
952.000000  5.578487e-022
952.200000  5.720276e-022
952.400000  5.677776e-022
952.600000  5.443156e-022
952.800000  5.388817e-022
953.000000  5.450863e-022
953.200000  5.246530e-022
953.400000  5.044954e-022
953.600000  5.143233e-022
953.800000  5.318690e-022
954.000000  5.259670e-022
954.200000  5.244872e-022
954.400000  5.527649e-022
954.600000  5.621186e-022
954.800000  5.592783e-022
955.000000  5.730616e-022
955.200000  5.965511e-022
955.400000  6.178291e-022
955.600000  6.326626e-022
955.800000  6.437341e-022
956.000000  6.573395e-022
956.200000  6.689152e-022
956.400000  6.681221e-022
956.600000  6.583874e-022
956.800000  6.655441e-022
957.000000  6.776290e-022
957.200000  6.917364e-022
957.400000  7.215383e-022
957.600000  7.571640e-022
957.800000  7.779440e-022
958.000000  8.009652e-022
958.200000  8.215171e-022
958.400000  8.401766e-022
958.600000  8.553409e-022
958.800000  8.677863e-022
959.000000  8.770694e-022
959.200000  8.787660e-022
959.400000  8.696608e-022
959.600000  8.623690e-022
959.800000  8.524209e-022
960.000000  8.382656e-022
960.200000  8.131202e-022
960.400000  7.980282e-022
960.600000  7.880511e-022
960.800000  7.662134e-022
961.000000  7.501896e-022
961.200000  7.355142e-022
961.400000  7.104298e-022
961.600000  6.966498e-022
961.800000  6.912866e-022
962.000000  6.906816e-022
962.200000  6.879594e-022
962.400000  6.846595e-022
962.600000  6.831243e-022
962.800000  6.937363e-022
963.000000  6.980012e-022
963.200000  7.121148e-022
963.400000  7.369807e-022
963.600000  7.647318e-022
963.800000  7.925275e-022
964.000000  8.226214e-022
964.200000  8.483306e-022
964.400000  8.634100e-022
964.600000  8.934476e-022
964.800000  9.330571e-022
965.000000  9.894424e-022
965.200000  1.029693e-021
965.400000  1.087557e-021
965.600000  1.160358e-021
965.800000  1.231389e-021
966.000000  1.319202e-021
966.200000  1.452382e-021
966.400000  1.530943e-021
966.600000  1.645959e-021
966.800000  1.859606e-021
967.000000  2.118938e-021
967.200000  2.376258e-021
967.400000  2.685654e-021
967.600000  3.146419e-021
967.800000  3.776219e-021
968.000000  4.476136e-021
968.200000  5.576401e-021
968.400000  6.784266e-021
968.600000  8.071082e-021
968.800000  9.122422e-021
969.000000  9.873167e-021
969.200000  9.854344e-021
969.400000  8.892039e-021
969.600000  7.744591e-021
969.800000  6.573700e-021
970.000000  5.137115e-021
970.200000  4.265317e-021
970.400000  3.541847e-021
970.600000  2.932475e-021
970.800000  2.491027e-021
971.000000  2.141563e-021
971.200000  1.860255e-021
971.400000  1.653987e-021
971.600000  1.448224e-021
971.800000  1.308852e-021
972.000000  1.179720e-021
972.200000  1.114471e-021
972.400000  1.002330e-021
972.600000  9.732216e-022
972.800000  8.999774e-022
973.000000  8.266171e-022
973.200000  8.165676e-022
973.400000  8.033488e-022
973.600000  7.816483e-022
973.800000  7.492003e-022
974.000000  7.175725e-022
974.200000  7.106063e-022
974.400000  7.133018e-022
974.600000  7.120113e-022
974.800000  7.167715e-022
975.000000  7.197334e-022
975.200000  7.406987e-022
975.400000  7.529964e-022
975.600000  7.525553e-022
975.800000  7.552366e-022
976.000000  7.746665e-022
976.200000  7.764517e-022
976.400000  7.996015e-022
976.600000  8.440883e-022
976.800000  8.730122e-022
977.000000  9.265131e-022
977.200000  9.854041e-022
977.400000  1.050417e-021
977.600000  1.089779e-021
977.800000  1.149513e-021
978.000000  1.205026e-021
978.200000  1.250503e-021
978.400000  1.266316e-021
978.600000  1.307115e-021
978.800000  1.338765e-021
979.000000  1.363132e-021
979.200000  1.392244e-021
979.400000  1.414189e-021
979.600000  1.434397e-021
979.800000  1.427975e-021
980.000000  1.449172e-021
980.200000  1.493935e-021
980.400000  1.503578e-021
980.600000  1.476869e-021
980.800000  1.467279e-021
981.000000  1.478873e-021
981.200000  1.474191e-021
981.400000  1.452239e-021
981.600000  1.431233e-021
981.800000  1.414412e-021
982.000000  1.405581e-021
982.200000  1.423777e-021
982.400000  1.448564e-021
982.600000  1.429312e-021
982.800000  1.373009e-021
983.000000  1.350927e-021
983.200000  1.349776e-021
983.400000  1.308323e-021
983.600000  1.278909e-021
983.800000  1.273645e-021
984.000000  1.256118e-021
984.200000  1.214004e-021
984.400000  1.210407e-021
984.600000  1.215008e-021
984.800000  1.205328e-021
985.000000  1.203611e-021
985.200000  1.216954e-021
985.400000  1.239373e-021
985.600000  1.231988e-021
985.800000  1.235799e-021
986.000000  1.255764e-021
986.200000  1.273767e-021
986.400000  1.245597e-021
986.600000  1.253711e-021
986.800000  1.289094e-021
987.000000  1.299363e-021
987.200000  1.290405e-021
987.400000  1.313591e-021
987.600000  1.315050e-021
987.800000  1.286068e-021
988.000000  1.277645e-021
988.200000  1.291164e-021
988.400000  1.278132e-021
988.600000  1.239386e-021
988.800000  1.243808e-021
989.000000  1.270170e-021
989.200000  1.264070e-021
989.400000  1.234486e-021
989.600000  1.229701e-021
989.800000  1.236959e-021
990.000000  1.199449e-021
990.200000  1.193877e-021
990.400000  1.208191e-021
990.600000  1.214537e-021
990.800000  1.232181e-021
991.000000  1.191517e-021
991.200000  1.239400e-021
991.400000  1.259795e-021
991.600000  1.279200e-021
991.800000  1.261307e-021
992.000000  1.318327e-021
992.200000  1.356859e-021
992.400000  1.364848e-021
992.600000  1.417170e-021
992.800000  1.459230e-021
993.000000  1.456965e-021
993.200000  1.512441e-021
993.400000  1.544531e-021
993.600000  1.545254e-021
993.800000  1.589522e-021
994.000000  1.581945e-021
994.200000  1.594394e-021
994.400000  1.615224e-021
994.600000  1.618105e-021
994.800000  1.618685e-021
995.000000  1.649449e-021
995.200000  1.654675e-021
995.400000  1.669570e-021
995.600000  1.688278e-021
995.800000  1.715019e-021
996.000000  1.768356e-021
996.200000  1.790376e-021
996.400000  1.794919e-021
996.600000  1.893498e-021
996.800000  1.948066e-021
997.000000  1.939647e-021
997.200000  2.052226e-021
997.400000  2.112840e-021
997.600000  2.136408e-021
997.800000  2.246966e-021
998.000000  2.285393e-021
998.200000  2.372887e-021
998.400000  2.411512e-021
998.600000  2.469421e-021
998.800000  2.548808e-021
999.000000  2.549222e-021
999.200000  2.622420e-021
999.400000  2.663617e-021
999.600000  2.672719e-021
999.800000  2.746251e-021
1000.000000  2.791985e-021
1000.200000  2.777567e-021
1000.400000  2.827725e-021
1000.600000  2.789592e-021
1000.800000  2.792381e-021
1001.000000  2.747650e-021
1001.200000  2.741747e-021
1001.400000  2.679554e-021
1001.600000  2.643233e-021
1001.800000  2.639367e-021
1002.000000  2.628977e-021
1002.200000  2.631601e-021
1002.400000  2.599424e-021
1002.600000  2.662986e-021
1002.800000  2.667823e-021
1003.000000  2.696666e-021
1003.200000  2.764874e-021
1003.400000  2.866006e-021
1003.600000  2.917007e-021
1003.800000  3.011915e-021
1004.000000  3.120164e-021
1004.200000  3.151806e-021
1004.400000  3.201084e-021
1004.600000  3.316433e-021
1004.800000  3.310930e-021
1005.000000  3.378131e-021
1005.200000  3.392522e-021
1005.400000  3.470971e-021
1005.600000  3.489896e-021
1005.800000  3.493367e-021
1006.000000  3.592070e-021
1006.200000  3.608942e-021
1006.400000  3.648035e-021
1006.600000  3.684979e-021
1006.800000  3.679748e-021
1007.000000  3.712337e-021
1007.200000  3.724936e-021
1007.400000  3.670655e-021
1007.600000  3.689926e-021
1007.800000  3.689120e-021
1008.000000  3.558581e-021
1008.200000  3.488228e-021
1008.400000  3.444626e-021
1008.600000  3.322415e-021
1008.800000  3.231396e-021
1009.000000  3.194140e-021
1009.200000  3.165806e-021
1009.400000  3.054078e-021
1009.600000  3.014270e-021
1009.800000  2.990176e-021
1010.000000  2.914074e-021
1010.200000  2.912438e-021
1010.400000  2.935693e-021
1010.600000  2.927271e-021
1010.800000  2.902954e-021
1011.000000  2.935339e-021
1011.200000  2.985965e-021
1011.400000  2.993468e-021
1011.600000  2.925844e-021
1011.800000  2.962925e-021
1012.000000  3.032016e-021
1012.200000  2.975638e-021
1012.400000  2.983151e-021
1012.600000  2.999828e-021
1012.800000  3.018824e-021
1013.000000  2.962196e-021
1013.200000  2.981186e-021
1013.400000  2.997913e-021
1013.600000  3.016969e-021
1013.800000  2.955496e-021
1014.000000  2.921548e-021
1014.200000  2.938268e-021
1014.400000  2.936549e-021
1014.600000  2.863186e-021
1014.800000  2.875262e-021
1015.000000  2.919774e-021
1015.200000  2.862391e-021
1015.400000  2.830412e-021
1015.600000  2.865712e-021
1015.800000  2.854588e-021
1016.000000  2.815515e-021
1016.200000  2.867200e-021
1016.400000  2.911989e-021
1016.600000  2.875181e-021
1016.800000  2.920059e-021
1017.000000  2.965023e-021
1017.200000  3.056884e-021
1017.400000  3.071605e-021
1017.600000  3.128566e-021
1017.800000  3.230239e-021
1018.000000  3.265959e-021
1018.030000  3.266615e-021
1018.060000  3.265576e-021
1018.090000  3.271586e-021
1018.120000  3.278832e-021
1018.150000  3.291414e-021
1018.180000  3.314881e-021
1018.210000  3.349785e-021
1018.240000  3.377640e-021
1018.270000  3.390233e-021
1018.300000  3.410193e-021
1018.330000  3.434286e-021
1018.360000  3.447026e-021
1018.390000  3.467604e-021
1018.420000  3.496939e-021
1018.450000  3.502413e-021
1018.480000  3.496303e-021
1018.510000  3.506611e-021
1018.540000  3.529373e-021
1018.570000  3.550524e-021
1018.600000  3.583055e-021
1018.630000  3.620598e-021
1018.660000  3.637754e-021
1018.690000  3.642156e-021
1018.720000  3.653852e-021
1018.750000  3.675343e-021
1018.780000  3.702059e-021
1018.810000  3.725865e-021
1018.840000  3.740412e-021
1018.870000  3.752340e-021
1018.900000  3.767032e-021
1018.930000  3.791225e-021
1018.960000  3.827729e-021
1018.990000  3.864335e-021
1019.020000  3.884755e-021
1019.050000  3.893530e-021
1019.080000  3.897118e-021
1019.110000  3.907934e-021
1019.140000  3.932082e-021
1019.170000  3.969733e-021
1019.200000  4.000506e-021
1019.230000  4.013214e-021
1019.260000  4.017097e-021
1019.290000  4.013557e-021
1019.320000  4.016319e-021
1019.350000  4.042670e-021
1019.380000  4.075958e-021
1019.410000  4.102129e-021
1019.440000  4.135182e-021
1019.470000  4.167360e-021
1019.500000  4.192988e-021
1019.530000  4.227564e-021
1019.560000  4.269432e-021
1019.590000  4.296250e-021
1019.620000  4.313658e-021
1019.650000  4.331018e-021
1019.680000  4.346495e-021
1019.710000  4.362563e-021
1019.740000  4.380984e-021
1019.770000  4.404031e-021
1019.800000  4.426191e-021
1019.830000  4.449652e-021
1019.860000  4.481698e-021
1019.890000  4.514834e-021
1019.920000  4.533445e-021
1019.950000  4.553774e-021
1019.980000  4.576367e-021
1020.010000  4.585005e-021
1020.040000  4.605019e-021
1020.070000  4.643831e-021
1020.100000  4.671479e-021
1020.130000  4.688564e-021
1020.160000  4.717136e-021
1020.190000  4.750201e-021
1020.220000  4.774075e-021
1020.250000  4.804366e-021
1020.280000  4.841213e-021
1020.310000  4.866739e-021
1020.340000  4.887179e-021
1020.370000  4.910152e-021
1020.400000  4.932660e-021
1020.430000  4.963282e-021
1020.460000  5.001311e-021
1020.490000  5.035712e-021
1020.520000  5.082909e-021
1020.550000  5.129402e-021
1020.580000  5.162042e-021
1020.610000  5.188001e-021
1020.640000  5.215590e-021
1020.670000  5.241755e-021
1020.700000  5.270646e-021
1020.730000  5.310893e-021
1020.760000  5.348819e-021
1020.790000  5.378077e-021
1020.820000  5.411318e-021
1020.850000  5.457657e-021
1020.880000  5.495667e-021
1020.910000  5.538908e-021
1020.940000  5.591999e-021
1020.970000  5.633036e-021
1021.000000  5.654334e-021
1021.030000  5.676117e-021
1021.060000  5.716343e-021
1021.090000  5.766024e-021
1021.120000  5.818208e-021
1021.150000  5.878211e-021
1021.180000  5.937251e-021
1021.210000  5.982690e-021
1021.240000  6.033689e-021
1021.270000  6.092683e-021
1021.300000  6.152374e-021
1021.330000  6.219572e-021
1021.360000  6.292211e-021
1021.390000  6.360639e-021
1021.420000  6.419939e-021
1021.450000  6.468278e-021
1021.480000  6.514953e-021
1021.510000  6.568068e-021
1021.540000  6.617677e-021
1021.570000  6.673963e-021
1021.600000  6.754968e-021
1021.630000  6.846593e-021
1021.660000  6.938754e-021
1021.690000  7.040751e-021
1021.720000  7.141227e-021
1021.750000  7.213048e-021
1021.780000  7.265495e-021
1021.810000  7.320190e-021
1021.840000  7.385385e-021
1021.870000  7.465350e-021
1021.900000  7.555647e-021
1021.930000  7.650069e-021
1021.960000  7.732260e-021
1021.990000  7.800736e-021
1022.020000  7.873643e-021
1022.050000  7.949840e-021
1022.080000  8.035102e-021
1022.110000  8.144992e-021
1022.140000  8.242851e-021
1022.170000  8.308395e-021
1022.200000  8.384681e-021
1022.230000  8.463615e-021
1022.260000  8.511799e-021
1022.290000  8.576842e-021
1022.320000  8.692449e-021
1022.350000  8.811952e-021
1022.380000  8.915902e-021
1022.410000  9.027866e-021
1022.440000  9.127918e-021
1022.470000  9.197932e-021
1022.500000  9.279858e-021
1022.530000  9.398506e-021
1022.560000  9.521738e-021
1022.590000  9.627729e-021
1022.620000  9.715556e-021
1022.650000  9.777215e-021
1022.680000  9.818101e-021
1022.710000  9.863748e-021
1022.740000  9.942335e-021
1022.770000  1.005121e-020
1022.800000  1.016355e-020
1022.830000  1.025284e-020
1022.860000  1.031688e-020
1022.890000  1.035558e-020
1022.920000  1.037587e-020
1022.950000  1.041465e-020
1022.980000  1.048765e-020
1023.010000  1.059129e-020
1023.040000  1.069641e-020
1023.070000  1.077894e-020
1023.100000  1.083786e-020
1023.130000  1.086884e-020
1023.160000  1.087395e-020
1023.190000  1.088776e-020
1023.220000  1.093237e-020
1023.250000  1.099820e-020
1023.280000  1.109247e-020
1023.310000  1.118651e-020
1023.340000  1.124582e-020
1023.370000  1.128327e-020
1023.400000  1.131097e-020
1023.430000  1.133198e-020
1023.460000  1.137794e-020
1023.490000  1.146787e-020
1023.520000  1.156915e-020
1023.550000  1.165535e-020
1023.580000  1.172901e-020
1023.610000  1.178906e-020
1023.640000  1.184371e-020
1023.670000  1.189172e-020
1023.700000  1.193274e-020
1023.730000  1.196582e-020
1023.760000  1.198995e-020
1023.790000  1.200566e-020
1023.820000  1.202820e-020
1023.850000  1.205896e-020
1023.880000  1.208471e-020
1023.910000  1.210518e-020
1023.940000  1.211443e-020
1023.970000  1.212319e-020
1024.000000  1.213838e-020
1024.030000  1.217111e-020
1024.060000  1.221590e-020
1024.090000  1.226291e-020
1024.120000  1.232300e-020
1024.150000  1.239723e-020
1024.180000  1.246250e-020
1024.210000  1.252719e-020
1024.240000  1.260452e-020
1024.270000  1.266666e-020
1024.300000  1.271943e-020
1024.330000  1.278776e-020
1024.360000  1.286406e-020
1024.390000  1.295443e-020
1024.420000  1.306177e-020
1024.450000  1.316703e-020
1024.480000  1.326261e-020
1024.510000  1.334760e-020
1024.540000  1.342161e-020
1024.570000  1.348957e-020
1024.600000  1.353790e-020
1024.630000  1.356616e-020
1024.660000  1.359187e-020
1024.690000  1.360589e-020
1024.720000  1.361976e-020
1024.750000  1.366283e-020
1024.780000  1.374107e-020
1024.810000  1.384401e-020
1024.840000  1.395751e-020
1024.870000  1.406361e-020
1024.900000  1.414653e-020
1024.930000  1.420292e-020
1024.960000  1.423184e-020
1024.990000  1.424672e-020
1025.020000  1.427535e-020
1025.050000  1.431885e-020
1025.080000  1.435090e-020
1025.110000  1.437691e-020
1025.140000  1.439843e-020
1025.170000  1.438759e-020
1025.200000  1.435298e-020
1025.230000  1.432977e-020
1025.260000  1.431920e-020
1025.290000  1.432995e-020
1025.320000  1.436754e-020
1025.350000  1.442929e-020
1025.380000  1.451719e-020
1025.410000  1.462894e-020
1025.440000  1.472451e-020
1025.470000  1.477995e-020
1025.500000  1.482009e-020
1025.530000  1.483974e-020
1025.560000  1.483425e-020
1025.590000  1.483772e-020
1025.620000  1.485574e-020
1025.650000  1.485259e-020
1025.680000  1.483083e-020
1025.710000  1.479033e-020
1025.740000  1.472622e-020
1025.770000  1.467254e-020
1025.800000  1.465029e-020
1025.830000  1.462492e-020
1025.860000  1.459560e-020
1025.890000  1.458629e-020
1025.920000  1.457785e-020
1025.950000  1.455022e-020
1025.980000  1.453171e-020
1026.010000  1.453091e-020
1026.040000  1.451527e-020
1026.070000  1.449949e-020
1026.100000  1.450357e-020
1026.130000  1.451908e-020
1026.160000  1.454885e-020
1026.190000  1.459342e-020
1026.220000  1.463328e-020
1026.250000  1.466732e-020
1026.280000  1.470039e-020
1026.310000  1.471189e-020
1026.340000  1.470942e-020
1026.370000  1.469843e-020
1026.400000  1.467299e-020
1026.430000  1.464659e-020
1026.460000  1.463245e-020
1026.490000  1.462142e-020
1026.520000  1.460243e-020
1026.550000  1.456646e-020
1026.580000  1.450478e-020
1026.610000  1.442562e-020
1026.640000  1.434284e-020
1026.670000  1.426803e-020
1026.700000  1.421407e-020
1026.730000  1.418962e-020
1026.760000  1.418614e-020
1026.790000  1.418520e-020
1026.820000  1.418966e-020
1026.850000  1.421094e-020
1026.880000  1.423328e-020
1026.910000  1.424841e-020
1026.940000  1.427695e-020
1026.970000  1.433576e-020
1027.000000  1.440476e-020
1027.030000  1.446070e-020
1027.060000  1.449569e-020
1027.090000  1.450945e-020
1027.120000  1.451817e-020
1027.150000  1.454190e-020
1027.180000  1.458821e-020
1027.210000  1.464652e-020
1027.240000  1.470273e-020
1027.270000  1.474892e-020
1027.300000  1.479199e-020
1027.330000  1.483401e-020
1027.360000  1.487764e-020
1027.390000  1.495387e-020
1027.420000  1.505363e-020
1027.450000  1.513015e-020
1027.480000  1.518338e-020
1027.510000  1.525996e-020
1027.540000  1.536866e-020
1027.570000  1.547252e-020
1027.600000  1.555243e-020
1027.630000  1.562922e-020
1027.660000  1.572056e-020
1027.690000  1.582065e-020
1027.720000  1.592271e-020
1027.750000  1.604979e-020
1027.780000  1.620761e-020
1027.810000  1.634846e-020
1027.840000  1.645544e-020
1027.870000  1.657549e-020
1027.900000  1.672330e-020
1027.930000  1.685019e-020
1027.960000  1.696722e-020
1027.990000  1.710533e-020
1028.020000  1.723004e-020
1028.050000  1.733470e-020
1028.080000  1.745903e-020
1028.110000  1.760943e-020
1028.140000  1.776953e-020
1028.170000  1.796021e-020
1028.200000  1.818941e-020
1028.230000  1.843540e-020
1028.260000  1.867826e-020
1028.290000  1.888889e-020
1028.320000  1.904978e-020
1028.350000  1.917263e-020
1028.380000  1.928087e-020
1028.410000  1.937156e-020
1028.440000  1.946228e-020
1028.470000  1.961358e-020
1028.500000  1.983688e-020
1028.530000  2.008913e-020
1028.560000  2.036378e-020
1028.590000  2.064889e-020
1028.620000  2.091897e-020
1028.650000  2.116062e-020
1028.680000  2.135960e-020
1028.710000  2.154635e-020
1028.740000  2.178870e-020
1028.770000  2.206139e-020
1028.800000  2.230218e-020
1028.830000  2.255097e-020
1028.860000  2.280834e-020
1028.890000  2.300795e-020
1028.920000  2.319910e-020
1028.950000  2.345697e-020
1028.980000  2.374988e-020
1029.010000  2.401437e-020
1029.040000  2.422340e-020
1029.070000  2.438558e-020
1029.100000  2.454783e-020
1029.130000  2.473562e-020
1029.160000  2.494372e-020
1029.190000  2.518607e-020
1029.220000  2.542813e-020
1029.250000  2.563583e-020
1029.280000  2.585270e-020
1029.310000  2.609620e-020
1029.340000  2.632706e-020
1029.370000  2.653805e-020
1029.400000  2.675618e-020
1029.430000  2.695614e-020
1029.460000  2.712750e-020
1029.490000  2.730604e-020
1029.520000  2.751745e-020
1029.550000  2.773298e-020
1029.580000  2.790181e-020
1029.610000  2.802367e-020
1029.640000  2.813971e-020
1029.670000  2.829412e-020
1029.700000  2.843580e-020
1029.730000  2.855066e-020
1029.760000  2.868412e-020
1029.790000  2.883659e-020
1029.820000  2.896986e-020
1029.850000  2.909479e-020
1029.880000  2.921008e-020
1029.910000  2.926414e-020
1029.940000  2.923976e-020
1029.970000  2.915576e-020
1030.000000  2.908236e-020
1030.030000  2.905580e-020
1030.060000  2.908519e-020
1030.090000  2.916574e-020
1030.120000  2.925155e-020
1030.150000  2.922688e-020
1030.180000  2.909542e-020
1030.210000  2.898349e-020
1030.240000  2.892042e-020
1030.270000  2.885884e-020
1030.300000  2.880268e-020
1030.330000  2.876112e-020
1030.360000  2.866824e-020
1030.390000  2.852372e-020
1030.420000  2.836787e-020
1030.450000  2.818651e-020
1030.480000  2.795716e-020
1030.510000  2.772951e-020
1030.540000  2.753791e-020
1030.570000  2.733756e-020
1030.600000  2.714117e-020
1030.630000  2.699048e-020
1030.660000  2.684808e-020
1030.690000  2.665807e-020
1030.720000  2.640969e-020
1030.750000  2.613488e-020
1030.780000  2.586404e-020
1030.810000  2.560435e-020
1030.840000  2.534832e-020
1030.870000  2.512312e-020
1030.900000  2.493582e-020
1030.930000  2.475125e-020
1030.960000  2.452799e-020
1030.990000  2.424434e-020
1031.020000  2.391973e-020
1031.050000  2.357743e-020
1031.080000  2.323214e-020
1031.110000  2.289864e-020
1031.140000  2.258979e-020
1031.170000  2.229504e-020
1031.200000  2.201087e-020
1031.230000  2.173512e-020
1031.260000  2.146213e-020
1031.290000  2.119495e-020
1031.320000  2.092570e-020
1031.350000  2.064481e-020
1031.380000  2.037187e-020
1031.410000  2.011738e-020
1031.440000  1.985512e-020
1031.470000  1.956446e-020
1031.500000  1.925633e-020
1031.530000  1.894926e-020
1031.560000  1.865338e-020
1031.590000  1.837408e-020
1031.620000  1.813694e-020
1031.650000  1.794556e-020
1031.680000  1.776940e-020
1031.710000  1.755363e-020
1031.740000  1.728492e-020
1031.770000  1.701835e-020
1031.800000  1.679016e-020
1031.830000  1.656679e-020
1031.860000  1.634795e-020
1031.890000  1.616336e-020
1031.920000  1.598320e-020
1031.950000  1.577865e-020
1031.980000  1.554100e-020
1032.010000  1.529325e-020
1032.040000  1.507836e-020
1032.070000  1.489705e-020
1032.100000  1.470384e-020
1032.130000  1.451308e-020
1032.160000  1.435681e-020
1032.190000  1.419820e-020
1032.220000  1.399102e-020
1032.250000  1.375617e-020
1032.280000  1.354100e-020
1032.310000  1.334697e-020
1032.340000  1.316454e-020
1032.370000  1.302048e-020
1032.400000  1.291179e-020
1032.430000  1.279963e-020
1032.460000  1.264716e-020
1032.490000  1.245702e-020
1032.520000  1.227988e-020
1032.550000  1.213712e-020
1032.580000  1.199674e-020
1032.610000  1.186190e-020
1032.640000  1.175271e-020
1032.670000  1.162563e-020
1032.700000  1.144750e-020
1032.730000  1.125899e-020
1032.760000  1.109740e-020
1032.790000  1.095263e-020
1032.820000  1.081664e-020
1032.850000  1.069822e-020
1032.880000  1.059251e-020
1032.910000  1.048264e-020
1032.940000  1.035210e-020
1032.970000  1.021324e-020
1033.000000  1.009355e-020
1033.030000  9.965446e-021
1033.060000  9.822027e-021
1033.090000  9.711631e-021
1033.120000  9.636800e-021
1033.150000  9.559327e-021
1033.180000  9.491351e-021
1033.210000  9.438422e-021
1033.240000  9.358014e-021
1033.270000  9.239834e-021
1033.300000  9.121634e-021
1033.330000  9.022304e-021
1033.360000  8.922346e-021
1033.390000  8.815157e-021
1033.420000  8.707437e-021
1033.450000  8.610325e-021
1033.480000  8.527440e-021
1033.510000  8.452987e-021
1033.540000  8.381630e-021
1033.570000  8.306087e-021
1033.600000  8.220121e-021
1033.630000  8.126856e-021
1033.660000  8.024729e-021
1033.690000  7.920428e-021
1033.720000  7.825501e-021
1033.750000  7.736588e-021
1033.780000  7.659384e-021
1033.810000  7.601205e-021
1033.840000  7.556878e-021
1033.870000  7.509942e-021
1033.900000  7.442975e-021
1033.930000  7.357278e-021
1033.960000  7.278460e-021
1033.990000  7.219075e-021
1034.020000  7.165758e-021
1034.050000  7.108433e-021
1034.080000  7.034304e-021
1034.110000  6.954054e-021
1034.140000  6.885301e-021
1034.170000  6.826896e-021
1034.200000  6.788398e-021
1034.230000  6.766577e-021
1034.260000  6.734239e-021
1034.290000  6.679199e-021
1034.320000  6.618989e-021
1034.350000  6.562670e-021
1034.380000  6.515781e-021
1034.410000  6.466396e-021
1034.440000  6.405815e-021
1034.470000  6.343800e-021
1034.500000  6.271741e-021
1034.530000  6.191893e-021
1034.560000  6.124623e-021
1034.590000  6.070086e-021
1034.620000  6.020186e-021
1034.650000  5.983901e-021
1034.680000  5.950639e-021
1034.710000  5.913949e-021
1034.740000  5.873591e-021
1034.770000  5.831097e-021
1034.800000  5.793420e-021
1034.830000  5.763185e-021
1034.860000  5.733915e-021
1034.890000  5.701837e-021
1034.920000  5.667003e-021
1034.950000  5.621869e-021
1034.980000  5.567950e-021
1035.010000  5.511291e-021
1035.040000  5.463993e-021
1035.070000  5.421623e-021
1035.100000  5.375642e-021
1035.130000  5.328550e-021
1035.160000  5.286627e-021
1035.190000  5.256813e-021
1035.220000  5.232948e-021
1035.250000  5.216715e-021
1035.280000  5.200399e-021
1035.310000  5.163556e-021
1035.340000  5.114510e-021
1035.370000  5.066938e-021
1035.400000  5.023082e-021
1035.430000  4.993689e-021
1035.460000  4.982452e-021
1035.490000  4.968879e-021
1035.520000  4.951189e-021
1035.550000  4.930809e-021
1035.580000  4.893049e-021
1035.610000  4.842307e-021
1035.640000  4.794810e-021
1035.670000  4.745454e-021
1035.700000  4.693748e-021
1035.730000  4.663910e-021
1035.760000  4.653703e-021
1035.790000  4.639313e-021
1035.820000  4.619478e-021
1035.850000  4.589927e-021
1035.880000  4.540728e-021
1035.910000  4.491247e-021
1035.940000  4.459079e-021
1035.970000  4.441694e-021
1036.000000  4.437238e-021
1036.030000  4.433445e-021
1036.060000  4.422070e-021
1036.090000  4.403299e-021
1036.120000  4.376687e-021
1036.150000  4.346542e-021
1036.180000  4.318153e-021
1036.210000  4.294097e-021
1036.240000  4.265801e-021
1036.270000  4.233550e-021
1036.300000  4.204031e-021
1036.330000  4.180694e-021
1036.360000  4.158399e-021
1036.390000  4.135940e-021
1036.420000  4.124892e-021
1036.450000  4.113179e-021
1036.480000  4.103071e-021
1036.510000  4.103346e-021
1036.540000  4.103936e-021
1036.570000  4.091627e-021
1036.600000  4.070952e-021
1036.630000  4.045145e-021
1036.660000  4.010407e-021
1036.690000  3.982034e-021
1036.720000  3.960861e-021
1036.750000  3.949303e-021
1036.780000  3.940848e-021
1036.810000  3.927832e-021
1036.840000  3.908615e-021
1036.870000  3.879288e-021
1036.900000  3.849129e-021
1036.930000  3.830388e-021
1036.960000  3.821659e-021
1036.990000  3.811788e-021
1037.020000  3.802451e-021
1037.050000  3.798381e-021
1037.080000  3.790059e-021
1037.110000  3.777668e-021
1037.140000  3.767382e-021
1037.170000  3.758000e-021
1037.200000  3.742497e-021
1037.230000  3.721589e-021
1037.260000  3.696936e-021
1037.290000  3.677758e-021
1037.320000  3.679772e-021
1037.350000  3.687426e-021
1037.380000  3.692067e-021
1037.410000  3.693868e-021
1037.440000  3.681156e-021
1037.470000  3.647278e-021
1037.500000  3.612457e-021
1037.530000  3.592113e-021
1037.560000  3.574346e-021
1037.590000  3.559069e-021
1037.620000  3.555747e-021
1037.650000  3.553145e-021
1037.680000  3.537198e-021
1037.710000  3.528443e-021
1037.740000  3.526885e-021
1037.770000  3.511483e-021
1037.800000  3.494015e-021
1037.830000  3.484234e-021
1037.860000  3.465977e-021
1037.890000  3.450001e-021
1037.920000  3.454822e-021
1037.950000  3.468419e-021
1037.980000  3.467764e-021
1038.010000  3.445479e-021
1038.040000  3.418739e-021
1038.070000  3.393474e-021
1038.100000  3.367367e-021
1038.130000  3.356121e-021
1038.160000  3.370607e-021
1038.190000  3.392450e-021
1038.220000  3.398933e-021
1038.250000  3.389645e-021
1038.280000  3.373151e-021
1038.310000  3.351586e-021
1038.340000  3.322385e-021
1038.370000  3.299955e-021
1038.400000  3.295663e-021
1038.430000  3.293935e-021
1038.460000  3.295828e-021
1038.490000  3.301698e-021
1038.520000  3.302333e-021
1038.550000  3.287890e-021
1038.580000  3.265851e-021
1038.610000  3.243943e-021
1038.640000  3.227511e-021
1038.670000  3.223780e-021
1038.700000  3.228798e-021
1038.730000  3.239507e-021
1038.760000  3.243595e-021
1038.790000  3.238391e-021
1038.820000  3.227521e-021
1038.850000  3.207569e-021
1038.880000  3.180477e-021
1038.910000  3.158908e-021
1038.940000  3.151096e-021
1038.970000  3.149308e-021
1039.000000  3.152201e-021
1039.030000  3.164673e-021
1039.060000  3.185585e-021
1039.090000  3.204586e-021
1039.120000  3.215857e-021
1039.150000  3.222393e-021
1039.180000  3.221180e-021
1039.210000  3.201847e-021
1039.240000  3.166383e-021
1039.270000  3.130268e-021
1039.300000  3.100516e-021
1039.330000  3.077100e-021
1039.360000  3.059293e-021
1039.390000  3.040470e-021
1039.420000  3.020687e-021
1039.450000  3.011806e-021
1039.480000  3.002233e-021
1039.510000  2.997784e-021
1039.540000  3.006584e-021
1039.570000  3.012899e-021
1039.600000  3.005812e-021
1039.630000  3.000543e-021
1039.660000  2.992991e-021
1039.690000  2.972303e-021
1039.720000  2.957853e-021
1039.750000  2.949915e-021
1039.780000  2.935070e-021
1039.810000  2.920497e-021
1039.840000  2.913133e-021
1039.870000  2.894238e-021
1039.900000  2.861895e-021
1039.930000  2.838687e-021
1039.960000  2.826370e-021
1039.990000  2.819436e-021
1040.020000  2.825348e-021
1040.050000  2.838231e-021
1040.080000  2.837943e-021
1040.110000  2.826238e-021
1040.140000  2.821573e-021
1040.170000  2.817602e-021
1040.200000  2.811483e-021
1040.230000  2.812092e-021
1040.260000  2.813909e-021
1040.290000  2.798446e-021
1040.320000  2.781354e-021
1040.350000  2.769302e-021
1040.380000  2.753445e-021
1040.410000  2.742628e-021
1040.440000  2.742389e-021
1040.470000  2.742366e-021
1040.500000  2.738688e-021
1040.530000  2.739485e-021
1040.560000  2.734940e-021
1040.590000  2.723642e-021
1040.620000  2.719204e-021
1040.650000  2.721612e-021
1040.680000  2.715423e-021
1040.710000  2.708440e-021
1040.740000  2.701397e-021
1040.770000  2.681687e-021
1040.800000  2.663450e-021
1040.830000  2.656589e-021
1040.860000  2.649579e-021
1040.890000  2.645733e-021
1040.920000  2.640659e-021
1040.950000  2.624282e-021
1040.980000  2.609943e-021
1041.010000  2.593790e-021
1041.040000  2.568414e-021
1041.070000  2.552415e-021
1041.100000  2.543691e-021
1041.130000  2.529086e-021
1041.160000  2.517813e-021
1041.190000  2.512323e-021
1041.220000  2.501280e-021
1041.250000  2.488384e-021
1041.280000  2.479128e-021
1041.310000  2.474305e-021
1041.340000  2.476573e-021
1041.370000  2.477255e-021
1041.400000  2.476888e-021
1041.430000  2.478148e-021
1041.460000  2.469446e-021
1041.490000  2.455236e-021
1041.520000  2.442827e-021
1041.550000  2.420613e-021
1041.580000  2.399391e-021
1041.610000  2.389527e-021
1041.640000  2.371374e-021
1041.670000  2.358783e-021
1041.700000  2.369075e-021
1041.730000  2.372734e-021
1041.760000  2.365225e-021
1041.790000  2.365344e-021
1041.820000  2.366653e-021
1041.850000  2.356376e-021
1041.880000  2.349633e-021
1041.910000  2.356469e-021
1041.940000  2.365854e-021
1041.970000  2.366395e-021
1042.000000  2.366282e-021
1042.200000  2.406506e-021
1042.400000  2.371517e-021
1042.600000  2.372205e-021
1042.800000  2.358843e-021
1043.000000  2.342005e-021
1043.200000  2.332833e-021
1043.400000  2.340120e-021
1043.600000  2.350346e-021
1043.800000  2.322505e-021
1044.000000  2.356986e-021
1044.200000  2.374987e-021
1044.400000  2.422131e-021
1044.600000  2.445571e-021
1044.800000  2.480024e-021
1045.000000  2.493112e-021
1045.200000  2.535714e-021
1045.400000  2.597449e-021
1045.600000  2.677296e-021
1045.800000  2.742504e-021
1046.000000  2.798954e-021
1046.200000  2.893223e-021
1046.400000  2.993061e-021
1046.600000  3.066098e-021
1046.800000  3.155480e-021
1047.000000  3.217988e-021
1047.200000  3.323920e-021
1047.400000  3.310839e-021
1047.600000  3.357392e-021
1047.800000  3.390458e-021
1048.000000  3.450755e-021
1048.200000  3.497565e-021
1048.400000  3.590739e-021
1048.600000  3.651389e-021
1048.800000  3.641234e-021
1049.000000  3.576455e-021
1049.200000  3.590796e-021
1049.400000  3.566867e-021
1049.600000  3.507294e-021
1049.800000  3.455826e-021
1050.000000  3.374082e-021
1050.200000  3.281194e-021
1050.400000  3.133159e-021
1050.600000  3.039858e-021
1050.800000  2.935361e-021
1051.000000  2.803100e-021
1051.200000  2.696241e-021
1051.400000  2.587795e-021
1051.600000  2.471952e-021
1051.800000  2.362251e-021
1052.000000  2.222428e-021
1052.200000  2.104790e-021
1052.400000  2.011621e-021
1052.600000  1.919939e-021
1052.800000  1.850875e-021
1053.000000  1.782235e-021
1053.200000  1.709006e-021
1053.400000  1.625878e-021
1053.600000  1.596169e-021
1053.800000  1.564446e-021
1054.000000  1.499391e-021
1054.200000  1.467232e-021
1054.400000  1.431090e-021
1054.600000  1.396840e-021
1054.800000  1.365329e-021
1055.000000  1.328421e-021
1055.200000  1.305780e-021
1055.400000  1.281407e-021
1055.600000  1.258676e-021
1055.800000  1.238439e-021
1056.000000  1.215057e-021
1056.200000  1.187110e-021
1056.400000  1.182296e-021
1056.600000  1.174075e-021
1056.800000  1.140339e-021
1057.000000  1.132627e-021
1057.200000  1.121494e-021
1057.400000  1.113463e-021
1057.600000  1.088921e-021
1057.800000  1.081981e-021
1058.000000  1.077306e-021
1058.200000  1.063779e-021
1058.400000  1.035097e-021
1058.600000  1.006930e-021
1058.800000  1.000446e-021
1059.000000  9.862182e-022
1059.200000  9.590684e-022
1059.400000  9.226880e-022
1059.600000  9.356170e-022
1059.800000  9.195462e-022
1060.000000  9.077585e-022
1060.200000  9.042967e-022
1060.400000  8.777735e-022
1060.600000  8.708136e-022
1060.800000  8.479602e-022
1061.000000  8.435581e-022
1061.200000  8.226589e-022
1061.400000  8.130112e-022
1061.600000  7.949400e-022
1061.800000  7.933684e-022
1062.000000  7.746623e-022
1062.200000  7.652200e-022
1062.400000  7.673952e-022
1062.600000  7.631678e-022
1062.800000  7.551429e-022
1063.000000  7.611047e-022
1063.200000  7.235693e-022
1063.400000  7.254192e-022
1063.600000  7.299047e-022
1063.800000  7.177071e-022
1064.000000  7.098822e-022
1064.200000  7.011617e-022
1064.400000  6.889002e-022
1064.600000  7.139434e-022
1064.800000  6.798986e-022
1065.000000  6.608074e-022
1065.200000  6.699759e-022
1065.400000  6.735555e-022
1065.600000  6.685771e-022
1065.800000  6.697959e-022
1066.000000  6.834425e-022
1066.200000  6.965218e-022
1066.400000  6.823544e-022
1066.600000  6.622258e-022
1066.800000  6.616590e-022
1067.000000  6.500921e-022
1067.200000  6.515942e-022
1067.400000  6.447597e-022
1067.600000  6.489410e-022
1067.800000  6.164302e-022
1068.000000  6.397050e-022
1068.200000  6.220695e-022
1068.400000  5.948258e-022
1068.600000  6.172454e-022
1068.800000  6.295142e-022
1069.000000  6.121004e-022
1069.200000  6.231848e-022
1069.400000  5.940074e-022
1069.600000  5.771113e-022
1069.800000  5.939144e-022
1070.000000  5.881392e-022
1070.200000  5.935169e-022
1070.400000  6.049444e-022
1070.600000  5.976499e-022
1070.800000  5.979058e-022
1071.000000  5.760522e-022
1071.200000  5.920509e-022
1071.400000  5.716670e-022
1071.600000  5.624818e-022
1071.800000  5.642229e-022
1072.000000  5.388855e-022
1072.200000  5.470025e-022
1072.400000  5.542196e-022
1072.600000  5.461928e-022
1072.800000  5.699142e-022
1073.000000  5.417093e-022
1073.200000  5.416024e-022
1073.400000  5.568085e-022
1073.600000  5.518093e-022
1073.800000  5.630631e-022
1074.000000  5.559093e-022
1074.200000  5.564271e-022
1074.400000  5.412524e-022
1074.600000  5.491481e-022
1074.800000  5.530504e-022
1075.000000  5.498624e-022
1075.200000  5.479033e-022
1075.400000  5.434668e-022
1075.600000  5.554211e-022
1075.800000  5.509823e-022
1076.000000  5.328945e-022
1076.200000  5.132210e-022
1076.400000  5.276741e-022
1076.600000  5.144864e-022
1076.800000  5.230545e-022
1077.000000  5.388013e-022
1077.200000  5.084400e-022
1077.400000  5.007995e-022
1077.600000  5.128201e-022
1077.800000  5.011046e-022
1078.000000  4.834218e-022
1078.200000  4.932660e-022
1078.400000  4.893350e-022
1078.600000  4.863375e-022
1078.800000  4.632343e-022
1079.000000  4.803243e-022
1079.200000  4.499349e-022
1079.400000  4.541312e-022
1079.600000  4.580195e-022
1079.800000  4.675939e-022
1080.000000  4.497102e-022
1080.200000  4.494946e-022
1080.400000  4.306109e-022
1080.600000  4.344931e-022
1080.800000  4.345784e-022
1081.000000  4.381533e-022
1081.200000  4.372886e-022
1081.400000  4.300645e-022
1081.600000  4.288716e-022
1081.800000  4.260838e-022
1082.000000  4.306214e-022
1082.200000  4.125154e-022
1082.400000  3.994848e-022
1082.600000  4.158353e-022
1082.800000  4.091813e-022
1083.000000  4.338959e-022
1083.200000  4.221172e-022
1083.400000  3.994087e-022
1083.600000  4.094107e-022
1083.800000  3.991823e-022
1084.000000  4.159575e-022
1084.200000  4.063594e-022
1084.400000  3.996439e-022
1084.600000  3.803346e-022
1084.800000  3.719674e-022
1085.000000  3.716640e-022
1085.200000  3.784764e-022
1085.400000  3.649026e-022
1085.600000  3.590814e-022
1085.800000  3.688193e-022
1086.000000  3.704578e-022
1086.200000  3.824982e-022
1086.400000  3.617075e-022
1086.600000  3.607383e-022
1086.800000  3.600928e-022
1087.000000  3.685786e-022
1087.200000  3.620618e-022
1087.400000  3.535720e-022
1087.600000  3.483370e-022
1087.800000  3.522585e-022
1088.000000  3.630682e-022
1088.200000  3.630741e-022
1088.400000  3.476503e-022
1088.600000  3.433697e-022
1088.800000  3.331609e-022
1089.000000  3.176331e-022
1089.200000  3.271176e-022
1089.400000  3.377076e-022
1089.600000  3.216780e-022
1089.800000  3.244182e-022
1090.000000  3.366544e-022
1090.200000  3.278607e-022
1090.400000  3.346221e-022
1090.600000  3.342658e-022
1090.800000  3.177111e-022
1091.000000  3.272050e-022
1091.200000  3.239470e-022
1091.400000  3.235450e-022
1091.600000  3.223757e-022
1091.800000  3.141351e-022
1092.000000  3.083821e-022
1092.200000  3.129405e-022
1092.400000  3.121572e-022
1092.600000  3.031728e-022
1092.800000  3.180551e-022
1093.000000  3.190504e-022
1093.200000  3.196779e-022
1093.400000  2.911174e-022
1093.600000  2.996206e-022
1093.800000  3.006013e-022
1094.000000  2.997985e-022
1094.200000  2.947798e-022
1094.400000  2.918099e-022
1094.600000  2.846127e-022
1094.800000  2.802753e-022
1095.000000  2.762681e-022
1095.200000  2.661912e-022
1095.400000  2.736545e-022
1095.600000  2.806562e-022
1095.800000  2.495000e-022
1096.000000  2.644796e-022
1096.200000  2.626117e-022
1096.400000  2.614211e-022
1096.600000  2.656815e-022
1096.800000  2.569858e-022
1097.000000  2.504593e-022
1097.200000  2.368803e-022
1097.400000  2.578263e-022
1097.600000  2.423455e-022
1097.800000  2.429091e-022
1098.000000  2.479327e-022
1098.200000  2.313355e-022
1098.400000  2.372850e-022
1098.600000  2.230206e-022
1098.800000  2.314517e-022
1099.000000  2.305942e-022
1099.200000  2.113175e-022
1099.400000  2.265264e-022
1099.600000  2.242448e-022
1099.800000  2.056698e-022
1100.000000  2.112568e-022
1100.200000  2.002234e-022
1100.400000  1.996772e-022
1100.600000  2.054817e-022
1100.800000  1.963578e-022
1101.000000  2.111061e-022
1101.200000  1.976894e-022
1101.400000  1.971722e-022
1101.600000  1.926093e-022
1101.800000  1.816862e-022
1102.000000  1.892915e-022
1102.200000  1.855475e-022
1102.400000  2.009735e-022
1102.600000  2.108231e-022
1102.800000  1.744839e-022
1103.000000  1.960821e-022
1103.200000  1.840376e-022
1103.400000  1.895478e-022
1103.600000  1.768066e-022
1103.800000  1.734099e-022
1104.000000  1.760698e-022
1104.200000  1.765116e-022
1104.400000  1.670310e-022
1104.600000  1.721660e-022
1104.800000  1.708714e-022
1105.000000  1.585267e-022
1105.200000  1.622498e-022
1105.400000  1.691366e-022
1105.600000  1.464952e-022
1105.800000  1.523137e-022
1106.000000  1.556884e-022
1106.200000  1.576093e-022
1106.400000  1.655557e-022
1106.600000  1.504045e-022
1106.800000  1.715312e-022
1107.000000  1.617174e-022
1107.200000  1.554262e-022
1107.400000  1.420717e-022
1107.600000  1.478967e-022
1107.800000  1.637011e-022
1108.000000  1.503175e-022
1108.200000  1.444178e-022
1108.400000  1.626706e-022
1108.600000  1.496812e-022
1108.800000  1.398381e-022
1109.000000  1.403609e-022
1109.200000  1.475967e-022
1109.400000  1.388443e-022
1109.600000  1.539004e-022
1109.800000  1.458976e-022
1110.000000  1.424798e-022
1110.200000  1.429707e-022
1110.400000  1.395438e-022
1110.600000  1.336411e-022
1110.800000  1.330345e-022
1111.000000  1.335182e-022
1111.200000  1.532654e-022
1111.400000  1.423601e-022
1111.600000  1.218409e-022
1111.800000  1.511603e-022
1112.000000  1.281633e-022
1112.200000  1.332898e-022
1112.400000  1.330802e-022
1112.600000  1.328334e-022
1112.800000  1.358136e-022
1113.000000  1.373674e-022
1113.200000  1.211404e-022
1113.400000  1.344517e-022
1113.600000  1.259961e-022
1113.800000  1.229777e-022
1114.000000  1.423368e-022
1114.200000  1.238999e-022
1114.400000  1.073508e-022
1114.600000  1.145831e-022
1114.800000  9.181540e-023
1115.000000  1.083438e-022
1115.200000  1.135572e-022
1115.400000  1.122119e-022
1115.600000  1.123126e-022
1115.800000  1.228591e-022
1116.000000  1.004590e-022
1116.200000  1.220367e-022
1116.400000  1.104049e-022
1116.600000  8.188920e-023
1116.800000  9.592794e-023
1117.000000  1.303980e-022
1117.200000  1.041051e-022
1117.400000  1.103012e-022
1117.600000  1.053783e-022
1117.800000  9.950886e-023
1118.000000  1.013624e-022
1118.200000  9.859735e-023
1118.400000  1.156471e-022
1118.600000  1.049848e-022
1118.800000  1.068872e-022
1119.000000  9.155943e-023
1119.200000  8.639494e-023
1119.400000  9.259207e-023
1119.600000  9.588876e-023
1119.800000  9.109245e-023
1120.000000  9.367382e-023
1120.200000  8.227001e-023
1120.400000  1.125487e-022
1120.600000  8.762029e-023
1120.800000  9.092970e-023
1121.000000  9.390251e-023
1121.200000  1.011838e-022
1121.400000  8.160625e-023
1121.600000  8.961424e-023
1121.800000  9.255796e-023
1122.000000  7.483090e-023
1122.200000  8.388686e-023
1122.400000  8.430622e-023
1122.600000  9.775515e-023
1122.800000  8.211692e-023
1123.000000  8.219009e-023
1123.200000  6.854635e-023
1123.400000  8.341336e-023
1123.600000  7.355688e-023
1123.800000  7.832249e-023
1124.000000  8.236388e-023
1124.200000  8.097060e-023
1124.400000  6.787033e-023
1124.600000  5.927022e-023
1124.800000  7.487925e-023
1125.000000  5.647082e-023
1125.200000  7.086451e-023
1125.400000  7.201393e-023
1125.600000  7.099056e-023
1125.800000  6.922678e-023
1126.000000  6.298582e-023
1126.200000  5.073714e-023
1126.400000  6.489055e-023
1126.600000  4.501513e-023
1126.800000  5.579180e-023
1127.000000  7.326977e-023
1127.200000  4.900721e-023
1127.400000  6.016834e-023
1127.600000  6.421822e-023
1127.800000  5.376528e-023
1128.000000  5.671753e-023
1128.200000  6.207140e-023
1128.400000  5.850895e-023
1128.600000  4.108703e-023
1128.800000  6.113370e-023
1129.000000  7.522325e-023
1129.200000  6.692435e-023
1129.400000  5.426623e-023
1129.600000  5.356322e-023
1129.800000  4.585591e-023
1130.000000  5.136132e-023
1130.200000  3.353530e-023
1130.400000  6.347237e-023
1130.600000  6.082858e-023
1130.800000  6.382319e-023
1131.000000  4.124732e-023
1131.200000  5.370478e-023
1131.400000  4.159924e-023
1131.600000  5.148668e-023
1131.800000  4.714138e-023
1132.000000  6.240468e-023
1132.200000  5.150336e-023
1132.400000  5.411031e-023
1132.600000  4.061858e-023
1132.800000  4.895374e-023
1133.000000  4.606758e-023
1133.200000  5.783614e-023
1133.400000  4.542537e-023
1133.600000  5.339174e-023
1133.800000  3.698033e-023
1134.000000  6.045894e-023
1134.200000  3.741272e-023
1134.400000  5.055212e-023
1134.600000  6.158896e-023
1134.800000  4.441227e-023
1135.000000  4.590884e-023
1135.200000  4.254565e-023
1135.400000  4.773368e-023
1135.600000  3.820435e-023
1135.800000  4.338949e-023
1136.000000  2.460090e-023
1136.200000  3.711699e-023
1136.400000  3.015967e-023
1136.600000  3.828724e-023
1136.800000  3.896568e-023
1137.000000  3.274706e-023
1137.200000  3.387958e-023
1137.400000  4.081973e-023
1137.600000  4.011853e-023
1137.800000  4.639595e-023
1138.000000  5.234389e-023
1138.200000  3.239880e-023
1138.400000  3.795442e-023
1138.600000  4.166480e-023
1138.800000  4.097688e-023
1139.000000  1.842984e-023
1139.200000  1.881717e-023
1139.400000  2.954038e-023
1139.600000  4.507035e-023
1139.800000  4.353872e-023
1140.000000  3.619823e-023
1140.200000  3.142529e-023
1140.400000  6.106506e-023
1140.600000  3.740559e-023
1140.800000  3.521660e-023
1141.000000  5.233087e-023
1141.200000  2.673752e-023
1141.400000  3.419340e-023
1141.600000  2.566752e-023
1141.800000  3.388212e-023
1142.000000  3.465492e-023
1142.200000  3.319357e-023
1142.400000  5.001798e-023
1142.600000  1.008770e-023
1142.800000  1.383769e-023
1143.000000  3.555748e-023
1143.200000  3.446387e-023
1143.400000  3.224259e-023
1143.600000  2.852072e-023
1143.800000  1.389834e-023
1144.000000  2.631329e-023
1144.200000  1.617777e-023
1144.400000  3.426965e-023
1144.600000  2.261587e-023
1144.800000  2.760144e-023
1145.000000  2.308263e-023
1145.200000  1.856014e-023
1145.400000  3.980526e-023
1145.600000  1.935172e-023
1145.800000  3.645782e-023
1146.000000  2.736830e-023
1146.200000  2.663106e-023
1146.400000  3.198261e-023
1146.600000  1.943632e-023
1146.800000  2.059584e-023
1147.000000  3.053881e-023
1147.200000  1.833841e-023
1147.400000  3.059210e-023
1147.600000  3.865742e-023
1147.800000  2.413271e-023
1148.000000  2.261949e-023
1148.200000  2.878155e-023
1148.400000  2.458223e-023
1148.600000  3.459807e-023
1148.800000  1.577449e-023
1149.000000  3.851071e-023
1149.200000  1.849882e-023
1149.400000  3.317509e-023
1149.600000  1.235547e-023
1149.800000  2.750112e-023
1150.000000  2.364724e-023
