800.000000  -7.177343e-023
800.200000  -8.798406e-023
800.400000  -7.547358e-023
800.600000  -3.918331e-023
800.800000  -5.364008e-023
801.000000  -5.109519e-023
801.200000  -1.170848e-023
801.400000  -6.621024e-024
801.600000  -4.445494e-023
801.800000  -2.876957e-023
802.000000  9.201789e-024
802.200000  -1.474336e-023
802.400000  -4.090091e-023
802.600000  -2.769176e-023
802.800000  -8.474427e-024
803.000000  -4.597479e-023
803.200000  -5.080416e-023
803.400000  -7.088970e-024
803.600000  -8.681551e-024
803.800000  -2.286444e-023
804.000000  -3.025492e-023
804.200000  8.625464e-024
804.400000  6.650326e-024
804.600000  -6.818496e-024
804.800000  1.786993e-023
805.000000  4.123096e-023
805.200000  1.718986e-024
805.400000  -6.449084e-024
805.600000  6.059465e-024
805.800000  2.941348e-024
806.000000  -2.113740e-023
806.200000  -3.288860e-024
806.400000  3.165346e-023
806.600000  2.074465e-023
806.800000  -1.511429e-023
807.000000  7.628724e-024
807.200000  3.135051e-023
807.400000  -1.836351e-023
807.600000  -2.396684e-023
807.800000  -1.160548e-024
808.000000  -1.347065e-023
808.200000  -5.213615e-023
808.400000  -5.476230e-023
808.600000  -1.959655e-023
808.800000  -3.123916e-023
809.000000  -3.610234e-023
809.200000  -1.968696e-023
809.400000  -4.085333e-023
809.600000  -7.938488e-023
809.800000  -7.611989e-023
810.000000  -3.955240e-023
810.200000  -2.882389e-023
810.400000  -4.546095e-023
810.600000  -1.547296e-023
810.800000  2.336272e-023
811.000000  -2.466584e-024
811.200000  -1.677058e-024
811.400000  1.789908e-023
811.600000  1.662565e-023
811.800000  1.808292e-024
812.000000  -1.727058e-024
812.200000  2.536461e-023
812.400000  9.887605e-024
812.600000  -2.948535e-023
812.800000  -4.554332e-024
813.000000  2.573377e-023
813.200000  1.346722e-023
813.400000  -6.618414e-025
813.600000  2.261407e-023
813.800000  1.213981e-023
814.000000  -1.921724e-023
814.200000  -3.087442e-024
814.400000  3.587758e-023
814.600000  1.780156e-023
814.800000  -1.886295e-023
815.000000  -1.734516e-024
815.200000  1.828675e-023
815.400000  -1.537970e-023
815.600000  -1.956469e-023
815.800000  2.313773e-023
816.000000  3.930247e-023
816.200000  3.143201e-024
816.400000  2.409395e-023
816.600000  7.253020e-023
816.800000  5.842594e-023
817.000000  3.400211e-023
817.200000  3.104452e-023
817.400000  3.247951e-023
817.600000  1.001133e-023
817.800000  -1.266198e-024
818.000000  1.544127e-023
818.200000  7.095614e-024
818.400000  -2.785649e-023
818.600000  -1.075368e-023
818.800000  9.188740e-024
819.000000  -1.018805e-023
819.200000  -2.500929e-023
819.400000  -5.403526e-024
819.600000  2.945481e-023
819.800000  1.788337e-023
820.000000  1.587986e-025
820.200000  3.242811e-023
820.400000  2.661728e-023
820.600000  -1.867759e-023
820.800000  -4.849644e-024
821.000000  2.726057e-023
821.200000  1.827961e-023
821.400000  -3.482148e-024
821.600000  1.664236e-023
821.800000  2.174275e-023
822.000000  -1.237234e-023
822.200000  -1.194759e-023
822.400000  1.769122e-023
822.600000  8.002973e-024
822.800000  -2.330814e-023
823.000000  -1.298267e-023
823.200000  2.743484e-024
823.400000  -5.663074e-024
823.600000  -1.018277e-023
823.800000  1.972764e-023
824.000000  3.131020e-023
824.200000  -3.802520e-024
824.400000  -9.813992e-024
824.600000  3.388857e-024
824.800000  -1.461302e-023
825.000000  -4.002080e-023
825.200000  -2.078414e-023
825.400000  2.659081e-023
825.600000  2.464956e-023
825.800000  1.584908e-023
826.000000  4.616039e-023
826.200000  6.352685e-023
826.400000  1.475525e-023
826.600000  2.076890e-023
826.800000  4.334061e-023
827.000000  2.278108e-023
827.200000  1.262111e-023
827.400000  2.683569e-023
827.600000  5.053520e-023
827.800000  1.836480e-023
828.000000  -4.128263e-026
828.200000  4.118029e-023
828.400000  7.217296e-023
828.600000  3.935001e-023
828.800000  4.346303e-023
829.000000  7.182883e-023
829.200000  7.189188e-023
829.400000  5.977172e-023
829.600000  7.404435e-023
829.800000  9.724028e-023
830.000000  6.070504e-023
830.200000  5.128624e-023
830.400000  6.546220e-023
830.600000  6.810220e-023
830.800000  2.589068e-023
831.000000  3.823656e-023
831.200000  5.251142e-023
831.400000  2.887321e-023
831.600000  -6.915034e-024
831.800000  3.394692e-024
832.000000  2.257614e-023
832.200000  -6.968318e-024
832.400000  -2.276914e-023
832.600000  2.875085e-023
832.800000  3.404222e-023
833.000000  2.853919e-024
833.200000  1.092393e-023
833.400000  3.649519e-023
833.600000  1.630639e-023
833.800000  -1.398622e-023
834.000000  -2.387638e-024
834.200000  5.763411e-024
834.400000  -2.767257e-023
834.600000  -1.779022e-023
834.800000  2.405803e-023
835.000000  3.988685e-023
835.200000  3.005697e-023
835.400000  4.103961e-023
835.600000  6.249989e-023
835.800000  4.072183e-023
836.000000  1.817322e-023
836.200000  5.265186e-023
836.400000  6.385924e-023
836.600000  2.831274e-023
836.800000  1.989485e-023
837.000000  4.879470e-023
837.200000  2.642675e-023
837.400000  2.358604e-024
837.600000  1.980514e-023
837.800000  4.647225e-023
838.000000  1.909410e-023
838.200000  5.513257e-024
838.400000  3.913024e-023
838.600000  4.786424e-023
838.800000  1.789140e-023
839.000000  1.865153e-023
839.200000  4.670888e-023
839.400000  4.796748e-023
839.600000  2.536101e-023
839.800000  3.993922e-023
840.000000  6.010817e-023
840.200000  4.127781e-023
840.400000  4.334161e-023
840.600000  7.106765e-023
840.800000  9.567774e-023
841.000000  6.233146e-023
841.200000  5.049216e-023
841.400000  6.952063e-023
841.600000  5.132953e-023
841.800000  2.258075e-023
842.000000  2.846603e-023
842.200000  5.485878e-023
842.400000  2.040687e-023
842.600000  5.605835e-024
842.800000  3.459981e-023
843.000000  4.272592e-023
843.200000  7.919309e-024
843.400000  3.850421e-024
843.600000  3.694390e-023
843.800000  3.505999e-023
844.000000  1.274085e-023
844.200000  4.294197e-023
844.400000  7.914499e-023
844.600000  4.427353e-023
844.800000  2.022745e-023
845.000000  5.701485e-023
845.200000  5.828596e-023
845.400000  2.403050e-023
845.600000  3.053860e-023
845.800000  6.670466e-023
846.000000  6.424171e-023
846.200000  5.187829e-023
846.400000  7.015523e-023
846.600000  8.328977e-023
846.800000  4.169184e-023
847.000000  2.323599e-023
847.200000  5.375735e-023
847.400000  5.320507e-023
847.600000  3.896388e-023
847.800000  4.784701e-023
848.000000  7.646689e-023
848.200000  6.971598e-023
848.400000  6.232471e-023
848.600000  1.034943e-022
848.800000  1.348389e-022
849.000000  1.074731e-022
849.200000  7.949768e-023
849.400000  8.892840e-023
849.600000  8.466971e-023
849.800000  4.453809e-023
850.000000  5.465248e-023
850.200000  8.002520e-023
850.400000  5.419612e-023
850.600000  4.635788e-023
850.800000  7.048561e-023
851.000000  8.104808e-023
851.200000  5.034426e-023
851.400000  6.281752e-023
851.600000  9.667154e-023
851.800000  8.819252e-023
852.000000  5.391094e-023
852.200000  7.369544e-023
852.400000  1.160390e-022
852.600000  9.101373e-023
852.800000  7.397132e-023
853.000000  1.009832e-022
853.200000  1.053951e-022
853.400000  7.300009e-023
853.600000  7.739448e-023
853.800000  1.124160e-022
854.000000  1.236287e-022
854.200000  1.034340e-022
854.400000  1.095542e-022
854.600000  1.254357e-022
854.800000  9.384421e-023
855.000000  7.818136e-023
855.200000  9.703199e-023
855.400000  1.086324e-022
855.600000  7.248156e-023
855.800000  5.817164e-023
856.000000  8.714542e-023
856.200000  8.122174e-023
856.400000  3.857910e-023
856.600000  6.402001e-023
856.800000  9.653498e-023
857.000000  8.641408e-023
857.200000  9.071378e-023
857.400000  1.315595e-022
857.600000  1.535247e-022
857.800000  1.126968e-022
858.000000  1.115405e-022
858.200000  1.297538e-022
858.400000  1.220466e-022
858.600000  9.616488e-023
858.800000  1.172701e-022
859.000000  1.343011e-022
859.200000  1.054720e-022
859.400000  9.772985e-023
859.600000  1.301392e-022
859.800000  1.409584e-022
860.000000  9.260574e-023
860.200000  1.028248e-022
860.400000  1.213104e-022
860.600000  1.202476e-022
860.800000  1.024814e-022
861.000000  1.233126e-022
861.200000  1.401435e-022
861.400000  1.116783e-022
861.600000  1.111288e-022
861.800000  1.360089e-022
862.000000  1.243460e-022
862.200000  9.065796e-023
862.400000  1.014024e-022
862.600000  1.311373e-022
862.800000  1.158799e-022
863.000000  1.034633e-022
863.200000  1.253662e-022
863.400000  1.419594e-022
863.600000  1.001740e-022
863.800000  9.966440e-023
864.000000  1.396830e-022
864.200000  1.410481e-022
864.400000  9.053009e-023
864.600000  1.088214e-022
864.800000  1.359786e-022
865.000000  1.084262e-022
865.200000  9.266837e-023
865.400000  1.414436e-022
865.600000  1.667844e-022
865.800000  1.246489e-022
866.000000  1.316418e-022
866.200000  1.598450e-022
866.400000  1.623374e-022
866.600000  1.354126e-022
866.800000  1.371823e-022
867.000000  1.682663e-022
867.200000  1.397386e-022
867.400000  1.100192e-022
867.600000  1.222748e-022
867.800000  1.387565e-022
868.000000  1.079903e-022
868.200000  1.022222e-022
868.400000  1.168867e-022
868.600000  1.146904e-022
868.800000  7.219668e-023
869.000000  9.444926e-023
869.200000  1.264857e-022
869.400000  1.161416e-022
869.600000  1.173723e-022
869.800000  1.608548e-022
870.000000  1.803247e-022
870.200000  1.495700e-022
870.400000  1.587590e-022
870.600000  2.013102e-022
870.800000  2.003687e-022
871.000000  1.672364e-022
871.200000  1.745075e-022
871.400000  1.751290e-022
871.600000  1.377397e-022
871.800000  1.187514e-022
872.000000  1.701324e-022
872.200000  1.871245e-022
872.400000  1.605516e-022
872.600000  1.685757e-022
872.800000  1.954903e-022
873.000000  1.687593e-022
873.200000  1.336887e-022
873.400000  1.587962e-022
873.600000  1.911043e-022
873.800000  1.660116e-022
874.000000  1.739828e-022
874.200000  2.007398e-022
874.400000  2.065967e-022
874.600000  1.753098e-022
874.800000  1.733357e-022
875.000000  2.161467e-022
875.200000  1.927699e-022
875.400000  1.552210e-022
875.600000  1.729388e-022
875.800000  2.045173e-022
876.000000  1.942674e-022
876.200000  1.891144e-022
876.400000  2.147910e-022
876.600000  2.408916e-022
876.800000  2.318078e-022
877.000000  2.516941e-022
877.200000  2.831284e-022
877.400000  2.894869e-022
877.600000  2.625543e-022
877.800000  2.674159e-022
878.000000  2.801310e-022
878.200000  2.532010e-022
878.400000  2.671420e-022
878.600000  3.083467e-022
878.800000  3.171080e-022
879.000000  2.683489e-022
879.200000  3.013018e-022
879.400000  3.257581e-022
879.600000  3.223963e-022
879.800000  3.191543e-022
880.000000  3.404263e-022
880.200000  3.492467e-022
880.400000  3.239301e-022
880.600000  3.030480e-022
880.800000  3.673681e-022
881.000000  3.587704e-022
881.200000  3.280691e-022
881.400000  3.493784e-022
881.600000  3.773727e-022
881.800000  3.445395e-022
882.000000  3.275718e-022
882.200000  3.472828e-022
882.400000  3.618812e-022
882.600000  3.226117e-022
882.800000  3.240010e-022
883.000000  3.637922e-022
883.200000  3.601656e-022
883.400000  3.329408e-022
883.600000  3.512541e-022
883.800000  3.959587e-022
884.000000  3.832621e-022
884.200000  3.779520e-022
884.400000  3.966218e-022
884.600000  3.988434e-022
884.800000  3.397907e-022
885.000000  3.296126e-022
885.200000  3.523885e-022
885.400000  3.516481e-022
885.600000  3.422067e-022
885.800000  3.613577e-022
886.000000  3.950206e-022
886.200000  3.756615e-022
886.400000  3.719604e-022
886.600000  3.914381e-022
886.800000  4.209920e-022
887.000000  3.829273e-022
887.200000  3.986798e-022
887.400000  4.267820e-022
887.600000  4.104718e-022
887.800000  3.844810e-022
888.000000  3.890336e-022
888.200000  4.126420e-022
888.400000  3.703229e-022
888.600000  3.716216e-022
888.800000  3.946172e-022
889.000000  4.203012e-022
889.200000  3.866986e-022
889.400000  3.924037e-022
889.600000  4.068879e-022
889.800000  3.848786e-022
890.000000  3.583044e-022
890.200000  3.714881e-022
890.400000  4.053485e-022
890.600000  3.787893e-022
890.800000  3.833623e-022
891.000000  4.299070e-022
891.200000  4.492599e-022
891.400000  4.329602e-022
891.600000  4.527152e-022
891.800000  4.915143e-022
892.000000  4.876671e-022
892.200000  4.691265e-022
892.400000  4.947238e-022
892.600000  5.177163e-022
892.800000  4.683577e-022
893.000000  4.812347e-022
893.200000  5.127331e-022
893.400000  5.272608e-022
893.600000  4.968879e-022
893.800000  5.221682e-022
894.000000  5.619113e-022
894.200000  5.391574e-022
894.400000  5.386350e-022
894.600000  5.541836e-022
894.800000  5.761159e-022
895.000000  5.256010e-022
895.200000  5.266447e-022
895.400000  5.593180e-022
895.600000  5.860492e-022
895.800000  5.526379e-022
896.000000  5.726933e-022
896.200000  5.918220e-022
896.400000  5.660384e-022
896.600000  5.545028e-022
896.800000  5.668053e-022
897.000000  5.899708e-022
897.200000  5.619464e-022
897.400000  5.760325e-022
897.600000  6.329516e-022
897.800000  6.545565e-022
898.000000  6.246580e-022
898.200000  6.686255e-022
898.400000  6.957953e-022
898.600000  6.609420e-022
898.800000  6.275066e-022
899.000000  6.370908e-022
899.200000  6.514692e-022
899.400000  6.235006e-022
899.600000  6.583894e-022
899.800000  7.105182e-022
900.000000  7.211692e-022
900.200000  7.088427e-022
900.400000  7.305293e-022
900.600000  7.582509e-022
900.800000  7.485640e-022
901.000000  7.738487e-022
901.200000  8.022592e-022
901.400000  8.242265e-022
901.600000  7.990375e-022
901.800000  8.250977e-022
902.000000  8.465673e-022
902.200000  8.455324e-022
902.400000  8.299642e-022
902.600000  8.554939e-022
902.800000  8.805324e-022
903.000000  8.481648e-022
903.200000  8.486308e-022
903.400000  8.870224e-022
903.600000  9.286095e-022
903.800000  9.058555e-022
904.000000  9.316830e-022
904.200000  9.608538e-022
904.400000  9.637739e-022
904.600000  9.475588e-022
904.800000  9.769707e-022
905.000000  1.025583e-021
905.200000  1.006032e-021
905.400000  1.016002e-021
905.600000  1.064882e-021
905.800000  1.084608e-021
906.000000  1.071645e-021
906.200000  1.104408e-021
906.400000  1.140688e-021
906.600000  1.147393e-021
906.800000  1.150730e-021
907.000000  1.196883e-021
907.200000  1.230250e-021
907.400000  1.201174e-021
907.600000  1.214674e-021
907.800000  1.240824e-021
908.000000  1.261656e-021
908.200000  1.241997e-021
908.400000  1.264665e-021
908.600000  1.298773e-021
908.800000  1.273622e-021
909.000000  1.273132e-021
909.200000  1.329549e-021
909.400000  1.377492e-021
909.600000  1.357943e-021
909.800000  1.398399e-021
910.000000  1.473257e-021
910.200000  1.530548e-021
910.400000  1.567212e-021
910.600000  1.672757e-021
910.800000  1.791941e-021
911.000000  1.863964e-021
911.200000  1.952765e-021
911.400000  2.103954e-021
911.600000  2.240541e-021
911.800000  2.340609e-021
912.000000  2.512217e-021
912.200000  2.720032e-021
912.400000  2.923150e-021
912.600000  3.086836e-021
912.800000  3.327659e-021
913.000000  3.580292e-021
913.200000  3.781346e-021
913.400000  3.980432e-021
913.600000  4.217471e-021
913.800000  4.351137e-021
914.000000  4.447202e-021
914.200000  4.482333e-021
914.400000  4.495738e-021
914.600000  4.449009e-021
914.800000  4.361071e-021
915.000000  4.263503e-021
915.200000  4.158251e-021
915.400000  4.023224e-021
915.600000  3.906232e-021
915.800000  3.835104e-021
916.000000  3.762073e-021
916.200000  3.612257e-021
916.400000  3.510615e-021
916.600000  3.430349e-021
916.800000  3.289736e-021
917.000000  3.125884e-021
917.200000  3.026929e-021
917.400000  2.925436e-021
917.600000  2.753725e-021
917.800000  2.626516e-021
918.000000  2.536445e-021
918.200000  2.454726e-021
918.400000  2.337174e-021
918.600000  2.289865e-021
918.800000  2.271687e-021
919.000000  2.216227e-021
919.200000  2.187436e-021
919.400000  2.193946e-021
919.600000  2.219573e-021
919.800000  2.184546e-021
920.000000  2.175108e-021
920.200000  2.203877e-021
920.400000  2.205573e-021
920.600000  2.144446e-021
920.800000  2.140015e-021
921.000000  2.130015e-021
921.200000  2.081161e-021
921.400000  2.013477e-021
921.600000  2.014135e-021
921.800000  2.033996e-021
922.000000  2.005982e-021
922.200000  2.007310e-021
922.400000  2.052632e-021
922.600000  2.095912e-021
922.800000  2.104198e-021
923.000000  2.174300e-021
923.200000  2.237005e-021
923.400000  2.295808e-021
923.600000  2.338725e-021
923.800000  2.456557e-021
924.000000  2.560072e-021
924.200000  2.615521e-021
924.400000  2.728725e-021
924.600000  2.862741e-021
924.800000  2.967776e-021
925.000000  3.093507e-021
925.200000  3.261521e-021
925.400000  3.450196e-021
925.600000  3.570980e-021
925.800000  3.669754e-021
926.000000  3.828025e-021
926.200000  3.936114e-021
926.400000  3.978405e-021
926.600000  4.011962e-021
926.800000  4.038152e-021
927.000000  4.089451e-021
927.200000  4.136055e-021
927.400000  4.180036e-021
927.600000  4.191245e-021
927.800000  4.175968e-021
928.000000  4.167494e-021
928.200000  4.196905e-021
928.400000  4.209248e-021
928.600000  4.223491e-021
928.800000  4.247057e-021
929.000000  4.263028e-021
929.200000  4.300750e-021
929.400000  4.328675e-021
929.600000  4.422159e-021
929.800000  4.472861e-021
930.000000  4.516850e-021
930.200000  4.550585e-021
930.400000  4.582574e-021
930.600000  4.584381e-021
930.800000  4.571279e-021
931.000000  4.525415e-021
931.200000  4.462453e-021
931.400000  4.372319e-021
931.600000  4.295626e-021
931.800000  4.246758e-021
932.000000  4.203177e-021
932.200000  4.181479e-021
932.400000  4.146157e-021
932.600000  4.134247e-021
932.800000  4.130325e-021
933.000000  4.115954e-021
933.200000  4.180618e-021
933.400000  4.261474e-021
933.600000  4.330624e-021
933.800000  4.392252e-021
934.000000  4.481867e-021
934.200000  4.559667e-021
934.400000  4.640635e-021
934.600000  4.743362e-021
934.800000  4.853386e-021
935.000000  4.969101e-021
935.200000  5.079076e-021
935.400000  5.221524e-021
935.600000  5.367373e-021
935.800000  5.496563e-021
936.000000  5.669764e-021
936.200000  5.865067e-021
936.400000  6.073831e-021
936.600000  6.253644e-021
936.800000  6.405947e-021
937.000000  6.510363e-021
937.200000  6.585291e-021
937.400000  6.620536e-021
937.600000  6.585034e-021
937.800000  6.555703e-021
938.000000  6.557081e-021
938.200000  6.543479e-021
938.400000  6.472658e-021
938.600000  6.405440e-021
938.800000  6.455647e-021
939.000000  6.571481e-021
939.200000  6.646013e-021
939.400000  6.806829e-021
939.600000  6.993673e-021
939.800000  7.185620e-021
940.000000  7.372470e-021
940.200000  7.625433e-021
940.400000  7.854662e-021
940.600000  8.077437e-021
940.800000  8.251775e-021
941.000000  8.423310e-021
941.200000  8.548976e-021
941.400000  8.672315e-021
941.600000  8.683981e-021
941.800000  8.611582e-021
942.000000  8.427193e-021
942.200000  8.165981e-021
942.400000  7.808061e-021
942.600000  7.372306e-021
942.800000  6.974547e-021
943.000000  6.560307e-021
943.200000  6.186751e-021
943.400000  5.794130e-021
943.600000  5.441162e-021
943.800000  5.124426e-021
944.000000  4.822897e-021
944.200000  4.590340e-021
944.400000  4.395418e-021
944.600000  4.166843e-021
944.800000  3.953153e-021
945.000000  3.813291e-021
945.200000  3.664978e-021
945.400000  3.484154e-021
945.600000  3.358468e-021
945.800000  3.238307e-021
946.000000  3.104191e-021
946.200000  2.948024e-021
946.400000  2.848580e-021
946.600000  2.760400e-021
946.800000  2.595341e-021
947.000000  2.476330e-021
947.200000  2.422805e-021
947.400000  2.356324e-021
947.600000  2.246223e-021
947.800000  2.197894e-021
948.000000  2.189665e-021
948.200000  2.140890e-021
948.400000  2.081004e-021
948.600000  2.089343e-021
948.800000  2.099987e-021
949.000000  2.030742e-021
949.200000  2.023334e-021
949.400000  2.010492e-021
949.600000  1.996471e-021
949.800000  1.959689e-021
950.000000  1.969740e-021
950.200000  1.997375e-021
950.400000  1.944929e-021
950.600000  1.895307e-021
950.800000  1.907485e-021
951.000000  1.909209e-021
951.200000  1.838067e-021
951.400000  1.831131e-021
951.600000  1.847018e-021
951.800000  1.847610e-021
952.000000  1.778360e-021
952.200000  1.779119e-021
952.400000  1.791348e-021
952.600000  1.723361e-021
952.800000  1.667806e-021
953.000000  1.649560e-021
953.200000  1.620435e-021
953.400000  1.553197e-021
953.600000  1.530028e-021
953.800000  1.553713e-021
954.000000  1.570078e-021
954.200000  1.526142e-021
954.400000  1.576591e-021
954.600000  1.606667e-021
954.800000  1.581990e-021
955.000000  1.579691e-021
955.200000  1.594620e-021
955.400000  1.626172e-021
955.600000  1.627084e-021
955.800000  1.645222e-021
956.000000  1.689413e-021
956.200000  1.694749e-021
956.400000  1.667389e-021
956.600000  1.653292e-021
956.800000  1.672337e-021
957.000000  1.654317e-021
957.200000  1.650101e-021
957.400000  1.707031e-021
957.600000  1.744848e-021
957.800000  1.731498e-021
958.000000  1.770459e-021
958.200000  1.810500e-021
958.400000  1.843166e-021
958.600000  1.810877e-021
958.800000  1.846215e-021
959.000000  1.858006e-021
959.200000  1.830167e-021
959.400000  1.781072e-021
959.600000  1.781092e-021
959.800000  1.759823e-021
960.000000  1.672408e-021
960.200000  1.637064e-021
960.400000  1.610634e-021
960.600000  1.581609e-021
960.800000  1.498142e-021
961.000000  1.481637e-021
961.200000  1.455936e-021
961.400000  1.374751e-021
961.600000  1.332890e-021
961.800000  1.334014e-021
962.000000  1.335400e-021
962.200000  1.282473e-021
962.400000  1.275876e-021
962.600000  1.297542e-021
962.800000  1.292824e-021
963.000000  1.267033e-021
963.200000  1.310293e-021
963.400000  1.348811e-021
963.600000  1.353009e-021
963.800000  1.384286e-021
964.000000  1.421000e-021
964.200000  1.458471e-021
964.400000  1.443409e-021
964.600000  1.484821e-021
964.800000  1.545855e-021
965.000000  1.588061e-021
965.200000  1.624711e-021
965.400000  1.691314e-021
965.600000  1.780790e-021
965.800000  1.814490e-021
966.000000  1.901403e-021
966.010000  1.914518e-021
966.020000  1.956632e-021
966.030000  1.963305e-021
966.040000  1.960599e-021
966.050000  1.954151e-021
966.060000  1.927191e-021
966.070000  1.939420e-021
966.080000  1.953545e-021
966.090000  1.960205e-021
966.100000  1.970623e-021
966.110000  1.966042e-021
966.120000  1.961467e-021
966.130000  1.975633e-021
966.140000  2.025713e-021
966.150000  2.030548e-021
966.160000  2.044884e-021
966.170000  2.023162e-021
966.180000  2.018529e-021
966.190000  2.029035e-021
966.200000  2.056667e-021
966.210000  2.059147e-021
966.220000  2.054006e-021
966.230000  2.056485e-021
966.240000  2.051344e-021
966.250000  2.076741e-021
966.260000  2.065847e-021
966.270000  2.083656e-021
966.280000  2.068917e-021
966.290000  2.029471e-021
966.300000  2.018653e-021
966.310000  1.998404e-021
966.320000  2.008411e-021
966.330000  1.999513e-021
966.340000  2.007634e-021
966.350000  1.998733e-021
966.360000  2.012541e-021
966.370000  2.066478e-021
966.380000  2.084341e-021
966.390000  2.127437e-021
966.400000  2.124161e-021
966.410000  2.137313e-021
966.420000  2.146602e-021
966.430000  2.155911e-021
966.440000  2.202534e-021
966.450000  2.215900e-021
966.460000  2.213482e-021
966.470000  2.207119e-021
966.480000  2.214572e-021
966.490000  2.259766e-021
966.500000  2.257330e-021
966.510000  2.282853e-021
966.520000  2.296447e-021
966.530000  2.273964e-021
966.540000  2.311649e-021
966.550000  2.295117e-021
966.560000  2.310763e-021
966.570000  2.316366e-021
966.580000  2.287767e-021
966.590000  2.283314e-021
966.600000  2.254891e-021
966.610000  2.305713e-021
966.620000  2.326631e-021
966.630000  2.339520e-021
966.640000  2.340271e-021
966.650000  2.347102e-021
966.660000  2.345825e-021
966.670000  2.336450e-021
966.680000  2.381902e-021
966.690000  2.382652e-021
966.700000  2.354911e-021
966.710000  2.369887e-021
966.720000  2.364535e-021
966.730000  2.385652e-021
966.740000  2.417105e-021
966.750000  2.417855e-021
966.760000  2.406301e-021
966.770000  2.402956e-021
966.780000  2.415999e-021
966.790000  2.435244e-021
966.800000  2.460758e-021
966.810000  2.461656e-021
966.820000  2.462554e-021
966.830000  2.469662e-021
966.840000  2.464349e-021
966.850000  2.504705e-021
966.860000  2.528586e-021
966.870000  2.510670e-021
966.880000  2.524101e-021
966.890000  2.537562e-021
966.900000  2.532173e-021
966.910000  2.547749e-021
966.920000  2.569690e-021
966.930000  2.602316e-021
966.940000  2.626606e-021
966.950000  2.629634e-021
966.960000  2.656184e-021
966.970000  2.667807e-021
966.980000  2.664408e-021
966.990000  2.691119e-021
967.000000  2.726639e-021
967.010000  2.740382e-021
967.020000  2.751986e-021
967.030000  2.752689e-021
967.040000  2.762142e-021
967.050000  2.760661e-021
967.060000  2.792120e-021
967.070000  2.801665e-021
967.080000  2.826746e-021
967.090000  2.807539e-021
967.100000  2.830442e-021
967.110000  2.893813e-021
967.120000  2.908107e-021
967.130000  2.926980e-021
967.140000  2.927762e-021
967.150000  2.878879e-021
967.160000  2.888638e-021
967.170000  2.907456e-021
967.180000  2.930895e-021
967.190000  2.961308e-021
967.200000  2.987323e-021
967.210000  2.996677e-021
967.220000  3.012971e-021
967.230000  3.036271e-021
967.240000  3.066673e-021
967.250000  3.076170e-021
967.260000  3.066980e-021
967.270000  3.069468e-021
967.280000  3.085991e-021
967.290000  3.088487e-021
967.300000  3.121552e-021
967.310000  3.147713e-021
967.320000  3.143128e-021
967.330000  3.169398e-021
967.340000  3.176698e-021
967.350000  3.205534e-021
967.360000  3.229714e-021
967.370000  3.258848e-021
967.380000  3.263848e-021
967.390000  3.261578e-021
967.400000  3.271433e-021
967.410000  3.281605e-021
967.420000  3.330934e-021
967.430000  3.351068e-021
967.440000  3.363860e-021
967.450000  3.376682e-021
967.460000  3.379611e-021
967.470000  3.417370e-021
967.480000  3.465472e-021
967.490000  3.473488e-021
967.500000  3.461338e-021
967.510000  3.484494e-021
967.520000  3.523011e-021
967.530000  3.536214e-021
967.540000  3.587992e-021
967.550000  3.629878e-021
967.560000  3.640740e-021
967.570000  3.649014e-021
967.580000  3.667764e-021
967.590000  3.710288e-021
967.600000  3.747838e-021
967.610000  3.784914e-021
967.620000  3.806098e-021
967.630000  3.811188e-021
967.640000  3.810895e-021
967.650000  3.864749e-021
967.660000  3.894483e-021
967.670000  3.913389e-021
967.680000  3.946179e-021
967.690000  3.937594e-021
967.700000  3.967766e-021
967.710000  4.092269e-021
967.720000  4.118137e-021
967.730000  4.100084e-021
967.740000  4.137331e-021
967.750000  4.180670e-021
967.760000  4.217383e-021
967.770000  4.251127e-021
967.780000  4.259823e-021
967.790000  4.298826e-021
967.800000  4.291477e-021
967.810000  4.338835e-021
967.820000  4.368395e-021
967.830000  4.445246e-021
967.840000  4.449614e-021
967.850000  4.473709e-021
967.860000  4.493279e-021
967.870000  4.512793e-021
967.880000  4.578169e-021
967.890000  4.620309e-021
967.900000  4.632227e-021
967.910000  4.638642e-021
967.920000  4.647658e-021
967.930000  4.697030e-021
967.940000  4.745716e-021
967.950000  4.780959e-021
967.960000  4.805769e-021
967.970000  4.837880e-021
967.980000  4.847586e-021
967.990000  4.900967e-021
968.000000  4.944638e-021
968.010000  4.959120e-021
968.020000  5.012319e-021
968.030000  5.015376e-021
968.040000  5.024745e-021
968.050000  5.078614e-021
968.060000  5.152749e-021
968.070000  5.223471e-021
968.080000  5.232128e-021
968.090000  5.245306e-021
968.100000  5.278702e-021
968.110000  5.348675e-021
968.120000  5.432163e-021
968.130000  5.465459e-021
968.140000  5.489073e-021
968.150000  5.502443e-021
968.160000  5.526887e-021
968.170000  5.595170e-021
968.180000  5.679880e-021
968.190000  5.708217e-021
968.200000  5.764960e-021
968.210000  5.790404e-021
968.220000  5.847129e-021
968.230000  5.907689e-021
968.240000  6.066671e-021
968.250000  6.119126e-021
968.260000  6.113486e-021
968.270000  6.124464e-021
968.280000  6.152085e-021
968.290000  6.280129e-021
968.300000  6.333235e-021
968.310000  6.403412e-021
968.320000  6.397623e-021
968.330000  6.408744e-021
968.340000  6.496216e-021
968.350000  6.558525e-021
968.360000  6.663979e-021
968.370000  6.701059e-021
968.380000  6.712339e-021
968.390000  6.732249e-021
968.400000  6.709049e-021
968.410000  6.793642e-021
968.420000  6.861310e-021
968.430000  6.929294e-021
968.440000  6.901305e-021
968.450000  6.969487e-021
968.460000  6.967699e-021
968.470000  7.053823e-021
968.480000  7.175962e-021
968.490000  7.156409e-021
968.500000  7.199072e-021
968.510000  7.170597e-021
968.520000  7.240075e-021
968.530000  7.291953e-021
968.540000  7.389045e-021
968.550000  7.414334e-021
968.560000  7.412544e-021
968.570000  7.455991e-021
968.580000  7.499571e-021
968.590000  7.607219e-021
968.600000  7.660441e-021
968.610000  7.695435e-021
968.620000  7.721291e-021
968.630000  7.737958e-021
968.640000  7.745405e-021
968.650000  7.901509e-021
968.660000  7.946468e-021
968.670000  7.963416e-021
968.680000  7.971003e-021
968.690000  7.969210e-021
968.700000  8.023810e-021
968.710000  8.069170e-021
968.720000  8.219243e-021
968.730000  8.131840e-021
968.740000  8.187067e-021
968.750000  8.213863e-021
968.760000  8.269408e-021
968.770000  8.286775e-021
968.780000  8.400449e-021
968.790000  8.437338e-021
968.800000  8.396860e-021
968.810000  8.399535e-021
968.820000  8.440892e-021
968.830000  8.530961e-021
968.840000  8.572637e-021
968.850000  8.594848e-021
968.860000  8.607299e-021
968.870000  8.639343e-021
968.880000  8.681266e-021
968.890000  8.733143e-021
968.900000  8.755540e-021
968.910000  8.817541e-021
968.920000  8.780631e-021
968.930000  8.733968e-021
968.940000  8.795854e-021
968.950000  8.937590e-021
968.960000  8.940258e-021
968.970000  9.002913e-021
968.980000  8.975557e-021
968.990000  8.988224e-021
969.000000  9.020933e-021
969.010000  9.041878e-021
969.020000  9.103103e-021
969.030000  9.023585e-021
969.040000  9.034496e-021
969.050000  9.055454e-021
969.060000  9.016215e-021
969.070000  9.077322e-021
969.080000  9.088265e-021
969.090000  9.129455e-021
969.100000  9.079972e-021
969.110000  9.060755e-021
969.120000  9.081739e-021
969.130000  9.143082e-021
969.140000  9.143965e-021
969.150000  9.104516e-021
969.160000  9.055131e-021
969.170000  9.086155e-021
969.180000  9.056897e-021
969.190000  9.097981e-021
969.200000  9.068703e-021
969.210000  8.992766e-021
969.220000  9.006981e-021
969.230000  8.971181e-021
969.240000  8.935438e-021
969.250000  8.989586e-021
969.260000  9.013846e-021
969.270000  8.937987e-021
969.280000  8.783131e-021
969.290000  8.777322e-021
969.300000  8.821033e-021
969.310000  8.854953e-021
969.320000  8.839194e-021
969.330000  8.744178e-021
969.340000  8.669337e-021
969.350000  8.643851e-021
969.360000  8.657690e-021
969.370000  8.612562e-021
969.380000  8.606733e-021
969.390000  8.542137e-021
969.400000  8.448577e-021
969.410000  8.449466e-021
969.420000  8.401834e-021
969.430000  8.422114e-021
969.440000  8.384247e-021
969.450000  8.327184e-021
969.460000  8.193697e-021
969.470000  8.165943e-021
969.480000  8.138243e-021
969.490000  8.129614e-021
969.500000  8.083001e-021
969.510000  8.017633e-021
969.520000  7.952550e-021
969.530000  7.934641e-021
969.540000  7.935530e-021
969.550000  7.917645e-021
969.560000  7.843664e-021
969.570000  7.751477e-021
969.580000  7.687546e-021
969.590000  7.633092e-021
969.600000  7.578836e-021
969.610000  7.600322e-021
969.620000  7.502742e-021
969.630000  7.405817e-021
969.640000  7.372721e-021
969.650000  7.330688e-021
969.660000  7.333812e-021
969.670000  7.291911e-021
969.680000  7.241177e-021
969.690000  7.208500e-021
969.700000  7.095846e-021
969.710000  7.081232e-021
969.720000  7.040105e-021
969.730000  7.025562e-021
969.740000  6.967019e-021
969.750000  6.795313e-021
969.760000  6.755034e-021
969.770000  6.732171e-021
969.780000  6.717992e-021
969.790000  6.703832e-021
969.800000  6.646633e-021
969.810000  6.534795e-021
969.820000  6.457699e-021
969.830000  6.372533e-021
969.840000  6.405910e-021
969.850000  6.371628e-021
969.860000  6.278527e-021
969.870000  6.219406e-021
969.880000  6.093984e-021
969.890000  6.093531e-021
969.900000  6.059924e-021
969.910000  6.026389e-021
969.920000  5.881041e-021
969.930000  5.793669e-021
969.940000  5.733963e-021
969.950000  5.652378e-021
969.960000  5.616180e-021
969.970000  5.603099e-021
969.980000  5.558457e-021
969.990000  5.471390e-021
970.000000  5.415074e-021
970.010000  5.381465e-021
970.020000  5.355109e-021
970.030000  5.348127e-021
970.040000  5.281111e-021
970.050000  5.200070e-021
970.060000  5.139232e-021
970.070000  5.088884e-021
970.080000  5.057973e-021
970.090000  5.041317e-021
970.100000  4.953560e-021
970.110000  4.902832e-021
970.120000  4.861710e-021
970.130000  4.803364e-021
970.140000  4.786992e-021
970.150000  4.761611e-021
970.160000  4.703755e-021
970.170000  4.652069e-021
970.180000  4.588774e-021
970.190000  4.546008e-021
970.200000  4.506612e-021
970.210000  4.499484e-021
970.220000  4.453142e-021
970.230000  4.380816e-021
970.240000  4.357496e-021
970.250000  4.318605e-021
970.260000  4.303049e-021
970.270000  4.290335e-021
970.280000  4.286350e-021
970.290000  4.230147e-021
970.300000  4.172853e-021
970.310000  4.122146e-021
970.320000  4.119802e-021
970.330000  3.984271e-021
970.340000  3.948751e-021
970.350000  3.921738e-021
970.360000  3.862108e-021
970.370000  3.803178e-021
970.380000  3.779623e-021
970.390000  3.764183e-021
970.400000  3.730201e-021
970.410000  3.699680e-021
970.420000  3.661504e-021
970.430000  3.615849e-021
970.440000  3.586047e-021
970.450000  3.569247e-021
970.460000  3.562749e-021
970.470000  3.507878e-021
970.480000  3.463653e-021
970.490000  3.439786e-021
970.500000  3.408584e-021
970.510000  3.370185e-021
970.520000  3.361528e-021
970.530000  3.338177e-021
970.540000  3.283361e-021
970.550000  3.267628e-021
970.560000  3.235137e-021
970.570000  3.195723e-021
970.580000  3.196915e-021
970.590000  3.155459e-021
970.600000  3.133110e-021
970.610000  3.106159e-021
970.620000  3.056137e-021
970.630000  3.041085e-021
970.640000  3.023769e-021
970.650000  2.990472e-021
970.660000  2.948291e-021
970.670000  2.913193e-021
970.680000  2.891767e-021
970.690000  2.868185e-021
970.700000  2.873710e-021
970.710000  2.823529e-021
970.720000  2.789204e-021
970.730000  2.763852e-021
970.740000  2.734251e-021
970.750000  2.737427e-021
970.760000  2.723168e-021
970.770000  2.695936e-021
970.780000  2.662377e-021
970.790000  2.614079e-021
970.800000  2.597992e-021
970.810000  2.567432e-021
970.820000  2.558097e-021
970.830000  2.538255e-021
970.840000  2.514296e-021
970.850000  2.475880e-021
970.860000  2.437737e-021
970.870000  2.463724e-021
970.880000  2.454549e-021
970.890000  2.445386e-021
970.900000  2.427992e-021
970.910000  2.392206e-021
970.920000  2.374976e-021
970.930000  2.376124e-021
970.940000  2.365043e-021
970.950000  2.345861e-021
970.960000  2.314630e-021
970.970000  2.293611e-021
970.980000  2.284690e-021
970.990000  2.273779e-021
971.000000  2.280900e-021
971.010000  2.287969e-021
971.020000  2.276991e-021
971.030000  2.254068e-021
971.040000  2.255119e-021
971.050000  2.260157e-021
971.060000  2.243286e-021
971.070000  2.240362e-021
971.080000  2.205785e-021
971.090000  2.177333e-021
971.100000  2.162718e-021
971.110000  2.175511e-021
971.120000  2.162861e-021
971.130000  2.156098e-021
971.140000  2.124080e-021
971.150000  2.084574e-021
971.160000  2.076014e-021
971.170000  2.080903e-021
971.180000  2.072352e-021
971.190000  2.058081e-021
971.200000  2.032429e-021
971.210000  2.006320e-021
971.220000  1.972824e-021
971.230000  1.969517e-021
971.240000  1.977487e-021
971.250000  1.938586e-021
971.260000  1.912969e-021
971.270000  1.889333e-021
971.280000  1.895332e-021
971.290000  1.890235e-021
971.300000  1.885143e-021
971.310000  1.881902e-021
971.320000  1.832773e-021
971.330000  1.827744e-021
971.340000  1.811792e-021
971.350000  1.819527e-021
971.360000  1.830922e-021
971.370000  1.798608e-021
971.380000  1.779138e-021
971.390000  1.768755e-021
971.400000  1.760195e-021
971.410000  1.780067e-021
971.420000  1.772865e-021
971.430000  1.742267e-021
971.440000  1.717190e-021
971.450000  1.718985e-021
971.460000  1.699343e-021
971.470000  1.710055e-021
971.480000  1.726175e-021
971.490000  1.702913e-021
971.500000  1.658442e-021
971.510000  1.631920e-021
971.520000  1.644254e-021
971.530000  1.642467e-021
971.540000  1.633614e-021
971.550000  1.623008e-021
971.560000  1.601873e-021
971.570000  1.566839e-021
971.580000  1.551115e-021
971.590000  1.568493e-021
971.600000  1.557980e-021
971.610000  1.530623e-021
971.620000  1.525879e-021
971.630000  1.512498e-021
971.640000  1.507773e-021
971.650000  1.522047e-021
971.660000  1.515585e-021
971.670000  1.490190e-021
971.680000  1.463215e-021
971.690000  1.451714e-021
971.700000  1.453873e-021
971.710000  1.461156e-021
971.720000  1.456486e-021
971.730000  1.455233e-021
971.740000  1.423369e-021
971.750000  1.422126e-021
971.760000  1.429364e-021
971.770000  1.451929e-021
971.780000  1.428573e-021
971.790000  1.413778e-021
971.800000  1.404091e-021
971.810000  1.389820e-021
971.820000  1.399144e-021
971.830000  1.422011e-021
971.840000  1.417834e-021
971.850000  1.401846e-021
971.860000  1.390957e-021
971.870000  1.365013e-021
971.880000  1.367586e-021
971.890000  1.370160e-021
971.900000  1.372735e-021
971.910000  1.361922e-021
971.920000  1.329506e-021
971.930000  1.317139e-021
971.940000  1.329644e-021
971.950000  1.327224e-021
971.960000  1.328122e-021
971.970000  1.320734e-021
971.980000  1.283683e-021
971.990000  1.281294e-021
972.000000  1.278908e-021
972.010000  1.292667e-021
972.020000  1.280117e-021
972.030000  1.267591e-021
972.040000  1.246921e-021
972.050000  1.234465e-021
972.060000  1.253014e-021
972.070000  1.237277e-021
972.080000  1.244398e-021
972.090000  1.222168e-021
972.100000  1.203267e-021
972.110000  1.205469e-021
972.120000  1.204429e-021
972.130000  1.208257e-021
972.140000  1.215341e-021
972.150000  1.183496e-021
972.160000  1.153443e-021
972.170000  1.157225e-021
972.180000  1.159402e-021
972.190000  1.156751e-021
972.200000  1.152492e-021
972.210000  1.133939e-021
972.220000  1.125039e-021
972.230000  1.112957e-021
972.240000  1.128056e-021
972.250000  1.141598e-021
972.260000  1.124668e-021
972.270000  1.096625e-021
972.280000  1.098918e-021
972.290000  1.099618e-021
972.300000  1.117891e-021
972.310000  1.128211e-021
972.320000  1.109706e-021
972.330000  1.054758e-021
972.340000  1.036497e-021
972.350000  1.035602e-021
972.360000  1.042594e-021
972.370000  1.057508e-021
972.380000  1.050283e-021
972.390000  1.019428e-021
972.400000  1.002834e-021
972.410000  1.010162e-021
972.420000  1.030084e-021
972.430000  1.051655e-021
972.440000  1.049548e-021
972.450000  1.022232e-021
972.460000  9.888233e-022
972.470000  9.820767e-022
972.480000  9.909299e-022
972.490000  1.007619e-021
972.500000  9.945971e-022
972.510000  9.847296e-022
972.520000  9.733303e-022
972.530000  9.697209e-022
972.540000  9.769892e-022
972.550000  9.842648e-022
972.560000  9.713230e-022
972.570000  9.584192e-022
972.580000  9.594703e-022
972.590000  9.605211e-022
972.600000  9.755269e-022
972.610000  9.790860e-022
972.620000  9.686749e-022
972.630000  9.598341e-022
972.640000  9.479215e-022
972.650000  9.576453e-022
972.660000  9.611920e-022
972.670000  9.678384e-022
972.680000  9.466452e-022
972.690000  9.178670e-022
972.700000  9.075921e-022
972.710000  9.065139e-022
972.720000  9.376663e-022
972.730000  9.411988e-022
972.740000  9.324162e-022
972.750000  9.267211e-022
972.760000  9.057154e-022
972.770000  9.107582e-022
972.780000  9.204038e-022
972.790000  9.162571e-022
972.800000  9.121144e-022
972.810000  8.873851e-022
972.820000  8.992945e-022
972.830000  9.127641e-022
972.840000  9.262708e-022
972.850000  9.336600e-022
972.860000  9.256831e-022
972.870000  9.085269e-022
972.880000  8.853281e-022
972.890000  8.941839e-022
972.900000  8.938899e-022
972.910000  8.890191e-022
972.920000  8.826289e-022
972.930000  8.747249e-022
972.940000  8.759520e-022
972.950000  8.908938e-022
972.960000  9.058811e-022
972.970000  9.147778e-022
972.980000  9.052930e-022
972.990000  8.836178e-022
973.000000  8.605139e-022
973.010000  8.697795e-022
973.020000  8.714536e-022
973.030000  8.685675e-022
973.040000  8.520339e-022
973.050000  8.249977e-022
973.060000  8.176243e-022
973.070000  8.358622e-022
973.080000  8.526493e-022
973.090000  8.679714e-022
973.100000  8.666064e-022
973.110000  8.470562e-022
973.120000  8.336130e-022
973.130000  8.187012e-022
973.140000  8.188551e-022
973.150000  8.160011e-022
973.160000  8.206673e-022
973.170000  8.027954e-022
973.180000  8.074497e-022
973.190000  8.076035e-022
973.200000  8.273052e-022
973.210000  8.390604e-022
973.220000  8.402585e-022
973.230000  8.128527e-022
973.240000  8.095485e-022
973.250000  8.242631e-022
973.260000  8.359983e-022
973.270000  8.326760e-022
973.280000  8.188379e-022
973.290000  8.050435e-022
973.300000  7.987605e-022
973.310000  7.969676e-022
973.320000  8.071337e-022
973.330000  8.023466e-022
973.340000  7.930892e-022
973.350000  7.883207e-022
973.360000  7.805833e-022
973.370000  7.892192e-022
973.380000  8.008499e-022
973.390000  8.050292e-022
973.400000  7.957793e-022
973.410000  7.844692e-022
973.420000  7.880425e-022
973.430000  7.975754e-022
973.440000  7.981739e-022
973.450000  7.943033e-022
973.460000  7.830032e-022
973.470000  7.791468e-022
973.480000  7.649236e-022
973.490000  7.714452e-022
973.500000  7.928295e-022
973.510000  7.934275e-022
973.520000  7.940255e-022
973.530000  7.797676e-022
973.540000  7.803654e-022
973.550000  7.973070e-022
973.560000  8.008820e-022
973.570000  8.134058e-022
973.580000  7.827562e-022
973.590000  7.700201e-022
973.600000  7.587946e-022
973.610000  7.664780e-022
973.620000  7.815882e-022
973.630000  7.655935e-022
973.640000  7.629324e-022
973.650000  7.514094e-022
973.660000  7.487512e-022
973.670000  7.460931e-022
973.680000  7.537669e-022
973.690000  7.570176e-022
973.700000  7.513996e-022
973.710000  7.398839e-022
973.720000  7.372253e-022
973.730000  7.448926e-022
973.740000  7.496175e-022
973.750000  7.499108e-022
973.760000  7.310114e-022
973.770000  7.254067e-022
973.780000  7.021830e-022
973.790000  6.980655e-022
973.800000  6.880954e-022
973.810000  6.837138e-022
973.820000  6.603887e-022
973.830000  6.299336e-022
973.840000  6.313845e-022
973.850000  6.386270e-022
973.860000  6.328403e-022
973.870000  6.227261e-022
973.880000  6.039914e-022
973.890000  5.867588e-022
973.900000  5.910672e-022
973.910000  6.169710e-022
973.920000  6.184183e-022
973.930000  6.126545e-022
973.940000  6.025800e-022
973.950000  5.853523e-022
973.960000  5.954019e-022
973.970000  6.083507e-022
973.980000  6.285558e-022
973.990000  6.184501e-022
974.000000  5.997312e-022
974.200000  7.233525e-022
974.400000  7.139342e-022
974.600000  6.651239e-022
974.800000  6.724100e-022
975.000000  7.068203e-022
975.200000  7.006405e-022
975.400000  6.616298e-022
975.600000  6.513332e-022
975.800000  6.874028e-022
976.000000  6.743025e-022
976.200000  6.623031e-022
976.400000  7.000935e-022
976.600000  7.285476e-022
976.800000  7.103359e-022
977.000000  7.316981e-022
977.200000  8.069336e-022
977.400000  8.321777e-022
977.600000  8.376265e-022
977.800000  8.962046e-022
978.000000  9.547488e-022
978.200000  9.250661e-022
978.400000  9.015482e-022
978.600000  9.756903e-022
978.800000  9.817461e-022
979.000000  9.668604e-022
979.200000  9.699512e-022
979.400000  1.003037e-021
979.600000  9.791222e-022
979.800000  9.312287e-022
980.000000  9.494363e-022
980.200000  9.674757e-022
980.400000  9.230494e-022
980.600000  8.939818e-022
980.800000  9.060491e-022
981.000000  8.829148e-022
981.200000  8.624951e-022
981.400000  8.601664e-022
981.600000  8.780192e-022
981.800000  8.403352e-022
982.000000  7.911771e-022
982.200000  8.206276e-022
982.400000  8.437147e-022
982.600000  7.938819e-022
982.800000  7.481014e-022
983.000000  7.745288e-022
983.200000  7.506025e-022
983.400000  6.982286e-022
983.600000  6.790293e-022
983.800000  7.047121e-022
984.000000  6.981793e-022
984.200000  6.551387e-022
984.400000  6.709426e-022
984.600000  6.734998e-022
984.800000  6.360968e-022
985.000000  6.180179e-022
985.200000  6.451397e-022
985.400000  6.442827e-022
985.600000  5.851975e-022
985.800000  5.955464e-022
986.000000  6.272467e-022
986.200000  6.099478e-022
986.400000  5.641846e-022
986.600000  6.135105e-022
986.800000  6.252456e-022
987.000000  5.887075e-022
987.200000  5.850796e-022
987.400000  6.257458e-022
987.600000  6.266028e-022
987.800000  5.619129e-022
988.000000  5.631698e-022
988.200000  5.882665e-022
988.400000  5.747199e-022
988.600000  5.372652e-022
988.800000  5.639331e-022
989.000000  5.743078e-022
989.200000  5.362891e-022
989.400000  5.316516e-022
989.600000  5.404579e-022
989.800000  5.270553e-022
990.000000  4.740597e-022
990.200000  5.041758e-022
990.400000  5.186951e-022
990.600000  4.811951e-022
990.800000  4.484307e-022
991.000000  4.700800e-022
991.200000  5.007987e-022
991.400000  4.729654e-022
991.600000  4.920479e-022
991.800000  5.296162e-022
992.000000  5.230269e-022
992.200000  4.755908e-022
992.400000  4.934983e-022
992.600000  5.238098e-022
992.800000  5.006956e-022
993.000000  4.843169e-022
993.200000  5.235718e-022
993.400000  5.565095e-022
993.600000  5.081168e-022
993.800000  5.282518e-022
994.000000  5.642604e-022
994.200000  5.450405e-022
994.400000  5.164747e-022
994.600000  5.462054e-022
994.800000  5.709820e-022
995.000000  5.389229e-022
995.200000  5.283014e-022
995.400000  5.538183e-022
995.600000  5.669553e-022
995.800000  5.182746e-022
996.000000  5.311483e-022
996.200000  5.459485e-022
996.400000  5.380509e-022
996.600000  5.068621e-022
996.800000  5.135069e-022
997.000000  5.460957e-022
997.200000  5.049685e-022
997.400000  4.924157e-022
997.600000  5.338546e-022
997.800000  5.617239e-022
998.000000  5.475403e-022
998.200000  5.945687e-022
998.400000  6.630118e-022
998.600000  6.476778e-022
998.800000  6.298584e-022
999.000000  6.620041e-022
999.200000  7.038631e-022
999.400000  6.371163e-022
999.600000  6.116104e-022
999.800000  6.432993e-022
1000.000000  5.723272e-022
1000.200000  5.453191e-022
1000.400000  5.064933e-022
1000.600000  5.394063e-022
1000.800000  5.595752e-022
1001.000000  4.998018e-022
1001.200000  4.866004e-022
1001.400000  5.163065e-022
1001.600000  5.122773e-022
1001.800000  4.574837e-022
1002.000000  4.596793e-022
1002.200000  4.997976e-022
1002.400000  4.772546e-022
1002.600000  4.641876e-022
1002.800000  4.945879e-022
1003.000000  5.277080e-022
1003.200000  4.867401e-022
1003.400000  4.733711e-022
1003.600000  4.850240e-022
1003.800000  4.919600e-022
1004.000000  4.851056e-022
1004.200000  5.125802e-022
1004.400000  5.573382e-022
1004.600000  5.164153e-022
1004.800000  4.962571e-022
1005.000000  5.371112e-022
1005.200000  5.595092e-022
1005.400000  5.390491e-022
1005.600000  5.411884e-022
1005.800000  5.703284e-022
1006.000000  5.524932e-022
1006.200000  4.888686e-022
1006.400000  5.022564e-022
1006.600000  5.413869e-022
1006.800000  5.237694e-022
1007.000000  4.992128e-022
1007.200000  5.210705e-022
1007.400000  5.264183e-022
1007.600000  4.683137e-022
1007.800000  4.616598e-022
1008.000000  4.894850e-022
1008.200000  4.542496e-022
1008.400000  3.919415e-022
1008.600000  4.137453e-022
1008.800000  4.284157e-022
1009.000000  4.129487e-022
1009.200000  4.098871e-022
1009.400000  4.562913e-022
1009.600000  4.497218e-022
1009.800000  4.139637e-022
1010.000000  4.011219e-022
1010.200000  4.348166e-022
1010.400000  4.241784e-022
1010.600000  3.885181e-022
1010.800000  4.045291e-022
1011.000000  3.991964e-022
1011.200000  3.664041e-022
1011.400000  3.042160e-022
1011.600000  3.306792e-022
1011.800000  3.288329e-022
1012.000000  2.991829e-022
1012.200000  3.061489e-022
1012.400000  3.528892e-022
1012.600000  3.389391e-022
1012.800000  3.113426e-022
1013.000000  3.231714e-022
1013.200000  3.251756e-022
1013.400000  2.922274e-022
1013.600000  2.503968e-022
1013.800000  2.864115e-022
1014.000000  2.751334e-022
1014.200000  2.310010e-022
1014.400000  2.588817e-022
1014.600000  2.974247e-022
1014.800000  2.706137e-022
1015.000000  2.182396e-022
1015.200000  2.497264e-022
1015.400000  2.844915e-022
1015.600000  2.496524e-022
1015.800000  2.321485e-022
1016.000000  2.537080e-022
1016.200000  2.280846e-022
1016.400000  1.934746e-022
1016.600000  2.273353e-022
1016.800000  2.589374e-022
1017.000000  2.661453e-022
1017.200000  2.507908e-022
1017.400000  2.778681e-022
1017.600000  3.033017e-022
1017.800000  2.677220e-022
1018.000000  2.811754e-022
1018.200000  3.145454e-022
1018.400000  3.123638e-022
1018.600000  2.801232e-022
1018.800000  2.814076e-022
1019.000000  3.149157e-022
1019.200000  2.773415e-022
1019.400000  2.229102e-022
1019.600000  2.768726e-022
1019.800000  3.240604e-022
1020.000000  2.744864e-022
1020.200000  2.975100e-022
1020.400000  3.419814e-022
1020.600000  3.641838e-022
1020.800000  3.565152e-022
1021.000000  4.067706e-022
1021.200000  4.468069e-022
1021.400000  4.185681e-022
1021.600000  4.033728e-022
1021.800000  4.524925e-022
1022.000000  4.708989e-022
1022.200000  4.547786e-022
1022.400000  4.969849e-022
1022.600000  5.343767e-022
1022.800000  5.670865e-022
1023.000000  5.556716e-022
1023.200000  6.023127e-022
1023.400000  6.621143e-022
1023.600000  6.430219e-022
1023.800000  6.257267e-022
1024.000000  6.767061e-022
1024.200000  6.990967e-022
1024.400000  6.748235e-022
1024.600000  6.877411e-022
1024.800000  7.205942e-022
1025.000000  7.490743e-022
1025.200000  7.138408e-022
1025.400000  7.524567e-022
1025.600000  7.907673e-022
1025.800000  7.342784e-022
1026.000000  7.290255e-022
1026.200000  7.452817e-022
1026.400000  7.479730e-022
1026.600000  6.972968e-022
1026.800000  7.007959e-022
1027.000000  7.236772e-022
1027.200000  6.870996e-022
1027.400000  6.640646e-022
1027.600000  7.183186e-022
1027.800000  7.827302e-022
1028.000000  7.609735e-022
1028.200000  8.026286e-022
1028.400000  8.655414e-022
1028.600000  9.251917e-022
1028.800000  9.311242e-022
1029.000000  9.617399e-022
1029.200000  1.041724e-021
1029.400000  1.054472e-021
1029.600000  1.076536e-021
1029.800000  1.126378e-021
1030.000000  1.151550e-021
1030.200000  1.110832e-021
1030.400000  1.066985e-021
1030.600000  1.082244e-021
1030.800000  1.014629e-021
1031.000000  9.109640e-022
1031.200000  8.454627e-022
1031.400000  8.280448e-022
1031.600000  7.039468e-022
1031.800000  6.075512e-022
1032.000000  5.775085e-022
1032.200000  5.647079e-022
1032.400000  5.053682e-022
1032.600000  4.512181e-022
1032.800000  4.812988e-022
1033.000000  4.596889e-022
1033.200000  3.796801e-022
1033.400000  3.483539e-022
1033.600000  3.534766e-022
1033.800000  3.143381e-022
1034.000000  3.014028e-022
1034.200000  3.286963e-022
1034.400000  3.287868e-022
1034.600000  2.626480e-022
1034.800000  2.494304e-022
1035.000000  2.845979e-022
1035.200000  2.333239e-022
1035.400000  1.927484e-022
1035.600000  2.118291e-022
1035.800000  2.533819e-022
1036.000000  2.023021e-022
1036.200000  1.703087e-022
1036.400000  1.901937e-022
1036.600000  1.994813e-022
1036.800000  1.484035e-022
1037.000000  1.387479e-022
1037.200000  1.744645e-022
1037.400000  1.247386e-022
1037.600000  1.041582e-022
1037.800000  9.947149e-023
1038.000000  1.227436e-022
1038.200000  1.075274e-022
1038.400000  8.636044e-023
1038.600000  1.428298e-022
1038.800000  1.521579e-022
1039.000000  1.337563e-022
1039.200000  1.483120e-022
1039.400000  1.868499e-022
1039.600000  1.492004e-022
1039.800000  1.035564e-022
1040.000000  1.116964e-022
1040.200000  1.601407e-022
1040.400000  1.309919e-022
1040.600000  9.405425e-023
1040.800000  1.376569e-022
1041.000000  1.356265e-022
1041.200000  7.624861e-023
1041.400000  8.100249e-023
1041.600000  7.694470e-023
1041.800000  7.030160e-023
1042.000000  4.192757e-023
1042.200000  7.877389e-023
1042.400000  1.012172e-022
1042.600000  4.576181e-023
1042.800000  5.262166e-023
1043.000000  8.742093e-023
1043.200000  9.738556e-023
1043.400000  6.426468e-023
1043.600000  1.141773e-022
1043.800000  1.209579e-022
1044.000000  1.211902e-022
1044.200000  7.087642e-023
1044.400000  1.056361e-022
1044.600000  1.488482e-022
1044.800000  1.194365e-022
1045.000000  1.255740e-022
1045.200000  1.522079e-022
1045.400000  1.458552e-022
1045.600000  1.161980e-022
1045.800000  1.244653e-022
1046.000000  1.556561e-022
1046.200000  1.316605e-022
1046.400000  9.108870e-023
1046.600000  1.347680e-022
1046.800000  1.491100e-022
1047.000000  9.191978e-023
1047.200000  1.118143e-022
1047.400000  1.276172e-022
1047.600000  1.136100e-022
1047.800000  6.882794e-023
1048.000000  8.972171e-023
1048.200000  1.242203e-022
1048.400000  1.473793e-022
1048.600000  4.731479e-023
1048.800000  1.326882e-022
1049.000000  1.191143e-022
1049.200000  9.409530e-023
1049.400000  9.886920e-023
1049.600000  9.417002e-023
1049.800000  1.064284e-022
1050.000000  2.745444e-023
1050.200000  4.133236e-023
1050.400000  1.007820e-022
1050.600000  8.729968e-023
1050.800000  7.696297e-023
1051.000000  8.690723e-023
1051.200000  9.789539e-023
1051.400000  5.956764e-023
1051.600000  7.111114e-023
1051.800000  1.235873e-022
1052.000000  1.102646e-022
1052.200000  3.202278e-023
1052.400000  5.954610e-023
1052.600000  1.048171e-022
1052.800000  5.913928e-023
1053.000000  4.572722e-023
1053.200000  6.407475e-023
1053.400000  8.281680e-023
1053.600000  2.844061e-023
1053.800000  1.987212e-023
1054.000000  4.412772e-023
1054.200000  1.710695e-023
1054.400000  1.706454e-024
1054.600000  3.922465e-023
1054.800000  5.332850e-023
1055.000000  2.305406e-024
1055.200000  2.290504e-023
1055.400000  5.065104e-023
1055.600000  7.757756e-023
1055.800000  2.943413e-023
1056.000000  3.781426e-023
1056.200000  8.304511e-023
1056.400000  3.841040e-023
1056.600000  1.190570e-023
1056.800000  4.646860e-023
1057.000000  8.184299e-023
1057.200000  4.341255e-023
1057.400000  2.976370e-023
1057.600000  6.400459e-023
1057.800000  7.753032e-023
1058.000000  2.011584e-023
1058.200000  4.204964e-023
1058.400000  8.763445e-023
1058.600000  6.498215e-023
1058.800000  3.703913e-023
1059.000000  6.205548e-023
1059.200000  8.490686e-023
1059.400000  4.559599e-023
1059.600000  4.268165e-023
1059.800000  7.274903e-023
1060.000000  6.191916e-023
1060.200000  -4.537146e-024
1060.400000  1.585114e-023
1060.600000  8.034957e-023
1060.800000  5.542248e-023
1061.000000  2.959015e-023
1061.200000  3.853259e-023
1061.400000  6.089359e-023
1061.600000  8.769745e-024
1061.800000  4.246223e-024
1062.000000  5.596408e-023
1062.200000  5.597298e-023
1062.400000  1.746845e-023
1062.600000  3.957659e-023
1062.800000  6.460342e-023
1063.000000  3.537674e-023
1063.200000  2.612296e-024
1063.400000  3.584731e-023
1063.600000  4.630134e-023
1063.800000  2.562414e-024
1064.000000  6.602464e-024
1064.200000  6.009073e-023
1064.400000  4.449246e-023
1064.600000  2.069066e-023
1064.800000  5.051570e-023
1065.000000  8.649818e-023
1065.200000  5.840085e-023
1065.400000  2.843992e-023
1065.600000  6.962820e-023
1065.800000  8.112181e-023
1066.000000  2.836970e-023
1066.200000  1.750442e-023
1066.400000  5.472269e-023
1066.600000  2.919466e-023
1066.800000  9.759120e-024
1067.000000  3.418157e-023
1067.200000  7.495171e-023
1067.400000  5.050488e-023
1067.600000  4.033121e-023
1067.800000  7.993906e-023
1068.000000  9.152929e-023
1068.200000  4.390026e-023
1068.400000  4.260760e-023
1068.600000  7.455862e-023
1068.800000  4.320432e-023
1069.000000  8.387932e-024
1069.200000  2.368754e-023
1069.400000  5.868334e-023
1069.600000  3.725301e-023
1069.800000  3.213233e-023
1070.000000  8.405689e-023
1070.200000  1.078124e-022
1070.400000  6.529443e-023
1070.600000  8.275132e-023
1070.800000  1.085967e-022
1071.000000  7.710663e-023
1071.200000  2.083424e-023
1071.400000  4.108163e-023
1071.600000  5.416152e-023
1071.800000  1.622106e-023
1072.000000  1.334873e-023
1072.200000  6.395012e-023
1072.400000  5.298710e-023
1072.600000  2.295676e-023
1072.800000  6.004893e-023
1073.000000  9.118865e-023
1073.200000  6.912491e-023
1073.400000  3.881663e-023
1073.600000  6.989828e-023
1073.800000  7.207846e-023
1074.000000  3.408448e-023
1074.200000  2.331388e-023
1074.400000  5.606879e-023
1074.600000  5.814431e-023
1074.800000  3.405406e-023
1075.000000  5.371985e-023
1075.200000  9.479529e-023
1075.400000  6.330523e-023
1075.600000  3.458158e-023
1075.800000  8.036117e-023
1076.000000  1.015265e-022
1076.200000  5.877230e-023
1076.400000  5.358717e-023
1076.600000  9.810910e-023
1076.800000  9.662659e-023
1077.000000  5.122200e-023
1077.200000  6.620414e-023
1077.400000  8.578287e-023
1077.600000  6.942882e-023
1077.800000  3.130747e-023
1078.000000  6.113172e-023
1078.200000  6.113270e-023
1078.400000  1.853395e-023
1078.600000  2.262417e-023
1078.800000  5.345539e-023
1079.000000  6.727221e-023
1079.200000  2.797601e-023
1079.400000  4.300066e-023
1079.600000  6.597689e-023
1079.800000  4.190864e-023
1080.000000  4.690036e-023
1080.200000  1.131094e-022
1080.400000  1.271820e-022
1080.600000  7.331781e-023
1080.800000  6.075147e-023
1081.000000  8.316099e-023
1081.200000  6.248452e-023
1081.400000  1.712823e-023
1081.600000  4.276599e-023
1081.800000  7.558603e-023
1082.000000  4.279529e-023
1082.200000  3.403249e-023
1082.400000  6.156616e-023
1082.600000  6.421029e-023
1082.800000  9.621336e-024
1083.000000  3.007454e-023
1083.200000  7.616732e-023
1083.400000  7.252249e-023
1083.600000  4.183979e-023
1083.800000  6.794530e-023
1084.000000  7.917966e-023
1084.200000  4.307453e-023
1084.400000  2.881031e-023
1084.600000  4.757639e-023
1084.800000  6.886586e-023
1085.000000  4.022641e-023
1085.200000  7.544489e-023
1085.400000  1.144115e-022
1085.600000  8.890602e-023
1085.800000  4.895411e-023
1086.000000  8.377763e-023
1086.200000  1.142506e-022
1086.400000  7.217593e-023
1086.600000  4.945255e-023
1086.800000  8.255635e-023
1087.000000  8.315097e-023
1087.200000  4.370857e-023
1087.400000  7.269288e-023
1087.600000  9.354928e-023
1087.800000  3.658112e-023
1088.000000  1.756955e-023
1088.200000  4.447085e-023
1088.400000  9.018024e-023
1088.600000  4.658482e-023
1088.800000  5.531334e-023
1089.000000  9.896097e-023
1089.200000  9.054044e-023
1089.400000  4.220777e-023
1089.600000  7.429227e-023
1089.800000  1.147660e-022
1090.000000  9.516209e-023
1090.200000  6.068681e-023
1090.400000  8.683337e-023
1090.600000  1.066425e-022
1090.800000  6.451357e-023
1091.000000  5.872068e-023
1091.200000  1.026521e-022
1091.400000  9.686495e-023
1091.600000  6.846878e-023
1091.800000  9.062273e-023
1092.000000  1.120946e-022
1092.200000  7.102606e-023
1092.400000  3.865202e-023
1092.600000  4.853466e-023
1092.800000  3.957540e-023
1093.000000  -3.579622e-023
1093.200000  -2.684501e-023
1093.400000  1.818027e-023
1093.600000  -1.905695e-024
1093.800000  -4.373575e-023
1094.000000  -2.506576e-023
1094.200000  1.038065e-023
1094.400000  -2.106147e-024
1094.600000  -1.158792e-023
1094.800000  1.962649e-023
1095.000000  2.439444e-023
1095.200000  -2.093725e-023
1095.400000  -1.443236e-023
1095.600000  2.260993e-023
1095.800000  6.414420e-024
1096.000000  -1.078656e-023
1096.200000  7.177357e-024
1096.400000  4.816174e-023
1096.600000  1.731409e-023
1096.800000  -2.477666e-024
1097.000000  2.678202e-023
1097.200000  2.871757e-023
1097.400000  -3.179871e-023
1097.600000  -3.392092e-023
1097.800000  -1.167124e-023
1098.000000  -1.048182e-023
1098.200000  -5.948859e-023
1098.400000  -3.356101e-023
1098.600000  7.974020e-024
1098.800000  -3.964989e-023
1099.000000  -5.280204e-023
1099.200000  -1.688342e-023
1099.400000  -6.883277e-024
1099.600000  -4.653767e-023
1099.800000  -2.829954e-023
1100.000000  -1.351657e-024
1100.200000  -8.382747e-024
1100.400000  -4.462272e-023
1100.600000  1.828092e-023
1100.800000  5.248661e-023
1101.000000  1.613357e-023
1101.200000  2.384788e-023
1101.400000  5.974852e-023
1101.600000  4.946654e-023
1101.800000  8.541554e-024
1102.000000  3.481833e-023
1102.200000  6.798274e-023
1102.400000  2.424773e-023
1102.600000  -1.681648e-023
1102.800000  2.258583e-023
1103.000000  4.458895e-023
1103.200000  4.740826e-024
1103.400000  1.601276e-024
1103.600000  2.584570e-023
1103.800000  3.275831e-023
1104.000000  -1.172275e-023
1104.200000  1.081245e-023
1104.400000  4.942976e-023
1104.600000  2.113972e-023
1104.800000  -1.147322e-023
1105.000000  1.889993e-023
1105.200000  3.447657e-023
1105.400000  -3.584460e-023
1105.600000  -4.583081e-023
1105.800000  -8.451129e-024
1106.000000  3.590582e-024
1106.200000  -3.976237e-023
1106.400000  -8.689457e-024
1106.600000  2.262625e-023
1106.800000  -1.872890e-023
1107.000000  -3.798099e-023
1107.200000  -6.393192e-025
1107.400000  3.057882e-023
1107.600000  -2.335874e-024
1107.800000  1.993005e-024
1108.000000  4.882417e-023
1108.200000  4.562949e-023
1108.400000  4.956514e-024
1108.600000  2.537418e-023
1108.800000  4.492864e-023
1109.000000  1.001889e-023
1109.200000  -1.289976e-023
1109.400000  7.807044e-024
1109.600000  4.893826e-024
1109.800000  -4.488896e-023
1110.000000  -2.965900e-023
1110.200000  1.175587e-023
1110.400000  -3.779763e-024
1110.600000  -2.919300e-023
1110.800000  -1.010657e-023
1111.000000  2.020961e-023
1111.200000  -1.668187e-023
1111.400000  -1.412554e-023
1111.600000  2.917551e-023
1111.800000  4.687684e-023
1112.000000  -1.880049e-023
1112.200000  -1.623253e-023
1112.400000  2.803755e-024
1112.600000  -2.519188e-023
1112.800000  -5.466839e-023
1113.000000  -2.979619e-023
1113.200000  5.231394e-024
1113.400000  -3.238968e-023
1113.600000  -3.791884e-023
1113.800000  1.157238e-023
1114.000000  1.634900e-024
1114.200000  -5.649339e-023
1114.400000  -2.271360e-023
1114.600000  1.920836e-023
1114.800000  9.290461e-024
1115.000000  -1.637987e-023
1115.200000  1.553939e-023
1115.400000  3.871652e-023
1115.600000  -5.835470e-024
1115.800000  -8.101489e-024
1116.000000  3.551924e-023
1116.200000  2.778243e-023
1116.400000  -6.965113e-024
1116.600000  8.297932e-024
1116.800000  3.374655e-023
1117.000000  3.929928e-024
1117.200000  -1.686335e-023
1117.400000  1.198232e-023
1117.600000  2.175889e-023
1117.800000  -3.060035e-023
1118.000000  -3.467280e-023
1118.200000  1.081758e-023
1118.400000  1.363677e-023
1118.600000  -1.195954e-023
1118.800000  2.219003e-024
1119.000000  2.981852e-023
1119.200000  -4.311163e-025
1119.400000  -2.467323e-023
1119.600000  1.265159e-023
1119.800000  1.825324e-023
1120.000000  -2.167227e-023
1120.200000  -1.818459e-023
1120.400000  3.114589e-023
1120.600000  1.092254e-023
1120.800000  -2.152322e-023
1121.000000  -1.396216e-024
1121.200000  2.899495e-023
1121.400000  -2.932103e-023
1121.600000  -5.946757e-023
1121.800000  -2.107426e-023
1122.000000  -1.715612e-023
1122.200000  -4.926215e-023
1122.400000  -2.463517e-023
1122.600000  4.046028e-023
1122.800000  3.934660e-023
1123.000000  1.140811e-023
1123.200000  2.343577e-023
1123.400000  4.479552e-023
1123.600000  -6.365628e-024
1123.800000  -3.193105e-023
1124.000000  8.433942e-024
1124.200000  4.215532e-023
1124.400000  1.508905e-023
1124.600000  1.795607e-023
1124.800000  5.097955e-023
1125.000000  3.330841e-023
1125.200000  5.786406e-024
1125.400000  3.578263e-023
1125.600000  5.617966e-023
1125.800000  -5.764370e-024
1126.000000  -1.748324e-023
1126.200000  3.236666e-023
1126.400000  4.185413e-023
1126.600000  7.327155e-024
1126.800000  1.802551e-023
1127.000000  5.481414e-023
1127.200000  2.324410e-023
1127.400000  -9.447731e-024
1127.600000  3.131276e-023
1127.800000  5.193902e-023
1128.000000  7.892911e-024
1128.200000  2.709113e-025
1128.400000  3.762485e-023
1128.600000  3.029962e-023
1128.800000  -1.858196e-023
1129.000000  -1.699545e-023
1129.200000  -7.670745e-024
1129.400000  -2.588697e-023
1129.600000  -4.112796e-023
1129.800000  -9.493222e-024
1130.000000  1.872886e-024
1130.200000  -4.699021e-023
1130.400000  -4.010671e-023
1130.600000  3.381363e-025
1130.800000  -2.768001e-024
1131.000000  -4.596338e-023
1131.200000  -3.348816e-023
1131.400000  9.704694e-024
1131.600000  -1.234332e-023
1131.800000  -2.555030e-023
1132.000000  1.148261e-023
1132.200000  2.331957e-023
1132.400000  -4.248117e-023
1132.600000  -5.886135e-023
1132.800000  -3.408825e-023
1133.000000  -3.817354e-023
1133.200000  -7.478932e-023
1133.400000  -7.124658e-023
1133.600000  -3.790445e-023
1133.800000  -7.024744e-023
1134.000000  -8.216950e-023
1134.200000  -4.316772e-023
1134.400000  -2.475454e-023
1134.600000  -6.232567e-023
1134.800000  -5.657850e-023
1135.000000  -8.347648e-024
1135.200000  -1.839624e-023
1135.400000  -6.248898e-023
1135.600000  -5.185597e-023
1135.800000  -3.156603e-023
1136.000000  -8.181352e-023
1136.200000  -1.203344e-022
1136.400000  -9.238246e-023
1136.600000  -7.949692e-023
1136.800000  -9.718684e-023
1137.000000  -7.437081e-023
1137.200000  -2.035871e-023
1137.400000  -4.403797e-023
1137.600000  -8.611724e-023
1137.800000  -6.176118e-023
1138.000000  -2.650280e-023
1138.200000  -6.998272e-023
1138.400000  -8.788448e-023
1138.600000  -4.831122e-023
1138.800000  -4.960401e-023
1139.000000  -9.767997e-023
1139.200000  -9.827725e-023
1139.400000  -4.163482e-023
1139.600000  -5.213201e-023
1139.800000  -8.075888e-023
1140.000000  -5.403783e-023
1140.200000  -3.077034e-023
1140.400000  -7.902957e-023
1140.600000  -8.328529e-023
1140.800000  -3.561962e-023
1141.000000  -3.759089e-023
1141.200000  -8.877539e-023
1141.400000  -9.372897e-023
1141.600000  -7.063553e-023
1141.800000  -1.064979e-022
1142.000000  -1.386600e-022
1142.200000  -1.019592e-022
1142.400000  -7.315713e-023
1142.600000  -1.140170e-022
1142.800000  -1.368076e-022
1143.000000  -1.016007e-022
1143.200000  -9.652070e-023
1143.400000  -1.339305e-022
1143.600000  -1.078834e-022
1143.800000  -7.095790e-023
1144.000000  -8.677574e-023
1144.200000  -1.041700e-022
1144.400000  -6.332157e-023
1144.600000  -6.394307e-023
1144.800000  -9.878529e-023
1145.000000  -9.649943e-023
1145.200000  -6.879386e-023
1145.400000  -6.793080e-023
1145.600000  -1.144271e-022
1145.800000  -1.048401e-022
1146.000000  -7.425955e-023
1146.200000  -1.098332e-022
1146.400000  -1.329609e-022
1146.600000  -8.343722e-023
1146.800000  -4.693853e-023
1147.000000  -8.616430e-023
1147.200000  -7.884599e-023
1147.400000  -4.830133e-023
1147.600000  -6.259910e-023
1147.800000  -1.097971e-022
1148.000000  -9.151371e-023
1148.200000  -6.389142e-023
1148.400000  -9.787767e-023
1148.600000  -1.086386e-022
1148.800000  -6.729613e-023
1149.000000  -6.353310e-023
1149.200000  -1.229115e-022
1149.400000  -1.177795e-022
1149.600000  -7.260569e-023
1149.800000  -8.197491e-023
1150.000000  -1.205022e-022
