800.000000  NaN
800.200000  NaN
800.400000  NaN
800.600000  -5.101167e-028
800.800000  -7.096174e-028
801.000000  -6.868752e-028
801.200000  -1.599403e-028
801.400000  -9.190485e-029
801.600000  -6.270264e-028
801.800000  -4.123331e-028
802.000000  1.340086e-028
802.200000  -2.181720e-028
802.400000  -6.149988e-028
802.600000  -4.230844e-028
802.800000  -1.315584e-028
803.000000  -7.251975e-028
803.200000  -8.142554e-028
803.400000  -1.154426e-028
803.600000  -1.436475e-028
803.800000  -3.843933e-028
804.000000  -5.167998e-028
804.200000  1.496982e-028
804.400000  1.172684e-028
804.600000  -1.221596e-028
804.800000  3.252814e-028
805.000000  7.625243e-028
805.200000  3.229930e-029
805.400000  -1.231135e-028
805.600000  1.175238e-028
805.800000  5.795863e-029
806.000000  -4.231556e-028
806.200000  -6.689094e-029
806.400000  6.540532e-028
806.600000  4.354764e-028
806.800000  -3.223365e-028
807.000000  1.652850e-028
807.200000  6.900530e-028
807.400000  -4.106261e-028
807.600000  -5.444415e-028
807.800000  -2.678242e-029
808.000000  -3.158043e-028
808.200000  -1.241675e-027
808.400000  -1.324911e-027
808.600000  -4.816341e-028
808.800000  -7.799490e-028
809.000000  -9.156471e-028
809.200000  -5.072172e-028
809.400000  -1.069207e-027
809.600000  -2.110513e-027
809.800000  -2.055705e-027
810.000000  -1.085037e-027
810.200000  -8.032117e-028
810.400000  -1.286821e-027
810.600000  -4.448895e-028
810.800000  6.823352e-028
811.000000  -7.317497e-029
811.200000  -5.053633e-029
811.400000  5.478629e-028
811.600000  5.168946e-028
811.800000  5.710457e-029
812.000000  -5.539681e-029
812.200000  8.263770e-028
812.400000  3.271976e-028
812.600000  -9.910391e-028
812.800000  -1.554789e-028
813.000000  8.922962e-028
813.200000  4.742847e-028
813.400000  -2.367377e-029
813.600000  8.215634e-028
813.800000  4.479400e-028
814.000000  -7.201804e-028
814.200000  -1.175136e-028
814.400000  1.386909e-027
814.600000  6.989005e-028
814.800000  -7.521353e-028
815.000000  -7.024096e-029
815.200000  7.520922e-028
815.400000  -6.423942e-028
815.600000  -8.299321e-028
815.800000  9.967882e-028
816.000000  1.719536e-027
816.200000  1.396592e-028
816.400000  1.087197e-027
816.600000  3.323674e-027
816.800000  2.718951e-027
817.000000  1.606921e-027
817.200000  1.489921e-027
817.400000  1.582975e-027
817.600000  4.954950e-028
817.800000  -6.363982e-029
818.000000  7.881100e-028
818.200000  3.677622e-028
818.400000  -1.466133e-027
818.600000  -5.747393e-028
818.800000  4.986929e-028
819.000000  -5.614725e-028
819.200000  -1.399574e-027
819.400000  -3.070615e-028
819.600000  1.699632e-027
819.800000  1.047840e-027
820.000000  9.447925e-030
820.200000  1.959080e-027
820.400000  1.632795e-027
820.600000  -1.163384e-027
820.800000  -3.067208e-028
821.000000  1.750637e-027
821.200000  1.191935e-027
821.400000  -2.305442e-028
821.600000  1.118768e-027
821.800000  1.484070e-027
822.000000  -8.574397e-028
822.200000  -8.406989e-028
822.400000  1.263931e-027
822.600000  5.805222e-028
822.800000  -1.716619e-027
823.000000  -9.707915e-028
823.200000  2.082844e-028
823.400000  -4.365116e-028
823.600000  -7.968847e-028
823.800000  1.567428e-027
824.000000  2.525677e-027
824.200000  -3.114153e-028
824.400000  -8.159948e-028
824.600000  2.860652e-028
824.800000  -1.252329e-027
825.000000  -3.481994e-027
825.200000  -1.835840e-027
825.400000  2.384469e-027
825.600000  2.244003e-027
825.800000  1.464769e-027
826.000000  4.330943e-027
826.200000  6.050830e-027
826.400000  1.426743e-027
826.600000  2.038688e-027
826.800000  4.318844e-027
827.000000  2.304511e-027
827.200000  1.296077e-027
827.400000  2.797510e-027
827.600000  5.347803e-027
827.800000  1.972818e-027
828.000000  -4.501780e-030
828.200000  4.558473e-027
828.400000  8.109880e-027
828.600000  4.488399e-027
828.800000  5.032344e-027
829.000000  8.442082e-027
829.200000  8.576853e-027
829.400000  7.238325e-027
829.600000  9.101759e-027
829.800000  1.213298e-026
830.000000  7.688311e-027
830.200000  6.593086e-027
830.400000  8.541951e-027
830.600000  9.019928e-027
830.800000  3.480629e-027
831.000000  5.217498e-027
831.200000  7.272829e-027
831.400000  4.058894e-027
831.600000  -9.866584e-028
831.800000  4.916201e-028
832.000000  3.318430e-027
832.200000  -1.039589e-027
832.400000  -3.447686e-027
832.600000  4.418513e-027
832.800000  5.309879e-027
833.000000  4.518003e-028
833.200000  1.755169e-027
833.400000  5.951243e-027
833.600000  2.698726e-027
833.800000  -2.349239e-027
834.000000  -4.070222e-028
834.200000  9.971232e-028
834.400000  -4.858871e-027
834.600000  -3.170157e-027
834.800000  4.350808e-027
835.000000  7.320605e-027
835.200000  5.598436e-027
835.400000  7.757576e-027
835.600000  1.198948e-026
835.800000  7.927631e-027
836.000000  3.590377e-027
836.200000  1.055628e-026
836.400000  1.299292e-026
836.600000  5.845854e-027
836.800000  4.168565e-027
837.000000  1.037517e-026
837.200000  5.702171e-027
837.400000  5.164427e-028
837.600000  4.400609e-027
837.800000  1.047836e-026
838.000000  4.368780e-027
838.200000  1.280053e-027
838.400000  9.219081e-027
838.600000  1.144297e-026
838.800000  4.340316e-027
839.000000  4.591324e-027
839.200000  1.166719e-026
839.400000  1.215778e-026
839.600000  6.522456e-027
839.800000  1.042266e-026
840.000000  1.591636e-026
840.200000  1.109061e-026
840.400000  1.181596e-026
840.600000  1.965885e-026
840.800000  2.685446e-026
841.000000  1.775125e-026
841.200000  1.459012e-026
841.400000  2.038257e-026
841.600000  1.526933e-026
841.800000  6.815461e-027
842.000000  8.717361e-027
842.200000  1.704522e-026
842.400000  6.433216e-027
842.600000  1.793017e-027
842.800000  1.122812e-026
843.000000  1.406731e-026
843.200000  2.645394e-027
843.400000  1.304943e-027
843.600000  1.270292e-026
843.800000  1.223058e-026
844.000000  4.509258e-027
844.200000  1.541903e-026
844.400000  2.883129e-026
844.600000  1.636241e-026
844.800000  7.584098e-027
845.000000  2.168740e-026
845.200000  2.249246e-026
845.400000  9.407767e-027
845.600000  1.212888e-026
845.800000  2.687648e-026
846.000000  2.625882e-026
846.200000  2.151209e-026
846.400000  2.951161e-026
846.600000  3.554328e-026
846.800000  1.804874e-026
847.000000  1.020432e-026
847.200000  2.394887e-026
847.400000  2.404481e-026
847.600000  1.786277e-026
847.800000  2.225137e-026
848.000000  3.607347e-026
848.200000  3.336232e-026
848.400000  3.025456e-026
848.600000  5.096248e-026
848.800000  6.735193e-026
849.000000  5.445433e-026
849.200000  4.085846e-026
849.400000  4.636176e-026
849.600000  4.477510e-026
849.800000  2.389055e-026
850.000000  2.973635e-026
850.200000  4.416568e-026
850.400000  3.033917e-026
850.600000  2.632289e-026
850.800000  4.059589e-026
851.000000  4.734706e-026
851.200000  2.983088e-026
851.400000  3.775372e-026
851.600000  5.893016e-026
851.800000  5.452904e-026
852.000000  3.380860e-026
852.200000  4.687511e-026
852.400000  7.486073e-026
852.600000  5.955285e-026
852.800000  4.909098e-026
853.000000  6.797156e-026
853.200000  7.195077e-026
853.400000  5.054433e-026
853.600000  5.434883e-026
853.800000  8.006388e-026
854.000000  8.930036e-026
854.200000  7.577393e-026
854.400000  8.139640e-026
854.600000  9.451792e-026
854.800000  7.171573e-026
855.000000  6.059283e-026
855.200000  7.626780e-026
855.400000  8.659464e-026
855.600000  5.859516e-026
855.800000  4.769196e-026
856.000000  7.245615e-026
856.200000  6.848524e-026
856.400000  3.298890e-026
856.600000  5.551621e-026
856.800000  8.489346e-026
857.000000  7.706491e-026
857.200000  8.203991e-026
857.400000  1.206566e-025
857.600000  1.427845e-025
857.800000  1.062884e-025
858.000000  1.066781e-025
858.200000  1.258428e-025
858.400000  1.200319e-025
858.600000  9.590637e-026
858.800000  1.185975e-025
859.000000  1.377279e-025
859.200000  1.096809e-025
859.400000  1.030552e-025
859.600000  1.391543e-025
859.800000  1.528349e-025
860.000000  1.018145e-025
860.200000  1.146323e-025
860.400000  1.371329e-025
860.600000  1.378326e-025
860.800000  1.191104e-025
861.000000  1.453243e-025
861.200000  1.674662e-025
861.400000  1.353143e-025
861.600000  1.365272e-025
861.800000  1.694240e-025
862.000000  1.570550e-025
862.200000  1.161008e-025
862.400000  1.316692e-025
862.600000  1.726498e-025
862.800000  1.546853e-025
863.000000  1.400315e-025
863.200000  1.720344e-025
863.400000  1.975112e-025
863.600000  1.413099e-025
863.800000  1.425427e-025
864.000000  2.025502e-025
864.200000  2.073663e-025
864.400000  1.349406e-025
864.600000  1.644524e-025
864.800000  2.083386e-025
865.000000  1.684240e-025
865.200000  1.459383e-025
865.400000  2.258323e-025
865.600000  2.699731e-025
865.800000  2.045564e-025
866.000000  2.190157e-025
866.200000  2.696092e-025
866.400000  2.775911e-025
866.600000  2.347440e-025
866.800000  2.410901e-025
867.000000  2.997930e-025
867.200000  2.523952e-025
867.400000  2.014516e-025
867.600000  2.269730e-025
867.800000  2.611095e-025
868.000000  2.060077e-025
868.200000  1.976836e-025
868.400000  2.291471e-025
868.600000  2.279280e-025
868.800000  1.454475e-025
869.000000  1.928872e-025
869.200000  2.618540e-025
869.400000  2.437339e-025
869.600000  2.496901e-025
869.800000  3.468763e-025
870.000000  3.941831e-025
870.200000  3.314261e-025
870.400000  3.565967e-025
870.600000  4.583516e-025
870.800000  4.624387e-025
871.000000  3.912404e-025
871.200000  4.138214e-025
871.400000  4.209593e-025
871.600000  3.355998e-025
871.800000  2.932777e-025
872.000000  4.258950e-025
872.200000  4.748086e-025
872.400000  4.129260e-025
872.600000  4.394603e-025
872.800000  5.165522e-025
873.000000  4.519791e-025
873.200000  3.629145e-025
873.400000  4.369242e-025
873.600000  5.329544e-025
873.800000  4.692550e-025
874.000000  4.984540e-025
874.200000  5.829051e-025
874.400000  6.080379e-025
874.600000  5.229422e-025
874.800000  5.240504e-025
875.000000  6.623210e-025
875.200000  5.986754e-025
875.400000  4.885761e-025
875.600000  5.516976e-025
875.800000  6.612458e-025
876.000000  6.365820e-025
876.200000  6.280554e-025
876.400000  7.229458e-025
876.600000  8.217220e-025
876.800000  8.013869e-025
877.000000  8.818517e-025
877.200000  1.005337e-024
877.400000  1.041742e-024
877.600000  9.575263e-025
877.800000  9.883631e-025
878.000000  1.049266e-024
878.200000  9.611302e-025
878.400000  1.027658e-024
878.600000  1.202079e-024
878.800000  1.252811e-024
879.000000  1.074385e-024
879.200000  1.222479e-024
879.400000  1.339403e-024
879.600000  1.343322e-024
879.800000  1.347604e-024
880.000000  1.456644e-024
880.200000  1.514359e-024
880.400000  1.423349e-024
880.600000  1.349374e-024
880.800000  1.657604e-024
881.000000  1.640407e-024
881.200000  1.520034e-024
881.400000  1.640342e-024
881.600000  1.795382e-024
881.800000  1.661004e-024
882.000000  1.600224e-024
882.200000  1.719085e-024
882.400000  1.815171e-024
882.600000  1.639708e-024
882.800000  1.668649e-024
883.000000  1.898461e-024
883.200000  1.904485e-024
883.400000  1.783885e-024
883.600000  1.906966e-024
883.800000  2.178165e-024
884.000000  2.136257e-024
884.200000  2.134560e-024
884.400000  2.269655e-024
884.600000  2.312568e-024
884.800000  1.996227e-024
885.000000  1.962032e-024
885.200000  2.125324e-024
885.400000  2.148871e-024
885.600000  2.118783e-024
885.800000  2.266882e-024
886.000000  2.510742e-024
886.200000  2.419176e-024
886.400000  2.426907e-024
886.600000  2.587634e-024
886.800000  2.819643e-024
887.000000  2.598452e-024
887.200000  2.740931e-024
887.400000  2.972713e-024
887.600000  2.896680e-024
887.800000  2.748906e-024
888.000000  2.817977e-024
888.200000  3.028214e-024
888.400000  2.753302e-024
888.600000  2.799187e-024
888.800000  3.011355e-024
889.000000  3.249370e-024
889.200000  3.028734e-024
889.400000  3.113645e-024
889.600000  3.270813e-024
889.800000  3.134347e-024
890.000000  2.956074e-024
890.200000  3.104884e-024
890.400000  3.432131e-024
890.600000  3.249116e-024
890.800000  3.331246e-024
891.000000  3.784417e-024
891.200000  4.006330e-024
891.400000  3.911283e-024
891.600000  4.143010e-024
891.800000  4.556634e-024
892.000000  4.579795e-024
892.200000  4.462976e-024
892.400000  4.767679e-024
892.600000  5.054091e-024
892.800000  4.631625e-024
893.000000  4.820751e-024
893.200000  5.202938e-024
893.400000  5.419756e-024
893.600000  5.173771e-024
893.800000  5.507458e-024
894.000000  6.003410e-024
894.200000  5.834892e-024
894.400000  5.904679e-024
894.600000  6.153715e-024
894.800000  6.479971e-024
895.000000  5.988201e-024
895.200000  6.077604e-024
895.400000  6.538009e-024
895.600000  6.938895e-024
895.800000  6.627717e-024
896.000000  6.956807e-024
896.200000  7.281839e-024
896.400000  7.054325e-024
896.600000  6.999555e-024
896.800000  7.246949e-024
897.000000  7.640187e-024
897.200000  7.370858e-024
897.400000  7.652747e-024
897.600000  8.516979e-024
897.800000  8.920814e-024
898.000000  8.622624e-024
898.200000  9.347972e-024
898.400000  9.852600e-024
898.600000  9.479056e-024
898.800000  9.114860e-024
899.000000  9.372609e-024
899.200000  9.706844e-024
899.400000  9.409003e-024
899.600000  1.006259e-023
899.800000  1.099815e-023
900.000000  1.130569e-023
900.200000  1.125440e-023
900.400000  1.174682e-023
900.600000  1.234820e-023
900.800000  1.234596e-023
901.000000  1.292573e-023
901.200000  1.357107e-023
901.400000  1.412031e-023
901.600000  1.386310e-023
901.800000  1.449746e-023
902.000000  1.506394e-023
902.200000  1.523687e-023
902.400000  1.514645e-023
902.600000  1.581073e-023
902.800000  1.648016e-023
903.000000  1.607588e-023
903.200000  1.628882e-023
903.400000  1.724166e-023
903.600000  1.827885e-023
903.800000  1.805692e-023
904.000000  1.880700e-023
904.200000  1.964141e-023
904.400000  1.995043e-023
904.600000  1.986289e-023
904.800000  2.073837e-023
905.000000  2.204542e-023
905.200000  2.189835e-023
905.400000  2.239462e-023
905.600000  2.376828e-023
905.800000  2.451398e-023
906.000000  2.452644e-023
906.200000  2.559488e-023
906.400000  2.676874e-023
906.600000  2.726518e-023
906.800000  2.768869e-023
907.000000  2.916159e-023
907.200000  3.035154e-023
907.400000  3.000675e-023
907.600000  3.072529e-023
907.800000  3.178098e-023
908.000000  3.272024e-023
908.200000  3.261460e-023
908.400000  3.362643e-023
908.600000  3.496631e-023
908.800000  3.471890e-023
909.000000  3.514029e-023
909.200000  3.715698e-023
909.400000  3.897866e-023
909.600000  3.890619e-023
909.800000  4.056629e-023
910.000000  4.327204e-023
910.200000  4.551642e-023
910.400000  4.718878e-023
910.600000  5.099545e-023
910.800000  5.531048e-023
911.000000  5.825109e-023
911.200000  6.178698e-023
911.400000  6.740022e-023
911.600000  7.266975e-023
911.800000  7.686046e-023
912.000000  8.352227e-023
912.200000  9.155621e-023
912.400000  9.961648e-023
912.600000  1.065020e-022
912.800000  1.162370e-022
913.000000  1.266145e-022
913.200000  1.353843e-022
913.400000  1.442801e-022
913.600000  1.547678e-022
913.800000  1.616520e-022
914.000000  1.672680e-022
914.200000  1.706771e-022
914.400000  1.733065e-022
914.600000  1.736272e-022
914.800000  1.723002e-022
915.000000  1.705277e-022
915.200000  1.683731e-022
915.400000  1.649177e-022
915.600000  1.620989e-022
915.800000  1.611112e-022
916.000000  1.599926e-022
916.200000  1.555153e-022
916.400000  1.530021e-022
916.600000  1.513455e-022
916.800000  1.469289e-022
917.000000  1.413291e-022
917.200000  1.385388e-022
917.400000  1.355400e-022
917.600000  1.291526e-022
917.800000  1.246999e-022
918.000000  1.219025e-022
918.200000  1.194232e-022
918.400000  1.150994e-022
918.600000  1.141527e-022
918.800000  1.146348e-022
919.000000  1.132066e-022
919.200000  1.131045e-022
919.400000  1.148300e-022
919.600000  1.175930e-022
919.800000  1.171531e-022
920.000000  1.180732e-022
920.200000  1.210970e-022
920.400000  1.226707e-022
920.600000  1.207274e-022
920.800000  1.219484e-022
921.000000  1.228595e-022
921.200000  1.215055e-022
921.400000  1.189868e-022
921.600000  1.204760e-022
921.800000  1.231457e-022
922.000000  1.229282e-022
922.200000  1.245064e-022
922.400000  1.288662e-022
922.600000  1.331831e-022
922.800000  1.353345e-022
923.000000  1.415420e-022
923.200000  1.473921e-022
923.400000  1.531024e-022
923.600000  1.578565e-022
923.800000  1.678204e-022
924.000000  1.770120e-022
924.200000  1.830369e-022
924.400000  1.932717e-022
924.600000  2.052183e-022
924.800000  2.153220e-022
925.000000  2.271588e-022
925.200000  2.423915e-022
925.400000  2.595121e-022
925.600000  2.718414e-022
925.800000  2.827334e-022
926.000000  2.984865e-022
926.200000  3.106170e-022
926.400000  3.177400e-022
926.600000  3.242819e-022
926.800000  3.303310e-022
927.000000  3.385558e-022
927.200000  3.465357e-022
927.400000  3.544343e-022
927.600000  3.596587e-022
927.800000  3.626556e-022
928.000000  3.662685e-022
928.200000  3.732835e-022
928.400000  3.788760e-022
928.600000  3.847201e-022
928.800000  3.915072e-022
929.000000  3.976913e-022
929.200000  4.060188e-022
929.400000  4.135506e-022
929.600000  4.275408e-022
929.800000  4.376187e-022
930.000000  4.472097e-022
930.200000  4.559379e-022
930.400000  4.646314e-022
930.600000  4.703685e-022
930.800000  4.746259e-022
931.000000  4.754733e-022
931.200000  4.744529e-022
931.400000  4.704147e-022
931.600000  4.676736e-022
931.800000  4.678634e-022
932.000000  4.685783e-022
932.200000  4.717101e-022
932.400000  4.732924e-022
932.600000  4.775474e-022
932.800000  4.827679e-022
933.000000  4.868068e-022
933.200000  5.003297e-022
933.400000  5.160636e-022
933.600000  5.306634e-022
933.800000  5.446018e-022
934.000000  5.623047e-022
934.200000  5.788481e-022
934.400000  5.961087e-022
934.600000  6.165221e-022
934.800000  6.382920e-022
935.000000  6.612449e-022
935.200000  6.838755e-022
935.400000  7.113695e-022
935.600000  7.398832e-022
935.800000  7.666442e-022
936.000000  8.001413e-022
936.200000  8.374745e-022
936.400000  8.775180e-022
936.600000  9.141532e-022
936.800000  9.474571e-022
937.000000  9.742482e-022
937.200000  9.970694e-022
937.400000  1.014209e-021
937.600000  1.020643e-021
937.800000  1.028051e-021
938.000000  1.040359e-021
938.200000  1.050405e-021
938.400000  1.051244e-021
938.600000  1.052545e-021
938.800000  1.073249e-021
939.000000  1.105326e-021
939.200000  1.130974e-021
939.400000  1.171922e-021
939.600000  1.218201e-021
939.800000  1.266298e-021
940.000000  1.314439e-021
940.200000  1.375452e-021
940.400000  1.433376e-021
940.600000  1.491267e-021
940.800000  1.541262e-021
941.000000  1.591684e-021
941.200000  1.634297e-021
941.400000  1.677230e-021
941.600000  1.699085e-021
941.800000  1.704573e-021
942.000000  1.687524e-021
942.200000  1.654274e-021
942.400000  1.600193e-021
942.600000  1.528482e-021
942.800000  1.462847e-021
943.000000  1.391973e-021
943.200000  1.327977e-021
943.400000  1.258159e-021
943.600000  1.195243e-021
943.800000  1.138741e-021
944.000000  1.084179e-021
944.200000  1.043875e-021
944.400000  1.011143e-021
944.600000  9.696750e-022
944.800000  9.306089e-022
945.000000  9.080838e-022
945.200000  8.828718e-022
945.400000  8.490275e-022
945.600000  8.278691e-022
945.800000  8.074812e-022
946.000000  7.829872e-022
946.200000  7.521890e-022
946.400000  7.352110e-022
946.600000  7.206777e-022
946.800000  6.854044e-022
947.000000  6.615189e-022
947.200000  6.546835e-022
947.400000  6.440581e-022
947.600000  6.210376e-022
947.800000  6.146737e-022
948.000000  6.194216e-022
948.200000  6.125925e-022
948.400000  6.023055e-022
948.600000  6.116714e-022
948.800000  6.218526e-022
949.000000  6.082553e-022
949.200000  6.129950e-022
949.400000  6.160952e-022
949.600000  6.188175e-022
949.800000  6.143823e-022
950.000000  6.246120e-022
950.200000  6.406322e-022
950.400000  6.309554e-022
950.600000  6.218964e-022
950.800000  6.330546e-022
951.000000  6.408745e-022
951.200000  6.240484e-022
951.400000  6.287987e-022
951.600000  6.414999e-022
951.800000  6.490332e-022
952.000000  6.318375e-022
952.200000  6.393192e-022
952.400000  6.510550e-022
952.600000  6.334858e-022
952.800000  6.200503e-022
953.000000  6.202522e-022
953.200000  6.162380e-022
953.400000  5.973901e-022
953.600000  5.951733e-022
953.800000  6.112591e-022
954.000000  6.247183e-022
954.200000  6.141357e-022
954.400000  6.416420e-022
954.600000  6.613051e-022
954.800000  6.585367e-022
955.000000  6.650382e-022
955.200000  6.789343e-022
955.400000  7.002145e-022
955.600000  7.085437e-022
955.800000  7.245546e-022
956.000000  7.524374e-022
956.200000  7.633537e-022
956.400000  7.595235e-022
956.600000  7.616153e-022
956.800000  7.790936e-022
957.000000  7.794034e-022
957.200000  7.861941e-022
957.400000  8.224969e-022
957.600000  8.502019e-022
957.800000  8.532102e-022
958.000000  8.822415e-022
958.200000  9.123587e-022
958.400000  9.392799e-022
958.600000  9.332134e-022
958.800000  9.621299e-022
959.000000  9.791652e-022
959.200000  9.753375e-022
959.400000  9.598404e-022
959.600000  9.706334e-022
959.800000  9.698111e-022
960.000000  9.319823e-022
960.200000  9.225212e-022
960.400000  9.178058e-022
960.600000  9.113691e-022
960.800000  8.729460e-022
961.000000  8.729983e-022
961.200000  8.674592e-022
961.400000  8.282548e-022
961.600000  8.120175e-022
961.800000  8.217896e-022
962.000000  8.318380e-022
962.200000  8.077942e-022
962.400000  8.126136e-022
962.600000  8.356380e-022
962.800000  8.418899e-022
963.000000  8.342975e-022
963.200000  8.724018e-022
963.400000  9.080554e-022
963.600000  9.210285e-022
963.800000  9.528122e-022
964.000000  9.889691e-022
964.200000  1.026341e-021
964.400000  1.027038e-021
964.600000  1.068248e-021
964.800000  1.124517e-021
965.000000  1.168050e-021
965.200000  1.208275e-021
965.400000  1.271765e-021
965.600000  1.353900e-021
965.800000  1.394819e-021
966.000000  1.477831e-021
966.200000  1.616217e-021
966.400000  1.687743e-021
966.600000  1.811448e-021
966.800000  1.998704e-021
967.000000  2.239157e-021
967.200000  2.480359e-021
967.400000  2.746273e-021
967.600000  3.180958e-021
967.800000  3.682590e-021
968.000000  4.289914e-021
968.200000  5.056801e-021
968.400000  5.949824e-021
968.600000  6.868446e-021
968.800000  7.611693e-021
969.000000  8.267485e-021
969.200000  8.402777e-021
969.400000  7.914344e-021
969.600000  7.177706e-021
969.800000  6.364065e-021
970.000000  5.414926e-021
970.200000  4.579045e-021
970.400000  3.861154e-021
970.600000  3.260228e-021
970.800000  2.802865e-021
971.000000  2.462473e-021
971.200000  2.190991e-021
971.400000  1.933993e-021
971.600000  1.728209e-021
971.800000  1.558694e-021
972.000000  1.441116e-021
972.200000  1.319232e-021
972.400000  1.195819e-021
972.600000  1.151078e-021
972.800000  1.074890e-021
973.000000  1.018690e-021
973.200000  9.944479e-022
973.400000  9.600218e-022
973.600000  9.196192e-022
973.800000  8.669873e-022
974.000000  8.157805e-022
974.200000  8.868118e-022
974.400000  8.760311e-022
974.600000  8.493695e-022
974.800000  8.641454e-022
975.000000  8.831693e-022
975.200000  8.868010e-022
975.400000  8.736406e-022
975.600000  8.766794e-022
975.800000  9.180595e-022
976.000000  9.227441e-022
976.200000  9.341821e-022
976.400000  9.831243e-022
976.600000  1.016977e-021
976.800000  1.027340e-021
977.000000  1.075177e-021
977.200000  1.162955e-021
977.400000  1.212240e-021
977.600000  1.251200e-021
977.800000  1.316654e-021
978.000000  1.376934e-021
978.200000  1.398247e-021
978.400000  1.417491e-021
978.600000  1.486859e-021
978.800000  1.520427e-021
979.000000  1.520044e-021
979.200000  1.554563e-021
979.400000  1.596434e-021
979.600000  1.597488e-021
979.800000  1.575945e-021
980.000000  1.587288e-021
980.200000  1.612370e-021
980.400000  1.589603e-021
980.600000  1.571076e-021
980.800000  1.577820e-021
981.000000  1.564077e-021
981.200000  1.568785e-021
981.400000  1.559806e-021
981.600000  1.574177e-021
981.800000  1.554204e-021
982.000000  1.534613e-021
982.200000  1.577009e-021
982.400000  1.598073e-021
982.600000  1.554491e-021
982.800000  1.514750e-021
983.000000  1.540485e-021
983.200000  1.509955e-021
983.400000  1.458224e-021
983.600000  1.433493e-021
983.800000  1.456592e-021
984.000000  1.452781e-021
984.200000  1.410164e-021
984.400000  1.423191e-021
984.600000  1.435998e-021
984.800000  1.400407e-021
985.000000  1.373367e-021
985.200000  1.409814e-021
985.400000  1.428304e-021
985.600000  1.377613e-021
985.800000  1.401660e-021
986.000000  1.456483e-021
986.200000  1.447758e-021
986.400000  1.398242e-021
986.600000  1.457162e-021
986.800000  1.487970e-021
987.000000  1.460136e-021
987.200000  1.465988e-021
987.400000  1.516482e-021
987.600000  1.513057e-021
987.800000  1.439513e-021
988.000000  1.448407e-021
988.200000  1.483475e-021
988.400000  1.465367e-021
988.600000  1.421207e-021
988.800000  1.460056e-021
989.000000  1.467896e-021
989.200000  1.429953e-021
989.400000  1.428340e-021
989.600000  1.455747e-021
989.800000  1.451048e-021
990.000000  1.397920e-021
990.200000  1.429847e-021
990.400000  1.419220e-021
990.600000  1.437002e-021
990.800000  1.449837e-021
991.000000  1.461985e-021
991.200000  1.457995e-021
991.400000  1.463510e-021
991.600000  1.494039e-021
991.800000  1.541076e-021
992.000000  1.569832e-021
992.200000  1.607482e-021
992.400000  1.630382e-021
992.600000  1.630350e-021
992.800000  1.679669e-021
993.000000  1.725008e-021
993.200000  1.739229e-021
993.400000  1.740260e-021
993.600000  1.786754e-021
993.800000  1.832616e-021
994.000000  1.801440e-021
994.200000  1.803977e-021
994.400000  1.837431e-021
994.600000  1.836378e-021
994.800000  1.898967e-021
995.000000  1.858727e-021
995.200000  1.911517e-021
995.400000  1.904458e-021
995.600000  1.962985e-021
995.800000  1.955715e-021
996.000000  2.020493e-021
996.200000  2.013505e-021
996.400000  2.094812e-021
996.600000  2.142579e-021
996.800000  2.164041e-021
997.000000  2.231544e-021
997.200000  2.262930e-021
997.400000  2.347581e-021
997.600000  2.422090e-021
997.800000  2.446138e-021
998.000000  2.483756e-021
998.200000  2.582250e-021
998.400000  2.616871e-021
998.600000  2.673757e-021
998.800000  2.780135e-021
999.000000  2.834822e-021
999.200000  2.827765e-021
999.400000  2.845455e-021
999.600000  2.878050e-021
999.800000  2.905745e-021
1000.000000  2.970750e-021
1000.200000  2.971235e-021
1000.400000  2.961763e-021
1000.600000  2.937320e-021
1000.800000  2.927787e-021
1001.000000  2.925721e-021
1001.200000  2.931144e-021
1001.400000  2.891550e-021
1001.600000  2.831842e-021
1001.800000  2.864747e-021
1002.000000  2.832484e-021
1002.200000  2.857914e-021
1002.400000  2.785351e-021
1002.600000  2.856073e-021
1002.800000  2.858922e-021
1003.000000  2.876903e-021
1003.200000  2.937822e-021
1003.400000  2.986227e-021
1003.600000  2.991733e-021
1003.800000  3.113694e-021
1004.000000  3.147205e-021
1004.200000  3.284776e-021
1004.400000  3.282970e-021
1004.600000  3.342154e-021
1004.800000  3.396364e-021
1005.000000  3.417572e-021
1005.200000  3.438818e-021
1005.400000  3.516240e-021
1005.600000  3.540173e-021
1005.800000  3.553922e-021
1006.000000  3.560016e-021
1006.200000  3.584051e-021
1006.400000  3.615823e-021
1006.600000  3.619417e-021
1006.800000  3.635862e-021
1007.000000  3.688344e-021
1007.200000  3.661113e-021
1007.400000  3.659595e-021
1007.600000  3.670968e-021
1007.800000  3.643625e-021
1008.000000  3.590375e-021
1008.200000  3.549952e-021
1008.400000  3.480954e-021
1008.600000  3.378113e-021
1008.800000  3.251706e-021
1009.000000  3.236747e-021
1009.200000  3.208753e-021
1009.400000  3.146862e-021
1009.600000  3.058790e-021
1009.800000  3.053997e-021
1010.000000  3.064854e-021
1010.200000  2.986881e-021
1010.400000  2.953218e-021
1010.600000  2.977089e-021
1010.800000  3.001004e-021
1011.000000  2.954126e-021
1011.200000  2.957049e-021
1011.400000  3.007292e-021
1011.600000  2.962903e-021
1011.800000  2.944761e-021
1012.000000  2.989858e-021
1012.200000  3.003370e-021
1012.400000  2.969353e-021
1012.600000  3.009309e-021
1012.800000  3.046693e-021
1013.000000  3.023206e-021
1013.200000  2.970495e-021
1013.400000  2.936260e-021
1013.600000  2.992308e-021
1013.800000  2.989941e-021
1014.000000  2.958276e-021
1014.200000  2.990514e-021
1014.400000  2.964116e-021
1014.600000  2.902944e-021
1014.800000  2.951252e-021
1015.000000  2.943458e-021
1015.200000  2.924931e-021
1015.400000  2.943900e-021
1015.600000  2.970954e-021
1015.800000  2.928211e-021
1016.000000  2.882692e-021
1016.200000  2.912448e-021
1016.400000  2.955730e-021
1016.600000  2.999095e-021
1016.800000  3.002046e-021
1017.000000  3.013107e-021
1017.200000  3.062056e-021
1017.400000  3.130051e-021
1017.600000  3.181914e-021
1017.800000  3.261006e-021
1018.000000  2.958751e-021
1018.030000  2.982942e-021
1018.060000  3.009682e-021
1018.090000  3.035992e-021
1018.120000  3.062460e-021
1018.150000  3.087404e-021
1018.180000  3.111548e-021
1018.210000  3.128507e-021
1018.240000  3.134964e-021
1018.270000  3.139898e-021
1018.300000  3.143632e-021
1018.330000  3.146967e-021
1018.360000  3.160363e-021
1018.390000  3.186123e-021
1018.420000  3.208885e-021
1018.450000  3.223819e-021
1018.480000  3.234660e-021
1018.510000  3.246615e-021
1018.540000  3.261320e-021
1018.570000  3.274568e-021
1018.600000  3.293871e-021
1018.630000  3.315595e-021
1018.660000  3.338030e-021
1018.690000  3.351786e-021
1018.720000  3.359180e-021
1018.750000  3.368520e-021
1018.780000  3.380592e-021
1018.810000  3.392685e-021
1018.840000  3.410244e-021
1018.870000  3.431514e-021
1018.900000  3.438347e-021
1018.930000  3.435108e-021
1018.960000  3.434563e-021
1018.990000  3.442462e-021
1019.020000  3.461220e-021
1019.050000  3.481418e-021
1019.080000  3.500313e-021
1019.110000  3.525830e-021
1019.140000  3.548790e-021
1019.170000  3.565538e-021
1019.200000  3.585186e-021
1019.230000  3.604810e-021
1019.260000  3.624729e-021
1019.290000  3.645546e-021
1019.320000  3.666367e-021
1019.350000  3.694951e-021
1019.380000  3.729212e-021
1019.410000  3.749457e-021
1019.440000  3.761152e-021
1019.470000  3.781938e-021
1019.500000  3.799689e-021
1019.530000  3.813346e-021
1019.560000  3.836989e-021
1019.590000  3.867850e-021
1019.620000  3.887481e-021
1019.650000  3.906957e-021
1019.680000  3.926385e-021
1019.710000  3.938528e-021
1019.740000  3.951531e-021
1019.770000  3.959344e-021
1019.800000  3.967719e-021
1019.830000  3.993927e-021
1019.860000  4.030873e-021
1019.890000  4.047874e-021
1019.920000  4.060123e-021
1019.950000  4.080663e-021
1019.980000  4.085717e-021
1020.010000  4.092093e-021
1020.040000  4.120165e-021
1020.070000  4.149090e-021
1020.100000  4.165829e-021
1020.130000  4.196077e-021
1020.160000  4.226143e-021
1020.190000  4.256454e-021
1020.220000  4.297239e-021
1020.250000  4.335931e-021
1020.280000  4.369637e-021
1020.310000  4.396191e-021
1020.340000  4.413671e-021
1020.370000  4.432125e-021
1020.400000  4.458205e-021
1020.430000  4.479734e-021
1020.460000  4.498651e-021
1020.490000  4.508499e-021
1020.520000  4.525527e-021
1020.550000  4.557957e-021
1020.580000  4.582723e-021
1020.610000  4.604738e-021
1020.640000  4.640952e-021
1020.670000  4.668095e-021
1020.700000  4.679305e-021
1020.730000  4.697618e-021
1020.760000  4.717302e-021
1020.790000  4.731539e-021
1020.820000  4.756382e-021
1020.850000  4.794784e-021
1020.880000  4.838418e-021
1020.910000  4.894727e-021
1020.940000  4.955876e-021
1020.970000  5.003514e-021
1021.000000  5.044050e-021
1021.030000  5.074604e-021
1021.060000  5.089200e-021
1021.090000  5.105598e-021
1021.120000  5.138349e-021
1021.150000  5.175657e-021
1021.180000  5.220312e-021
1021.210000  5.283784e-021
1021.240000  5.350130e-021
1021.270000  5.402892e-021
1021.300000  5.450432e-021
1021.330000  5.506079e-021
1021.360000  5.561228e-021
1021.390000  5.608788e-021
1021.420000  5.653424e-021
1021.450000  5.699707e-021
1021.480000  5.748055e-021
1021.510000  5.790669e-021
1021.540000  5.828262e-021
1021.570000  5.878766e-021
1021.600000  5.934089e-021
1021.630000  5.977955e-021
1021.660000  6.020423e-021
1021.690000  6.076517e-021
1021.720000  6.130324e-021
1021.750000  6.179957e-021
1021.780000  6.235354e-021
1021.810000  6.293387e-021
1021.840000  6.353319e-021
1021.870000  6.414095e-021
1021.900000  6.475972e-021
1021.930000  6.537622e-021
1021.960000  6.604347e-021
1021.990000  6.675496e-021
1022.020000  6.742593e-021
1022.050000  6.803414e-021
1022.080000  6.861046e-021
1022.110000  6.919943e-021
1022.140000  6.981491e-021
1022.170000  7.060170e-021
1022.200000  7.159400e-021
1022.230000  7.252089e-021
1022.260000  7.337773e-021
1022.290000  7.419422e-021
1022.320000  7.482285e-021
1022.350000  7.521537e-021
1022.380000  7.574018e-021
1022.410000  7.636675e-021
1022.440000  7.686382e-021
1022.470000  7.740766e-021
1022.500000  7.807830e-021
1022.530000  7.876611e-021
1022.560000  7.941532e-021
1022.590000  8.004774e-021
1022.620000  8.069086e-021
1022.650000  8.137506e-021
1022.680000  8.204479e-021
1022.710000  8.279374e-021
1022.740000  8.361576e-021
1022.770000  8.422466e-021
1022.800000  8.470698e-021
1022.830000  8.519776e-021
1022.860000  8.551036e-021
1022.890000  8.582330e-021
1022.920000  8.649162e-021
1022.950000  8.725126e-021
1022.980000  8.779551e-021
1023.010000  8.847964e-021
1023.040000  8.924700e-021
1023.070000  8.974350e-021
1023.100000  9.034223e-021
1023.130000  9.113319e-021
1023.160000  9.169155e-021
1023.190000  9.223426e-021
1023.220000  9.285700e-021
1023.250000  9.327238e-021
1023.280000  9.362479e-021
1023.310000  9.411341e-021
1023.340000  9.463032e-021
1023.370000  9.514053e-021
1023.400000  9.561514e-021
1023.430000  9.606882e-021
1023.460000  9.656230e-021
1023.490000  9.694431e-021
1023.520000  9.721108e-021
1023.550000  9.754808e-021
1023.580000  9.792582e-021
1023.610000  9.820959e-021
1023.640000  9.851286e-021
1023.670000  9.896894e-021
1023.700000  9.948218e-021
1023.730000  1.000867e-020
1023.760000  1.006852e-020
1023.790000  1.012208e-020
1023.820000  1.018312e-020
1023.850000  1.024462e-020
1023.880000  1.029297e-020
1023.910000  1.033165e-020
1023.940000  1.038014e-020
1023.970000  1.042244e-020
1024.000000  1.045079e-020
1024.030000  1.049830e-020
1024.060000  1.056249e-020
1024.090000  1.061220e-020
1024.120000  1.067613e-020
1024.150000  1.075591e-020
1024.180000  1.080556e-020
1024.210000  1.084700e-020
1024.240000  1.090251e-020
1024.270000  1.094256e-020
1024.300000  1.096565e-020
1024.330000  1.100366e-020
1024.360000  1.105970e-020
1024.390000  1.110974e-020
1024.420000  1.115748e-020
1024.450000  1.120712e-020
1024.480000  1.125749e-020
1024.510000  1.130048e-020
1024.540000  1.133897e-020
1024.570000  1.138076e-020
1024.600000  1.142274e-020
1024.630000  1.146745e-020
1024.660000  1.152665e-020
1024.690000  1.159539e-020
1024.720000  1.166507e-020
1024.750000  1.173417e-020
1024.780000  1.178236e-020
1024.810000  1.181745e-020
1024.840000  1.184940e-020
1024.870000  1.189217e-020
1024.900000  1.195204e-020
1024.930000  1.201895e-020
1024.960000  1.208271e-020
1024.990000  1.214001e-020
1025.020000  1.219138e-020
1025.050000  1.222892e-020
1025.080000  1.226329e-020
1025.110000  1.229610e-020
1025.140000  1.232706e-020
1025.170000  1.235404e-020
1025.200000  1.238614e-020
1025.230000  1.242957e-020
1025.260000  1.246809e-020
1025.290000  1.251031e-020
1025.320000  1.253134e-020
1025.350000  1.253824e-020
1025.380000  1.256645e-020
1025.410000  1.260095e-020
1025.440000  1.263325e-020
1025.470000  1.269669e-020
1025.500000  1.276479e-020
1025.530000  1.279673e-020
1025.560000  1.284133e-020
1025.590000  1.289888e-020
1025.620000  1.292404e-020
1025.650000  1.293472e-020
1025.680000  1.295954e-020
1025.710000  1.298170e-020
1025.740000  1.298481e-020
1025.770000  1.299235e-020
1025.800000  1.303246e-020
1025.830000  1.306024e-020
1025.860000  1.304881e-020
1025.890000  1.303929e-020
1025.920000  1.304632e-020
1025.950000  1.303371e-020
1025.980000  1.302081e-020
1026.010000  1.304243e-020
1026.040000  1.305071e-020
1026.070000  1.303439e-020
1026.100000  1.303701e-020
1026.130000  1.304912e-020
1026.160000  1.303747e-020
1026.190000  1.303156e-020
1026.220000  1.304197e-020
1026.250000  1.304290e-020
1026.280000  1.303152e-020
1026.310000  1.302458e-020
1026.340000  1.302960e-020
1026.370000  1.303388e-020
1026.400000  1.301301e-020
1026.430000  1.301071e-020
1026.460000  1.304581e-020
1026.490000  1.308278e-020
1026.520000  1.312233e-020
1026.550000  1.316863e-020
1026.580000  1.319648e-020
1026.610000  1.319891e-020
1026.640000  1.320832e-020
1026.670000  1.321285e-020
1026.700000  1.322740e-020
1026.730000  1.324281e-020
1026.760000  1.322233e-020
1026.790000  1.320637e-020
1026.820000  1.320915e-020
1026.850000  1.321621e-020
1026.880000  1.322851e-020
1026.910000  1.325878e-020
1026.940000  1.329121e-020
1026.970000  1.332056e-020
1027.000000  1.334795e-020
1027.030000  1.337903e-020
1027.060000  1.342942e-020
1027.090000  1.346767e-020
1027.120000  1.348391e-020
1027.150000  1.351367e-020
1027.180000  1.356417e-020
1027.210000  1.360300e-020
1027.240000  1.363288e-020
1027.270000  1.367632e-020
1027.300000  1.370681e-020
1027.330000  1.371397e-020
1027.360000  1.374210e-020
1027.390000  1.380453e-020
1027.420000  1.387966e-020
1027.450000  1.395603e-020
1027.480000  1.404121e-020
1027.510000  1.411631e-020
1027.540000  1.416363e-020
1027.570000  1.422023e-020
1027.600000  1.429888e-020
1027.630000  1.436678e-020
1027.660000  1.443338e-020
1027.690000  1.453914e-020
1027.720000  1.464325e-020
1027.750000  1.473555e-020
1027.780000  1.485512e-020
1027.810000  1.497002e-020
1027.840000  1.505363e-020
1027.870000  1.514529e-020
1027.900000  1.525332e-020
1027.930000  1.535015e-020
1027.960000  1.544937e-020
1027.990000  1.555221e-020
1028.020000  1.564166e-020
1028.050000  1.573007e-020
1028.080000  1.583995e-020
1028.110000  1.596636e-020
1028.140000  1.610245e-020
1028.170000  1.622933e-020
1028.200000  1.635006e-020
1028.230000  1.648953e-020
1028.260000  1.662904e-020
1028.290000  1.674990e-020
1028.320000  1.688325e-020
1028.350000  1.702600e-020
1028.380000  1.716464e-020
1028.410000  1.731336e-020
1028.440000  1.745923e-020
1028.470000  1.762186e-020
1028.500000  1.779843e-020
1028.530000  1.794640e-020
1028.560000  1.807654e-020
1028.590000  1.822260e-020
1028.620000  1.837089e-020
1028.650000  1.851474e-020
1028.680000  1.868315e-020
1028.710000  1.887020e-020
1028.740000  1.908433e-020
1028.770000  1.929086e-020
1028.800000  1.947512e-020
1028.830000  1.964781e-020
1028.860000  1.981252e-020
1028.890000  1.999127e-020
1028.920000  2.018098e-020
1028.950000  2.037126e-020
1028.980000  2.056281e-020
1029.010000  2.076315e-020
1029.040000  2.094771e-020
1029.070000  2.109157e-020
1029.100000  2.122294e-020
1029.130000  2.139815e-020
1029.160000  2.157758e-020
1029.190000  2.171567e-020
1029.220000  2.187131e-020
1029.250000  2.204119e-020
1029.280000  2.218661e-020
1029.310000  2.235314e-020
1029.340000  2.256433e-020
1029.370000  2.277374e-020
1029.400000  2.295545e-020
1029.430000  2.312377e-020
1029.460000  2.325319e-020
1029.490000  2.334875e-020
1029.520000  2.345918e-020
1029.550000  2.362579e-020
1029.580000  2.379759e-020
1029.610000  2.393037e-020
1029.640000  2.404075e-020
1029.670000  2.414369e-020
1029.700000  2.423056e-020
1029.730000  2.433302e-020
1029.760000  2.448359e-020
1029.790000  2.460629e-020
1029.820000  2.469250e-020
1029.850000  2.477074e-020
1029.880000  2.480238e-020
1029.910000  2.483523e-020
1029.940000  2.489677e-020
1029.970000  2.491551e-020
1030.000000  2.491161e-020
1030.030000  2.492949e-020
1030.060000  2.497350e-020
1030.090000  2.502728e-020
1030.120000  2.507594e-020
1030.150000  2.511451e-020
1030.180000  2.512143e-020
1030.210000  2.510834e-020
1030.240000  2.509488e-020
1030.270000  2.507710e-020
1030.300000  2.503479e-020
1030.330000  2.501157e-020
1030.360000  2.495903e-020
1030.390000  2.487887e-020
1030.420000  2.484616e-020
1030.450000  2.483241e-020
1030.480000  2.477039e-020
1030.510000  2.465655e-020
1030.540000  2.453907e-020
1030.570000  2.444766e-020
1030.600000  2.435441e-020
1030.630000  2.421536e-020
1030.660000  2.407782e-020
1030.690000  2.395652e-020
1030.720000  2.381748e-020
1030.750000  2.365253e-020
1030.780000  2.350729e-020
1030.810000  2.338227e-020
1030.840000  2.323873e-020
1030.870000  2.306899e-020
1030.900000  2.292310e-020
1030.930000  2.276409e-020
1030.960000  2.256173e-020
1030.990000  2.235330e-020
1031.020000  2.214701e-020
1031.050000  2.194982e-020
1031.080000  2.179354e-020
1031.110000  2.164243e-020
1031.140000  2.144353e-020
1031.170000  2.119492e-020
1031.200000  2.091284e-020
1031.230000  2.063957e-020
1031.260000  2.040079e-020
1031.290000  2.021353e-020
1031.320000  2.008030e-020
1031.350000  1.995243e-020
1031.380000  1.976725e-020
1031.410000  1.952917e-020
1031.440000  1.927553e-020
1031.470000  1.901558e-020
1031.500000  1.877458e-020
1031.530000  1.857680e-020
1031.560000  1.840182e-020
1031.590000  1.823020e-020
1031.620000  1.804911e-020
1031.650000  1.783737e-020
1031.680000  1.761431e-020
1031.710000  1.742545e-020
1031.740000  1.724691e-020
1031.770000  1.704113e-020
1031.800000  1.683152e-020
1031.830000  1.662375e-020
1031.860000  1.639912e-020
1031.890000  1.618289e-020
1031.920000  1.600060e-020
1031.950000  1.581256e-020
1031.980000  1.561254e-020
1032.010000  1.542804e-020
1032.040000  1.523969e-020
1032.070000  1.506568e-020
1032.100000  1.494657e-020
1032.130000  1.484438e-020
1032.160000  1.471087e-020
1032.190000  1.456127e-020
1032.220000  1.439929e-020
1032.250000  1.421155e-020
1032.280000  1.401931e-020
1032.310000  1.384301e-020
1032.340000  1.368799e-020
1032.370000  1.355434e-020
1032.400000  1.343775e-020
1032.430000  1.333001e-020
1032.460000  1.321799e-020
1032.490000  1.307844e-020
1032.520000  1.290254e-020
1032.550000  1.272020e-020
1032.580000  1.255871e-020
1032.610000  1.242227e-020
1032.640000  1.230933e-020
1032.670000  1.221291e-020
1032.700000  1.211476e-020
1032.730000  1.201029e-020
1032.760000  1.188945e-020
1032.790000  1.175454e-020
1032.820000  1.162309e-020
1032.850000  1.149605e-020
1032.880000  1.137811e-020
1032.910000  1.126255e-020
1032.940000  1.114563e-020
1032.970000  1.102876e-020
1033.000000  1.090297e-020
1033.030000  1.076300e-020
1033.060000  1.063679e-020
1033.090000  1.055267e-020
1033.120000  1.048396e-020
1033.150000  1.040037e-020
1033.180000  1.030468e-020
1033.210000  1.021046e-020
1033.240000  1.009970e-020
1033.270000  9.972751e-021
1033.300000  9.854964e-021
1033.330000  9.739783e-021
1033.360000  9.622467e-021
1033.390000  9.504735e-021
1033.420000  9.394830e-021
1033.450000  9.310628e-021
1033.480000  9.239882e-021
1033.510000  9.155495e-021
1033.540000  9.072724e-021
1033.570000  8.997296e-021
1033.600000  8.920998e-021
1033.630000  8.852605e-021
1033.660000  8.780116e-021
1033.690000  8.688971e-021
1033.720000  8.593827e-021
1033.750000  8.496371e-021
1033.780000  8.390123e-021
1033.810000  8.300557e-021
1033.840000  8.242361e-021
1033.870000  8.184903e-021
1033.900000  8.107076e-021
1033.930000  8.028421e-021
1033.960000  7.972860e-021
1033.990000  7.919648e-021
1034.020000  7.851295e-021
1034.050000  7.797109e-021
1034.080000  7.760243e-021
1034.110000  7.712797e-021
1034.140000  7.659569e-021
1034.170000  7.618405e-021
1034.200000  7.560302e-021
1034.230000  7.473338e-021
1034.260000  7.390634e-021
1034.290000  7.322061e-021
1034.320000  7.273270e-021
1034.350000  7.247221e-021
1034.380000  7.231532e-021
1034.410000  7.200781e-021
1034.440000  7.141563e-021
1034.470000  7.070913e-021
1034.500000  7.013994e-021
1034.530000  6.971388e-021
1034.560000  6.926692e-021
1034.590000  6.890930e-021
1034.620000  6.848392e-021
1034.650000  6.789766e-021
1034.680000  6.741836e-021
1034.710000  6.707537e-021
1034.740000  6.665666e-021
1034.770000  6.612899e-021
1034.800000  6.555631e-021
1034.830000  6.492133e-021
1034.860000  6.433408e-021
1034.890000  6.381735e-021
1034.920000  6.345919e-021
1034.950000  6.325792e-021
1034.980000  6.294260e-021
1035.010000  6.242176e-021
1035.040000  6.200188e-021
1035.070000  6.170040e-021
1035.100000  6.117957e-021
1035.130000  6.056510e-021
1035.160000  6.003741e-021
1035.190000  5.949023e-021
1035.220000  5.888810e-021
1035.250000  5.840183e-021
1035.280000  5.806372e-021
1035.310000  5.778892e-021
1035.340000  5.749971e-021
1035.370000  5.714544e-021
1035.400000  5.676509e-021
1035.430000  5.640070e-021
1035.460000  5.604480e-021
1035.490000  5.566907e-021
1035.520000  5.532860e-021
1035.550000  5.489008e-021
1035.580000  5.430900e-021
1035.610000  5.382449e-021
1035.640000  5.347222e-021
1035.670000  5.308322e-021
1035.700000  5.271420e-021
1035.730000  5.249717e-021
1035.760000  5.224676e-021
1035.790000  5.191622e-021
1035.820000  5.162893e-021
1035.850000  5.144006e-021
1035.880000  5.122901e-021
1035.910000  5.087040e-021
1035.940000  5.038272e-021
1035.970000  4.985407e-021
1036.000000  4.936449e-021
1036.030000  4.887490e-021
1036.060000  4.845856e-021
1036.090000  4.821438e-021
1036.120000  4.806101e-021
1036.150000  4.787313e-021
1036.180000  4.765213e-021
1036.210000  4.749453e-021
1036.240000  4.740122e-021
1036.270000  4.735416e-021
1036.300000  4.734736e-021
1036.330000  4.730214e-021
1036.360000  4.720412e-021
1036.390000  4.700853e-021
1036.420000  4.670905e-021
1036.450000  4.632298e-021
1036.480000  4.599119e-021
1036.510000  4.566231e-021
1036.540000  4.529432e-021
1036.570000  4.490782e-021
1036.600000  4.461240e-021
1036.630000  4.441761e-021
1036.660000  4.425309e-021
1036.690000  4.417761e-021
1036.720000  4.407230e-021
1036.750000  4.384663e-021
1036.780000  4.347252e-021
1036.810000  4.307591e-021
1036.840000  4.275185e-021
1036.870000  4.257644e-021
1036.900000  4.253615e-021
1036.930000  4.255714e-021
1036.960000  4.248916e-021
1036.990000  4.232323e-021
1037.020000  4.219829e-021
1037.050000  4.205665e-021
1037.080000  4.192459e-021
1037.110000  4.192363e-021
1037.140000  4.181566e-021
1037.170000  4.149089e-021
1037.200000  4.120655e-021
1037.230000  4.096926e-021
1037.260000  4.074763e-021
1037.290000  4.065921e-021
1037.320000  4.072915e-021
1037.350000  4.078679e-021
1037.380000  4.072852e-021
1037.410000  4.064027e-021
1037.440000  4.055613e-021
1037.470000  4.039839e-021
1037.500000  4.023564e-021
1037.530000  4.014940e-021
1037.560000  4.004303e-021
1037.590000  3.991253e-021
1037.620000  3.974897e-021
1037.650000  3.951782e-021
1037.680000  3.929453e-021
1037.710000  3.906511e-021
1037.740000  3.890539e-021
1037.770000  3.881455e-021
1037.800000  3.870859e-021
1037.830000  3.860084e-021
1037.860000  3.850661e-021
1037.890000  3.829716e-021
1037.920000  3.800462e-021
1037.950000  3.786938e-021
1037.980000  3.783446e-021
1038.010000  3.770996e-021
1038.040000  3.749565e-021
1038.070000  3.734394e-021
1038.100000  3.714771e-021
1038.130000  3.698671e-021
1038.160000  3.699216e-021
1038.190000  3.705967e-021
1038.220000  3.716422e-021
1038.250000  3.721684e-021
1038.280000  3.710277e-021
1038.310000  3.687093e-021
1038.340000  3.661396e-021
1038.370000  3.634310e-021
1038.400000  3.608392e-021
1038.430000  3.587659e-021
1038.460000  3.576290e-021
1038.490000  3.570006e-021
1038.520000  3.559194e-021
1038.550000  3.559317e-021
1038.580000  3.564832e-021
1038.610000  3.565048e-021
1038.640000  3.572126e-021
1038.670000  3.568713e-021
1038.700000  3.545413e-021
1038.730000  3.518863e-021
1038.760000  3.495815e-021
1038.790000  3.480816e-021
1038.820000  3.479648e-021
1038.850000  3.478719e-021
1038.880000  3.473167e-021
1038.910000  3.468041e-021
1038.940000  3.453760e-021
1038.970000  3.434671e-021
1039.000000  3.430279e-021
1039.030000  3.433193e-021
1039.060000  3.428147e-021
1039.090000  3.420337e-021
1039.120000  3.414011e-021
1039.150000  3.406319e-021
1039.180000  3.406928e-021
1039.210000  3.415454e-021
1039.240000  3.420817e-021
1039.270000  3.424029e-021
1039.300000  3.410638e-021
1039.330000  3.380969e-021
1039.360000  3.350468e-021
1039.390000  3.325932e-021
1039.420000  3.303381e-021
1039.450000  3.286421e-021
1039.480000  3.275928e-021
1039.510000  3.265396e-021
1039.540000  3.253313e-021
1039.570000  3.232702e-021
1039.600000  3.209572e-021
1039.630000  3.193829e-021
1039.660000  3.184716e-021
1039.690000  3.176495e-021
1039.720000  3.178890e-021
1039.750000  3.185045e-021
1039.780000  3.184768e-021
1039.810000  3.182126e-021
1039.840000  3.182980e-021
1039.870000  3.189064e-021
1039.900000  3.195355e-021
1039.930000  3.192375e-021
1039.960000  3.178718e-021
1039.990000  3.154682e-021
1040.020000  3.125752e-021
1040.050000  3.105410e-021
1040.080000  3.088808e-021
1040.110000  3.074439e-021
1040.140000  3.063894e-021
1040.170000  3.056381e-021
1040.200000  3.051199e-021
1040.230000  3.054497e-021
1040.260000  3.065906e-021
1040.290000  3.074629e-021
1040.320000  3.071667e-021
1040.350000  3.054787e-021
1040.380000  3.024892e-021
1040.410000  2.988007e-021
1040.440000  2.963656e-021
1040.470000  2.959348e-021
1040.500000  2.961282e-021
1040.530000  2.971910e-021
1040.560000  2.978385e-021
1040.590000  2.972010e-021
1040.620000  2.958593e-021
1040.650000  2.939405e-021
1040.680000  2.913988e-021
1040.710000  2.894541e-021
1040.740000  2.881274e-021
1040.770000  2.867969e-021
1040.800000  2.863146e-021
1040.830000  2.853866e-021
1040.860000  2.844091e-021
1040.890000  2.833708e-021
1040.920000  2.818703e-021
1040.950000  2.802043e-021
1040.980000  2.788804e-021
1041.010000  2.779245e-021
1041.040000  2.775883e-021
1041.070000  2.769061e-021
1041.100000  2.757990e-021
1041.130000  2.756995e-021
1041.160000  2.758144e-021
1041.190000  2.744972e-021
1041.220000  2.730227e-021
1041.250000  2.727785e-021
1041.280000  2.727786e-021
1041.310000  2.722406e-021
1041.340000  2.721316e-021
1041.370000  2.722985e-021
1041.400000  2.714505e-021
1041.430000  2.696110e-021
1041.460000  2.675178e-021
1041.490000  2.659044e-021
1041.520000  2.652148e-021
1041.550000  2.651432e-021
1041.580000  2.649233e-021
1041.610000  2.646870e-021
1041.640000  2.642015e-021
1041.670000  2.636993e-021
1041.700000  2.624488e-021
1041.730000  2.609928e-021
1041.760000  2.601222e-021
1041.790000  2.591805e-021
1041.820000  2.580928e-021
1041.850000  2.581321e-021
1041.880000  2.586803e-021
1041.910000  2.583775e-021
1041.940000  2.581793e-021
1041.970000  2.582156e-021
1042.000000  2.580528e-021
1042.200000  2.372768e-021
1042.400000  2.386052e-021
1042.600000  2.337239e-021
1042.800000  2.310077e-021
1043.000000  2.291752e-021
1043.200000  2.283209e-021
1043.400000  2.276491e-021
1043.600000  2.283900e-021
1043.800000  2.275626e-021
1044.000000  2.295058e-021
1044.200000  2.318842e-021
1044.400000  2.321064e-021
1044.600000  2.296099e-021
1044.800000  2.391999e-021
1045.000000  2.432672e-021
1045.200000  2.439649e-021
1045.400000  2.465244e-021
1045.600000  2.475984e-021
1045.800000  2.588972e-021
1046.000000  2.645878e-021
1046.200000  2.680163e-021
1046.400000  2.739129e-021
1046.600000  2.785728e-021
1046.800000  2.884552e-021
1047.000000  2.931686e-021
1047.200000  2.992670e-021
1047.400000  2.999286e-021
1047.600000  3.112784e-021
1047.800000  3.115757e-021
1048.000000  3.162065e-021
1048.200000  3.193371e-021
1048.400000  3.193273e-021
1048.600000  3.290792e-021
1048.800000  3.259259e-021
1049.000000  3.243437e-021
1049.200000  3.256004e-021
1049.400000  3.214853e-021
1049.600000  3.153370e-021
1049.800000  3.151941e-021
1050.000000  3.116269e-021
1050.200000  3.036735e-021
1050.400000  2.915756e-021
1050.600000  2.834601e-021
1050.800000  2.763790e-021
1051.000000  2.615757e-021
1051.200000  2.508888e-021
1051.400000  2.454469e-021
1051.600000  2.379500e-021
1051.800000  2.273371e-021
1052.000000  2.171838e-021
1052.200000  2.110794e-021
1052.400000  2.005702e-021
1052.600000  1.916135e-021
1052.800000  1.872336e-021
1053.000000  1.835205e-021
1053.200000  1.749720e-021
1053.400000  1.665359e-021
1053.600000  1.647269e-021
1053.800000  1.564584e-021
1054.000000  1.499187e-021
1054.200000  1.488644e-021
1054.400000  1.483583e-021
1054.600000  1.410789e-021
1054.800000  1.384884e-021
1055.000000  1.343345e-021
1055.200000  1.332596e-021
1055.400000  1.307514e-021
1055.600000  1.273593e-021
1055.800000  1.236673e-021
1056.000000  1.225450e-021
1056.200000  1.188086e-021
1056.400000  1.155551e-021
1056.600000  1.162860e-021
1056.800000  1.143989e-021
1057.000000  1.111972e-021
1057.200000  1.107447e-021
1057.400000  1.077302e-021
1057.600000  1.041512e-021
1057.800000  1.055985e-021
1058.000000  1.060606e-021
1058.200000  1.018103e-021
1058.400000  1.011807e-021
1058.600000  9.823841e-022
1058.800000  9.595146e-022
1059.000000  9.518194e-022
1059.200000  9.381479e-022
1059.400000  9.158316e-022
1059.600000  8.997758e-022
1059.800000  8.860134e-022
1060.000000  8.449670e-022
1060.200000  8.680565e-022
1060.400000  8.515580e-022
1060.600000  8.316940e-022
1060.800000  8.291419e-022
1061.000000  8.199046e-022
1061.200000  8.076404e-022
1061.400000  7.970252e-022
1061.600000  7.786861e-022
1061.800000  7.710390e-022
1062.000000  7.663966e-022
1062.200000  7.466307e-022
1062.400000  7.328780e-022
1062.600000  7.456821e-022
1062.800000  7.359428e-022
1063.000000  7.278701e-022
1063.200000  7.153945e-022
1063.400000  7.049213e-022
1063.600000  7.038940e-022
1063.800000  6.940655e-022
1064.000000  6.842179e-022
1064.200000  6.696043e-022
1064.400000  6.885592e-022
1064.600000  6.746002e-022
1064.800000  6.578942e-022
1065.000000  6.728056e-022
1065.200000  6.502743e-022
1065.400000  6.553175e-022
1065.600000  6.801634e-022
1065.800000  6.558654e-022
1066.000000  6.383594e-022
1066.200000  6.523057e-022
1066.400000  6.285960e-022
1066.600000  6.387864e-022
1066.800000  6.318351e-022
1067.000000  6.279617e-022
1067.200000  6.099828e-022
1067.400000  6.150288e-022
1067.600000  6.076819e-022
1067.800000  6.065272e-022
1068.000000  6.022636e-022
1068.200000  6.028277e-022
1068.400000  5.902525e-022
1068.600000  5.959967e-022
1068.800000  5.775010e-022
1069.000000  5.780415e-022
1069.200000  5.681700e-022
1069.400000  5.812082e-022
1069.600000  5.834905e-022
1069.800000  5.558438e-022
1070.000000  5.702988e-022
1070.200000  5.711807e-022
1070.400000  5.717146e-022
1070.600000  5.624669e-022
1070.800000  5.713849e-022
1071.000000  5.558182e-022
1071.200000  5.629938e-022
1071.400000  5.431809e-022
1071.600000  5.475490e-022
1071.800000  5.607077e-022
1072.000000  5.556047e-022
1072.200000  5.184617e-022
1072.400000  5.555851e-022
1072.600000  5.116715e-022
1072.800000  5.432095e-022
1073.000000  5.320574e-022
1073.200000  5.329070e-022
1073.400000  5.157063e-022
1073.600000  5.190211e-022
1073.800000  5.283700e-022
1074.000000  5.189239e-022
1074.200000  5.325523e-022
1074.400000  5.216690e-022
1074.600000  5.189513e-022
1074.800000  5.180093e-022
1075.000000  5.163519e-022
1075.200000  5.189740e-022
1075.400000  5.037374e-022
1075.600000  5.170793e-022
1075.800000  5.225712e-022
1076.000000  5.269979e-022
1076.200000  5.152958e-022
1076.400000  5.150569e-022
1076.600000  4.832024e-022
1076.800000  5.170934e-022
1077.000000  4.974179e-022
1077.200000  4.910350e-022
1077.400000  4.914910e-022
1077.600000  4.782321e-022
1077.800000  4.707282e-022
1078.000000  4.805667e-022
1078.200000  4.668972e-022
1078.400000  4.669681e-022
1078.600000  4.652256e-022
1078.800000  4.703754e-022
1079.000000  4.606397e-022
1079.200000  4.647030e-022
1079.400000  4.363813e-022
1079.600000  4.444359e-022
1079.800000  4.364612e-022
1080.000000  4.368656e-022
1080.200000  4.241192e-022
1080.400000  4.245120e-022
1080.600000  4.186834e-022
1080.800000  4.161404e-022
1081.000000  4.047925e-022
1081.200000  4.000291e-022
1081.400000  4.070113e-022
1081.600000  4.106969e-022
1081.800000  4.191732e-022
1082.000000  3.930390e-022
1082.200000  3.926650e-022
1082.400000  4.000397e-022
1082.600000  3.904361e-022
1082.800000  3.695009e-022
1083.000000  3.992994e-022
1083.200000  4.044835e-022
1083.400000  3.844659e-022
1083.600000  3.708308e-022
1083.800000  3.718046e-022
1084.000000  3.673890e-022
1084.200000  3.803057e-022
1084.400000  3.708981e-022
1084.600000  3.765341e-022
1084.800000  3.646420e-022
1085.000000  3.903012e-022
1085.200000  3.587726e-022
1085.400000  3.550248e-022
1085.600000  3.581984e-022
1085.800000  3.671131e-022
1086.000000  3.723291e-022
1086.200000  3.604287e-022
1086.400000  3.432057e-022
1086.600000  3.533044e-022
1086.800000  3.376993e-022
1087.000000  3.478109e-022
1087.200000  3.457163e-022
1087.400000  3.280208e-022
1087.600000  3.205359e-022
1087.800000  3.581349e-022
1088.000000  3.359703e-022
1088.200000  3.264243e-022
1088.400000  3.382576e-022
1088.600000  3.160505e-022
1088.800000  3.454171e-022
1089.000000  3.334465e-022
1089.200000  3.116677e-022
1089.400000  3.181282e-022
1089.600000  3.393254e-022
1089.800000  2.974830e-022
1090.000000  3.305853e-022
1090.200000  3.284022e-022
1090.400000  3.221946e-022
1090.600000  3.142890e-022
1090.800000  3.265067e-022
1091.000000  3.067647e-022
1091.200000  3.119649e-022
1091.400000  3.110200e-022
1091.600000  3.118441e-022
1091.800000  2.915910e-022
1092.000000  3.181628e-022
1092.200000  2.955614e-022
1092.400000  3.048740e-022
1092.600000  2.862406e-022
1092.800000  2.856511e-022
1093.000000  2.787056e-022
1093.200000  2.916813e-022
1093.400000  2.886875e-022
1093.600000  2.849886e-022
1093.800000  2.848215e-022
1094.000000  2.731322e-022
1094.200000  2.826545e-022
1094.400000  2.853696e-022
1094.600000  2.670906e-022
1094.800000  2.531144e-022
1095.000000  2.752040e-022
1095.200000  2.696630e-022
1095.400000  2.659919e-022
1095.600000  2.650193e-022
1095.800000  2.574121e-022
1096.000000  2.570579e-022
1096.200000  2.486427e-022
1096.400000  2.492632e-022
1096.600000  2.481120e-022
1096.800000  2.520443e-022
1097.000000  2.559835e-022
1097.200000  2.432619e-022
1097.400000  2.414280e-022
1097.600000  2.437056e-022
1097.800000  2.298680e-022
1098.000000  2.481142e-022
1098.200000  2.334612e-022
1098.400000  2.274786e-022
1098.600000  2.172714e-022
1098.800000  2.157982e-022
1099.000000  2.159947e-022
1099.200000  2.111691e-022
1099.400000  2.146726e-022
1099.600000  2.140294e-022
1099.800000  1.996760e-022
1100.000000  1.990176e-022
1100.200000  2.206599e-022
1100.400000  2.191774e-022
1100.600000  1.953491e-022
1100.800000  1.996620e-022
1101.000000  1.775002e-022
1101.200000  1.958419e-022
1101.400000  1.914706e-022
1101.600000  1.941025e-022
1101.800000  1.967390e-022
1102.000000  2.005912e-022
1102.200000  1.784696e-022
1102.400000  1.724440e-022
1102.600000  1.812629e-022
1102.800000  1.806170e-022
1103.000000  1.543815e-022
1103.200000  1.751812e-022
1103.400000  1.843996e-022
1103.600000  1.705382e-022
1103.800000  1.706928e-022
1104.000000  1.783022e-022
1104.200000  1.883309e-022
1104.400000  1.695249e-022
1104.600000  1.758872e-022
1104.800000  1.830785e-022
1105.000000  1.618017e-022
1105.200000  1.508075e-022
1105.400000  1.604959e-022
1105.600000  1.606412e-022
1105.800000  1.431267e-022
1106.000000  1.539850e-022
1106.200000  1.685245e-022
1106.400000  1.518339e-022
1106.600000  1.523834e-022
1106.800000  1.562754e-022
1107.000000  1.453089e-022
1107.200000  1.516811e-022
1107.400000  1.608775e-022
1107.600000  1.454547e-022
1107.800000  1.521754e-022
1108.000000  1.531839e-022
1108.200000  1.343904e-022
1108.400000  1.407865e-022
1108.600000  1.240688e-022
1108.800000  1.591495e-022
1109.000000  1.342929e-022
1109.200000  1.426298e-022
1109.400000  1.374989e-022
1109.600000  1.347401e-022
1109.800000  1.427651e-022
1110.000000  1.256494e-022
1110.200000  1.257627e-022
1110.400000  1.128355e-022
1110.600000  1.388317e-022
1110.800000  1.513066e-022
1111.000000  1.275618e-022
1111.200000  1.203965e-022
1111.400000  1.349099e-022
1111.600000  1.271900e-022
1111.800000  1.233380e-022
1112.000000  1.452416e-022
1112.200000  1.255891e-022
1112.400000  1.204980e-022
1112.600000  1.399593e-022
1112.800000  1.190617e-022
1113.000000  1.195930e-022
1113.200000  1.202525e-022
1113.400000  1.199356e-022
1113.600000  1.179589e-022
1113.800000  1.145310e-022
1114.000000  1.422483e-022
1114.200000  1.242058e-022
1114.400000  1.149679e-022
1114.600000  1.039614e-022
1114.800000  1.102133e-022
1115.000000  1.206714e-022
1115.200000  9.901446e-023
1115.400000  1.218314e-022
1115.600000  1.227562e-022
1115.800000  1.069280e-022
1116.000000  1.065939e-022
1116.200000  1.133172e-022
1116.400000  1.263415e-022
1116.600000  1.058029e-022
1116.800000  1.050778e-022
1117.000000  9.441716e-023
1117.200000  1.066927e-022
1117.400000  1.166969e-022
1117.600000  9.817895e-023
1117.800000  8.812372e-023
1118.000000  9.523102e-023
1118.200000  7.833735e-023
1118.400000  9.018593e-023
1118.600000  8.530737e-023
1118.800000  9.618180e-023
1119.000000  9.169192e-023
1119.200000  1.035946e-022
1119.400000  9.495562e-023
1119.600000  9.879840e-023
1119.800000  9.906162e-023
1120.000000  9.665494e-023
1120.200000  6.686014e-023
1120.400000  6.941947e-023
1120.600000  7.760152e-023
1120.800000  8.724785e-023
1121.000000  9.189867e-023
1121.200000  8.445499e-023
1121.400000  7.479548e-023
1121.600000  6.322285e-023
1121.800000  9.531600e-023
1122.000000  9.434099e-023
1122.200000  9.071176e-023
1122.400000  9.411106e-023
1122.600000  7.754365e-023
1122.800000  7.783437e-023
1123.000000  7.164835e-023
1123.200000  6.296462e-023
1123.400000  8.639791e-023
1123.600000  8.127034e-023
1123.800000  7.631165e-023
1124.000000  7.972174e-023
1124.200000  6.601073e-023
1124.400000  7.928336e-023
1124.600000  6.639633e-023
1124.800000  8.107916e-023
1125.000000  7.363146e-023
1125.200000  6.433361e-023
1125.400000  7.734968e-023
1125.600000  7.450122e-023
1125.800000  6.661657e-023
1126.000000  8.155754e-023
1126.200000  6.111000e-023
1126.400000  6.873100e-023
1126.600000  5.242801e-023
1126.800000  4.439357e-023
1127.000000  4.525038e-023
1127.200000  7.552944e-023
1127.400000  5.487643e-023
1127.600000  5.243470e-023
1127.800000  5.918866e-023
1128.000000  5.797106e-023
1128.200000  7.382202e-023
1128.400000  4.998538e-023
1128.600000  6.135459e-023
1128.800000  6.099928e-023
1129.000000  5.836517e-023
1129.200000  6.808462e-023
1129.400000  6.860137e-023
1129.600000  4.421695e-023
1129.800000  4.415552e-023
1130.000000  4.841866e-023
1130.200000  4.589645e-023
1130.400000  5.693997e-023
1130.600000  3.957664e-023
1130.800000  6.530756e-023
1131.000000  6.118232e-023
1131.200000  2.828562e-023
1131.400000  4.766023e-023
1131.600000  6.245093e-023
1131.800000  6.421294e-023
1132.000000  6.029901e-023
1132.200000  4.898426e-023
1132.400000  5.578038e-023
1132.600000  4.016865e-023
1132.800000  5.022621e-023
1133.000000  4.564233e-023
1133.200000  3.975995e-023
1133.400000  4.233624e-023
1133.600000  4.863689e-023
1133.800000  4.909866e-023
1134.000000  4.825696e-023
1134.200000  4.620157e-023
1134.400000  2.708746e-023
1134.600000  6.865404e-023
1134.800000  3.604009e-023
1135.000000  4.074109e-023
1135.200000  6.780557e-023
1135.400000  3.860074e-023
1135.600000  3.820788e-023
1135.800000  4.376766e-023
1136.000000  5.263136e-023
1136.200000  5.818064e-023
1136.400000  5.441879e-023
1136.600000  5.446669e-023
1136.800000  3.441118e-023
1137.000000  4.124291e-023
1137.200000  2.979018e-023
1137.400000  4.674827e-023
1137.600000  2.764677e-023
1137.800000  4.597795e-023
1138.000000  4.303644e-023
1138.200000  3.021083e-023
1138.400000  2.171753e-023
1138.600000  2.216441e-023
1138.800000  3.754086e-023
1139.000000  2.513176e-023
1139.200000  3.922721e-023
1139.400000  4.608748e-023
1139.600000  3.545292e-023
1139.800000  3.241634e-023
1140.000000  3.500345e-023
1140.200000  3.076439e-023
1140.400000  2.950741e-023
1140.600000  3.209870e-023
1140.800000  3.769890e-023
1141.000000  4.287657e-023
1141.200000  4.205357e-023
1141.400000  2.963701e-023
1141.600000  1.762730e-023
1141.800000  3.528067e-023
1142.000000  1.550159e-023
1142.200000  1.594976e-023
1142.400000  8.196939e-024
1142.600000  4.102058e-023
1142.800000  1.339662e-023
1143.000000  3.892636e-023
1143.200000  2.077760e-023
1143.400000  2.773257e-023
1143.600000  2.688715e-023
1143.800000  3.385473e-023
1144.000000  3.432237e-023
1144.200000  4.087018e-023
1144.400000  3.481634e-023
1144.600000  2.090514e-023
1144.800000  2.316032e-023
1145.000000  4.242110e-023
1145.200000  5.690118e-024
1145.400000  4.118289e-023
1145.600000  2.236405e-023
1145.800000  2.545439e-023
1146.000000  2.196124e-023
1146.200000  2.945464e-023
1146.400000  3.520033e-023
1146.600000  1.981839e-023
1146.800000  2.115609e-023
1147.000000  1.676606e-023
1147.200000  1.766413e-023
1147.400000  3.358568e-023
1147.600000  1.769495e-023
1147.800000  2.833462e-023
1148.000000  3.677895e-023
1148.200000  2.306016e-023
1148.400000  0.000000e+000
1148.600000  3.687516e-023
1148.800000  2.756863e-023
1149.000000  2.714495e-023
1149.200000  2.761666e-023
1149.400000  2.496483e-023
1149.600000  1.427874e-023
1149.800000  1.656238e-023
1150.000000  9.857146e-024
