800.000000  -4.871586e-023
800.200000  -5.174834e-023
800.400000  -9.793526e-024
800.600000  -1.523802e-023
800.800000  -4.577237e-023
801.000000  -1.328906e-023
801.200000  1.008154e-023
801.400000  -2.088365e-023
801.600000  -3.978141e-023
801.800000  -4.335662e-024
802.000000  -5.341354e-024
802.200000  -4.248298e-023
802.400000  -4.308742e-023
802.600000  -1.038587e-023
802.800000  -2.690522e-023
803.000000  -5.811615e-023
803.200000  -3.708667e-023
803.400000  -1.213522e-023
803.600000  -3.618053e-023
803.800000  -4.402591e-023
804.000000  -1.897774e-023
804.200000  -1.272297e-023
804.400000  -4.100207e-023
804.600000  -1.839157e-023
804.800000  1.331625e-023
805.000000  -9.408846e-024
805.200000  -4.282033e-023
805.400000  -1.507098e-023
805.600000  3.883817e-024
805.800000  -9.413343e-024
806.000000  -2.017058e-023
806.200000  3.392331e-023
806.400000  3.279109e-023
806.600000  1.699427e-024
806.800000  4.449555e-024
807.000000  1.725465e-023
807.200000  5.589856e-024
807.400000  -3.500044e-023
807.600000  -7.844461e-024
807.800000  5.015611e-024
808.000000  -3.380574e-023
808.200000  -5.999373e-023
808.400000  -3.380799e-023
808.600000  -3.380912e-023
808.800000  -3.892294e-023
809.000000  -2.446699e-023
809.200000  -1.635963e-024
809.400000  -1.333628e-023
809.600000  -1.627019e-023
809.800000  1.714233e-023
810.000000  1.492647e-023
810.200000  -2.352360e-023
810.400000  -3.742361e-023
810.600000  -1.392793e-023
810.800000  2.248844e-024
811.000000  -1.393018e-023
811.200000  1.328027e-023
811.400000  3.610107e-023
811.600000  1.164658e-023
811.800000  -5.373679e-026
812.000000  4.223419e-023
812.200000  5.001180e-023
812.400000  3.109675e-023
812.600000  2.104422e-023
812.800000  5.898566e-023
813.000000  3.997997e-023
813.200000  1.440181e-023
813.400000  3.668033e-023
813.600000  6.073522e-023
813.800000  3.390877e-023
814.000000  5.822704e-024
814.200000  7.156798e-023
814.400000  5.400414e-023
814.600000  2.110914e-024
814.800000  -1.238180e-023
815.000000  2.773969e-023
815.200000  1.828733e-023
815.400000  7.636852e-024
815.600000  2.271528e-023
815.800000  5.279949e-023
816.000000  2.273590e-023
816.200000  -1.395941e-023
816.400000  2.662154e-023
816.600000  3.603398e-023
816.800000  1.760279e-024
817.000000  1.663643e-023
817.200000  4.268294e-023
817.400000  3.380477e-023
817.600000  7.806863e-024
817.800000  1.887525e-023
818.000000  3.602611e-023
818.200000  1.775292e-023
818.400000  -2.724198e-023
818.600000  -3.853587e-024
818.800000  -9.896959e-024
819.000000  -3.267288e-023
819.200000  -2.452433e-023
819.400000  4.950402e-024
819.600000  -6.016515e-024
819.800000  -2.759224e-023
820.000000  -1.320948e-023
820.200000  1.610843e-023
820.400000  -6.021012e-024
820.600000  -3.289125e-024
820.800000  5.652770e-023
821.000000  5.254339e-023
821.200000  1.061305e-023
821.400000  2.161399e-023
821.600000  4.482572e-023
821.800000  -2.583619e-024
822.000000  -4.676495e-023
822.200000  5.606045e-024
822.400000  1.888933e-023
822.600000  2.935655e-023
822.800000  1.716584e-023
823.000000  3.768295e-023
823.200000  1.158137e-023
823.400000  -1.009421e-023
823.600000  2.545747e-023
823.800000  6.564159e-023
824.000000  4.107198e-023
824.200000  -7.516936e-024
824.400000  2.880416e-023
824.600000  4.831656e-023
824.800000  2.322462e-023
825.000000  2.656812e-023
825.200000  5.155738e-023
825.400000  6.036918e-023
825.600000  2.878727e-023
825.800000  2.933856e-023
826.000000  5.636808e-023
826.200000  5.080226e-023
826.400000  8.324266e-024
826.600000  5.369712e-023
826.800000  6.965962e-023
827.000000  3.597552e-023
827.200000  3.210121e-023
827.400000  4.649587e-023
827.600000  1.494403e-023
827.800000  -7.796147e-024
828.000000  -7.218614e-024
828.200000  5.004102e-024
828.400000  -1.636078e-023
828.600000  -3.962748e-023
828.800000  3.401474e-024
829.000000  2.376517e-024
829.200000  -1.365585e-023
829.400000  -1.636641e-023
829.600000  2.381061e-023
829.800000  1.777743e-023
830.000000  -2.235616e-023
830.200000  1.007827e-023
830.400000  2.765312e-023
830.600000  1.392592e-023
830.800000  6.609271e-025
831.000000  3.922556e-023
831.200000  4.300784e-023
831.400000  -6.923797e-024
831.600000  -2.024904e-023
831.800000  9.989761e-024
832.000000  -1.309223e-023
832.200000  -3.635893e-023
832.400000  -6.665504e-024
832.600000  3.205083e-023
832.800000  -5.787604e-024
833.000000  -2.448190e-023
833.200000  1.558363e-023
833.400000  2.490451e-023
833.600000  -8.904147e-024
833.800000  -4.083086e-024
834.000000  2.708560e-023
834.200000  -2.469720e-025
834.400000  -2.483891e-023
834.600000  2.379976e-023
834.800000  5.658805e-023
835.000000  4.345283e-023
835.200000  4.558480e-023
835.400000  6.559624e-023
835.600000  4.814117e-023
835.800000  1.255718e-023
836.000000  3.619991e-023
836.200000  7.285901e-023
836.400000  4.244515e-023
836.600000  1.227492e-023
836.800000  2.867624e-023
837.000000  3.290601e-023
837.200000  -1.114429e-023
837.400000  -7.012656e-024
837.600000  2.334762e-023
837.800000  1.857233e-023
838.000000  -2.462030e-023
838.200000  -1.619412e-023
838.400000  2.439970e-023
838.600000  -1.750237e-024
838.800000  -1.261964e-023
839.000000  3.298817e-023
839.200000  5.241423e-023
839.400000  2.814180e-023
839.600000  2.814307e-023
839.800000  7.865528e-023
840.000000  6.986524e-023
840.200000  4.441647e-023
840.400000  7.537783e-023
840.600000  9.376081e-023
840.800000  6.059472e-023
841.000000  2.705112e-023
841.200000  6.021860e-023
841.400000  5.303634e-023
841.600000  2.813183e-023
841.800000  2.758904e-023
842.000000  5.576819e-023
842.200000  2.758679e-023
842.400000  -1.072717e-023
842.600000  9.215360e-024
842.800000  3.837174e-023
843.000000  1.141852e-023
843.200000  1.086718e-023
843.400000  4.485229e-023
843.600000  5.615450e-023
843.800000  1.896347e-023
844.000000  2.488115e-023
844.200000  8.417606e-023
844.400000  7.270506e-023
844.600000  2.757330e-023
844.800000  4.101159e-023
845.000000  7.543577e-023
845.200000  7.066900e-023
845.400000  6.811274e-023
845.600000  1.032307e-022
845.800000  1.112175e-022
846.000000  7.015487e-023
846.200000  7.990741e-023
846.400000  1.071135e-022
846.600000  7.844531e-023
846.800000  4.580694e-023
847.000000  5.549185e-023
847.200000  5.433498e-023
847.400000  3.130056e-023
847.600000  2.969965e-023
847.800000  6.723412e-023
848.000000  7.420125e-023
848.200000  5.110880e-023
848.400000  4.362441e-023
848.600000  7.570812e-023
848.800000  5.960420e-023
849.000000  4.145477e-023
849.200000  6.399758e-023
849.400000  9.882070e-023
849.600000  9.136354e-023
849.800000  6.552481e-023
850.000000  1.039925e-022
850.200000  9.801853e-023
850.400000  4.882597e-023
850.600000  6.586115e-023
850.800000  7.107848e-023
851.000000  3.070608e-023
851.200000  2.692448e-024
851.400000  3.387455e-023
851.600000  7.069813e-023
851.800000  4.649260e-023
852.000000  4.975427e-023
852.200000  1.010741e-022
852.400000  1.189590e-022
852.600000  8.412884e-023
852.800000  8.829687e-023
853.000000  9.342385e-023
853.200000  6.651802e-023
853.400000  5.230875e-023
853.600000  8.191740e-023
853.800000  9.564031e-023
854.000000  5.649428e-023
854.200000  3.911420e-023
854.400000  6.950446e-023
854.600000  7.247271e-023
854.800000  6.203078e-023
855.000000  8.605598e-023
855.200000  1.046833e-022
855.400000  8.218007e-023
855.600000  7.590162e-023
855.800000  9.208668e-023
856.000000  9.037937e-023
856.200000  6.534560e-023
856.400000  4.673150e-023
856.600000  8.771997e-023
856.800000  8.026435e-023
857.000000  7.305380e-023
857.200000  1.084152e-022
857.400000  1.497131e-022
857.600000  1.228015e-022
857.800000  1.065452e-022
858.000000  1.362711e-022
858.200000  1.362700e-022
858.400000  1.096872e-022
858.600000  1.295067e-022
858.800000  1.601422e-022
859.000000  1.214249e-022
859.200000  8.553484e-023
859.400000  1.021332e-022
859.600000  1.313176e-022
859.800000  1.046091e-022
860.000000  8.313079e-023
860.200000  1.268608e-022
860.400000  1.202330e-022
860.600000  8.218576e-023
860.800000  8.526942e-023
861.000000  1.184874e-022
861.200000  9.593492e-023
861.400000  6.986064e-023
861.600000  9.639887e-023
861.800000  1.088653e-022
862.000000  7.581138e-023
862.200000  7.245189e-023
862.400000  1.193829e-022
862.600000  1.132029e-022
862.800000  8.881656e-023
863.000000  1.153821e-022
863.200000  1.649574e-022
863.400000  1.631182e-022
863.600000  1.512464e-022
863.800000  1.934090e-022
864.000000  2.340611e-022
864.200000  2.078928e-022
864.400000  1.773985e-022
864.600000  1.954200e-022
864.800000  1.709850e-022
865.000000  1.146401e-022
865.200000  9.534371e-023
865.400000  1.295720e-022
865.600000  1.247760e-022
865.800000  1.063536e-022
866.000000  1.615588e-022
866.200000  1.781929e-022
866.400000  1.562536e-022
866.600000  1.404980e-022
866.800000  1.601618e-022
867.000000  1.583565e-022
867.200000  1.260905e-022
867.400000  1.409255e-022
867.600000  1.710197e-022
867.800000  1.518120e-022
868.000000  1.330598e-022
868.200000  1.505350e-022
868.400000  1.321853e-022
868.600000  9.688405e-023
868.800000  9.245914e-023
869.000000  1.173870e-022
869.200000  1.074881e-022
869.400000  9.705108e-023
869.600000  1.191598e-022
869.800000  1.538158e-022
870.000000  1.287271e-022
870.200000  1.122954e-022
870.400000  1.451415e-022
870.600000  1.524585e-022
870.800000  1.214157e-022
871.000000  1.175234e-022
871.200000  1.541275e-022
871.400000  1.515273e-022
871.600000  1.433842e-022
871.800000  1.563119e-022
872.000000  1.821621e-022
872.200000  1.545386e-022
872.400000  1.420612e-022
872.600000  1.708624e-022
872.800000  1.736913e-022
873.000000  1.407467e-022
873.200000  1.433267e-022
873.400000  1.710850e-022
873.600000  1.535039e-022
873.800000  1.249233e-022
874.000000  1.654836e-022
874.200000  1.922675e-022
874.400000  1.593640e-022
874.600000  1.603053e-022
874.800000  1.990397e-022
875.000000  1.830358e-022
875.200000  1.410450e-022
875.400000  1.584223e-022
875.600000  1.945864e-022
875.800000  1.766752e-022
876.000000  1.461942e-022
876.200000  1.585359e-022
876.400000  1.724951e-022
876.600000  1.635519e-022
876.800000  1.720926e-022
877.000000  2.129271e-022
877.200000  2.147970e-022
877.400000  2.151687e-022
877.600000  2.234054e-022
877.800000  2.368486e-022
878.000000  2.084388e-022
878.200000  1.867815e-022
878.400000  2.446173e-022
878.600000  2.743051e-022
878.800000  2.504099e-022
879.000000  2.303998e-022
879.200000  2.782930e-022
879.400000  2.733183e-022
879.600000  2.407655e-022
879.800000  2.523427e-022
880.000000  2.829569e-022
880.200000  2.649828e-022
880.400000  2.512932e-022
880.600000  3.009898e-022
880.800000  3.215444e-022
881.000000  2.952908e-022
881.200000  2.970114e-022
881.400000  3.127326e-022
881.600000  2.989346e-022
881.800000  2.809610e-022
882.000000  3.175346e-022
882.200000  3.665746e-022
882.400000  3.544425e-022
882.600000  3.169865e-022
882.800000  3.511237e-022
883.000000  3.555813e-022
883.200000  3.248430e-022
883.400000  3.359970e-022
883.600000  3.930215e-022
883.800000  4.120229e-022
884.000000  3.990955e-022
884.200000  4.267690e-022
884.400000  4.335934e-022
884.600000  3.693345e-022
884.800000  3.212162e-022
885.000000  3.311517e-022
885.200000  3.068167e-022
885.400000  2.673250e-022
885.600000  2.696308e-022
885.800000  3.248284e-022
886.000000  3.380547e-022
886.200000  3.305454e-022
886.400000  3.742739e-022
886.600000  4.089663e-022
886.800000  3.940488e-022
887.000000  3.998523e-022
887.200000  4.523782e-022
887.400000  4.352300e-022
887.600000  4.006198e-022
887.800000  4.097142e-022
888.000000  4.532744e-022
888.200000  4.534977e-022
888.400000  4.218634e-022
888.600000  4.714058e-022
888.800000  4.943086e-022
889.000000  4.818537e-022
889.200000  4.685535e-022
889.400000  4.945044e-022
889.600000  4.700531e-022
889.800000  4.324143e-022
890.000000  4.441134e-022
890.200000  4.785792e-022
890.400000  4.354482e-022
890.600000  3.846819e-022
890.800000  4.129819e-022
891.000000  4.361482e-022
891.200000  4.293710e-022
891.400000  4.342645e-022
891.600000  4.844894e-022
891.800000  4.696130e-022
892.000000  4.293665e-022
892.200000  4.165033e-022
892.400000  4.543692e-022
892.600000  4.235396e-022
892.800000  4.005906e-022
893.000000  4.469163e-022
893.200000  4.696051e-022
893.400000  4.419732e-022
893.600000  4.565191e-022
893.800000  5.188626e-022
894.000000  5.504180e-022
894.200000  5.461528e-022
894.400000  5.863564e-022
894.600000  6.054406e-022
894.800000  5.480821e-022
895.000000  5.121932e-022
895.200000  5.345672e-022
895.400000  5.641653e-022
895.600000  5.546447e-022
895.800000  5.294047e-022
896.000000  5.213823e-022
896.200000  4.944661e-022
896.400000  4.623932e-022
896.600000  4.994181e-022
896.800000  5.119343e-022
897.000000  4.928614e-022
897.200000  5.075061e-022
897.400000  5.397612e-022
897.600000  5.324111e-022
897.800000  5.358325e-022
898.000000  5.821315e-022
898.200000  6.516275e-022
898.400000  6.266700e-022
898.600000  5.852297e-022
898.800000  5.911575e-022
899.000000  6.038766e-022
899.200000  5.661797e-022
899.400000  5.562509e-022
899.600000  6.132233e-022
899.800000  6.291941e-022
900.000000  6.094584e-022
900.200000  6.281369e-022
900.400000  6.628957e-022
900.600000  6.628946e-022
900.800000  6.531150e-022
901.000000  7.168953e-022
901.200000  7.458507e-022
901.400000  7.235192e-022
901.600000  7.233418e-022
901.800000  7.813637e-022
902.000000  7.877426e-022
902.200000  7.584619e-022
902.400000  7.778511e-022
902.600000  8.201099e-022
902.800000  8.005746e-022
903.000000  7.679263e-022
903.200000  7.874949e-022
903.400000  7.973096e-022
903.600000  7.876229e-022
903.800000  7.744990e-022
904.000000  8.070599e-022
904.200000  8.298773e-022
904.400000  8.168423e-022
904.600000  8.497187e-022
904.800000  9.289875e-022
905.000000  9.421815e-022
905.200000  9.495472e-022
905.400000  9.961187e-022
905.600000  9.751677e-022
905.800000  9.452690e-022
906.000000  9.187893e-022
906.200000  9.651239e-022
906.400000  9.717145e-022
906.600000  9.650263e-022
906.800000  9.984310e-022
907.000000  1.041584e-021
907.200000  1.017856e-021
907.400000  9.853263e-022
907.600000  9.920474e-022
907.800000  9.845666e-022
908.000000  9.416021e-022
908.200000  9.452555e-022
908.400000  9.912547e-022
908.600000  9.579739e-022
908.800000  8.825311e-022
909.000000  8.790645e-022
909.200000  9.082290e-022
909.400000  8.884559e-022
909.600000  8.788232e-022
909.800000  9.611115e-022
910.000000  1.017067e-021
910.200000  1.007398e-021
910.400000  1.017838e-021
910.600000  1.101269e-021
910.800000  1.149756e-021
911.000000  1.189683e-021
911.200000  1.292059e-021
911.400000  1.429404e-021
911.600000  1.506322e-021
911.800000  1.602630e-021
912.000000  1.754586e-021
912.200000  1.911709e-021
912.400000  2.046825e-021
912.600000  2.227143e-021
912.800000  2.490901e-021
913.000000  2.721179e-021
913.200000  2.988233e-021
913.400000  3.375512e-021
913.600000  3.837720e-021
913.800000  4.415859e-021
914.000000  4.849533e-021
914.200000  5.310600e-021
914.400000  5.560474e-021
914.600000  5.467478e-021
914.800000  5.282289e-021
915.000000  5.196318e-021
915.200000  5.160753e-021
915.400000  5.256356e-021
915.600000  5.641097e-021
915.800000  6.273683e-021
916.000000  6.767028e-021
916.200000  7.244862e-021
916.400000  7.624147e-021
916.600000  7.537232e-021
916.800000  6.926934e-021
917.000000  6.175502e-021
917.200000  5.472510e-021
917.400000  4.808259e-021
917.600000  4.080255e-021
917.800000  3.541414e-021
918.000000  3.030280e-021
918.200000  2.543483e-021
918.400000  2.250752e-021
918.600000  2.205476e-021
918.800000  2.287159e-021
919.000000  2.427967e-021
919.200000  2.641922e-021
919.400000  2.855515e-021
919.600000  3.009650e-021
919.800000  3.159437e-021
920.000000  3.306664e-021
920.200000  3.239564e-021
920.400000  2.853950e-021
920.600000  2.355733e-021
920.800000  1.932768e-021
921.000000  1.579416e-021
921.200000  1.351470e-021
921.400000  1.292491e-021
921.600000  1.315489e-021
921.800000  1.384418e-021
922.000000  1.537748e-021
922.200000  1.744927e-021
922.400000  1.878870e-021
922.600000  1.848508e-021
922.800000  1.794711e-021
923.000000  1.794545e-021
923.200000  1.763320e-021
923.400000  1.750006e-021
923.600000  1.802216e-021
923.800000  1.872338e-021
924.000000  1.894865e-021
924.200000  1.901717e-021
924.400000  1.930698e-021
924.600000  2.010389e-021
924.800000  2.211828e-021
925.000000  2.609548e-021
925.200000  3.074001e-021
925.400000  3.484068e-021
925.600000  3.822091e-021
925.800000  4.162188e-021
926.000000  4.413612e-021
926.200000  4.374802e-021
926.400000  4.277922e-021
926.600000  4.399494e-021
926.800000  4.600901e-021
927.000000  4.687633e-021
927.200000  4.624641e-021
927.400000  4.468167e-021
927.600000  4.196780e-021
927.800000  3.955044e-021
928.000000  3.985776e-021
928.200000  4.213090e-021
928.400000  4.254245e-021
928.600000  4.262923e-021
928.800000  4.387518e-021
929.000000  4.570505e-021
929.200000  4.787692e-021
929.400000  5.106273e-021
929.600000  5.410556e-021
929.800000  5.422726e-021
930.000000  5.404996e-021
930.200000  5.654512e-021
930.400000  6.170975e-021
930.600000  6.386168e-021
930.800000  6.310339e-021
931.000000  5.925886e-021
931.200000  5.358193e-021
931.400000  4.801016e-021
931.600000  4.576555e-021
931.800000  4.546643e-021
932.000000  4.372501e-021
932.200000  4.102525e-021
932.400000  3.856802e-021
932.600000  3.839254e-021
932.800000  3.987672e-021
933.000000  4.216190e-021
933.200000  4.368600e-021
933.400000  4.228541e-021
933.600000  3.983516e-021
933.800000  4.152093e-021
934.000000  4.651699e-021
934.200000  5.076584e-021
934.400000  5.289783e-021
934.600000  5.380753e-021
934.800000  5.363182e-021
935.000000  5.258748e-021
935.200000  5.266779e-021
935.400000  5.412400e-021
935.600000  5.424193e-021
935.800000  5.401610e-021
936.000000  5.874726e-021
936.200000  7.397250e-021
936.400000  9.267927e-021
936.600000  1.083427e-020
936.800000  1.131205e-020
937.000000  1.069410e-020
937.200000  9.851019e-021
937.400000  9.341790e-021
937.600000  8.977064e-021
937.800000  8.179898e-021
938.000000  7.179498e-021
938.200000  6.617352e-021
938.400000  6.503336e-021
938.600000  6.423822e-021
938.800000  6.437757e-021
939.000000  6.937069e-021
939.200000  7.602163e-021
939.400000  8.206667e-021
939.600000  8.891277e-021
939.800000  9.801381e-021
940.000000  1.075496e-020
940.200000  1.151992e-020
940.400000  1.204858e-020
940.600000  1.228605e-020
940.800000  1.238126e-020
941.000000  1.299196e-020
941.200000  1.419972e-020
941.400000  1.536293e-020
941.600000  1.570599e-020
941.800000  1.526370e-020
942.000000  1.406875e-020
942.200000  1.211243e-020
942.400000  1.006308e-020
942.600000  8.574667e-021
942.800000  7.742341e-021
943.000000  6.852068e-021
943.200000  5.694667e-021
943.400000  4.780293e-021
943.600000  3.970409e-021
943.800000  3.722920e-021
944.000000  3.870202e-021
944.200000  4.204779e-021
944.400000  4.147318e-021
944.600000  3.698285e-021
944.800000  3.382195e-021
945.000000  3.064544e-021
945.200000  2.816085e-021
945.400000  2.713563e-021
945.600000  2.711129e-021
945.800000  2.552403e-021
946.000000  2.161745e-021
946.200000  1.751742e-021
946.400000  1.454060e-021
946.600000  1.223300e-021
946.800000  1.112445e-021
947.000000  1.089647e-021
947.200000  1.075816e-021
947.400000  1.022268e-021
947.600000  1.010507e-021
947.800000  1.116233e-021
948.000000  1.236275e-021
948.200000  1.330062e-021
948.400000  1.390318e-021
948.600000  1.386685e-021
948.800000  1.254498e-021
949.000000  1.134060e-021
949.200000  1.103602e-021
949.400000  1.086908e-021
949.600000  1.039673e-021
949.800000  1.040497e-021
950.000000  1.120218e-021
950.200000  1.158832e-021
950.400000  1.143278e-021
950.600000  1.124044e-021
950.800000  1.102537e-021
951.000000  1.083672e-021
951.200000  1.120775e-021
951.400000  1.227857e-021
951.600000  1.253392e-021
951.800000  1.144919e-021
952.000000  1.000592e-021
952.200000  8.807751e-022
952.400000  7.324014e-022
952.600000  5.966711e-022
952.800000  5.708424e-022
953.000000  5.841656e-022
953.200000  5.521707e-022
953.400000  5.249634e-022
953.600000  5.652050e-022
953.800000  5.810153e-022
954.000000  5.524692e-022
954.200000  5.483798e-022
954.400000  6.129996e-022
954.600000  6.101069e-022
954.800000  6.443149e-022
955.000000  7.593922e-022
955.200000  8.693061e-022
955.400000  1.026994e-021
955.600000  1.061936e-021
955.800000  9.828296e-022
956.000000  8.268216e-022
956.200000  6.324265e-022
956.400000  5.053975e-022
956.600000  4.857883e-022
956.800000  5.476158e-022
957.000000  5.841653e-022
957.200000  6.221229e-022
957.400000  7.138350e-022
957.600000  8.088606e-022
957.800000  8.449516e-022
958.000000  9.114371e-022
958.200000  9.539388e-022
958.400000  9.762183e-022
958.600000  9.576052e-022
958.800000  9.840698e-022
959.000000  1.008943e-021
959.200000  9.603307e-022
959.400000  8.658927e-022
959.600000  7.851439e-022
959.800000  7.084201e-022
960.000000  6.007059e-022
960.200000  5.185621e-022
960.400000  4.499143e-022
960.600000  3.858084e-022
960.800000  3.071343e-022
961.000000  2.754082e-022
961.200000  2.804511e-022
961.400000  2.237779e-022
961.600000  1.686090e-022
961.800000  1.616569e-022
962.000000  1.569131e-022
962.200000  1.055310e-022
962.400000  7.783269e-023
962.600000  7.644639e-023
962.800000  6.808196e-023
963.000000  2.563000e-023
963.200000  2.561701e-023
963.400000  4.051383e-023
963.600000  2.860731e-023
963.800000  3.029254e-023
964.000000  5.146793e-023
964.200000  6.438420e-023
964.400000  3.455897e-023
964.600000  3.878323e-023
964.800000  6.383200e-023
965.000000  6.911403e-023
965.200000  4.388937e-023
965.400000  6.302321e-023
965.600000  7.327693e-023
965.800000  4.056438e-023
966.000000  3.925044e-023
966.010000  1.541859e-024
966.020000  2.524003e-023
966.030000  4.099525e-023
966.040000  3.668153e-023
966.050000  2.169061e-023
966.060000  1.873149e-023
966.070000  1.843967e-023
966.080000  3.683277e-023
966.090000  5.528464e-023
966.100000  6.035133e-023
966.110000  3.460808e-023
966.120000  3.297727e-023
966.130000  3.935958e-023
966.140000  6.451026e-023
966.150000  7.899381e-023
966.160000  8.003281e-023
966.170000  6.360081e-023
966.180000  7.269542e-023
966.190000  6.567774e-023
966.200000  9.227026e-023
966.210000  9.903168e-023
966.220000  1.017494e-022
966.230000  8.691627e-023
966.240000  7.884486e-023
966.250000  8.020164e-023
966.260000  7.617185e-023
966.270000  7.348881e-023
966.280000  5.066301e-023
966.290000  4.129032e-023
966.300000  3.326605e-023
966.310000  5.201246e-023
966.320000  6.276250e-023
966.330000  6.949846e-023
966.340000  9.923195e-023
966.350000  9.653721e-023
966.360000  6.952132e-023
966.370000  3.861092e-023
966.380000  5.203364e-023
966.390000  4.934851e-023
966.400000  3.056818e-023
966.410000  3.146021e-023
966.420000  5.114506e-023
966.430000  8.036876e-023
966.440000  1.315797e-022
966.450000  1.667801e-022
966.460000  1.320513e-022
966.470000  8.670086e-023
966.480000  8.625328e-023
966.490000  7.362744e-023
966.500000  6.103044e-023
966.510000  6.462932e-023
966.520000  4.263667e-023
966.530000  2.608947e-023
966.540000  3.905432e-023
966.550000  6.418770e-023
966.560000  7.996245e-023
966.570000  8.357822e-023
966.580000  6.959709e-023
966.590000  6.104632e-023
966.600000  3.905336e-023
966.610000  3.174390e-023
966.620000  4.189032e-023
966.630000  5.474772e-023
966.640000  3.935227e-023
966.650000  2.668575e-023
966.660000  1.271830e-023
966.670000  3.085744e-023
966.680000  4.636686e-023
966.690000  4.308191e-023
966.700000  5.189200e-023
966.710000  3.116033e-023
966.720000  3.056638e-023
966.730000  4.472081e-023
966.740000  5.083949e-023
966.750000  7.043634e-023
966.760000  6.309345e-023
966.770000  6.788062e-023
966.780000  8.347455e-023
966.790000  9.233692e-023
966.800000  1.012121e-022
966.810000  9.803842e-023
966.820000  6.920568e-023
966.830000  4.322402e-023
966.840000  4.143711e-023
966.850000  5.037317e-023
966.860000  7.142957e-023
966.870000  7.366901e-023
966.880000  6.917499e-023
966.890000  8.489279e-023
966.900000  8.443511e-023
966.910000  8.397763e-023
966.920000  9.026820e-023
966.930000  8.845942e-023
966.940000  8.395454e-023
966.950000  6.600377e-023
966.960000  6.018224e-023
966.970000  6.912908e-023
966.980000  8.751806e-023
966.990000  9.785555e-023
967.000000  8.795075e-023
967.010000  7.973118e-023
967.020000  7.017577e-023
967.030000  9.024135e-023
967.040000  1.144656e-022
967.050000  1.129797e-022
967.060000  9.794595e-023
967.070000  9.240196e-023
967.080000  9.497208e-023
967.090000  1.002538e-022
967.100000  1.123311e-022
967.110000  1.244441e-022
967.120000  1.229552e-022
967.130000  1.078645e-022
967.140000  9.010058e-023
967.150000  8.725655e-023
967.160000  8.576594e-023
967.170000  6.940610e-023
967.180000  6.117032e-023
967.190000  4.890596e-023
967.200000  2.995657e-023
967.210000  3.815547e-023
967.220000  6.927958e-023
967.230000  6.807813e-023
967.240000  7.363200e-023
967.250000  6.297749e-023
967.260000  6.312666e-023
967.270000  7.407951e-023
967.280000  9.183341e-023
967.290000  1.001283e-022
967.300000  7.452699e-023
967.310000  5.578462e-023
967.320000  5.728085e-023
967.330000  7.362271e-023
967.340000  9.951548e-023
967.350000  1.010231e-022
967.360000  9.574035e-023
967.370000  8.639746e-023
967.380000  7.977732e-023
967.390000  1.097783e-022
967.400000  1.331145e-022
967.410000  1.294625e-022
967.420000  1.189939e-022
967.430000  1.031109e-022
967.440000  1.076359e-022
967.450000  1.421910e-022
967.460000  1.866303e-022
967.470000  2.078295e-022
967.480000  1.902867e-022
967.490000  1.480879e-022
967.500000  1.444267e-022
967.510000  1.558364e-022
967.520000  1.741478e-022
967.530000  1.690914e-022
967.540000  1.571772e-022
967.550000  1.658615e-022
967.560000  1.897198e-022
967.570000  2.067571e-022
967.580000  2.113598e-022
967.590000  1.993486e-022
967.600000  1.846099e-022
967.610000  1.856907e-022
967.620000  1.936723e-022
967.630000  2.016674e-022
967.640000  2.430370e-022
967.650000  2.483204e-022
967.660000  2.201762e-022
967.670000  2.101678e-022
967.680000  2.015611e-022
967.690000  2.054157e-022
967.700000  2.328884e-022
967.710000  2.367690e-022
967.720000  2.281171e-022
967.730000  2.097656e-022
967.740000  2.261299e-022
967.750000  2.649228e-022
967.760000  2.941400e-022
967.770000  2.980722e-022
967.780000  2.935437e-022
967.790000  3.031218e-022
967.800000  3.283077e-022
967.810000  3.555801e-022
967.820000  3.858825e-022
967.830000  3.904364e-022
967.840000  4.050812e-022
967.850000  4.212217e-022
967.860000  4.475940e-022
967.870000  4.711908e-022
967.880000  4.846354e-022
967.890000  4.790441e-022
967.900000  4.676057e-022
967.910000  4.605660e-022
967.920000  4.857210e-022
967.930000  5.346715e-022
967.940000  5.766386e-022
967.950000  6.009149e-022
967.960000  6.087386e-022
967.970000  6.241208e-022
967.980000  6.516875e-022
967.990000  6.885852e-022
968.000000  7.226869e-022
968.010000  7.567782e-022
968.020000  7.926359e-022
968.030000  8.255824e-022
968.040000  8.919981e-022
968.050000  9.899297e-022
968.060000  1.094662e-021
968.070000  1.164526e-021
968.080000  1.218361e-021
968.090000  1.231864e-021
968.100000  1.294933e-021
968.110000  1.402372e-021
968.120000  1.501314e-021
968.130000  1.578523e-021
968.140000  1.618369e-021
968.150000  1.676934e-021
968.160000  1.790581e-021
968.170000  1.926069e-021
968.180000  2.037363e-021
968.190000  2.108747e-021
968.200000  2.256920e-021
968.210000  2.383212e-021
968.220000  2.556226e-021
968.230000  2.669944e-021
968.240000  2.809132e-021
968.250000  2.916839e-021
968.260000  3.048439e-021
968.270000  3.166195e-021
968.280000  3.269063e-021
968.290000  3.443695e-021
968.300000  3.584210e-021
968.310000  3.756177e-021
968.320000  3.934056e-021
968.330000  6.632412e-021
968.340000  7.018017e-021
968.350000  7.370231e-021
968.360000  7.695317e-021
968.370000  7.982392e-021
968.380000  8.338955e-021
968.390000  8.526315e-021
968.400000  8.819720e-021
968.410000  9.133600e-021
968.420000  9.454101e-021
968.430000  9.892824e-021
968.440000  1.015740e-020
968.450000  1.042667e-020
968.460000  1.078672e-020
968.470000  1.124400e-020
968.480000  1.154474e-020
968.490000  1.180544e-020
968.500000  1.200059e-020
968.510000  1.224561e-020
968.520000  1.251877e-020
968.530000  1.278466e-020
968.540000  1.305529e-020
968.550000  1.322941e-020
968.560000  1.345678e-020
968.570000  1.367461e-020
968.580000  1.389563e-020
968.590000  1.405308e-020
968.600000  1.423918e-020
968.610000  1.430505e-020
968.620000  1.434399e-020
968.630000  1.441035e-020
968.640000  1.436763e-020
968.650000  1.443410e-020
968.660000  1.437766e-020
968.670000  1.425364e-020
968.680000  1.418436e-020
968.690000  1.404847e-020
968.700000  1.392698e-020
968.710000  1.380642e-020
968.720000  1.363467e-020
968.730000  1.345194e-020
968.740000  1.313224e-020
968.750000  1.293038e-020
968.760000  1.275564e-020
968.770000  1.252221e-020
968.780000  1.229221e-020
968.790000  1.191358e-020
968.800000  1.156671e-020
968.810000  1.127645e-020
968.820000  1.095885e-020
968.830000  1.055171e-020
968.840000  1.021756e-020
968.850000  9.849925e-021
968.860000  9.510869e-021
968.870000  9.169525e-021
968.880000  8.835713e-021
968.890000  8.686981e-021
968.900000  8.409733e-021
968.910000  8.055970e-021
968.920000  7.781102e-021
968.930000  7.380966e-021
968.940000  7.092550e-021
968.950000  6.893015e-021
968.960000  6.572677e-021
968.970000  3.987167e-021
968.980000  3.820378e-021
968.990000  3.688789e-021
969.000000  3.544623e-021
969.010000  3.437465e-021
969.020000  3.289501e-021
969.030000  3.172726e-021
969.040000  3.053753e-021
969.050000  2.904674e-021
969.060000  2.725867e-021
969.070000  2.596930e-021
969.080000  2.479768e-021
969.090000  2.401110e-021
969.100000  2.325738e-021
969.110000  2.196245e-021
969.120000  2.087852e-021
969.130000  1.968082e-021
969.140000  1.898818e-021
969.150000  1.822917e-021
969.160000  1.778033e-021
969.170000  1.714999e-021
969.180000  1.632661e-021
969.190000  1.565999e-021
969.200000  1.501975e-021
969.210000  1.468187e-021
969.220000  1.392681e-021
969.230000  1.282330e-021
969.240000  1.185914e-021
969.250000  1.134074e-021
969.260000  1.063076e-021
969.270000  1.009140e-021
969.280000  9.541255e-022
969.290000  8.727990e-022
969.300000  8.253741e-022
969.310000  7.752539e-022
969.320000  7.501642e-022
969.330000  7.251779e-022
969.340000  7.109894e-022
969.350000  6.618545e-022
969.360000  6.176568e-022
969.370000  5.902290e-022
969.380000  5.703729e-022
969.390000  5.669413e-022
969.400000  5.323255e-022
969.410000  5.031009e-022
969.420000  4.755092e-022
969.430000  4.451573e-022
969.440000  4.498235e-022
969.450000  4.749417e-022
969.460000  4.373297e-022
969.470000  3.726696e-022
969.480000  3.301155e-022
969.490000  3.176280e-022
969.500000  3.278687e-022
969.510000  3.381287e-022
969.520000  3.199429e-022
969.530000  3.159853e-022
969.540000  2.950560e-022
969.550000  3.010067e-022
969.560000  3.055485e-022
969.570000  3.001901e-022
969.580000  2.863737e-022
969.590000  2.487551e-022
969.600000  2.253230e-022
969.610000  2.027465e-022
969.620000  2.148931e-022
969.630000  2.284561e-022
969.640000  2.058790e-022
969.650000  1.668776e-022
969.660000  2.329802e-022
969.670000  2.563612e-022
969.680000  2.560053e-022
969.690000  2.458703e-022
969.700000  2.357594e-022
969.710000  2.423756e-022
969.720000  2.531866e-022
969.730000  2.612177e-022
969.740000  2.441077e-022
969.750000  2.215090e-022
969.760000  2.045458e-022
969.770000  2.028227e-022
969.780000  2.121611e-022
969.790000  2.215128e-022
969.800000  2.322665e-022
969.810000  2.362863e-022
969.820000  2.153293e-022
969.830000  2.096460e-022
969.840000  2.053502e-022
969.850000  1.914022e-022
969.860000  1.582860e-022
969.870000  1.430979e-022
969.880000  1.320390e-022
969.890000  1.633197e-022
969.900000  1.837728e-022
969.910000  1.974048e-022
969.920000  1.793483e-022
969.930000  1.723286e-022
969.940000  1.721798e-022
969.950000  1.624272e-022
969.960000  1.705092e-022
969.970000  1.648718e-022
969.980000  1.346400e-022
969.990000  9.781107e-023
970.000000  8.684434e-023
970.010000  8.175222e-023
970.020000  8.746392e-023
970.030000  7.022949e-023
970.040000  3.963321e-023
970.050000  2.387760e-023
970.060000  9.495947e-024
970.070000  2.713818e-023
970.080000  2.609542e-023
970.090000  2.104282e-023
970.100000  9.322621e-024
970.110000  2.860415e-025
970.120000  -7.575708e-025
970.130000  1.954153e-023
970.140000  4.127222e-023
970.150000  4.963530e-023
970.160000  2.309672e-023
970.170000  -6.514233e-025
970.180000  3.636634e-024
970.190000  6.594888e-024
970.200000  3.097708e-023
970.210000  4.904513e-023
970.220000  4.022757e-023
970.230000  2.740500e-023
970.240000  4.410991e-023
970.250000  6.491321e-023
970.260000  7.496708e-023
970.270000  7.015781e-023
970.280000  5.726420e-023
970.290000  5.516709e-023
970.300000  5.172565e-023
970.310000  6.984357e-023
970.320000  8.395893e-023
970.330000  7.103649e-023
970.340000  5.814957e-023
970.350000  5.201750e-023
970.360000  4.052491e-023
970.370000  5.320987e-023
970.380000  7.266766e-023
970.390000  8.136857e-023
970.400000  8.466899e-023
970.410000  8.586072e-023
970.420000  8.705217e-023
970.430000  1.140074e-022
970.440000  1.206389e-022
970.450000  1.150297e-022
970.460000  1.026475e-022
970.470000  8.759774e-023
970.480000  1.077390e-022
970.490000  1.293117e-022
970.500000  1.318627e-022
970.510000  1.248865e-022
970.520000  9.354393e-023
970.530000  8.663172e-023
970.540000  1.135159e-022
970.550000  1.160598e-022
970.560000  1.077629e-022
970.570000  8.598930e-023
970.580000  7.775168e-023
970.590000  7.087395e-023
970.600000  7.206044e-023
970.610000  9.375629e-023
970.620000  9.661813e-023
970.630000  8.868491e-023
970.640000  6.060168e-023
970.650000  4.601885e-023
970.660000  3.681058e-023
970.670000  5.703776e-023
970.680000  6.524671e-023
970.690000  4.528017e-023
970.700000  1.339060e-023
970.710000  -2.360523e-023
970.720000  -1.023723e-023
970.730000  3.784529e-023
970.740000  5.408017e-023
970.750000  3.948056e-023
970.760000  2.091024e-023
970.770000  9.053329e-024
970.780000  1.452562e-023
970.790000  3.070005e-023
970.800000  3.486346e-023
970.810000  4.335456e-023
970.820000  3.307515e-023
970.830000  -3.858990e-024
970.840000  -2.092604e-024
970.850000  1.434253e-023
970.860000  5.442000e-024
970.870000  4.546985e-024
970.880000  -1.099283e-023
970.890000  -2.781653e-023
970.900000  -1.145404e-023
970.910000  1.698924e-023
970.920000  1.609344e-023
970.930000  -8.819568e-024
970.940000  -5.081623e-023
970.950000  -7.805504e-023
970.960000  -9.600175e-023
970.970000  -8.903602e-023
970.980000  -9.124398e-023
970.990000  -9.607253e-023
971.000000  -9.565937e-023
971.010000  -8.674459e-023
971.020000  -5.146184e-023
971.030000  -2.126665e-023
971.040000  6.423123e-024
971.050000  1.682693e-023
971.060000  1.787228e-023
971.070000  3.097462e-023
971.080000  3.201955e-023
971.090000  4.380564e-023
971.100000  4.888398e-023
971.110000  4.455053e-023
971.120000  2.681686e-023
971.130000  1.983415e-023
971.140000  3.426243e-023
971.150000  5.275834e-023
971.160000  5.783752e-023
971.170000  5.888053e-023
971.180000  3.843491e-023
971.190000  3.144253e-023
971.200000  4.051988e-023
971.210000  4.633017e-023
971.220000  4.677677e-023
971.230000  4.722333e-023
971.240000  6.783374e-023
971.250000  6.828022e-023
971.260000  8.086321e-023
971.270000  1.029570e-022
971.280000  9.527484e-023
971.290000  8.895728e-023
971.300000  8.670050e-023
971.310000  1.033865e-022
971.320000  1.174053e-022
971.330000  1.369138e-022
971.340000  1.469177e-022
971.350000  1.528334e-022
971.360000  1.532795e-022
971.370000  1.523575e-022
971.380000  1.761085e-022
971.390000  1.916908e-022
971.400000  2.004119e-022
971.410000  1.944885e-022
971.420000  1.789305e-022
971.430000  1.730203e-022
971.440000  1.657398e-022
971.450000  1.832100e-022
971.460000  1.896979e-022
971.470000  1.755024e-022
971.480000  1.572170e-022
971.490000  1.335143e-022
971.500000  1.344587e-022
971.510000  1.573409e-022
971.520000  1.555500e-022
971.530000  1.345583e-022
971.540000  9.729868e-023
971.550000  1.009464e-022
971.560000  1.100514e-022
971.570000  1.219132e-022
971.580000  1.201184e-022
971.590000  1.046673e-022
971.600000  9.469521e-023
971.610000  9.923059e-023
971.620000  1.201606e-022
971.630000  1.370534e-022
971.640000  1.101249e-022
971.650000  8.741749e-023
971.660000  7.564932e-023
971.670000  7.203222e-023
971.680000  1.064620e-022
971.690000  1.493628e-022
971.700000  1.456878e-022
971.710000  1.241993e-022
971.720000  1.014422e-022
971.730000  9.236594e-023
971.740000  1.187087e-022
971.750000  1.342087e-022
971.760000  1.250737e-022
971.770000  9.823948e-023
971.780000  7.696587e-023
971.790000  6.523592e-023
971.800000  7.109313e-023
971.810000  9.232421e-023
971.820000  1.068219e-022
971.830000  8.732938e-023
971.840000  5.577140e-023
971.850000  5.397195e-023
971.860000  6.430712e-023
971.870000  5.980644e-023
971.880000  4.185988e-023
971.890000  7.945797e-024
971.900000  -1.379186e-023
971.910000  -1.422523e-023
971.920000  1.298903e-024
971.930000  1.953682e-023
971.940000  8.417994e-024
971.950000  -1.993533e-023
971.960000  -2.434110e-023
971.970000  -1.151482e-023
971.980000  2.267097e-023
971.990000  3.962194e-023
972.000000  5.259152e-023
972.010000  4.617834e-023
972.020000  5.184988e-023
972.030000  6.830530e-023
972.040000  1.160334e-022
972.050000  1.313509e-022
972.060000  1.289419e-022
972.070000  1.224402e-022
972.080000  1.350520e-022
972.090000  1.394804e-022
972.100000  1.562622e-022
972.110000  1.456112e-022
972.120000  1.213111e-022
972.130000  9.032696e-023
972.140000  7.032026e-023
972.150000  8.281152e-023
972.160000  1.007776e-022
972.170000  9.973166e-023
972.180000  6.884159e-023
972.190000  2.469393e-023
972.200000  1.426712e-023
972.210000  3.349156e-023
972.220000  5.819562e-023
972.230000  7.895688e-023
972.240000  6.451173e-023
972.250000  3.124541e-023
972.260000  2.228716e-023
972.270000  1.736362e-023
972.280000  3.662392e-023
972.290000  6.543565e-023
972.300000  5.776956e-023
972.310000  4.741132e-023
972.320000  6.273930e-023
972.330000  9.036161e-023
972.340000  1.291120e-022
972.350000  1.337056e-022
972.360000  1.190844e-022
972.370000  1.305325e-022
972.380000  1.599421e-022
972.390000  1.923129e-022
972.400000  2.109209e-022
972.410000  2.161610e-022
972.420000  1.782367e-022
972.430000  1.406065e-022
972.440000  1.019002e-022
972.450000  1.002191e-022
972.460000  1.135665e-022
972.470000  1.406761e-022
972.480000  1.417247e-022
972.490000  1.139768e-022
972.500000  1.122909e-022
972.510000  1.270238e-022
972.520000  1.417932e-022
972.530000  1.428407e-022
972.540000  1.246880e-022
972.550000  1.079707e-022
972.560000  1.172089e-022
972.570000  1.182555e-022
972.580000  1.439548e-022
972.590000  1.615024e-022
972.600000  1.323364e-022
972.610000  1.232089e-022
972.620000  1.455707e-022
972.630000  1.790660e-022
972.640000  1.836600e-022
972.650000  1.647890e-022
972.660000  1.432470e-022
972.670000  1.395823e-022
972.680000  1.427716e-022
972.690000  1.900491e-022
972.700000  1.932650e-022
972.710000  1.729888e-022
972.720000  1.322382e-022
972.730000  1.190265e-022
972.740000  1.358699e-022
972.750000  1.555125e-022
972.760000  1.752272e-022
972.770000  1.770538e-022
972.780000  1.445074e-022
972.790000  1.203481e-022
972.800000  1.058161e-022
972.810000  1.164075e-022
972.820000  1.393271e-022
972.830000  1.349237e-022
972.840000  1.196019e-022
972.850000  9.210051e-023
972.860000  9.994775e-023
972.870000  1.146168e-022
972.880000  1.512433e-022
972.890000  1.605615e-022
972.900000  1.355705e-022
972.910000  1.147855e-022
972.920000  1.172137e-022
972.930000  1.319385e-022
972.940000  1.494518e-022
972.950000  1.546462e-022
972.960000  1.694840e-022
972.970000  1.567977e-022
972.980000  1.331815e-022
972.990000  1.342515e-022
973.000000  1.421725e-022
973.010000  1.519283e-022
973.020000  1.424711e-022
973.030000  1.234613e-022
973.040000  1.099693e-022
973.050000  1.073947e-022
973.060000  1.293758e-022
973.070000  1.391059e-022
973.080000  1.201114e-022
973.090000  1.079917e-022
973.100000  1.108648e-022
973.110000  1.260215e-022
973.120000  1.453348e-022
973.130000  1.413714e-022
973.140000  1.141871e-022
973.150000  9.393146e-023
973.160000  1.049532e-022
973.170000  1.282833e-022
973.180000  1.517188e-022
973.190000  1.422667e-022
973.200000  1.082717e-022
973.210000  9.451386e-023
973.220000  1.338523e-022
973.230000  1.720992e-022
973.240000  1.939939e-022
973.250000  1.662275e-022
973.260000  1.482045e-022
973.270000  1.343491e-022
973.280000  1.232622e-022
973.290000  1.285435e-022
973.300000  1.351927e-022
973.310000  1.350187e-022
973.320000  1.171371e-022
973.330000  1.061042e-022
973.340000  1.113656e-022
973.350000  1.302350e-022
973.360000  1.519003e-022
973.370000  1.530896e-022
973.380000  1.406193e-022
973.390000  1.309067e-022
973.400000  1.239344e-022
973.410000  1.476848e-022
973.420000  1.605806e-022
973.430000  1.434149e-022
973.440000  1.358328e-022
973.450000  1.364267e-022
973.460000  1.465605e-022
973.470000  1.676571e-022
973.480000  1.847123e-022
973.490000  1.811856e-022
973.500000  1.666994e-022
973.510000  1.618203e-022
973.520000  1.665175e-022
973.530000  1.931786e-022
973.540000  2.006539e-022
973.550000  1.888660e-022
973.560000  1.647865e-022
973.570000  1.558167e-022
973.580000  1.646053e-022
973.590000  1.871177e-022
973.600000  1.973299e-022
973.610000  1.865246e-022
973.620000  1.702587e-022
973.630000  1.677036e-022
973.640000  1.569463e-022
973.650000  1.708068e-022
973.660000  1.709897e-022
973.670000  1.602188e-022
973.680000  1.399179e-022
973.690000  1.278399e-022
973.700000  1.429950e-022
973.710000  1.691617e-022
973.720000  1.762080e-022
973.730000  1.613008e-022
973.740000  1.137430e-022
973.750000  1.030588e-022
973.760000  1.167966e-022
973.770000  1.387625e-022
973.780000  1.457698e-022
973.790000  1.527899e-022
973.800000  1.392872e-022
973.810000  1.392872e-022
973.820000  1.584512e-022
973.830000  1.873325e-022
973.840000  1.914717e-022
973.850000  1.804411e-022
973.860000  1.653128e-022
973.870000  1.680600e-022
973.880000  1.625669e-022
973.890000  1.845745e-022
973.900000  1.763105e-022
973.910000  1.666859e-022
973.920000  1.365547e-022
973.930000  1.338242e-022
973.940000  1.474909e-022
973.950000  1.584505e-022
973.960000  1.625664e-022
973.970000  1.570792e-022
973.980000  1.420196e-022
973.990000  1.461223e-022
974.000000  1.845739e-022
974.200000  7.539857e-023
974.400000  9.327167e-023
974.600000  5.728453e-023
974.800000  5.581663e-023
975.000000  8.053435e-023
975.200000  9.859604e-023
975.400000  6.520807e-023
975.600000  6.169368e-023
975.800000  6.895842e-023
976.000000  3.594361e-023
976.200000  -1.927938e-024
976.400000  2.655858e-023
976.600000  4.997607e-023
976.800000  3.086918e-023
977.000000  4.526472e-023
977.200000  1.085850e-022
977.400000  1.344193e-022
977.600000  1.169969e-022
977.800000  1.355093e-022
978.000000  1.600923e-022
978.200000  1.322546e-022
978.400000  1.031883e-022
978.600000  1.333561e-022
978.800000  1.524956e-022
979.000000  1.285445e-022
979.200000  1.368023e-022
979.400000  1.536889e-022
979.600000  1.575328e-022
979.800000  1.153821e-022
980.000000  1.191690e-022
980.200000  1.427130e-022
980.400000  1.132150e-022
980.600000  7.662400e-023
980.800000  9.444991e-023
981.000000  1.107098e-022
981.200000  7.602114e-023
981.400000  7.877459e-023
981.600000  1.251234e-022
981.800000  1.388033e-022
982.000000  1.132905e-022
982.200000  1.240166e-022
982.400000  1.476492e-022
982.600000  8.076867e-023
982.800000  3.376451e-023
983.000000  5.668438e-023
983.200000  6.807337e-023
983.400000  3.860495e-023
983.600000  2.443368e-023
983.800000  3.769735e-023
984.000000  1.716296e-023
984.200000  1.405586e-026
984.400000  2.442919e-023
984.600000  4.675122e-023
984.800000  1.887319e-023
985.000000  3.936606e-024
985.200000  4.142487e-023
985.400000  5.477389e-023
985.600000  1.715697e-023
985.800000  1.843435e-023
986.000000  5.155289e-023
986.200000  5.504695e-023
986.400000  1.076626e-023
986.600000  5.625994e-023
986.800000  1.062665e-022
987.000000  8.410343e-023
987.200000  8.208698e-023
987.400000  1.221520e-022
987.600000  1.313688e-022
987.800000  1.025393e-022
988.000000  9.671497e-023
988.200000  1.543366e-022
988.400000  1.135894e-022
988.600000  5.868973e-023
988.800000  7.736873e-023
989.000000  9.169499e-023
989.200000  4.889435e-023
989.400000  4.497257e-023
989.600000  5.352570e-023
989.800000  3.906038e-023
990.000000  -3.906919e-024
990.200000  3.038003e-024
990.400000  3.508946e-023
990.600000  1.884058e-023
990.800000  -1.240017e-023
991.000000  9.448920e-024
991.200000  3.377236e-023
991.400000  2.737920e-023
991.600000  3.924374e-023
991.800000  5.569453e-023
992.000000  3.324243e-023
992.200000  -1.759799e-023
992.400000  -2.313822e-024
992.600000  3.152469e-023
992.800000  1.020241e-024
993.000000  -2.727326e-023
993.200000  3.068791e-023
993.400000  1.287721e-022
993.600000  1.020382e-022
993.800000  5.973083e-023
994.000000  5.797168e-023
994.200000  6.341797e-023
994.400000  4.845249e-023
994.600000  8.311491e-023
994.800000  1.534797e-022
995.000000  1.217041e-022
995.200000  5.961041e-023
995.400000  8.412832e-023
995.600000  1.378127e-022
995.800000  1.085545e-022
996.000000  9.035341e-023
996.200000  1.049250e-022
996.400000  9.845417e-023
996.600000  3.174170e-023
996.800000  1.279716e-023
997.000000  4.553693e-023
997.200000  3.353853e-023
997.400000  1.708156e-023
997.600000  6.315359e-023
997.800000  7.654240e-023
998.000000  3.426640e-023
998.200000  2.646570e-023
998.400000  4.811127e-023
998.600000  3.200464e-023
998.800000  -8.905244e-024
999.000000  1.794160e-024
999.200000  2.902059e-023
999.400000  -6.884620e-024
999.600000  -3.079103e-023
999.800000  1.450463e-023
1000.000000  -1.917282e-023
1000.200000  -2.539276e-023
1000.400000  -6.886367e-023
1000.600000  -4.957566e-023
1000.800000  -1.503236e-023
1001.000000  -4.582077e-023
1001.200000  -7.578930e-023
1001.400000  -4.162527e-023
1001.600000  -2.326763e-023
1001.800000  -5.805762e-023
1002.000000  -4.958353e-023
1002.200000  -1.368709e-023
1002.400000  -3.011977e-023
1002.600000  -4.467105e-023
1002.800000  -1.693602e-023
1003.000000  2.958250e-023
1003.200000  -8.063384e-024
1003.400000  -4.374473e-023
1003.600000  -3.253133e-023
1003.800000  -2.966875e-023
1004.000000  -5.522322e-023
1004.200000  -2.784046e-023
1004.400000  -4.143094e-024
1004.600000  -1.291023e-023
1004.800000  -4.537366e-023
1005.000000  -2.146584e-023
1005.200000  7.055122e-024
1005.400000  -1.810449e-023
1005.600000  -1.560862e-024
1005.800000  2.135410e-023
1006.000000  8.805910e-024
1006.200000  -5.007719e-023
1006.400000  -4.376160e-023
1006.600000  -2.785396e-023
1006.800000  -3.226807e-023
1007.000000  -5.754974e-023
1007.200000  -2.769602e-023
1007.400000  -2.386201e-024
1007.600000  -4.867648e-023
1007.800000  -4.634026e-023
1008.000000  -7.196972e-024
1008.200000  -1.338169e-023
1008.400000  -6.842715e-023
1008.600000  -4.399271e-023
1008.800000  -8.990237e-024
1009.000000  -1.948779e-023
1009.200000  -2.407452e-023
1009.400000  5.796048e-024
1009.600000  3.783227e-023
1009.800000  -3.866317e-025
1010.000000  -4.699297e-024
1010.200000  1.743818e-023
1010.400000  -1.214859e-023
1010.600000  -4.893010e-023
1010.800000  -4.565002e-023
1011.000000  -2.240903e-023
1011.200000  -4.469634e-023
1011.400000  -6.328041e-023
1011.600000  -2.942183e-023
1011.800000  4.674736e-026
1012.000000  -3.414112e-023
1012.200000  -2.651780e-023
1012.400000  6.217015e-024
1012.600000  1.569828e-023
1012.800000  -1.408379e-023
1013.000000  -1.531695e-023
1013.200000  -3.304721e-024
1013.400000  -2.333398e-023
1013.600000  -4.097456e-023
1013.800000  -1.847629e-023
1014.000000  -1.161239e-023
1014.200000  -5.528057e-023
1014.400000  -6.082828e-023
1014.600000  -2.562202e-023
1014.800000  -4.988510e-023
1015.000000  -9.892302e-023
1015.200000  -7.041761e-023
1015.400000  -2.107034e-023
1015.600000  -3.508632e-023
1015.800000  -4.708127e-023
1016.000000  -3.370190e-023
1016.200000  -3.620916e-023
1016.400000  -6.812143e-023
1016.600000  -3.435243e-023
1016.800000  2.044941e-023
1017.000000  2.481638e-023
1017.200000  -1.388402e-023
1017.400000  -2.514393e-024
1017.600000  2.259314e-023
1017.800000  -1.557998e-023
1018.000000  -1.501229e-023
1018.200000  1.782746e-023
1018.400000  1.522288e-023
1018.600000  -5.577847e-023
1018.800000  -5.178572e-023
1019.000000  -8.599659e-024
1019.200000  -2.519553e-023
1019.400000  -7.106885e-023
1019.600000  -5.646795e-023
1019.800000  -3.935640e-023
1020.000000  -7.817285e-023
1020.200000  -7.365190e-023
1020.400000  -3.298495e-023
1020.600000  -1.753492e-023
1020.800000  -2.229384e-023
1021.000000  1.325954e-024
1021.200000  1.694468e-023
1021.400000  -1.435985e-023
1021.600000  -5.040593e-023
1021.800000  -3.114815e-023
1022.000000  6.480322e-024
1022.200000  -2.061024e-023
1022.400000  -4.569829e-023
1022.600000  -2.826999e-023
1022.800000  -6.648547e-024
1023.000000  -1.493833e-023
1023.200000  -4.406227e-024
1023.400000  1.910743e-023
1023.600000  -1.676436e-023
1023.800000  -6.671357e-023
1024.000000  -3.041228e-023
1024.200000  -1.142801e-023
1024.400000  -5.633742e-023
1024.600000  -5.301178e-023
1024.800000  -1.652492e-023
1025.000000  -1.313497e-023
1025.200000  -4.830694e-023
1025.400000  -4.078393e-023
1025.600000  -1.652942e-023
1025.800000  -4.359214e-023
1026.000000  -6.030167e-023
1026.200000  -4.222908e-023
1026.400000  -2.508329e-023
1026.600000  -6.594833e-023
1026.800000  -5.419000e-023
1027.000000  -3.441091e-023
1027.200000  -5.778683e-023
1027.400000  -8.632449e-023
1027.600000  -5.208286e-023
1027.800000  7.840950e-025
1028.000000  -1.417235e-023
1028.200000  -3.367450e-023
1028.400000  8.173707e-024
1028.600000  3.137869e-023
1028.800000  -1.029958e-023
1029.000000  -1.155988e-023
1029.200000  9.432036e-024
1029.400000  1.115251e-023
1029.600000  -3.714321e-023
1029.800000  -1.725615e-023
1030.000000  7.243047e-024
1030.200000  -2.771741e-023
1030.400000  -5.187409e-023
1030.600000  -1.701107e-023
1030.800000  -1.804851e-023
1031.000000  -6.204691e-023
1031.200000  -5.447150e-023
1031.400000  -2.970196e-023
1031.600000  -4.905283e-023
1031.800000  -8.622752e-023
1032.000000  -6.301412e-023
1032.200000  4.604532e-024
1032.400000  -1.988753e-023
1032.600000  -3.109578e-023
1032.800000  -1.406676e-024
1033.000000  1.643909e-024
1033.200000  -4.504371e-023
1033.400000  -4.103801e-023
1033.600000  -2.067434e-023
1033.800000  -3.556791e-023
1034.000000  -5.591457e-023
1034.200000  -2.359788e-023
1034.400000  2.079537e-023
1034.600000  -1.865699e-023
1034.800000  -3.174857e-023
1035.000000  -7.709644e-024
1035.200000  -2.714294e-023
1035.400000  -5.693319e-023
1035.600000  -3.791709e-023
1035.800000  5.875901e-024
1036.000000  -1.616463e-023
1036.200000  -3.502700e-023
1036.400000  -1.787856e-023
1036.600000  -1.135749e-023
1036.800000  -6.770206e-023
1037.000000  -7.733703e-023
1037.200000  -2.345067e-023
1037.400000  -3.671747e-023
1037.600000  -7.571592e-023
1037.800000  -7.278269e-023
1038.000000  -3.391417e-023
1038.200000  -5.694894e-023
1038.400000  -7.572042e-023
1038.600000  -3.485102e-023
1038.800000  -7.278432e-024
1039.000000  -3.625738e-023
1039.200000  -4.530273e-023
1039.400000  -1.731013e-023
1039.600000  -2.886350e-023
1039.800000  -5.386196e-023
1040.000000  -3.299401e-023
1040.200000  5.405324e-024
1040.400000  -2.632732e-024
1040.600000  -3.505174e-023
1040.800000  -1.744414e-023
1041.000000  -3.842415e-024
1041.200000  -5.054437e-023
1041.400000  -5.627243e-023
1041.600000  -4.219408e-023
1041.800000  -5.654270e-023
1042.000000  -9.064885e-023
1042.200000  -6.937409e-023
1042.400000  -3.883106e-023
1042.600000  -6.590299e-023
1042.800000  -8.280309e-023
1043.000000  -5.580006e-023
1043.200000  -1.943135e-023
1043.400000  -5.800474e-023
1043.600000  -4.220532e-023
1043.800000  -6.577130e-024
1044.000000  -8.858056e-024
1044.200000  -3.356862e-023
1044.400000  -6.580504e-024
1044.600000  1.591393e-023
1044.800000  -1.105070e-023
1045.000000  -2.585152e-024
1045.200000  2.959875e-023
1045.400000  3.143280e-023
1045.600000  3.935345e-024
1045.800000  1.457816e-023
1046.000000  3.533425e-023
1046.200000  2.211222e-023
1046.400000  7.447855e-024
1046.600000  3.007043e-023
1046.800000  6.084043e-023
1047.000000  -5.026114e-024
1047.200000  -4.075536e-023
1047.400000  -4.339616e-023
1047.600000  -3.377407e-023
1047.800000  -7.102358e-023
1048.000000  -5.824041e-023
1048.200000  -3.406192e-023
1048.400000  -6.095370e-023
1048.600000  -9.046513e-023
1048.800000  -6.789917e-023
1049.000000  -3.928047e-023
1049.200000  -5.376376e-023
1049.400000  -5.447535e-023
1049.600000  -2.239852e-023
1049.800000  -2.568593e-023
1050.000000  -8.179919e-023
1050.200000  -5.783187e-023
1050.400000  -1.615250e-023
1050.600000  -2.725038e-023
1050.800000  -5.901777e-023
1051.000000  -4.414656e-023
1051.200000  -2.522274e-023
1051.400000  -6.117212e-023
1051.600000  -4.989061e-023
1051.800000  -1.545562e-023
1052.000000  -2.880257e-023
1052.200000  -6.068982e-023
1052.400000  -5.396940e-023
1052.600000  -2.133917e-023
1052.800000  -4.364885e-023
1053.000000  -6.528447e-023
1053.200000  -2.880932e-023
1053.400000  1.176992e-024
1053.600000  -3.835351e-023
1053.800000  -4.486482e-023
1054.000000  -2.773960e-023
1054.200000  -4.702030e-023
1054.400000  -7.617816e-023
1054.600000  -5.159847e-023
1054.800000  -2.680442e-023
1055.000000  -6.491615e-023
1055.200000  -8.160489e-023
1055.400000  -4.106405e-023
1055.600000  -1.605894e-023
1055.800000  -5.160521e-023
1056.000000  -5.112389e-023
1056.200000  -2.368989e-023
1056.400000  -4.775935e-023
1056.600000  -7.718666e-023
1056.800000  -4.536032e-023
1057.000000  -9.486983e-024
1057.200000  -3.762407e-023
1057.400000  -5.759857e-023
1057.600000  -2.043876e-023
1057.800000  -1.434309e-023
1058.000000  -5.690375e-023
1058.200000  -4.561736e-023
1058.400000  -1.549273e-023
1058.600000  -1.733714e-023
1058.800000  -5.065773e-023
1059.000000  -3.628880e-023
1059.200000  -7.665582e-024
1059.400000  -2.901321e-023
1059.600000  -5.352798e-023
1059.800000  -2.045113e-023
1060.000000  -9.963588e-024
1060.200000  -6.396072e-023
1060.400000  -6.729081e-023
1060.600000  -2.324748e-023
1060.800000  -3.232521e-023
1061.000000  -6.151328e-023
1061.200000  -5.789373e-023
1061.400000  -4.030516e-023
1061.600000  -7.971498e-023
1061.800000  -6.859877e-023
1062.000000  -1.367148e-023
1062.200000  5.465831e-024
1062.400000  -3.929375e-023
1062.600000  -3.860881e-023
1062.800000  -1.285997e-023
1063.000000  -3.710341e-023
1063.200000  -6.792970e-023
1063.400000  -2.168502e-023
1063.600000  -3.098222e-025
1063.800000  -3.127923e-023
1064.000000  -3.329205e-023
1064.200000  2.820664e-024
1064.400000  -4.829794e-024
1064.600000  -3.738990e-023
1064.800000  -1.542709e-023
1065.000000  2.113510e-023
1065.200000  -4.373871e-024
1065.400000  -1.949632e-023
1065.600000  5.987135e-024
1065.800000  1.576880e-023
1066.000000  -4.027537e-023
1066.200000  -5.145174e-023
1066.400000  -3.253975e-023
1066.600000  -4.781180e-023
1066.800000  -8.326841e-023
1067.000000  -6.449102e-023
1067.200000  -2.578377e-023
1067.400000  -2.939997e-023
1067.600000  -4.034003e-023
1067.800000  -1.857590e-023
1068.000000  3.101654e-023
1068.200000  -9.018627e-024
1068.400000  -1.382230e-023
1068.600000  1.038377e-023
1068.800000  5.841007e-024
1069.000000  -3.005765e-023
1069.200000  -1.475975e-023
1069.400000  1.304672e-023
1069.600000  -1.394472e-023
1069.800000  -4.077825e-023
1070.000000  -7.080587e-024
1070.200000  -1.208143e-023
1070.400000  -4.442462e-023
1070.600000  -4.056904e-023
1070.800000  -3.563436e-024
1071.000000  -2.707605e-023
1071.200000  -6.005523e-023
1071.400000  -4.539992e-023
1071.600000  -3.168477e-023
1071.800000  -5.396370e-023
1072.000000  -7.615072e-023
1072.200000  -4.369238e-023
1072.400000  -1.994721e-023
1072.600000  -4.219849e-023
1072.800000  -2.661036e-023
1073.000000  -1.396384e-023
1073.200000  -1.725222e-023
1073.400000  -2.978053e-023
1073.600000  -2.250394e-023
1073.800000  -1.421589e-024
1074.000000  -4.490444e-023
1074.200000  -5.908223e-023
1074.400000  -3.151901e-023
1074.600000  -2.630691e-023
1074.800000  -5.640166e-023
1075.000000  -2.076690e-023
1075.200000  1.525866e-023
1075.400000  2.593753e-024
1075.600000  -3.517064e-023
1075.800000  -1.841729e-023
1076.000000  8.922018e-024
1076.200000  -5.030870e-023
1076.400000  -7.986419e-023
1076.600000  -3.517627e-023
1076.800000  -2.314464e-023
1077.000000  -4.222323e-023
1077.200000  -8.700724e-024
1077.400000  1.704094e-023
1077.600000  1.430696e-023
1077.800000  -1.078503e-023
1078.000000  8.386525e-024
1078.200000  1.977591e-023
1078.400000  -3.148916e-023
1078.600000  -3.898185e-023
1078.800000  -1.031847e-023
1079.000000  -1.221161e-023
1079.200000  -5.503755e-023
1079.400000  -4.540124e-023
1079.600000  -1.672584e-023
1079.800000  -2.699510e-023
1080.000000  -3.052690e-023
1080.200000  1.702350e-023
1080.400000  4.264650e-023
1080.600000  -9.486526e-024
1080.800000  -2.299203e-023
1081.000000  2.044364e-024
1081.200000  -1.033197e-023
1081.400000  -4.886921e-023
1081.600000  -5.303288e-023
1081.800000  -2.237143e-023
1082.000000  -4.739716e-023
1082.200000  -7.017236e-023
1082.400000  -3.955410e-023
1082.600000  -2.300215e-023
1082.800000  -7.032401e-023
1083.000000  -6.090739e-023
1083.200000  -5.737486e-024
1083.400000  -3.949462e-024
1083.600000  -3.531976e-023
1083.800000  -8.933316e-024
1084.000000  1.608989e-023
1084.200000  -6.771231e-024
1084.400000  -3.230943e-023
1084.600000  -1.627832e-023
1084.800000  1.379550e-023
1085.000000  -1.768792e-024
1085.200000  6.499796e-024
1085.400000  2.429301e-023
1085.600000  6.920543e-024
1085.800000  -2.284263e-023
1086.000000  -9.887323e-024
1086.200000  4.687200e-024
1086.400000  -1.593806e-023
1086.600000  -4.223327e-023
1086.800000  -1.711321e-023
1087.000000  5.563342e-024
1087.200000  -2.606903e-023
1087.400000  -5.378142e-024
1087.600000  2.108819e-023
1087.800000  -1.189709e-023
1088.000000  -4.246489e-023
1088.200000  -2.671040e-023
1088.400000  2.017412e-023
1088.600000  -1.595043e-023
1088.800000  -2.671377e-023
1089.000000  -1.648114e-024
1089.200000  6.477303e-024
1089.400000  -4.545747e-023
1089.600000  -1.889606e-023
1089.800000  1.423836e-023
1090.000000  2.809473e-024
1090.200000  -1.630981e-023
1090.400000  -7.943774e-025
1090.600000  6.006533e-024
1090.800000  -3.107298e-023
1091.000000  -3.429264e-023
1091.200000  1.283983e-023
1091.400000  1.282146e-023
1091.600000  -2.124428e-023
1091.800000  3.211095e-024
1092.000000  2.473528e-023
1092.200000  1.603348e-023
1092.400000  -2.014274e-023
1092.600000  -2.674763e-024
1092.800000  1.283083e-023
1093.000000  -3.126793e-023
1093.200000  -5.561467e-023
1093.400000  -2.048607e-023
1093.600000  -1.802277e-023
1093.800000  -5.566619e-023
1094.000000  -4.026122e-023
1094.200000  -9.190215e-024
1094.400000  -1.967447e-023
1094.600000  -2.770869e-023
1094.800000  -1.285313e-024
1095.000000  1.191723e-023
1095.200000  -4.277197e-023
1095.400000  -4.722203e-023
1095.600000  4.171058e-024
1095.800000  1.325857e-023
1096.000000  -2.579761e-023
1096.200000  -1.373310e-023
1096.400000  1.418931e-023
1096.600000  -4.970643e-025
1096.800000  -5.045609e-024
1097.000000  1.372690e-023
1097.200000  2.473363e-023
1097.400000  -2.629039e-023
1097.600000  -3.208361e-023
1097.800000  -9.210458e-024
1098.000000  -2.079774e-023
1098.200000  -5.792459e-023
1098.400000  -3.482218e-023
1098.600000  -2.388541e-024
1098.800000  -1.026907e-023
1099.000000  -2.758775e-023
1099.200000  -1.450704e-024
1099.400000  2.566162e-023
1099.600000  -1.530481e-023
1099.800000  -2.436763e-023
1100.000000  -1.017178e-023
1100.200000  -3.522722e-023
1100.400000  -5.396744e-023
1100.600000  -2.533913e-023
1100.800000  4.042227e-024
1101.000000  -1.627238e-023
1101.200000  -2.808536e-023
1101.400000  1.093669e-023
1101.600000  2.336381e-023
1101.800000  1.412259e-023
1102.000000  2.150778e-023
1102.200000  4.459776e-023
1102.400000  -1.001940e-023
1102.600000  -5.801374e-023
1102.800000  -2.924214e-023
1103.000000  -1.220470e-023
1103.200000  -3.040360e-023
1103.400000  -1.821203e-023
1103.600000  2.011981e-023
1103.800000  4.145546e-023
1104.000000  -3.995984e-024
1104.200000  5.285964e-024
1104.400000  3.406408e-023
1104.600000  3.342460e-024
1104.800000  -4.170007e-023
1105.000000  -1.655094e-023
1105.200000  8.024995e-024
1105.400000  -3.756774e-023
1105.600000  -7.054636e-023
1105.800000  -4.901338e-023
1106.000000  -3.128119e-023
1106.200000  -5.129243e-023
1106.400000  -2.274852e-023
1106.600000  9.397887e-024
1106.800000  -4.258085e-024
1107.000000  -2.998158e-023
1107.200000  -8.423802e-024
1107.400000  4.652164e-024
1107.600000  -3.397627e-023
1107.800000  -4.724985e-023
1108.000000  -7.945090e-024
1108.200000  -8.429425e-024
1108.400000  -5.283003e-023
1108.600000  -2.980957e-023
1108.800000  1.544446e-023
1109.000000  2.730823e-024
1109.200000  -4.754015e-024
1109.400000  2.483499e-023
1109.600000  2.249922e-023
1109.800000  -1.674177e-023
1110.000000  -1.330343e-023
1110.200000  2.343138e-023
1110.400000  3.104490e-023
1110.600000  4.535856e-024
1110.800000  1.730677e-023
1111.000000  2.625453e-023
1111.200000  -1.059965e-023
1111.400000  -2.556124e-023
1111.600000  -4.285076e-024
1111.800000  6.447324e-024
1112.000000  -4.085209e-023
1112.200000  -4.726375e-023
1112.400000  -1.343561e-023
1112.600000  -2.773376e-023
1112.800000  -6.368544e-023
1113.000000  -3.571818e-023
1113.200000  -1.289090e-024
1113.400000  -1.094048e-023
1113.600000  -1.752707e-023
1113.800000  1.061590e-023
1114.000000  9.169898e-024
1114.200000  -5.087398e-023
1114.400000  -5.343896e-023
1114.600000  -1.072740e-023
1114.800000  -3.661938e-024
1115.000000  -2.457833e-023
1115.200000  8.232456e-024
1115.400000  2.633469e-023
1115.600000  -2.508298e-023
1115.800000  -1.974671e-023
1116.000000  2.438689e-023
1116.200000  4.250592e-023
1116.400000  1.012024e-023
1116.600000  1.062614e-023
1116.800000  5.337244e-023
1117.000000  3.205212e-023
1117.200000  2.028681e-024
1117.400000  1.964450e-023
1117.600000  2.154960e-023
1117.800000  -1.469784e-023
1118.000000  -2.793983e-023
1118.200000  -3.681058e-024
1118.400000  2.350576e-023
1118.600000  -8.205657e-024
1118.800000  2.877347e-024
1119.000000  4.325488e-023
1119.200000  2.741275e-023
1119.400000  -4.839116e-024
1119.600000  3.021237e-023
1119.800000  5.790951e-023
1120.000000  2.648922e-023
1120.200000  2.988596e-023
1120.400000  5.990651e-023
1120.600000  6.300847e-023
1120.800000  2.840125e-023
1121.000000  4.474591e-023
1121.200000  6.801476e-023
1121.400000  1.773276e-023
1121.600000  -8.424822e-024
1121.800000  2.254001e-024
1122.000000  7.522218e-024
1122.200000  -2.219913e-023
1122.400000  -1.523184e-023
1122.600000  3.658445e-023
1122.800000  3.563871e-023
1123.000000  5.681941e-024
1123.200000  1.435692e-023
1123.400000  3.461929e-023
1123.600000  4.549800e-024
1123.800000  -1.346949e-023
1124.000000  1.529191e-023
1124.200000  3.224643e-023
1124.400000  -1.234340e-023
1124.600000  -4.955741e-024
1124.800000  2.301595e-023
1125.000000  2.938062e-023
1125.200000  5.484140e-024
1125.400000  3.632403e-023
1125.600000  5.743708e-023
1125.800000  -3.809709e-024
1126.000000  -2.478498e-023
1126.200000  1.136946e-023
1126.400000  3.043409e-023
1126.600000  -1.886914e-024
1126.800000  -1.997236e-023
1127.000000  3.482971e-024
1127.200000  -1.039897e-023
1127.400000  -3.468464e-023
1127.600000  -1.091192e-023
1127.800000  2.512817e-023
1128.000000  5.373430e-024
1128.200000  7.409238e-024
1128.400000  4.691364e-023
1128.600000  6.314685e-023
1128.800000  1.867221e-023
1129.000000  -5.749119e-024
1129.200000  4.467361e-024
1129.400000  -1.874044e-023
1129.600000  -3.154790e-023
1129.800000  -1.041359e-023
1130.000000  -1.555164e-024
1130.200000  -4.595605e-023
1130.400000  -5.448630e-023
1130.600000  -1.618108e-023
1130.800000  -1.580362e-023
1131.000000  -4.836757e-023
1131.200000  -4.810477e-023
1131.400000  -1.734929e-023
1131.600000  -2.149166e-023
1131.800000  -4.675719e-023
1132.000000  -1.414156e-023
1132.200000  4.697288e-024
1132.400000  -3.887320e-023
1132.600000  -5.107091e-023
1132.800000  -3.758007e-023
1133.000000  -2.673513e-023
1133.200000  -7.348164e-023
1133.400000  -7.366729e-023
1133.600000  -3.567534e-023
1133.800000  -4.485111e-023
1134.000000  -6.624484e-023
1134.200000  -3.184236e-023
1134.400000  -4.555236e-024
1134.600000  -3.569759e-023
1134.800000  -5.166639e-023
1135.000000  -2.198848e-023
1135.200000  -2.393333e-023
1135.400000  -7.053058e-023
1135.600000  -5.998839e-023
1135.800000  -4.349492e-023
1136.000000  -6.897705e-023
1136.200000  -1.001997e-022
1136.400000  -8.788523e-023
1136.600000  -8.078192e-023
1136.800000  -1.015468e-022
1137.000000  -9.099860e-023
1137.200000  -3.890019e-023
1137.400000  -3.139573e-023
1137.600000  -5.937695e-023
1137.800000  -3.797570e-023
1138.000000  4.972372e-024
1138.200000  -1.708977e-023
1138.400000  -4.507363e-023
1138.600000  -4.123983e-023
1138.800000  -4.839500e-023
1139.000000  -8.561656e-023
1139.200000  -8.762562e-023
1139.400000  -3.550511e-023
1139.600000  -2.715143e-023
1139.800000  -5.890991e-023
1140.000000  -3.790352e-023
1140.200000  -1.351272e-023
1140.400000  -6.003415e-023
1140.600000  -8.620104e-023
1140.800000  -5.254025e-023
1141.000000  -2.680520e-023
1141.200000  -6.725315e-023
1141.400000  -8.563005e-023
1141.600000  -8.333665e-023
1141.800000  -1.139421e-022
1142.000000  -1.415668e-022
1142.200000  -1.074025e-022
1142.400000  -8.032537e-023
1142.600000  -9.829318e-023
1142.800000  -1.043241e-022
1143.000000  -8.032875e-023
1143.200000  -8.621566e-023
1143.400000  -1.332059e-022
1143.600000  -1.097001e-022
1143.800000  -6.478812e-023
1144.000000  -7.047789e-023
1144.200000  -6.970168e-023
1144.400000  -3.136665e-023
1144.600000  -2.574794e-023
1144.800000  -5.877166e-023
1145.000000  -7.851683e-023
1145.200000  -7.431279e-023
1145.400000  -6.991355e-023
1145.600000  -1.089271e-022
1145.800000  -9.987061e-023
1146.000000  -7.126194e-023
1146.200000  -9.790057e-023
1146.400000  -1.101268e-022
1146.600000  -6.571729e-023
1146.800000  -3.698588e-023
1147.000000  -6.265688e-023
1147.200000  -7.146711e-023
1147.400000  -5.509933e-023
1147.600000  -7.184274e-023
1147.800000  -1.326627e-022
1148.000000  -1.422631e-022
1148.200000  -1.078873e-022
1148.400000  -1.241759e-022
1148.600000  -1.356689e-022
1148.800000  -8.494804e-023
1149.000000  -6.538289e-023
1149.200000  -1.077554e-022
1149.400000  -1.144428e-022
1149.600000  -6.437489e-023
1149.800000  -4.563636e-023
1150.000000  -8.318174e-023
