800.000000  NaN
800.200000  NaN
800.400000  NaN
800.600000  -1.861218e-040
800.800000  -5.913637e-040
801.000000  -1.816000e-040
801.200000  1.457158e-040
801.400000  -3.192509e-040
801.600000  -6.431907e-040
801.800000  -7.413729e-041
802.000000  -9.659224e-041
802.200000  -8.124625e-040
802.400000  -8.714133e-040
802.600000  -2.221211e-040
802.800000  -6.084776e-040
803.000000  -1.389805e-039
803.200000  -9.378038e-040
803.400000  -3.244641e-040
803.600000  -1.022838e-039
803.800000  -1.315955e-039
804.000000  -5.997441e-040
804.200000  -4.250957e-040
804.400000  -1.448334e-039
804.600000  -6.868067e-040
804.800000  5.257004e-040
805.000000  -3.926643e-040
805.200000  -1.889086e-039
805.400000  -7.028264e-040
805.600000  1.914512e-040
805.800000  -4.904831e-040
806.000000  -1.110881e-039
806.200000  1.974714e-039
806.400000  2.017469e-039
806.600000  1.105062e-040
806.800000  3.057889e-040
807.000000  1.253201e-039
807.200000  4.290544e-040
807.400000  -2.839035e-039
807.600000  -6.724096e-040
807.800000  4.543142e-040
808.000000  -3.235734e-039
808.200000  -6.067729e-039
808.400000  -3.612982e-039
808.600000  -3.817637e-039
808.800000  -4.643751e-039
809.000000  -3.084143e-039
809.200000  -2.178744e-040
809.400000  -1.876440e-039
809.600000  -2.418509e-039
809.800000  2.691959e-039
810.000000  2.476210e-039
810.200000  -4.122437e-039
810.400000  -6.927940e-039
810.600000  -2.723588e-039
810.800000  4.645141e-040
811.000000  -3.039270e-039
811.200000  3.060418e-039
811.400000  8.787056e-039
811.600000  2.994053e-039
811.800000  -1.459012e-041
812.000000  1.211061e-038
812.200000  1.514527e-038
812.400000  9.945132e-039
812.600000  7.107352e-039
812.800000  2.103726e-038
813.000000  1.505710e-038
813.200000  5.727439e-039
813.400000  1.540315e-038
813.600000  2.693011e-038
813.800000  1.587520e-038
814.000000  2.878259e-039
814.200000  3.735170e-038
814.400000  2.975730e-038
814.600000  1.228005e-039
814.800000  -7.604405e-039
815.000000  1.798553e-038
815.200000  1.251701e-038
815.400000  5.517999e-039
815.600000  1.732570e-038
815.800000  4.251053e-038
816.000000  1.932242e-038
816.200000  -1.252239e-038
816.400000  2.520652e-038
816.600000  3.601140e-038
816.800000  1.856717e-039
817.000000  1.852036e-038
817.200000  5.014841e-038
817.400000  4.191630e-038
817.600000  1.021579e-038
817.800000  2.606559e-038
818.000000  5.250008e-038
818.200000  2.730038e-038
818.400000  -4.420614e-038
818.600000  -6.598460e-039
818.800000  -1.788139e-038
819.000000  -6.228704e-038
819.200000  -4.932951e-038
819.400000  1.050602e-038
819.600000  -1.347160e-038
819.800000  -6.518183e-038
820.000000  -3.292147e-038
820.200000  4.235350e-038
820.400000  -1.670078e-038
820.600000  -9.624266e-039
820.800000  1.744846e-037
821.000000  1.710847e-037
821.200000  3.645183e-038
821.400000  7.830487e-038
821.600000  1.712949e-037
821.800000  -1.041353e-038
822.000000  -1.988066e-037
822.200000  2.513602e-038
822.400000  8.932538e-038
822.600000  1.464099e-037
822.800000  9.028725e-038
823.000000  2.090215e-037
823.200000  6.774534e-038
823.400000  -6.226645e-038
823.600000  1.655953e-037
823.800000  4.502479e-037
824.000000  2.970619e-037
824.200000  -5.732706e-038
824.400000  2.316223e-037
824.600000  4.096532e-037
824.800000  2.076122e-037
825.000000  2.504021e-037
825.200000  5.123064e-037
825.400000  6.324189e-037
825.600000  3.179286e-037
825.800000  3.415830e-037
826.000000  6.918436e-037
826.200000  6.573004e-037
826.400000  1.135330e-037
826.600000  7.719888e-037
826.800000  1.055636e-036
827.000000  5.746480e-037
827.200000  5.404643e-037
827.400000  8.250871e-037
827.600000  2.795001e-037
827.800000  -1.536781e-037
828.000000  -1.499659e-037
828.200000  1.095621e-037
828.400000  -3.775052e-037
828.600000  -9.635827e-037
828.800000  8.716104e-038
829.000000  6.417234e-038
829.200000  -3.885674e-037
829.400000  -4.907167e-037
829.600000  7.522578e-037
829.800000  5.917973e-037
830.000000  -7.841481e-037
830.200000  3.724542e-037
830.400000  1.076728e-036
830.600000  5.712811e-037
830.800000  2.856490e-038
831.000000  1.786038e-036
831.200000  2.063006e-036
831.400000  -3.498789e-037
831.600000  -1.077922e-036
831.800000  5.601920e-037
832.000000  -7.733628e-037
832.200000  -2.262340e-036
832.400000  -4.368636e-037
832.600000  2.212623e-036
832.800000  -4.208347e-037
833.000000  -1.874958e-036
833.200000  1.257008e-036
833.400000  2.115726e-036
833.600000  -7.966635e-037
833.800000  -3.847349e-037
834.000000  2.687764e-036
834.200000  -2.580889e-038
834.400000  -2.733457e-036
834.600000  2.758034e-036
834.800000  6.905394e-036
835.000000  5.583514e-036
835.200000  6.167721e-036
835.400000  9.345187e-036
835.600000  7.221366e-036
835.800000  1.983251e-036
836.000000  6.019569e-036
836.200000  1.275565e-035
836.400000  7.823450e-036
836.600000  2.381930e-036
836.800000  5.858172e-036
837.000000  7.076751e-036
837.200000  -2.523011e-036
837.400000  -1.671271e-036
837.600000  5.857250e-036
837.800000  4.904488e-036
838.000000  -6.843625e-036
838.200000  -4.738110e-036
838.400000  7.514094e-036
838.600000  -5.673129e-037
838.800000  -4.305225e-036
839.000000  1.184458e-035
839.200000  1.980672e-035
839.400000  1.119197e-035
839.600000  1.177896e-035
839.800000  3.464444e-035
840.000000  3.238370e-035
840.200000  2.166499e-035
840.400000  3.868981e-035
840.600000  5.064100e-035
840.800000  3.443763e-035
841.000000  1.617673e-035
841.200000  3.789069e-035
841.400000  3.511247e-035
841.600000  1.959572e-035
841.800000  2.021924e-035
842.000000  4.300008e-035
842.200000  2.237834e-035
842.400000  -9.154728e-036
842.600000  8.273622e-036
842.800000  3.624161e-035
843.000000  1.134509e-035
843.200000  1.135813e-035
843.400000  4.931237e-035
843.600000  6.494216e-035
843.800000  2.306856e-035
844.000000  3.183634e-035
844.200000  1.132872e-034
844.400000  1.029168e-034
844.600000  4.105152e-035
844.800000  6.421784e-035
845.000000  1.242294e-034
845.200000  1.223951e-034
845.400000  1.240626e-034
845.600000  1.977372e-034
845.800000  2.240316e-034
846.000000  1.486074e-034
846.200000  1.779942e-034
846.400000  2.508931e-034
846.600000  1.932088e-034
846.800000  1.186305e-034
847.000000  1.511086e-034
847.200000  1.555693e-034
847.400000  9.422601e-035
847.600000  9.400133e-035
847.800000  2.237310e-034
848.000000  2.595919e-034
848.200000  1.879787e-034
848.400000  1.686808e-034
848.600000  3.077451e-034
848.800000  2.546995e-034
849.000000  1.862164e-034
849.200000  3.021963e-034
849.400000  4.905071e-034
849.600000  4.766855e-034
849.800000  3.593488e-034
850.000000  5.994510e-034
850.200000  5.938694e-034
850.400000  3.109242e-034
850.600000  4.408021e-034
850.800000  4.999805e-034
851.000000  2.270020e-034
851.200000  2.091862e-035
851.400000  2.765854e-034
851.600000  6.066297e-034
851.800000  4.192272e-034
852.000000  4.714501e-034
852.200000  1.006410e-033
852.400000  1.244663e-033
852.600000  9.249300e-034
852.800000  1.020020e-033
853.000000  1.133993e-033
853.200000  8.483423e-034
853.400000  7.009310e-034
853.600000  1.153284e-033
853.800000  1.414653e-033
854.000000  8.779150e-034
854.200000  6.385742e-034
854.400000  1.192088e-033
854.600000  1.305808e-033
854.800000  1.174115e-033
855.000000  1.711092e-033
855.200000  2.186496e-033
855.400000  1.803045e-033
855.600000  1.749242e-033
855.800000  2.229177e-033
856.000000  2.298032e-033
856.200000  1.745147e-033
856.400000  1.310824e-033
856.600000  2.584295e-033
856.800000  2.483507e-033
857.000000  2.373966e-033
857.200000  3.699995e-033
857.400000  5.365868e-033
857.600000  4.622141e-033
857.800000  4.211364e-033
858.000000  5.656297e-033
858.200000  5.939615e-033
858.400000  5.020347e-033
858.600000  6.224147e-033
858.800000  8.081526e-033
859.000000  6.434065e-033
859.200000  4.758838e-033
859.400000  5.966164e-033
859.600000  8.054002e-033
859.800000  6.736106e-033
860.000000  5.620076e-033
860.200000  9.004067e-033
860.400000  8.958930e-033
860.600000  6.428955e-033
860.800000  7.002267e-033
861.000000  1.021432e-032
861.200000  8.681520e-033
861.400000  6.636266e-033
861.600000  9.612260e-033
861.800000  1.139451e-032
862.000000  8.328819e-033
862.200000  8.354718e-033
862.400000  1.444932e-032
862.600000  1.438058e-032
862.800000  1.184177e-032
863.000000  1.614564e-032
863.200000  2.422552e-032
863.400000  2.514075e-032
863.600000  2.446391e-032
863.800000  3.283014e-032
864.000000  4.169373e-032
864.200000  3.886125e-032
864.400000  3.479793e-032
864.600000  4.022434e-032
864.800000  3.693046e-032
865.000000  2.598127e-032
865.200000  2.267270e-032
865.400000  3.232959e-032
865.600000  3.266542e-032
865.800000  2.921244e-032
866.000000  4.655809e-032
866.200000  5.387586e-032
866.400000  4.956367e-032
866.600000  4.675451e-032
866.800000  5.591428e-032
867.000000  5.799633e-032
867.200000  4.844380e-032
867.400000  5.679721e-032
867.600000  7.230288e-032
867.800000  6.732525e-032
868.000000  6.189729e-032
868.200000  7.345233e-032
868.400000  6.765269e-032
868.600000  5.200899e-032
868.800000  5.205838e-032
869.000000  6.932118e-032
869.200000  6.657359e-032
869.400000  6.304172e-032
869.600000  8.117719e-032
869.800000  1.098936e-031
870.000000  9.644925e-032
870.200000  8.823460e-032
870.400000  1.195934e-031
870.600000  1.317335e-031
870.800000  1.100118e-031
871.000000  1.116603e-031
871.200000  1.535519e-031
871.400000  1.582914e-031
871.600000  1.570542e-031
871.800000  1.795199e-031
872.000000  2.193519e-031
872.200000  1.951075e-031
872.400000  1.880427e-031
872.600000  2.371167e-031
872.800000  2.527079e-031
873.000000  2.146816e-031
873.200000  2.291871e-031
873.400000  2.867953e-031
873.600000  2.697536e-031
873.800000  2.301280e-031
874.000000  3.195581e-031
874.200000  3.891888e-031
874.400000  3.381387e-031
874.600000  3.565277e-031
874.800000  4.639986e-031
875.000000  4.472343e-031
875.200000  3.612181e-031
875.400000  4.252376e-031
875.600000  5.474216e-031
875.800000  5.209187e-031
876.000000  4.517519e-031
876.200000  5.134093e-031
876.400000  5.854230e-031
876.600000  5.816962e-031
876.800000  6.414181e-031
877.000000  8.316470e-031
877.200000  8.791361e-031
877.400000  9.228212e-031
877.600000  1.003999e-030
877.800000  1.115328e-030
878.000000  1.028474e-030
878.200000  9.656550e-031
878.400000  1.325073e-030
878.600000  1.556831e-030
878.800000  1.489035e-030
879.000000  1.435398e-030
879.200000  1.816435e-030
879.400000  1.868980e-030
879.600000  1.724802e-030
879.800000  1.893806e-030
880.000000  2.224620e-030
880.200000  2.182402e-030
880.400000  2.168054e-030
880.600000  2.720222e-030
880.800000  3.044020e-030
881.000000  2.928204e-030
881.200000  3.085037e-030
881.400000  3.402412e-030
881.600000  3.406493e-030
881.800000  3.353402e-030
882.000000  3.969446e-030
882.200000  4.799448e-030
882.400000  4.860218e-030
882.600000  4.552213e-030
882.800000  5.280862e-030
883.000000  5.600635e-030
883.200000  5.358170e-030
883.400000  5.803820e-030
883.600000  7.109210e-030
883.800000  7.804477e-030
884.000000  7.916034e-030
884.200000  8.863863e-030
884.400000  9.429813e-030
884.600000  8.410495e-030
884.800000  7.658986e-030
885.000000  8.267306e-030
885.200000  8.019923e-030
885.400000  7.316037e-030
885.600000  7.725773e-030
885.800000  9.744366e-030
886.000000  1.061707e-029
886.200000  1.086821e-029
886.400000  1.288299e-029
886.600000  1.473688e-029
886.800000  1.486450e-029
887.000000  1.578968e-029
887.200000  1.869991e-029
887.400000  1.883268e-029
887.600000  1.814563e-029
887.800000  1.942487e-029
888.000000  2.249400e-029
888.200000  2.355593e-029
888.400000  2.293547e-029
888.600000  2.682455e-029
888.800000  2.943937e-029
889.000000  3.003512e-029
889.200000  3.056669e-029
889.400000  3.376179e-029
889.600000  3.358609e-029
889.800000  3.233411e-029
890.000000  3.475316e-029
890.200000  3.919086e-029
890.400000  3.731549e-029
890.600000  3.449589e-029
890.800000  3.875258e-029
891.000000  4.282515e-029
891.200000  4.411475e-029
891.400000  4.668560e-029
891.600000  5.449813e-029
891.800000  5.527100e-029
892.000000  5.287330e-029
892.200000  5.366225e-029
892.400000  6.124812e-029
892.600000  5.973138e-029
892.800000  5.910512e-029
893.000000  6.898547e-029
893.200000  7.583374e-029
893.400000  7.466466e-029
893.600000  8.067869e-029
893.800000  9.592333e-029
894.000000  1.064456e-028
894.200000  1.104851e-028
894.400000  1.240786e-028
894.600000  1.340120e-028
894.800000  1.268955e-028
895.000000  1.240377e-028
895.200000  1.354045e-028
895.400000  1.494649e-028
895.600000  1.536884e-028
895.800000  1.534259e-028
896.000000  1.580313e-028
896.200000  1.567439e-028
896.400000  1.532936e-028
896.600000  1.731517e-028
896.800000  1.856171e-028
897.000000  1.868793e-028
897.200000  2.012341e-028
897.400000  2.238088e-028
897.600000  2.308496e-028
897.800000  2.429456e-028
898.000000  2.759881e-028
898.200000  3.230348e-028
898.400000  3.248335e-028
898.600000  3.171843e-028
898.800000  3.349989e-028
899.000000  3.577952e-028
899.200000  3.507343e-028
899.400000  3.602663e-028
899.600000  4.152330e-028
899.800000  4.454200e-028
900.000000  4.510579e-028
900.200000  4.860010e-028
900.400000  5.361843e-028
900.600000  5.605197e-028
900.800000  5.773046e-028
901.000000  6.624170e-028
901.200000  7.204095e-028
901.400000  7.305011e-028
901.600000  7.633947e-028
901.800000  8.619559e-028
902.000000  9.083094e-028
902.200000  9.140973e-028
902.400000  9.798414e-028
902.600000  1.079751e-027
902.800000  1.101633e-027
903.000000  1.104409e-027
903.200000  1.183654e-027
903.400000  1.252455e-027
903.600000  1.293014e-027
903.800000  1.328761e-027
904.000000  1.446986e-027
904.200000  1.554880e-027
904.400000  1.599326e-027
904.600000  1.738527e-027
904.800000  1.986163e-027
905.000000  2.104893e-027
905.200000  2.216635e-027
905.400000  2.429754e-027
905.600000  2.485397e-027
905.800000  2.517263e-027
906.000000  2.556451e-027
906.200000  2.805721e-027
906.400000  2.951424e-027
906.600000  3.062353e-027
906.800000  3.310160e-027
907.000000  3.607709e-027
907.200000  3.683168e-027
907.400000  3.724817e-027
907.600000  3.917766e-027
907.800000  4.061852e-027
908.000000  4.057989e-027
908.200000  4.255483e-027
908.400000  4.661576e-027
908.600000  4.705878e-027
908.800000  4.528435e-027
909.000000  4.711527e-027
909.200000  5.084530e-027
909.400000  5.195143e-027
909.600000  5.367363e-027
909.800000  6.130879e-027
910.000000  6.776100e-027
910.200000  7.009778e-027
910.400000  7.396845e-027
910.600000  8.358294e-027
910.800000  9.113348e-027
911.000000  9.847894e-027
911.200000  1.116930e-026
911.400000  1.290393e-026
911.600000  1.420037e-026
911.800000  1.577691e-026
912.000000  1.803690e-026
912.200000  2.052104e-026
912.400000  2.294247e-026
912.600000  2.606642e-026
912.800000  3.044075e-026
913.000000  3.472269e-026
913.200000  3.981253e-026
913.400000  4.695544e-026
913.600000  5.573812e-026
913.800000  6.696051e-026
914.000000  7.677499e-026
914.200000  8.777515e-026
914.400000  9.594885e-026
914.600000  9.849332e-026
914.800000  9.934030e-026
915.000000  1.020175e-025
915.200000  1.057692e-025
915.400000  1.124579e-025
915.600000  1.259852e-025
915.800000  1.462586e-025
916.000000  1.646765e-025
916.200000  1.840307e-025
916.400000  2.021482e-025
916.600000  2.085935e-025
916.800000  2.000931e-025
917.000000  1.861904e-025
917.200000  1.722097e-025
917.400000  1.579198e-025
917.600000  1.398640e-025
917.800000  1.266942e-025
918.000000  1.131401e-025
918.200000  9.910785e-026
918.400000  9.152596e-026
918.600000  9.359406e-026
918.800000  1.012893e-025
919.000000  1.122078e-025
919.200000  1.274106e-025
919.400000  1.437034e-025
919.600000  1.580475e-025
919.800000  1.731260e-025
920.000000  1.890670e-025
920.200000  1.932757e-025
920.400000  1.776617e-025
920.600000  1.530109e-025
920.800000  1.309836e-025
921.000000  1.116778e-025
921.200000  9.970144e-026
921.400000  9.948084e-026
921.600000  1.056350e-025
921.800000  1.159815e-025
922.000000  1.344001e-025
922.200000  1.591024e-025
922.400000  1.787200e-025
922.600000  1.834285e-025
922.800000  1.857809e-025
923.000000  1.937822e-025
923.200000  1.986259e-025
923.400000  2.056276e-025
923.600000  2.208909e-025
923.800000  2.393738e-025
924.000000  2.526876e-025
924.200000  2.645191e-025
924.400000  2.801064e-025
924.600000  3.042134e-025
924.800000  3.490851e-025
925.000000  4.295552e-025
925.200000  5.277443e-025
925.400000  6.238270e-025
925.600000  7.137213e-025
925.800000  8.105719e-025
926.000000  8.963927e-025
926.200000  9.265930e-025
926.400000  9.448918e-025
926.600000  1.013357e-024
926.800000  1.105110e-024
927.000000  1.174117e-024
927.200000  1.207878e-024
927.400000  1.216897e-024
927.600000  1.191823e-024
927.800000  1.171145e-024
928.000000  1.230632e-024
928.200000  1.356325e-024
928.400000  1.427992e-024
928.600000  1.491912e-024
928.800000  1.600955e-024
929.000000  1.738766e-024
929.200000  1.898944e-024
929.400000  2.111500e-024
929.600000  2.332503e-024
929.800000  2.437158e-024
930.000000  2.532440e-024
930.200000  2.761906e-024
930.400000  3.142171e-024
930.600000  3.389775e-024
930.800000  3.491644e-024
931.000000  3.417980e-024
931.200000  3.221557e-024
931.400000  3.008875e-024
931.600000  2.989685e-024
931.800000  3.095890e-024
932.000000  3.103308e-024
932.200000  3.034861e-024
932.400000  2.973718e-024
932.600000  3.085293e-024
932.800000  3.339938e-024
933.000000  3.680449e-024
933.200000  3.974449e-024
933.400000  4.009327e-024
933.600000  3.936282e-024
933.800000  4.275802e-024
934.000000  4.992125e-024
934.200000  5.677550e-024
934.400000  6.165030e-024
934.600000  6.534926e-024
934.800000  6.787545e-024
935.000000  6.935176e-024
935.200000  7.237649e-024
935.400000  7.750183e-024
935.600000  8.093181e-024
935.800000  8.397726e-024
936.000000  9.516403e-024
936.200000  1.248518e-023
936.400000  1.629816e-023
936.600000  1.985086e-023
936.800000  2.159421e-023
937.000000  2.126909e-023
937.200000  2.041206e-023
937.400000  2.016644e-023
937.600000  2.018921e-023
937.800000  1.916511e-023
938.000000  1.752380e-023
938.200000  1.682602e-023
938.400000  1.722618e-023
938.600000  1.772533e-023
938.800000  1.850443e-023
939.000000  2.077065e-023
939.200000  2.371028e-023
939.400000  2.666147e-023
939.600000  3.008788e-023
939.800000  3.454756e-023
940.000000  3.948518e-023
940.200000  4.405167e-023
940.400000  4.798759e-023
940.600000  5.096569e-023
940.800000  5.349283e-023
941.000000  5.846056e-023
941.200000  6.654542e-023
941.400000  7.498165e-023
941.600000  7.983280e-023
941.800000  8.079853e-023
942.000000  7.755668e-023
942.200000  6.953567e-023
942.400000  6.016063e-023
942.600000  5.338219e-023
942.800000  5.019283e-023
943.000000  4.625661e-023
943.200000  4.003093e-023
943.400000  3.499047e-023
943.600000  3.026153e-023
943.800000  2.954556e-023
944.000000  3.198068e-023
944.200000  3.617723e-023
944.400000  3.715268e-023
944.600000  3.449423e-023
944.800000  3.284433e-023
945.000000  3.098390e-023
945.200000  2.964265e-023
945.400000  2.973752e-023
945.600000  3.093151e-023
945.800000  3.031649e-023
946.000000  2.673041e-023
946.200000  2.254941e-023
946.400000  1.948516e-023
946.600000  1.706491e-023
946.800000  1.615442e-023
947.000000  1.647150e-023
947.200000  1.692827e-023
947.400000  1.674399e-023
947.600000  1.722844e-023
947.800000  1.980919e-023
948.000000  2.283624e-023
948.200000  2.557242e-023
948.400000  2.782257e-023
948.600000  2.888262e-023
948.800000  2.719551e-023
949.000000  2.558729e-023
949.200000  2.591520e-023
949.400000  2.656326e-023
949.600000  2.644384e-023
949.800000  2.754231e-023
950.000000  3.085934e-023
950.200000  3.322170e-023
950.400000  3.410854e-023
950.600000  3.489774e-023
950.800000  3.562071e-023
951.000000  3.643304e-023
951.200000  3.921000e-023
951.400000  4.469921e-023
951.600000  4.747941e-023
951.800000  4.512864e-023
952.000000  4.103802e-023
952.200000  3.758711e-023
952.400000  3.252074e-023
952.600000  2.756617e-023
952.800000  2.743977e-023
953.000000  2.921567e-023
953.200000  2.873172e-023
953.400000  2.841964e-023
953.600000  3.183387e-023
953.800000  3.404535e-023
954.000000  3.367890e-023
954.200000  3.477792e-023
954.400000  4.044339e-023
954.600000  4.187466e-023
954.800000  4.600386e-023
955.000000  5.640348e-023
955.200000  6.716591e-023
955.400000  8.254168e-023
955.600000  8.878219e-023
955.800000  8.547136e-023
956.000000  7.479318e-023
956.200000  5.950601e-023
956.400000  4.946264e-023
956.600000  4.945128e-023
956.800000  5.798099e-023
957.000000  6.433058e-023
957.200000  7.125622e-023
957.400000  8.503587e-023
957.600000  1.002141e-022
957.800000  1.088755e-022
958.000000  1.221410e-022
958.200000  1.329489e-022
958.400000  1.414924e-022
958.600000  1.443404e-022
958.800000  1.542536e-022
959.000000  1.644663e-022
959.200000  1.627889e-022
959.400000  1.526352e-022
959.600000  1.439195e-022
959.800000  1.350311e-022
960.000000  1.190612e-022
960.200000  1.068729e-022
960.400000  9.641573e-023
960.600000  8.596745e-023
960.800000  7.115868e-023
961.000000  6.634476e-023
961.200000  7.024413e-023
961.400000  5.827552e-023
961.600000  4.565189e-023
961.800000  4.550659e-023
962.000000  4.592343e-023
962.200000  3.211021e-023
962.400000  2.462102e-023
962.600000  2.514056e-023
962.800000  2.327646e-023
963.000000  9.109476e-024
963.200000  9.465120e-024
963.400000  1.556134e-023
963.600000  1.142246e-023
963.800000  1.257333e-023
964.000000  2.220630e-023
964.200000  2.887598e-023
964.400000  1.611125e-023
964.600000  1.879388e-023
964.800000  3.215200e-023
965.000000  3.618477e-023
965.200000  2.388373e-023
965.400000  3.564671e-023
965.600000  4.307799e-023
965.800000  2.478537e-023
966.000000  2.492587e-023
966.200000  6.089982e-023
966.400000  2.096840e-023
966.600000  2.784125e-023
966.800000  7.498776e-023
967.000000  6.772020e-023
967.200000  2.397091e-023
967.400000  1.106942e-022
967.600000  1.595344e-022
967.800000  2.948312e-022
968.000000  6.744174e-022
968.200000  2.188639e-021
968.400000  8.887612e-021
968.600000  1.491011e-020
968.800000  1.258532e-020
969.000000  4.007525e-021
969.200000  1.764468e-021
969.400000  6.497800e-022
969.600000  2.857760e-022
969.800000  3.060773e-022
970.000000  1.269931e-022
970.200000  7.257957e-023
970.400000  1.052319e-022
970.600000  9.310435e-023
970.800000  5.323650e-023
971.000000  -5.578611e-023
971.200000  5.322284e-023
971.400000  1.954616e-022
971.600000  1.031659e-022
971.800000  8.128067e-023
972.000000  6.768900e-023
972.200000  2.865536e-023
972.400000  2.439661e-022
972.600000  1.592967e-022
972.800000  1.396499e-022
973.000000  1.864044e-022
973.200000  1.469564e-022
973.400000  1.744994e-022
973.600000  2.852632e-022
973.800000  2.090034e-022
974.000000  2.865744e-022
974.200000  1.304788e-022
974.400000  1.639407e-022
974.600000  1.154610e-022
974.800000  1.182689e-022
975.000000  1.671303e-022
975.200000  2.153197e-022
975.400000  1.586365e-022
975.600000  1.603537e-022
975.800000  1.896327e-022
976.000000  1.423830e-022
976.200000  6.432921e-023
976.400000  1.502677e-022
976.600000  2.348648e-022
976.800000  2.381341e-022
977.000000  3.020206e-022
977.200000  5.094589e-022
977.400000  6.414540e-022
977.600000  6.428554e-022
977.800000  7.295404e-022
978.000000  8.639247e-022
978.200000  8.123900e-022
978.400000  7.016116e-022
978.600000  8.083487e-022
978.800000  9.321777e-022
979.000000  9.092667e-022
979.200000  9.827752e-022
979.400000  1.098576e-021
979.600000  1.185846e-021
979.800000  9.648227e-022
980.000000  9.523537e-022
980.200000  7.987681e-022
980.400000  7.140685e-022
980.600000  6.714044e-022
980.800000  6.462246e-022
981.000000  4.992448e-022
981.200000  4.653291e-022
981.400000  5.670049e-022
981.600000  7.374810e-022
981.800000  9.297365e-022
982.000000  1.155756e-021
982.200000  1.009583e-021
982.400000  9.108837e-022
982.600000  8.030157e-022
982.800000  7.404042e-022
983.000000  6.602934e-022
983.200000  5.284525e-022
983.400000  5.321914e-022
983.600000  5.006887e-022
983.800000  5.374847e-022
984.000000  4.926768e-022
984.200000  4.337275e-022
984.400000  4.911929e-022
984.600000  4.335793e-022
984.800000  3.907003e-022
985.000000  3.818051e-022
985.200000  4.260138e-022
985.400000  5.054869e-022
985.600000  5.037217e-022
985.800000  5.836414e-022
986.000000  6.288554e-022
986.200000  7.468743e-022
986.400000  8.019106e-022
986.600000  6.998853e-022
986.800000  6.351617e-022
987.000000  5.688458e-022
987.200000  6.362412e-022
987.400000  6.690752e-022
987.600000  6.302081e-022
987.800000  6.046659e-022
988.000000  6.614663e-022
988.200000  5.676951e-022
988.400000  5.231023e-022
988.600000  4.880921e-022
988.800000  5.593163e-022
989.000000  5.259563e-022
989.200000  5.245899e-022
989.400000  5.584815e-022
989.600000  6.807894e-022
989.800000  6.952299e-022
990.000000  6.031698e-022
990.200000  5.314869e-022
990.400000  4.929762e-022
990.600000  4.820030e-022
990.800000  3.991332e-022
991.000000  3.880418e-022
991.200000  3.726661e-022
991.400000  3.907452e-022
991.600000  4.319188e-022
991.800000  4.336369e-022
992.000000  4.588907e-022
992.200000  5.760657e-022
992.400000  7.089108e-022
992.600000  9.051104e-022
992.800000  1.022229e-021
993.000000  8.933896e-022
993.200000  8.135776e-022
993.400000  7.691528e-022
993.600000  8.300981e-022
993.800000  9.386596e-022
994.000000  9.307444e-022
994.200000  8.581330e-022
994.400000  8.473036e-022
994.600000  7.822630e-022
994.800000  7.771916e-022
995.000000  7.484354e-022
995.200000  7.100544e-022
995.400000  7.264373e-022
995.600000  7.770539e-022
995.800000  7.959341e-022
996.000000  8.087393e-022
996.200000  8.611181e-022
996.400000  9.286931e-022
996.600000  1.009101e-021
996.800000  1.079807e-021
997.000000  1.189485e-021
997.200000  1.349231e-021
997.400000  1.503360e-021
997.600000  1.769799e-021
997.800000  2.058576e-021
998.000000  2.253343e-021
998.200000  2.188286e-021
998.400000  2.009320e-021
998.600000  2.015757e-021
998.800000  2.154139e-021
999.000000  2.495109e-021
999.200000  2.934578e-021
999.400000  2.828719e-021
999.600000  2.735980e-021
999.800000  2.921151e-021
1000.000000  3.353888e-021
1000.200000  3.120943e-021
1000.400000  3.034806e-021
1000.600000  3.205369e-021
1000.800000  3.011811e-021
1001.000000  2.450801e-021
1001.200000  2.131080e-021
1001.400000  2.001565e-021
1001.600000  2.021300e-021
1001.800000  2.090058e-021
1002.000000  2.072801e-021
1002.200000  1.915906e-021
1002.400000  1.799039e-021
1002.600000  1.646290e-021
1002.800000  1.616993e-021
1003.000000  1.744297e-021
1003.200000  2.073249e-021
1003.400000  2.620761e-021
1003.600000  3.265047e-021
1003.800000  3.756277e-021
1004.000000  3.905423e-021
1004.200000  3.888847e-021
1004.400000  3.778898e-021
1004.600000  3.689235e-021
1004.800000  3.738529e-021
1005.000000  3.644071e-021
1005.200000  3.773402e-021
1005.400000  3.829777e-021
1005.600000  3.863359e-021
1005.800000  3.780093e-021
1006.000000  4.176235e-021
1006.200000  4.855681e-021
1006.400000  5.361734e-021
1006.600000  5.304924e-021
1006.800000  4.826404e-021
1007.000000  4.669775e-021
1007.200000  4.868316e-021
1007.400000  5.182778e-021
1007.600000  5.174047e-021
1007.800000  4.852736e-021
1008.000000  4.289757e-021
1008.200000  3.855566e-021
1008.400000  3.571446e-021
1008.600000  3.286759e-021
1008.800000  2.934027e-021
1009.000000  2.587578e-021
1009.200000  2.394309e-021
1009.400000  2.194353e-021
1009.600000  2.090474e-021
1009.800000  2.125983e-021
1010.000000  2.293337e-021
1010.200000  2.595973e-021
1010.400000  2.835415e-021
1010.600000  3.009595e-021
1010.800000  2.935028e-021
1011.000000  2.665074e-021
1011.200000  2.448738e-021
1011.400000  2.472372e-021
1011.600000  2.599856e-021
1011.800000  2.788990e-021
1012.000000  3.091960e-021
1012.200000  3.296146e-021
1012.400000  3.289929e-021
1012.600000  3.131959e-021
1012.800000  2.966553e-021
1013.000000  2.914845e-021
1013.200000  3.010463e-021
1013.400000  2.937266e-021
1013.600000  2.963992e-021
1013.800000  2.776119e-021
1014.000000  2.597421e-021
1014.200000  2.362926e-021
1014.400000  2.205946e-021
1014.600000  2.186572e-021
1014.800000  2.277408e-021
1015.000000  2.304365e-021
1015.200000  2.246358e-021
1015.400000  2.240880e-021
1015.600000  2.096067e-021
1015.800000  2.009977e-021
1016.000000  2.017984e-021
1016.200000  1.980150e-021
1016.400000  1.889819e-021
1016.600000  1.784557e-021
1016.800000  1.704259e-021
1017.000000  1.699394e-021
1017.200000  1.793953e-021
1017.400000  1.979003e-021
1017.600000  2.179238e-021
1017.800000  2.330730e-021
1018.000000  2.428421e-021
1018.030000  2.462462e-021
1018.060000  2.510863e-021
1018.090000  2.585671e-021
1018.120000  2.665031e-021
1018.150000  2.729291e-021
1018.180000  2.764240e-021
1018.210000  2.761217e-021
1018.240000  2.718833e-021
1018.270000  2.646761e-021
1018.300000  2.575188e-021
1018.330000  2.527272e-021
1018.360000  2.499166e-021
1018.390000  2.486924e-021
1018.420000  2.492794e-021
1018.450000  2.520117e-021
1018.480000  2.585871e-021
1018.510000  2.689583e-021
1018.540000  2.790198e-021
1018.570000  2.859228e-021
1018.600000  2.883685e-021
1018.630000  2.843887e-021
1018.660000  2.767049e-021
1018.690000  2.705044e-021
1018.720000  2.683298e-021
1018.750000  2.699238e-021
1018.780000  2.748003e-021
1018.810000  2.819860e-021
1018.840000  2.901307e-021
1018.870000  2.991055e-021
1018.900000  3.089482e-021
1018.930000  3.181536e-021
1018.960000  3.236297e-021
1018.990000  3.256213e-021
1019.020000  3.248434e-021
1019.050000  3.211583e-021
1019.080000  3.159847e-021
1019.110000  3.119759e-021
1019.140000  3.096063e-021
1019.170000  3.078006e-021
1019.200000  3.080602e-021
1019.230000  3.111101e-021
1019.260000  3.159943e-021
1019.290000  3.214733e-021
1019.320000  3.294331e-021
1019.350000  3.411385e-021
1019.380000  3.555988e-021
1019.410000  3.705420e-021
1019.440000  3.837336e-021
1019.470000  3.936757e-021
1019.500000  3.970920e-021
1019.530000  3.942580e-021
1019.560000  3.902706e-021
1019.590000  3.891585e-021
1019.620000  3.901339e-021
1019.650000  3.923702e-021
1019.680000  3.989438e-021
1019.710000  4.108373e-021
1019.740000  4.212350e-021
1019.770000  4.248956e-021
1019.800000  4.254136e-021
1019.830000  4.231168e-021
1019.860000  4.156830e-021
1019.890000  4.118007e-021
1019.920000  4.182271e-021
1019.950000  4.273387e-021
1019.980000  4.310559e-021
1020.010000  4.289176e-021
1020.040000  4.204898e-021
1020.070000  4.068920e-021
1020.100000  3.941449e-021
1020.130000  3.854873e-021
1020.160000  3.808956e-021
1020.190000  3.795098e-021
1020.220000  3.804777e-021
1020.250000  3.842169e-021
1020.280000  3.899685e-021
1020.310000  3.926707e-021
1020.340000  3.887639e-021
1020.370000  3.783362e-021
1020.400000  3.624490e-021
1020.430000  3.455567e-021
1020.460000  3.335438e-021
1020.490000  3.274385e-021
1020.520000  3.269018e-021
1020.550000  3.316870e-021
1020.580000  3.368347e-021
1020.610000  3.383320e-021
1020.640000  3.351366e-021
1020.670000  3.282954e-021
1020.700000  3.193994e-021
1020.730000  3.104650e-021
1020.760000  3.049847e-021
1020.790000  3.060347e-021
1020.820000  3.105244e-021
1020.850000  3.132956e-021
1020.880000  3.134931e-021
1020.910000  3.124266e-021
1020.940000  3.106858e-021
1020.970000  3.092971e-021
1021.000000  3.125986e-021
1021.030000  3.232658e-021
1021.060000  3.370049e-021
1021.090000  3.511666e-021
1021.120000  3.658870e-021
1021.150000  3.782240e-021
1021.180000  3.868435e-021
1021.210000  3.929157e-021
1021.240000  3.970740e-021
1021.270000  4.004865e-021
1021.300000  4.043916e-021
1021.330000  4.099886e-021
1021.360000  4.203799e-021
1021.390000  4.351916e-021
1021.420000  4.526374e-021
1021.450000  4.764703e-021
1021.480000  5.093545e-021
1021.510000  5.459147e-021
1021.540000  5.801174e-021
1021.570000  6.098682e-021
1021.600000  6.354805e-021
1021.630000  6.578989e-021
1021.660000  6.793834e-021
1021.690000  7.091588e-021
1021.720000  7.568398e-021
1021.750000  8.170378e-021
1021.780000  8.778633e-021
1021.810000  9.356226e-021
1021.840000  9.869363e-021
1021.870000  1.026336e-020
1021.900000  1.055066e-020
1021.930000  1.080588e-020
1021.960000  1.108471e-020
1021.990000  1.139431e-020
1022.020000  1.174668e-020
1022.050000  1.216606e-020
1022.080000  1.262827e-020
1022.110000  1.310568e-020
1022.140000  1.362125e-020
1022.170000  1.415964e-020
1022.200000  1.469032e-020
1022.230000  1.521898e-020
1022.260000  1.573982e-020
1022.290000  1.621729e-020
1022.320000  1.664136e-020
1022.350000  1.701593e-020
1022.380000  1.735590e-020
1022.410000  1.769257e-020
1022.440000  1.803365e-020
1022.470000  1.832903e-020
1022.500000  1.853018e-020
1022.530000  1.863450e-020
1022.560000  1.863111e-020
1022.590000  1.857453e-020
1022.620000  1.857658e-020
1022.650000  1.865728e-020
1022.680000  1.875422e-020
1022.710000  1.881567e-020
1022.740000  1.878250e-020
1022.770000  1.860131e-020
1022.800000  1.833160e-020
1022.830000  1.813152e-020
1022.860000  1.811209e-020
1022.890000  1.826124e-020
1022.920000  1.846663e-020
1022.950000  1.853146e-020
1022.980000  1.830897e-020
1023.010000  1.787403e-020
1023.040000  1.738363e-020
1023.070000  1.692841e-020
1023.100000  1.662245e-020
1023.130000  1.658221e-020
1023.160000  1.679011e-020
1023.190000  1.711909e-020
1023.220000  1.743380e-020
1023.250000  1.765626e-020
1023.280000  1.771484e-020
1023.310000  1.753175e-020
1023.340000  1.712935e-020
1023.370000  1.668020e-020
1023.400000  1.634315e-020
1023.430000  1.619129e-020
1023.460000  1.623718e-020
1023.490000  1.640746e-020
1023.520000  1.660648e-020
1023.550000  1.677036e-020
1023.580000  1.688145e-020
1023.610000  1.703434e-020
1023.640000  1.725328e-020
1023.670000  1.737549e-020
1023.700000  1.733202e-020
1023.730000  1.715102e-020
1023.760000  1.681074e-020
1023.790000  1.640997e-020
1023.820000  1.614625e-020
1023.850000  1.608185e-020
1023.880000  1.623668e-020
1023.910000  1.659090e-020
1023.940000  1.699888e-020
1023.970000  1.732786e-020
1024.000000  1.751430e-020
1024.030000  1.746099e-020
1024.060000  1.716474e-020
1024.090000  1.680024e-020
1024.120000  1.658601e-020
1024.150000  1.661238e-020
1024.180000  1.681977e-020
1024.210000  1.712696e-020
1024.240000  1.754356e-020
1024.270000  1.814796e-020
1024.300000  1.895443e-020
1024.330000  1.993940e-020
1024.360000  2.096389e-020
1024.390000  2.177984e-020
1024.420000  2.225857e-020
1024.450000  2.249651e-020
1024.480000  2.269732e-020
1024.510000  2.309224e-020
1024.540000  2.384108e-020
1024.570000  2.485220e-020
1024.600000  2.592251e-020
1024.630000  2.713030e-020
1024.660000  2.855590e-020
1024.690000  2.985510e-020
1024.720000  3.075968e-020
1024.750000  3.135277e-020
1024.780000  3.157656e-020
1024.810000  3.136570e-020
1024.840000  3.106040e-020
1024.870000  3.099657e-020
1024.900000  3.120356e-020
1024.930000  3.148527e-020
1024.960000  3.157583e-020
1024.990000  3.135525e-020
1025.020000  3.089748e-020
1025.050000  3.032371e-020
1025.080000  2.974428e-020
1025.110000  2.930826e-020
1025.140000  2.910314e-020
1025.170000  2.902562e-020
1025.200000  2.887002e-020
1025.230000  2.853457e-020
1025.260000  2.801197e-020
1025.290000  2.730252e-020
1025.320000  2.646520e-020
1025.350000  2.554362e-020
1025.380000  2.452556e-020
1025.410000  2.339494e-020
1025.440000  2.218417e-020
1025.470000  2.098422e-020
1025.500000  1.992320e-020
1025.530000  1.910473e-020
1025.560000  1.851641e-020
1025.590000  1.806098e-020
1025.620000  1.768670e-020
1025.650000  1.742890e-020
1025.680000  1.727635e-020
1025.710000  1.718287e-020
1025.740000  1.715060e-020
1025.770000  1.715537e-020
1025.800000  1.708475e-020
1025.830000  1.687170e-020
1025.860000  1.653536e-020
1025.890000  1.613936e-020
1025.920000  1.570306e-020
1025.950000  1.520316e-020
1025.980000  1.466780e-020
1026.010000  1.417302e-020
1026.040000  1.373827e-020
1026.070000  1.332558e-020
1026.100000  1.296040e-020
1026.130000  1.266463e-020
1026.160000  1.240758e-020
1026.190000  1.216127e-020
1026.220000  1.191599e-020
1026.250000  1.165824e-020
1026.280000  1.140488e-020
1026.310000  1.119719e-020
1026.340000  1.102580e-020
1026.370000  1.086324e-020
1026.400000  1.070220e-020
1026.430000  1.054525e-020
1026.460000  1.041863e-020
1026.490000  1.033360e-020
1026.520000  1.024278e-020
1026.550000  1.011303e-020
1026.580000  9.948212e-021
1026.610000  9.745894e-021
1026.640000  9.542714e-021
1026.670000  9.414970e-021
1026.700000  9.362998e-021
1026.730000  9.367360e-021
1026.760000  9.435504e-021
1026.790000  9.499693e-021
1026.820000  9.474970e-021
1026.850000  9.383837e-021
1026.880000  9.282607e-021
1026.910000  9.161650e-021
1026.940000  9.031955e-021
1026.970000  8.968137e-021
1027.000000  9.040058e-021
1027.030000  9.195532e-021
1027.060000  9.357065e-021
1027.090000  9.498906e-021
1027.120000  9.594245e-021
1027.150000  9.594435e-021
1027.180000  9.505628e-021
1027.210000  9.396888e-021
1027.240000  9.377261e-021
1027.270000  9.497839e-021
1027.300000  9.687705e-021
1027.330000  9.964628e-021
1027.360000  1.029660e-020
1027.390000  1.051214e-020
1027.420000  1.063371e-020
1027.450000  1.083651e-020
1027.480000  1.104986e-020
1027.510000  1.122301e-020
1027.540000  1.156951e-020
1027.570000  1.206944e-020
1027.600000  1.244328e-020
1027.630000  1.267405e-020
1027.660000  1.296300e-020
1027.690000  1.327757e-020
1027.720000  1.353699e-020
1027.750000  1.396208e-020
1027.780000  1.470488e-020
1027.810000  1.554780e-020
1027.840000  1.627244e-020
1027.870000  1.685796e-020
1027.900000  1.727687e-020
1027.930000  1.749754e-020
1027.960000  1.768293e-020
1027.990000  1.810953e-020
1028.020000  1.887335e-020
1028.050000  1.983939e-020
1028.080000  2.085813e-020
1028.110000  2.198148e-020
1028.140000  2.323240e-020
1028.170000  2.438879e-020
1028.200000  2.528592e-020
1028.230000  2.606966e-020
1028.260000  2.690827e-020
1028.290000  2.769055e-020
1028.320000  2.857107e-020
1028.350000  3.004080e-020
1028.380000  3.196541e-020
1028.410000  3.354266e-020
1028.440000  3.459843e-020
1028.470000  3.564984e-020
1028.500000  3.676548e-020
1028.530000  3.778580e-020
1028.560000  3.917602e-020
1028.590000  4.131515e-020
1028.620000  4.371849e-020
1028.650000  4.575347e-020
1028.680000  4.725959e-020
1028.710000  4.825059e-020
1028.740000  4.900255e-020
1028.770000  4.986513e-020
1028.800000  5.090064e-020
1028.830000  5.232762e-020
1028.860000  5.429316e-020
1028.890000  5.663177e-020
1028.920000  5.914401e-020
1028.950000  6.170900e-020
1028.980000  6.416642e-020
1029.010000  6.626297e-020
1029.040000  6.768142e-020
1029.070000  6.864132e-020
1029.100000  7.014477e-020
1029.130000  7.298882e-020
1029.160000  7.713466e-020
1029.190000  8.200080e-020
1029.220000  8.680295e-020
1029.250000  9.083533e-020
1029.280000  9.390082e-020
1029.310000  9.668485e-020
1029.340000  9.989697e-020
1029.370000  1.034601e-019
1029.400000  1.067567e-019
1029.430000  1.090815e-019
1029.460000  1.098804e-019
1029.490000  1.091928e-019
1029.520000  1.079737e-019
1029.550000  1.072975e-019
1029.580000  1.075621e-019
1029.610000  1.084576e-019
1029.640000  1.095128e-019
1029.670000  1.100832e-019
1029.700000  1.095679e-019
1029.730000  1.078584e-019
1029.760000  1.052645e-019
1029.790000  1.020909e-019
1029.820000  9.850580e-020
1029.850000  9.467825e-020
1029.880000  9.069564e-020
1029.910000  8.660495e-020
1029.940000  8.235683e-020
1029.970000  7.788105e-020
1030.000000  7.318899e-020
1030.030000  6.835791e-020
1030.060000  6.346161e-020
1030.090000  5.862182e-020
1030.120000  5.403570e-020
1030.150000  4.983885e-020
1030.180000  4.608985e-020
1030.210000  4.278287e-020
1030.240000  3.991611e-020
1030.270000  3.748154e-020
1030.300000  3.540016e-020
1030.330000  3.355604e-020
1030.360000  3.184545e-020
1030.390000  3.018755e-020
1030.420000  2.851007e-020
1030.450000  2.683329e-020
1030.480000  2.523671e-020
1030.510000  2.377617e-020
1030.540000  2.245237e-020
1030.570000  2.121833e-020
1030.600000  2.000642e-020
1030.630000  1.879977e-020
1030.660000  1.768730e-020
1030.690000  1.675826e-020
1030.720000  1.606046e-020
1030.750000  1.557773e-020
1030.780000  1.518745e-020
1030.810000  1.478903e-020
1030.840000  1.432962e-020
1030.870000  1.372211e-020
1030.900000  1.300346e-020
1030.930000  1.234305e-020
1030.960000  1.181782e-020
1030.990000  1.138938e-020
1031.020000  1.103982e-020
1031.050000  1.078205e-020
1031.080000  1.058621e-020
1031.110000  1.035175e-020
1031.140000  1.004703e-020
1031.170000  9.732384e-021
1031.200000  9.413695e-021
1031.230000  9.056906e-021
1031.260000  8.665342e-021
1031.290000  8.269692e-021
1031.320000  7.918987e-021
1031.350000  7.644675e-021
1031.380000  7.442657e-021
1031.410000  7.312155e-021
1031.440000  7.250559e-021
1031.470000  7.237938e-021
1031.500000  7.224558e-021
1031.530000  7.165821e-021
1031.560000  7.040192e-021
1031.590000  6.868011e-021
1031.620000  6.680843e-021
1031.650000  6.492252e-021
1031.680000  6.312650e-021
1031.710000  6.132685e-021
1031.740000  5.914736e-021
1031.770000  5.689306e-021
1031.800000  5.537491e-021
1031.830000  5.465728e-021
1031.860000  5.423690e-021
1031.890000  5.389559e-021
1031.920000  5.340553e-021
1031.950000  5.236533e-021
1031.980000  5.086360e-021
1032.010000  4.932378e-021
1032.040000  4.796608e-021
1032.070000  4.663649e-021
1032.100000  4.555976e-021
1032.130000  4.502233e-021
1032.160000  4.470368e-021
1032.190000  4.432743e-021
1032.220000  4.403860e-021
1032.250000  4.358735e-021
1032.280000  4.251960e-021
1032.310000  4.117552e-021
1032.340000  4.014417e-021
1032.370000  3.954866e-021
1032.400000  3.910030e-021
1032.430000  3.871999e-021
1032.460000  3.849965e-021
1032.490000  3.821909e-021
1032.520000  3.769229e-021
1032.550000  3.703746e-021
1032.580000  3.626823e-021
1032.610000  3.537194e-021
1032.640000  3.441973e-021
1032.670000  3.355468e-021
1032.700000  3.297252e-021
1032.730000  3.273098e-021
1032.760000  3.268896e-021
1032.790000  3.276504e-021
1032.820000  3.261492e-021
1032.850000  3.192968e-021
1032.880000  3.094258e-021
1032.910000  2.988903e-021
1032.940000  2.873759e-021
1032.970000  2.766037e-021
1033.000000  2.701412e-021
1033.030000  2.692750e-021
1033.060000  2.725037e-021
1033.090000  2.776439e-021
1033.120000  2.827336e-021
1033.150000  2.847356e-021
1033.180000  2.818319e-021
1033.210000  2.756165e-021
1033.240000  2.690040e-021
1033.270000  2.626025e-021
1033.300000  2.567777e-021
1033.330000  2.520539e-021
1033.360000  2.473708e-021
1033.390000  2.416943e-021
1033.420000  2.363561e-021
1033.450000  2.336503e-021
1033.480000  2.337772e-021
1033.510000  2.362004e-021
1033.540000  2.409910e-021
1033.570000  2.455555e-021
1033.600000  2.473122e-021
1033.630000  2.457829e-021
1033.660000  2.410181e-021
1033.690000  2.333887e-021
1033.720000  2.248506e-021
1033.750000  2.166316e-021
1033.780000  2.100629e-021
1033.810000  2.063953e-021
1033.840000  2.043667e-021
1033.870000  2.024904e-021
1033.900000  2.011064e-021
1033.930000  2.012504e-021
1033.960000  2.037005e-021
1033.990000  2.073429e-021
1034.020000  2.108550e-021
1034.050000  2.137765e-021
1034.080000  2.140119e-021
1034.110000  2.107076e-021
1034.140000  2.059915e-021
1034.170000  2.014287e-021
1034.200000  1.977531e-021
1034.230000  1.961907e-021
1034.260000  1.964680e-021
1034.290000  1.967142e-021
1034.320000  1.968923e-021
1034.350000  1.971921e-021
1034.380000  1.951547e-021
1034.410000  1.906622e-021
1034.440000  1.872279e-021
1034.470000  1.862453e-021
1034.500000  1.874576e-021
1034.530000  1.906353e-021
1034.560000  1.932067e-021
1034.590000  1.930709e-021
1034.620000  1.901914e-021
1034.650000  1.854325e-021
1034.680000  1.806532e-021
1034.710000  1.781804e-021
1034.740000  1.772863e-021
1034.770000  1.761951e-021
1034.800000  1.748258e-021
1034.830000  1.734213e-021
1034.860000  1.730084e-021
1034.890000  1.755027e-021
1034.920000  1.801640e-021
1034.950000  1.832318e-021
1034.980000  1.835194e-021
1035.010000  1.817983e-021
1035.040000  1.774852e-021
1035.070000  1.716404e-021
1035.100000  1.669742e-021
1035.130000  1.657437e-021
1035.160000  1.672724e-021
1035.190000  1.694412e-021
1035.220000  1.706737e-021
1035.250000  1.704728e-021
1035.280000  1.686045e-021
1035.310000  1.649034e-021
1035.340000  1.605033e-021
1035.370000  1.582488e-021
1035.400000  1.593118e-021
1035.430000  1.620909e-021
1035.460000  1.652493e-021
1035.490000  1.668894e-021
1035.520000  1.657700e-021
1035.550000  1.622653e-021
1035.580000  1.570107e-021
1035.610000  1.516393e-021
1035.640000  1.492237e-021
1035.670000  1.504166e-021
1035.700000  1.533489e-021
1035.730000  1.555090e-021
1035.760000  1.552587e-021
1035.790000  1.531751e-021
1035.820000  1.502946e-021
1035.850000  1.468278e-021
1035.880000  1.453282e-021
1035.910000  1.471990e-021
1035.940000  1.492376e-021
1035.970000  1.490615e-021
1036.000000  1.476918e-021
1036.030000  1.454251e-021
1036.060000  1.416455e-021
1036.090000  1.384198e-021
1036.120000  1.376770e-021
1036.150000  1.387087e-021
1036.180000  1.406742e-021
1036.210000  1.433245e-021
1036.240000  1.461298e-021
1036.270000  1.474358e-021
1036.300000  1.470615e-021
1036.330000  1.455603e-021
1036.360000  1.431941e-021
1036.390000  1.403814e-021
1036.420000  1.384645e-021
1036.450000  1.376219e-021
1036.480000  1.363865e-021
1036.510000  1.347321e-021
1036.540000  1.349250e-021
1036.570000  1.375728e-021
1036.600000  1.413813e-021
1036.630000  1.467329e-021
1036.660000  1.534808e-021
1036.690000  1.592249e-021
1036.720000  1.624504e-021
1036.750000  1.645932e-021
1036.780000  1.654891e-021
1036.810000  1.651512e-021
1036.840000  1.639828e-021
1036.870000  1.624399e-021
1036.900000  1.620190e-021
1036.930000  1.632003e-021
1036.960000  1.647407e-021
1036.990000  1.676684e-021
1037.020000  1.730192e-021
1037.050000  1.789060e-021
1037.080000  1.854311e-021
1037.110000  1.925702e-021
1037.140000  1.980130e-021
1037.170000  2.006665e-021
1037.200000  2.002532e-021
1037.230000  1.966698e-021
1037.260000  1.919505e-021
1037.290000  1.883159e-021
1037.320000  1.859211e-021
1037.350000  1.838612e-021
1037.380000  1.823814e-021
1037.410000  1.815832e-021
1037.440000  1.801524e-021
1037.470000  1.797708e-021
1037.500000  1.831206e-021
1037.530000  1.890250e-021
1037.560000  1.947561e-021
1037.590000  1.990225e-021
1037.620000  2.006110e-021
1037.650000  1.977173e-021
1037.680000  1.920471e-021
1037.710000  1.873184e-021
1037.740000  1.854173e-021
1037.770000  1.873456e-021
1037.800000  1.925282e-021
1037.830000  1.969667e-021
1037.860000  1.993369e-021
1037.890000  2.001170e-021
1037.920000  1.980363e-021
1037.950000  1.941981e-021
1037.980000  1.917910e-021
1038.010000  1.913008e-021
1038.040000  1.922532e-021
1038.070000  1.936378e-021
1038.100000  1.957452e-021
1038.130000  2.002015e-021
1038.160000  2.054420e-021
1038.190000  2.095233e-021
1038.220000  2.127087e-021
1038.250000  2.157236e-021
1038.280000  2.176717e-021
1038.310000  2.185090e-021
1038.340000  2.196826e-021
1038.370000  2.218714e-021
1038.400000  2.240949e-021
1038.430000  2.270077e-021
1038.460000  2.325467e-021
1038.490000  2.399640e-021
1038.520000  2.480976e-021
1038.550000  2.564127e-021
1038.580000  2.624223e-021
1038.610000  2.637832e-021
1038.640000  2.606461e-021
1038.670000  2.555858e-021
1038.700000  2.503157e-021
1038.730000  2.452696e-021
1038.760000  2.401594e-021
1038.790000  2.359317e-021
1038.820000  2.322728e-021
1038.850000  2.281734e-021
1038.880000  2.250969e-021
1038.910000  2.240436e-021
1038.940000  2.238813e-021
1038.970000  2.231794e-021
1039.000000  2.227011e-021
1039.030000  2.226123e-021
1039.060000  2.222299e-021
1039.090000  2.219268e-021
1039.120000  2.219062e-021
1039.150000  2.211129e-021
1039.180000  2.185938e-021
1039.210000  2.150651e-021
1039.240000  2.117312e-021
1039.270000  2.096741e-021
1039.300000  2.089787e-021
1039.330000  2.083825e-021
1039.360000  2.079769e-021
1039.390000  2.081083e-021
1039.420000  2.074717e-021
1039.450000  2.058589e-021
1039.480000  2.056665e-021
1039.510000  2.070629e-021
1039.540000  2.073411e-021
1039.570000  2.065655e-021
1039.600000  2.059417e-021
1039.630000  2.042132e-021
1039.660000  2.009606e-021
1039.690000  1.980387e-021
1039.720000  1.964809e-021
1039.750000  1.960100e-021
1039.780000  1.956150e-021
1039.810000  1.956305e-021
1039.840000  1.967714e-021
1039.870000  1.976847e-021
1039.900000  1.974744e-021
1039.930000  1.967608e-021
1039.960000  1.955528e-021
1039.990000  1.934676e-021
1040.020000  1.906641e-021
1040.050000  1.873633e-021
1040.080000  1.843908e-021
1040.110000  1.820714e-021
1040.140000  1.794746e-021
1040.170000  1.772995e-021
1040.200000  1.763338e-021
1040.230000  1.752366e-021
1040.260000  1.735110e-021
1040.290000  1.725760e-021
1040.320000  1.723996e-021
1040.350000  1.716837e-021
1040.380000  1.713921e-021
1040.410000  1.725006e-021
1040.440000  1.734023e-021
1040.470000  1.727679e-021
1040.500000  1.718095e-021
1040.530000  1.714370e-021
1040.560000  1.710714e-021
1040.590000  1.706783e-021
1040.620000  1.708613e-021
1040.650000  1.729529e-021
1040.680000  1.762074e-021
1040.710000  1.779943e-021
1040.740000  1.783988e-021
1040.770000  1.777168e-021
1040.800000  1.736241e-021
1040.830000  1.671320e-021
1040.860000  1.623712e-021
1040.890000  1.595676e-021
1040.920000  1.580421e-021
1040.950000  1.586715e-021
1040.980000  1.606457e-021
1041.010000  1.617269e-021
1041.040000  1.624906e-021
1041.070000  1.637650e-021
1041.100000  1.657569e-021
1041.130000  1.695001e-021
1041.160000  1.736589e-021
1041.190000  1.764052e-021
1041.220000  1.790393e-021
1041.250000  1.809795e-021
1041.280000  1.807979e-021
1041.310000  1.810733e-021
1041.340000  1.828051e-021
1041.370000  1.845949e-021
1041.400000  1.863646e-021
1041.430000  1.865642e-021
1041.460000  1.839492e-021
1041.490000  1.804649e-021
1041.520000  1.763513e-021
1041.550000  1.714291e-021
1041.580000  1.675519e-021
1041.610000  1.652983e-021
1041.640000  1.641440e-021
1041.670000  1.638746e-021
1041.700000  1.637906e-021
1041.730000  1.645163e-021
1041.760000  1.670884e-021
1041.790000  1.705260e-021
1041.820000  1.748417e-021
1041.850000  1.786925e-021
1041.880000  1.792651e-021
1041.910000  1.771373e-021
1041.940000  1.735894e-021
1041.970000  1.685488e-021
1042.000000  1.648370e-021
1042.200000  1.664057e-021
1042.400000  1.632763e-021
1042.600000  1.615125e-021
1042.800000  1.619971e-021
1043.000000  1.645164e-021
1043.200000  1.654722e-021
1043.400000  1.722957e-021
1043.600000  1.822749e-021
1043.800000  1.919970e-021
1044.000000  2.045549e-021
1044.200000  2.218088e-021
1044.400000  2.474253e-021
1044.600000  2.696557e-021
1044.800000  2.877974e-021
1045.000000  3.066672e-021
1045.200000  3.191837e-021
1045.400000  3.300554e-021
1045.600000  3.470707e-021
1045.800000  3.805551e-021
1046.000000  4.180071e-021
1046.200000  4.647415e-021
1046.400000  5.048594e-021
1046.600000  5.215622e-021
1046.800000  5.396960e-021
1047.000000  5.724340e-021
1047.200000  5.982224e-021
1047.400000  6.100230e-021
1047.600000  6.229695e-021
1047.800000  6.398777e-021
1048.000000  6.601960e-021
1048.200000  6.467361e-021
1048.400000  5.999653e-021
1048.600000  5.646806e-021
1048.800000  5.123713e-021
1049.000000  4.766515e-021
1049.200000  4.292539e-021
1049.400000  4.081233e-021
1049.600000  3.906400e-021
1049.800000  3.665918e-021
1050.000000  3.345389e-021
1050.200000  2.970190e-021
1050.400000  2.606518e-021
1050.600000  2.232458e-021
1050.800000  1.941851e-021
1051.000000  1.823468e-021
1051.200000  1.737159e-021
1051.400000  1.680442e-021
1051.600000  1.666861e-021
1051.800000  1.595918e-021
1052.000000  1.464867e-021
1052.200000  1.317479e-021
1052.400000  1.207760e-021
1052.600000  1.100132e-021
1052.800000  1.073526e-021
1053.000000  1.065896e-021
1053.200000  1.062580e-021
1053.400000  1.059256e-021
1053.600000  1.078189e-021
1053.800000  1.119730e-021
1054.000000  1.116158e-021
1054.200000  1.127656e-021
1054.400000  1.102605e-021
1054.600000  1.053102e-021
1054.800000  9.604678e-022
1055.000000  8.935612e-022
1055.200000  9.316998e-022
1055.400000  9.413315e-022
1055.600000  9.468940e-022
1055.800000  9.533426e-022
1056.000000  9.951881e-022
1056.200000  1.013987e-021
1056.400000  1.009966e-021
1056.600000  1.044649e-021
1056.800000  1.060610e-021
1057.000000  1.048979e-021
1057.200000  1.032619e-021
1057.400000  9.973866e-022
1057.600000  9.729889e-022
1057.800000  8.981083e-022
1058.000000  8.623499e-022
1058.200000  8.194308e-022
1058.400000  7.595700e-022
1058.600000  7.034440e-022
1058.800000  7.047014e-022
1059.000000  6.970618e-022
1059.200000  6.950482e-022
1059.400000  6.971905e-022
1059.600000  7.029057e-022
1059.800000  7.193498e-022
1060.000000  7.292676e-022
1060.200000  7.198134e-022
1060.400000  6.900367e-022
1060.600000  6.392821e-022
1060.800000  5.959098e-022
1061.000000  5.806018e-022
1061.200000  5.820483e-022
1061.400000  5.591971e-022
1061.600000  5.720357e-022
1061.800000  5.641590e-022
1062.000000  5.661947e-022
1062.200000  5.558874e-022
1062.400000  5.633434e-022
1062.600000  5.575382e-022
1062.800000  5.616869e-022
1063.000000  5.443819e-022
1063.200000  5.542733e-022
1063.400000  5.735706e-022
1063.600000  5.950255e-022
1063.800000  6.171269e-022
1064.000000  6.234774e-022
1064.200000  6.158562e-022
1064.400000  6.100456e-022
1064.600000  5.938688e-022
1064.800000  5.721740e-022
1065.000000  5.922393e-022
1065.200000  5.781360e-022
1065.400000  5.542234e-022
1065.600000  5.792223e-022
1065.800000  5.751721e-022
1066.000000  5.947184e-022
1066.200000  5.784001e-022
1066.400000  5.755643e-022
1066.600000  5.404436e-022
1066.800000  5.495663e-022
1067.000000  5.411498e-022
1067.200000  5.046629e-022
1067.400000  5.174789e-022
1067.600000  5.241412e-022
1067.800000  5.169035e-022
1068.000000  5.071762e-022
1068.200000  4.958814e-022
1068.400000  5.571102e-022
1068.600000  5.774918e-022
1068.800000  5.861081e-022
1069.000000  5.561891e-022
1069.200000  5.367938e-022
1069.400000  5.052140e-022
1069.600000  5.343692e-022
1069.800000  5.342449e-022
1070.000000  5.231874e-022
1070.200000  5.458742e-022
1070.400000  5.401258e-022
1070.600000  5.331131e-022
1070.800000  5.226381e-022
1071.000000  5.325407e-022
1071.200000  5.239291e-022
1071.400000  5.624607e-022
1071.600000  5.557479e-022
1071.800000  5.587866e-022
1072.000000  5.829542e-022
1072.200000  5.620391e-022
1072.400000  5.306607e-022
1072.600000  5.121859e-022
1072.800000  5.050686e-022
1073.000000  4.716468e-022
1073.200000  4.762082e-022
1073.400000  5.090213e-022
1073.600000  5.050487e-022
1073.800000  5.280928e-022
1074.000000  5.658180e-022
1074.200000  6.036130e-022
1074.400000  6.491296e-022
1074.600000  6.315440e-022
1074.800000  6.212716e-022
1075.000000  5.735726e-022
1075.200000  5.462651e-022
1075.400000  5.573436e-022
1075.600000  5.649155e-022
1075.800000  5.587018e-022
1076.000000  5.492639e-022
1076.200000  5.854617e-022
1076.400000  5.673413e-022
1076.600000  5.669022e-022
1076.800000  5.529209e-022
1077.000000  5.243913e-022
1077.200000  5.032373e-022
1077.400000  4.561792e-022
1077.600000  4.465711e-022
1077.800000  4.201017e-022
1078.000000  4.240579e-022
1078.200000  4.186104e-022
1078.400000  4.063313e-022
1078.600000  3.927287e-022
1078.800000  4.061093e-022
1079.000000  3.967146e-022
1079.200000  3.964303e-022
1079.400000  3.938610e-022
1079.600000  4.285207e-022
1079.800000  4.449368e-022
1080.000000  4.446946e-022
1080.200000  4.310229e-022
1080.400000  4.137194e-022
1080.600000  3.858831e-022
1080.800000  3.731029e-022
1081.000000  3.833104e-022
1081.200000  3.553674e-022
1081.400000  3.685408e-022
1081.600000  3.738265e-022
1081.800000  3.758220e-022
1082.000000  3.784814e-022
1082.200000  3.986654e-022
1082.400000  3.857990e-022
1082.600000  3.888050e-022
1082.800000  3.682807e-022
1083.000000  3.662984e-022
1083.200000  3.606589e-022
1083.400000  3.616568e-022
1083.600000  3.726376e-022
1083.800000  3.846372e-022
1084.000000  3.776591e-022
1084.200000  4.040311e-022
1084.400000  4.094130e-022
1084.600000  4.231607e-022
1084.800000  3.991282e-022
1085.000000  3.971522e-022
1085.200000  3.626601e-022
1085.400000  3.790977e-022
1085.600000  3.562773e-022
1085.800000  3.566056e-022
1086.000000  3.724092e-022
1086.200000  3.454777e-022
1086.400000  3.434366e-022
1086.600000  3.670295e-022
1086.800000  3.504847e-022
1087.000000  3.487796e-022
1087.200000  3.463943e-022
1087.400000  3.443430e-022
1087.600000  3.351028e-022
1087.800000  3.298819e-022
1088.000000  3.313057e-022
1088.200000  3.106765e-022
1088.400000  3.489905e-022
1088.600000  3.362036e-022
1088.800000  3.174293e-022
1089.000000  3.659845e-022
1089.200000  3.635895e-022
1089.400000  3.659738e-022
1089.600000  3.837531e-022
1089.800000  3.673308e-022
1090.000000  3.560178e-022
1090.200000  3.484562e-022
1090.400000  3.604476e-022
1090.600000  3.377228e-022
1090.800000  3.288157e-022
1091.000000  3.394097e-022
1091.200000  3.426496e-022
1091.400000  3.548614e-022
1091.600000  3.344070e-022
1091.800000  3.686409e-022
1092.000000  3.461552e-022
1092.200000  3.603174e-022
1092.400000  3.599545e-022
1092.600000  3.963472e-022
1092.800000  3.783150e-022
1093.000000  3.644181e-022
1093.200000  3.426718e-022
1093.400000  3.344934e-022
1093.600000  3.115645e-022
1093.800000  3.114659e-022
1094.000000  3.239305e-022
1094.200000  3.150050e-022
1094.400000  3.034756e-022
1094.600000  3.299989e-022
1094.800000  3.291797e-022
1095.000000  3.368428e-022
1095.200000  2.998141e-022
1095.400000  3.071476e-022
1095.600000  2.838041e-022
1095.800000  2.674199e-022
1096.000000  2.773844e-022
1096.200000  2.624796e-022
1096.400000  2.634601e-022
1096.600000  2.656782e-022
1096.800000  2.474337e-022
1097.000000  2.528249e-022
1097.200000  2.269920e-022
1097.400000  2.442123e-022
1097.600000  2.411001e-022
1097.800000  2.424207e-022
1098.000000  2.590973e-022
1098.200000  2.478786e-022
1098.400000  2.329005e-022
1098.600000  1.944090e-022
1098.800000  2.075703e-022
1099.000000  1.977266e-022
1099.200000  2.067334e-022
1099.400000  2.276673e-022
1099.600000  2.130528e-022
1099.800000  1.934664e-022
1100.000000  1.680338e-022
1100.200000  1.670737e-022
1100.400000  1.787238e-022
1100.600000  1.866186e-022
1100.800000  1.816046e-022
1101.000000  1.646916e-022
1101.200000  1.696736e-022
1101.400000  1.579524e-022
1101.600000  1.743896e-022
1101.800000  1.626872e-022
1102.000000  1.706166e-022
1102.200000  1.681631e-022
1102.400000  1.890198e-022
1102.600000  1.721703e-022
1102.800000  1.626640e-022
1103.000000  1.857535e-022
1103.200000  1.881055e-022
1103.400000  1.804813e-022
1103.600000  1.772909e-022
1103.800000  1.574915e-022
1104.000000  1.724261e-022
1104.200000  1.692192e-022
1104.400000  1.723362e-022
1104.600000  1.927812e-022
1104.800000  1.704125e-022
1105.000000  1.572487e-022
1105.200000  1.692156e-022
1105.400000  1.619810e-022
1105.600000  1.432918e-022
1105.800000  1.652200e-022
1106.000000  1.664751e-022
1106.200000  1.440868e-022
1106.400000  1.601304e-022
1106.600000  1.510364e-022
1106.800000  1.475110e-022
1107.000000  1.350939e-022
1107.200000  1.418859e-022
1107.400000  1.564047e-022
1107.600000  1.558407e-022
1107.800000  1.563158e-022
1108.000000  1.616263e-022
1108.200000  1.518337e-022
1108.400000  1.460841e-022
1108.600000  1.547182e-022
1108.800000  1.566867e-022
1109.000000  1.502157e-022
1109.200000  1.444434e-022
1109.400000  1.471934e-022
1109.600000  1.675914e-022
1109.800000  1.566822e-022
1110.000000  1.722843e-022
1110.200000  1.539975e-022
1110.400000  1.276699e-022
1110.600000  1.230062e-022
1110.800000  1.426635e-022
1111.000000  1.409449e-022
1111.200000  1.432979e-022
1111.400000  1.404813e-022
1111.600000  1.509643e-022
1111.800000  1.562832e-022
1112.000000  1.567646e-022
1112.200000  1.550864e-022
1112.400000  1.659233e-022
1112.600000  1.505815e-022
1112.800000  1.540231e-022
1113.000000  1.460218e-022
1113.200000  1.354932e-022
1113.400000  1.503997e-022
1113.600000  1.538529e-022
1113.800000  1.233379e-022
1114.000000  1.297530e-022
1114.200000  1.269248e-022
1114.400000  1.348472e-022
1114.600000  1.131695e-022
1114.800000  1.132710e-022
1115.000000  1.211253e-022
1115.200000  1.438981e-022
1115.400000  1.140376e-022
1115.600000  1.126775e-022
1115.800000  1.058454e-022
1116.000000  1.252162e-022
1116.200000  1.197720e-022
1116.400000  1.136614e-022
1116.600000  1.030170e-022
1116.800000  1.082938e-022
1117.000000  1.132314e-022
1117.200000  1.004646e-022
1117.400000  1.183611e-022
1117.600000  9.171397e-023
1117.800000  1.183011e-022
1118.000000  1.147116e-022
1118.200000  1.259492e-022
1118.400000  1.149949e-022
1118.600000  9.949658e-023
1118.800000  8.845977e-023
1119.000000  9.373554e-023
1119.200000  8.767943e-023
1119.400000  1.186022e-022
1119.600000  1.071900e-022
1119.800000  9.960007e-023
1120.000000  9.521481e-023
1120.200000  1.157662e-022
1120.400000  9.164977e-023
1120.600000  1.082598e-022
1120.800000  1.005576e-022
1121.000000  9.804545e-023
1121.200000  8.657165e-023
1121.400000  9.573241e-023
1121.600000  9.807095e-023
1121.800000  8.324277e-023
1122.000000  7.452595e-023
1122.200000  7.086674e-023
1122.400000  8.850371e-023
1122.600000  8.893994e-023
1122.800000  7.312291e-023
1123.000000  7.581328e-023
1123.200000  7.926480e-023
1123.400000  7.670549e-023
1123.600000  6.576623e-023
1123.800000  7.368863e-023
1124.000000  7.970730e-023
1124.200000  8.129782e-023
1124.400000  8.381167e-023
1124.600000  6.778200e-023
1124.800000  5.020009e-023
1125.000000  6.525394e-023
1125.200000  8.728346e-023
1125.400000  7.083764e-023
1125.600000  6.490504e-023
1125.800000  7.209130e-023
1126.000000  7.461429e-023
1126.200000  6.907247e-023
1126.400000  7.813899e-023
1126.600000  6.693183e-023
1126.800000  5.368201e-023
1127.000000  5.000462e-023
1127.200000  5.114320e-023
1127.400000  7.889207e-023
1127.600000  5.074684e-023
1127.800000  5.830905e-023
1128.000000  6.852815e-023
1128.200000  6.846681e-023
1128.400000  6.551263e-023
1128.600000  6.932227e-023
1128.800000  7.505685e-023
1129.000000  5.911012e-023
1129.200000  6.971117e-023
1129.400000  5.283099e-023
1129.600000  6.721336e-023
1129.800000  5.165377e-023
1130.000000  6.113672e-023
1130.200000  4.344960e-023
1130.400000  5.368186e-023
1130.600000  5.623893e-023
1130.800000  4.496507e-023
1131.000000  5.522573e-023
1131.200000  6.434950e-023
1131.400000  8.013644e-023
1131.600000  6.165341e-023
1131.800000  5.149220e-023
1132.000000  5.406285e-023
1132.200000  6.620887e-023
1132.400000  6.854816e-023
1132.600000  4.889356e-023
1132.800000  4.656884e-023
1133.000000  4.507155e-023
1133.200000  2.578920e-023
1133.400000  5.960453e-023
1133.600000  4.890135e-023
1133.800000  3.717779e-023
1134.000000  5.049114e-023
1134.200000  4.560333e-023
1134.400000  4.325888e-023
1134.600000  4.102330e-023
1134.800000  4.522116e-023
1135.000000  4.945574e-023
1135.200000  5.659466e-023
1135.400000  5.782112e-023
1135.600000  4.302552e-023
1135.800000  5.905961e-023
1136.000000  5.249686e-023
1136.200000  5.444071e-023
1136.400000  1.372135e-023
1136.600000  4.384895e-023
1136.800000  2.742337e-023
1137.000000  4.079040e-023
1137.200000  4.540489e-023
1137.400000  4.688618e-023
1137.600000  5.375862e-023
1137.800000  3.282712e-023
1138.000000  4.888018e-023
1138.200000  4.424354e-023
1138.400000  3.627327e-023
1138.600000  4.317069e-023
1138.800000  4.016311e-023
1139.000000  5.806055e-023
1139.200000  1.376304e-023
1139.400000  5.281675e-023
1139.600000  3.676448e-023
1139.800000  3.824052e-023
1140.000000  4.862515e-023
1140.200000  3.486143e-023
1140.400000  3.374084e-023
1140.600000  4.259675e-023
1140.800000  5.262567e-023
1141.000000  4.113398e-023
1141.200000  2.193207e-023
1141.400000  3.042463e-023
1141.600000  2.042897e-023
1141.800000  6.093866e-023
1142.000000  4.324380e-023
1142.200000  3.284766e-023
1142.400000  1.624539e-023
1142.600000  1.393495e-023
1142.800000  3.448371e-023
1143.000000  3.374055e-023
1143.200000  3.454410e-023
1143.400000  3.768184e-023
1143.600000  2.566158e-023
1143.800000  1.984615e-023
1144.000000  1.635947e-023
1144.200000  2.261057e-023
1144.400000  2.770107e-023
1144.600000  4.022507e-023
1144.800000  4.777454e-023
1145.000000  3.842834e-023
1145.200000  3.257506e-023
1145.400000  3.967215e-023
1145.600000  1.494058e-023
1145.800000  3.895421e-023
1146.000000  4.331975e-024
1146.200000  2.089234e-023
1146.400000  3.037811e-023
1146.600000  2.132163e-023
1146.800000  3.556852e-023
1147.000000  9.890237e-024
1147.200000  3.602443e-023
1147.400000  3.407611e-023
1147.600000  2.895050e-023
1147.800000  1.508459e-023
1148.000000  4.489358e-023
1148.200000  2.187080e-023
1148.400000  1.233501e-023
1148.600000  1.872120e-023
1148.800000  3.029638e-023
1149.000000  1.915075e-023
1149.200000  1.477508e-023
1149.400000  4.076735e-023
1149.600000  2.200446e-023
1149.800000  3.290786e-023
1150.000000  1.647049e-023
