800.000000  -3.552380e-023
800.200000  -3.824119e-023
800.400000  -2.392205e-023
800.600000  -3.059492e-023
800.800000  -5.427879e-023
801.000000  -3.779808e-023
801.200000  -2.707670e-023
801.400000  -5.652291e-023
801.600000  -5.700519e-023
801.800000  -3.948944e-023
802.000000  -3.654728e-023
802.200000  -5.160499e-023
802.400000  -3.237614e-023
802.600000  -1.437080e-023
802.800000  -2.930140e-023
803.000000  -5.079719e-023
803.200000  -2.870551e-023
803.400000  -2.989997e-023
803.600000  -5.779568e-023
803.800000  -5.318674e-023
804.000000  -4.017284e-023
804.200000  -4.173972e-023
804.400000  -5.991434e-023
804.600000  -4.662669e-023
804.800000  -3.136460e-023
805.000000  -3.669501e-023
805.200000  -5.043256e-023
805.400000  -2.418636e-023
805.600000  -2.217513e-023
805.800000  -2.662345e-023
806.000000  -2.799864e-023
806.200000  -4.394470e-024
806.400000  -1.250327e-023
806.600000  -2.838017e-023
806.800000  -1.410991e-023
807.000000  -6.644957e-024
807.200000  -2.936095e-023
807.400000  -3.989393e-023
807.600000  -2.236777e-023
807.800000  -1.897581e-023
808.000000  -4.266198e-023
808.200000  -5.091595e-023
808.400000  -3.055431e-023
808.600000  -3.362924e-023
808.800000  -3.997985e-023
809.000000  -1.463318e-023
809.200000  -7.250970e-025
809.400000  -2.443936e-023
809.600000  -3.951949e-023
809.800000  -1.739140e-023
810.000000  -3.190626e-023
810.200000  -4.786709e-023
810.400000  -3.588107e-023
810.600000  -5.382811e-024
810.800000  -4.329253e-024
811.000000  -1.615202e-023
811.200000  1.016630e-023
811.400000  1.529913e-023
811.600000  -9.337685e-024
811.800000  -1.565162e-023
812.000000  8.325164e-024
812.200000  -2.554447e-024
812.400000  -1.205995e-023
812.600000  -2.163505e-023
812.800000  -1.499467e-023
813.000000  -1.165725e-023
813.200000  -6.076291e-024
813.400000  -2.656415e-023
813.600000  -3.826919e-023
813.800000  -5.747981e-023
814.000000  -6.183178e-023
814.200000  -4.763175e-023
814.400000  -4.323750e-023
814.600000  -3.318369e-023
814.800000  -2.899652e-023
815.000000  -1.915727e-023
815.200000  -1.125486e-023
815.400000  -1.028191e-023
815.600000  -3.706380e-024
815.800000  -3.570766e-025
816.000000  8.468601e-024
816.200000  2.175863e-024
816.400000  -9.033592e-025
816.600000  1.964367e-024
816.800000  2.085802e-024
817.000000  -5.369846e-025
817.200000  -4.044693e-024
817.400000  2.453534e-024
817.600000  -2.447530e-024
817.800000  -7.780022e-024
818.000000  -1.083068e-023
818.200000  -1.168672e-024
818.400000  -3.402949e-023
818.600000  -3.055915e-023
818.800000  -1.358636e-023
819.000000  -2.814045e-023
819.200000  -6.040144e-023
819.400000  -4.283917e-023
819.600000  -1.399540e-023
819.800000  -2.757941e-023
820.000000  -3.285430e-023
820.200000  -1.357414e-023
820.400000  -6.673737e-024
820.600000  -2.795089e-023
820.800000  -1.183360e-023
821.000000  1.691937e-023
821.200000  4.318014e-024
821.400000  -1.831984e-023
821.600000  -1.338420e-024
821.800000  1.014760e-023
822.000000  -1.392583e-023
822.200000  -1.372968e-023
822.400000  2.461814e-023
822.600000  6.082333e-024
822.800000  -2.340713e-023
823.000000  -1.190686e-023
823.200000  -1.596115e-023
823.400000  -4.550173e-023
823.600000  -4.818576e-023
823.800000  -2.468394e-023
824.000000  -3.507290e-023
824.200000  -6.895621e-023
824.400000  -4.951482e-023
824.600000  -1.784303e-023
824.800000  -3.328331e-023
825.000000  -4.951648e-023
825.200000  -1.736322e-023
825.400000  8.245395e-024
825.600000  -2.117930e-023
825.800000  -8.796076e-024
826.000000  2.177959e-023
826.200000  1.054225e-023
826.400000  -1.481596e-023
826.600000  1.170889e-023
826.800000  2.772911e-023
827.000000  6.032136e-024
827.200000  -4.319080e-024
827.400000  9.465276e-024
827.600000  -9.996617e-024
827.800000  -4.944474e-023
828.000000  -4.611660e-023
828.200000  -1.734869e-023
828.400000  -2.394901e-023
828.600000  -4.435417e-023
828.800000  -1.511169e-023
829.000000  -8.138433e-024
829.200000  -3.071513e-023
829.400000  -3.236638e-023
829.600000  -3.670068e-024
829.800000  -1.300227e-023
830.000000  -4.680997e-023
830.200000  -2.764603e-023
830.400000  -1.533688e-023
830.600000  -2.378048e-023
830.800000  -2.922794e-023
831.000000  7.575870e-024
831.200000  2.171970e-023
831.400000  -1.343346e-023
831.600000  -2.880111e-023
831.800000  -8.753491e-024
832.000000  -1.859106e-023
832.200000  -4.667470e-023
832.400000  -3.208966e-023
832.600000  8.548008e-024
832.800000  -3.653261e-025
833.000000  -1.610834e-023
833.200000  1.797224e-023
833.400000  2.393972e-023
833.600000  -1.149631e-023
833.800000  -1.052999e-023
834.000000  9.875912e-024
834.200000  -8.921077e-024
834.400000  -4.248953e-023
834.600000  -2.923255e-023
834.800000  -1.110363e-023
835.000000  -3.102136e-023
835.200000  -2.278677e-023
835.400000  1.343912e-023
835.600000  1.667128e-023
835.800000  -1.110632e-023
836.000000  -4.249787e-024
836.200000  2.136360e-023
836.400000  5.742029e-025
836.600000  -3.012072e-023
836.800000  3.627794e-025
837.000000  1.398740e-023
837.200000  -3.479177e-023
837.400000  -4.785305e-023
837.600000  -1.062736e-023
837.800000  -6.960960e-024
838.000000  -3.368574e-023
838.200000  -2.182134e-023
838.400000  6.464566e-024
838.600000  -1.274251e-023
838.800000  -3.301191e-023
839.000000  -2.063390e-024
839.200000  1.043790e-023
839.400000  -1.599470e-023
839.600000  -1.645883e-023
839.800000  2.191062e-023
840.000000  1.712952e-023
840.200000  -1.299246e-023
840.400000  7.586318e-024
840.600000  2.816540e-023
840.800000  1.983865e-023
841.000000  -1.032985e-023
841.200000  1.295074e-023
841.400000  1.798176e-023
841.600000  -9.924011e-024
841.800000  -1.026642e-023
842.000000  1.434052e-023
842.200000  1.047051e-023
842.400000  -2.581230e-023
842.600000  -1.460916e-023
842.800000  6.416549e-024
843.000000  -1.823860e-023
843.200000  -3.355625e-023
843.400000  -1.309652e-023
843.600000  -6.303788e-024
843.800000  -3.176073e-023
844.000000  -2.420588e-023
844.200000  1.924004e-023
844.400000  2.024335e-023
844.600000  1.811171e-024
844.800000  9.000561e-024
845.000000  3.165339e-023
845.200000  5.725276e-024
845.400000  -1.405809e-023
845.600000  4.206468e-024
845.800000  6.560736e-024
846.000000  -2.411338e-023
846.200000  -2.399178e-023
846.400000  1.442932e-023
846.600000  7.544517e-024
846.800000  -2.309303e-023
847.000000  -1.553819e-023
847.200000  -4.479072e-025
847.400000  -1.958000e-023
847.600000  -3.351418e-023
847.800000  -2.709782e-024
848.000000  7.499649e-024
848.200000  -1.688392e-023
848.400000  -1.900177e-023
848.600000  1.227133e-023
848.800000  4.955801e-024
849.000000  -6.354457e-024
849.200000  8.218793e-024
849.400000  2.942406e-023
849.600000  5.867030e-024
849.800000  -6.242376e-024
850.000000  2.933033e-023
850.200000  2.813441e-023
850.400000  -4.034485e-024
850.600000  4.818427e-024
850.800000  2.804762e-023
851.000000  3.781985e-025
851.200000  -3.288941e-023
851.400000  -1.492728e-023
851.600000  1.036920e-023
851.800000  -1.623559e-023
852.000000  -2.962465e-023
852.200000  5.530078e-024
852.400000  1.129506e-023
852.600000  -1.663699e-023
852.800000  -1.388395e-023
853.000000  1.381168e-023
853.200000  -4.172585e-024
853.400000  -2.729839e-023
853.600000  -5.669631e-024
853.800000  4.807447e-024
854.000000  -1.701396e-023
854.200000  -2.599272e-023
854.400000  9.961923e-024
854.600000  1.913241e-023
854.800000  -5.128158e-024
855.000000  2.740328e-024
855.200000  3.189950e-023
855.400000  1.624258e-023
855.600000  6.582887e-024
855.800000  2.714231e-023
856.000000  3.450388e-023
856.200000  4.884979e-024
856.400000  -2.136334e-023
856.600000  1.361299e-023
856.800000  -9.983974e-025
857.000000  -1.943665e-023
857.200000  -7.555634e-025
857.400000  2.726072e-023
857.600000  2.927242e-024
857.800000  -2.909814e-023
858.000000  -1.165605e-023
858.200000  -1.153465e-023
858.400000  -2.873395e-023
858.600000  -2.266332e-023
858.800000  1.332595e-023
859.000000  3.304318e-024
859.200000  -2.229917e-023
859.400000  -3.630686e-024
859.600000  2.733206e-023
859.800000  6.907794e-024
860.000000  -1.066892e-023
860.200000  2.685960e-023
860.400000  2.782629e-023
860.600000  -2.940516e-024
860.800000  -2.819164e-024
861.000000  2.443744e-023
861.200000  6.214201e-024
861.400000  -2.733331e-023
861.600000  1.074012e-024
861.800000  1.747347e-023
862.000000  -5.270036e-024
862.200000  -2.564608e-023
862.400000  1.032566e-023
862.600000  6.298591e-024
862.800000  -2.768390e-023
863.000000  -1.585388e-023
863.200000  2.538113e-023
863.400000  1.351919e-023
863.600000  -7.941744e-024
863.800000  1.208391e-023
864.000000  1.889313e-023
864.200000  -2.003819e-024
864.400000  -1.519264e-023
864.600000  1.469486e-023
864.800000  1.359214e-023
865.000000  -1.262077e-023
865.200000  -1.830154e-023
865.400000  2.140430e-023
865.600000  9.657938e-024
865.800000  -1.043767e-023
866.000000  2.220058e-023
866.200000  3.095665e-023
866.400000  1.590149e-023
866.600000  4.964259e-024
866.800000  3.419476e-023
867.000000  3.882331e-023
867.200000  6.998408e-024
867.400000  2.060376e-023
867.600000  4.615759e-023
867.800000  2.006347e-023
868.000000  -1.099807e-023
868.200000  3.524342e-024
868.400000  3.645562e-024
868.600000  -2.403179e-023
868.800000  -4.068629e-023
869.000000  -1.265071e-024
869.200000  1.005093e-024
869.400000  -1.558282e-023
869.600000  1.057641e-023
869.800000  3.925648e-023
870.000000  2.554841e-023
870.200000  4.940578e-024
870.400000  3.027182e-023
870.600000  3.486069e-023
870.800000  1.012678e-024
871.000000  -5.252274e-025
871.200000  3.037545e-023
871.400000  2.525593e-023
871.600000  3.152622e-024
871.800000  2.103590e-023
872.000000  4.865335e-023
872.200000  2.171098e-023
872.400000  2.922140e-024
872.600000  3.849501e-023
872.800000  4.624508e-023
873.000000  1.459431e-023
873.200000  7.880665e-024
873.400000  4.137783e-023
873.600000  4.832447e-023
873.800000  1.715239e-023
874.000000  4.454865e-023
874.200000  6.025548e-023
874.400000  3.238322e-023
874.600000  1.452971e-023
874.800000  4.219646e-023
875.000000  5.225592e-023
875.200000  2.178654e-023
875.400000  1.516647e-023
875.600000  2.995547e-023
875.800000  1.423795e-023
876.000000  -1.470803e-023
876.200000  4.034957e-024
876.400000  3.002583e-023
876.600000  2.617422e-023
876.800000  2.350640e-023
877.000000  5.745449e-023
877.200000  5.552756e-023
877.400000  3.068856e-023
877.600000  3.712889e-023
877.800000  6.022435e-023
878.000000  4.529774e-023
878.200000  2.402990e-023
878.400000  5.458755e-023
878.600000  7.670726e-023
878.800000  5.318126e-023
879.000000  4.074604e-023
879.200000  8.134002e-023
879.400000  7.783608e-023
879.600000  4.817646e-023
879.800000  4.555034e-023
880.000000  7.481089e-023
880.200000  4.343187e-023
880.400000  2.588718e-023
880.600000  5.152689e-023
880.800000  6.961837e-023
881.000000  3.882105e-023
881.200000  2.404329e-023
881.400000  5.713316e-023
881.600000  5.250425e-023
881.800000  2.397985e-023
882.000000  4.256116e-023
882.200000  9.135914e-023
882.400000  8.359042e-023
882.600000  6.096215e-023
882.800000  9.293953e-023
883.000000  1.106615e-022
883.200000  7.379954e-023
883.400000  6.965538e-023
883.600000  1.061161e-022
883.800000  1.104437e-022
884.000000  8.669800e-023
884.200000  1.052567e-022
884.400000  1.292978e-022
884.600000  1.042782e-022
884.800000  7.323492e-023
885.000000  8.547597e-023
885.200000  8.286929e-023
885.400000  6.182367e-023
885.600000  6.039802e-023
885.800000  1.029471e-022
886.000000  9.425287e-023
886.200000  8.074450e-023
886.400000  1.023697e-022
886.600000  1.358279e-022
886.800000  1.267984e-022
887.000000  1.163178e-022
887.200000  1.482824e-022
887.400000  1.579576e-022
887.600000  1.287538e-022
887.800000  1.249316e-022
888.000000  1.516628e-022
888.200000  1.465789e-022
888.400000  1.252943e-022
888.600000  1.532818e-022
888.800000  1.762380e-022
889.000000  1.617943e-022
889.200000  1.563458e-022
889.400000  1.832552e-022
889.600000  1.913177e-022
889.800000  1.581482e-022
890.000000  1.687249e-022
890.200000  2.075219e-022
890.400000  1.902775e-022
890.600000  1.541137e-022
890.800000  1.809997e-022
891.000000  2.067028e-022
891.200000  1.827967e-022
891.400000  1.694104e-022
891.600000  2.096722e-022
891.800000  2.272003e-022
892.000000  2.072176e-022
892.200000  2.112592e-022
892.400000  2.557429e-022
892.600000  2.343504e-022
892.800000  2.115392e-022
893.000000  2.318519e-022
893.200000  2.602673e-022
893.400000  2.455834e-022
893.600000  2.497273e-022
893.800000  2.876492e-022
894.000000  2.985173e-022
894.200000  2.676306e-022
894.400000  2.664138e-022
894.600000  2.881946e-022
894.800000  2.653330e-022
895.000000  2.369473e-022
895.200000  2.696993e-022
895.400000  2.901230e-022
895.600000  2.671591e-022
895.800000  2.618684e-022
896.000000  2.971964e-022
896.200000  2.999285e-022
896.400000  2.689822e-022
896.600000  2.880842e-022
896.800000  3.031554e-022
897.000000  2.829245e-022
897.200000  2.600051e-022
897.400000  2.994294e-022
897.600000  3.332027e-022
897.800000  3.305043e-022
898.000000  3.306250e-022
898.200000  3.725513e-022
898.400000  3.603838e-022
898.600000  3.228306e-022
898.800000  3.257547e-022
899.000000  3.434929e-022
899.200000  3.151604e-022
899.400000  2.964067e-022
899.600000  3.315906e-022
899.800000  3.438125e-022
900.000000  3.143560e-022
900.200000  3.117924e-022
900.400000  3.432420e-022
900.600000  3.433627e-022
900.800000  3.313214e-022
901.000000  3.600601e-022
901.200000  3.888841e-022
901.400000  3.751455e-022
901.600000  3.796251e-022
901.800000  4.260476e-022
902.000000  4.264899e-022
902.200000  3.983140e-022
902.400000  4.067765e-022
902.600000  4.442821e-022
902.800000  4.348304e-022
903.000000  4.050100e-022
903.200000  4.384496e-022
903.400000  4.675092e-022
903.600000  4.575166e-022
903.800000  4.430303e-022
904.000000  4.868354e-022
904.200000  4.982580e-022
904.400000  4.714889e-022
904.600000  4.654947e-022
904.800000  4.917102e-022
905.000000  4.942246e-022
905.200000  4.651566e-022
905.400000  4.865396e-022
905.600000  5.173629e-022
905.800000  5.002020e-022
906.000000  4.826438e-022
906.200000  5.245540e-022
906.400000  5.393284e-022
906.600000  5.206415e-022
906.800000  5.375338e-022
907.000000  5.801985e-022
907.200000  5.756642e-022
907.400000  5.616536e-022
907.600000  5.964080e-022
907.800000  6.287325e-022
908.000000  6.173016e-022
908.200000  6.123877e-022
908.400000  6.483261e-022
908.600000  6.453413e-022
908.800000  6.014439e-022
909.000000  6.153724e-022
909.200000  6.716505e-022
909.400000  6.726751e-022
909.600000  6.660601e-022
909.800000  7.149516e-022
910.000000  7.541897e-022
910.200000  7.445565e-022
910.400000  7.492205e-022
910.600000  8.080024e-022
910.800000  8.260194e-022
911.000000  8.093881e-022
911.200000  8.406828e-022
911.400000  9.041170e-022
911.600000  9.107356e-022
911.800000  9.181671e-022
912.000000  9.743687e-022
912.200000  1.021763e-021
912.400000  1.029450e-021
912.600000  1.041173e-021
912.800000  1.103161e-021
913.000000  1.127091e-021
913.200000  1.137901e-021
913.400000  1.182549e-021
913.600000  1.243343e-021
913.800000  1.260035e-021
914.000000  1.277302e-021
914.200000  1.346691e-021
914.400000  1.389826e-021
914.600000  1.406362e-021
914.800000  1.446761e-021
915.000000  1.534518e-021
915.200000  1.584705e-021
915.400000  1.603985e-021
915.600000  1.680038e-021
915.800000  1.789785e-021
916.000000  1.836613e-021
916.200000  1.905360e-021
916.400000  2.021185e-021
916.600000  2.112888e-021
916.800000  2.182886e-021
917.000000  2.275272e-021
917.200000  2.404962e-021
917.400000  2.502777e-021
917.600000  2.597893e-021
917.800000  2.734418e-021
918.000000  2.853588e-021
918.200000  2.919007e-021
918.400000  2.984205e-021
918.600000  3.086314e-021
918.800000  3.165642e-021
919.000000  3.189331e-021
919.200000  3.231862e-021
919.400000  3.297037e-021
919.600000  3.313128e-021
919.800000  3.300708e-021
920.000000  3.322329e-021
920.200000  3.344364e-021
920.400000  3.330270e-021
920.600000  3.327384e-021
920.800000  3.375988e-021
921.000000  3.385614e-021
921.200000  3.361450e-021
921.400000  3.376711e-021
921.600000  3.409845e-021
921.800000  3.418115e-021
922.000000  3.418521e-021
922.200000  3.460803e-021
922.400000  3.490951e-021
922.600000  3.454209e-021
922.800000  3.408790e-021
923.000000  3.394143e-021
923.200000  3.347943e-021
923.400000  3.274263e-021
923.600000  3.243839e-021
923.800000  3.236871e-021
924.000000  3.188071e-021
924.200000  3.129214e-021
924.400000  3.113417e-021
924.600000  3.085094e-021
924.800000  3.015775e-021
925.000000  2.982725e-021
925.200000  2.995091e-021
925.400000  2.975760e-021
925.600000  2.911324e-021
925.800000  2.893402e-021
926.000000  2.896876e-021
926.200000  2.853300e-021
926.400000  2.803047e-021
926.600000  2.806682e-021
926.800000  2.803041e-021
927.000000  2.758272e-021
927.200000  2.732150e-021
927.400000  2.758246e-021
927.600000  2.731184e-021
927.800000  2.679788e-021
928.000000  2.681962e-021
928.200000  2.702001e-021
928.400000  2.661096e-021
928.600000  2.628201e-021
928.800000  2.633472e-021
929.000000  2.614967e-021
929.200000  2.579282e-021
929.400000  2.568803e-021
929.600000  2.605062e-021
929.800000  2.588042e-021
930.000000  2.560562e-021
930.200000  2.565717e-021
930.400000  2.582843e-021
930.600000  2.555409e-021
930.800000  2.539277e-021
931.000000  2.564494e-021
931.200000  2.554168e-021
931.400000  2.497714e-021
931.600000  2.479230e-021
931.800000  2.499132e-021
932.000000  2.477321e-021
932.200000  2.445422e-021
932.400000  2.456410e-021
932.600000  2.469305e-021
932.800000  2.439384e-021
933.000000  2.405048e-021
933.200000  2.431973e-021
933.400000  2.425757e-021
933.600000  2.406185e-021
933.800000  2.394881e-021
934.000000  2.414723e-021
934.200000  2.393983e-021
934.400000  2.363006e-021
934.600000  2.380787e-021
934.800000  2.377302e-021
935.000000  2.312210e-021
935.200000  2.264252e-021
935.400000  2.290192e-021
935.600000  2.274816e-021
935.800000  2.224494e-021
936.000000  2.198886e-021
936.200000  2.204697e-021
936.400000  2.152669e-021
936.600000  2.091554e-021
936.800000  2.088960e-021
937.000000  2.078607e-021
937.200000  2.030524e-021
937.400000  1.995247e-021
937.600000  2.009975e-021
937.800000  2.010171e-021
938.000000  1.992805e-021
938.200000  2.023974e-021
938.400000  2.054673e-021
938.600000  2.048248e-021
938.800000  2.053058e-021
939.000000  2.121525e-021
939.200000  2.173346e-021
939.400000  2.185967e-021
939.600000  2.216006e-021
939.800000  2.290823e-021
940.000000  2.319059e-021
940.200000  2.330468e-021
940.400000  2.380663e-021
940.600000  2.445925e-021
940.800000  2.450493e-021
941.000000  2.462743e-021
941.200000  2.513989e-021
941.400000  2.563727e-021
941.600000  2.552934e-021
941.800000  2.566631e-021
942.000000  2.617577e-021
942.200000  2.613885e-021
942.400000  2.581860e-021
942.600000  2.586430e-021
942.800000  2.611642e-021
943.000000  2.591063e-021
943.200000  2.567938e-021
943.400000  2.596755e-021
943.600000  2.584800e-021
943.800000  2.530113e-021
944.000000  2.513012e-021
944.200000  2.544462e-021
944.400000  2.522498e-021
944.600000  2.481618e-021
944.800000  2.487997e-021
945.000000  2.517880e-021
945.200000  2.500753e-021
945.400000  2.464093e-021
945.600000  2.486449e-021
945.800000  2.478250e-021
946.000000  2.448537e-021
946.200000  2.437259e-021
946.400000  2.462651e-021
946.600000  2.440050e-021
946.800000  2.395705e-021
947.000000  2.405202e-021
947.200000  2.429150e-021
947.400000  2.388661e-021
947.600000  2.366113e-021
947.800000  2.389983e-021
948.000000  2.390295e-021
948.200000  2.361412e-021
948.400000  2.364975e-021
948.600000  2.404795e-021
948.800000  2.385601e-021
949.000000  2.344987e-021
949.200000  2.376434e-021
949.400000  2.396583e-021
949.600000  2.371528e-021
949.800000  2.364519e-021
950.000000  2.398049e-021
950.200000  2.407005e-021
950.400000  2.372051e-021
950.600000  2.378316e-021
950.800000  2.409975e-021
951.000000  2.392555e-021
951.200000  2.369330e-021
951.400000  2.408998e-021
951.600000  2.433617e-021
951.800000  2.420560e-021
952.000000  2.423771e-021
952.200000  2.479853e-021
952.400000  2.496289e-021
952.600000  2.476292e-021
952.800000  2.502251e-021
953.000000  2.544241e-021
953.200000  2.530574e-021
953.400000  2.498783e-021
953.600000  2.532537e-021
953.800000  2.565850e-021
954.000000  2.555067e-021
954.200000  2.558260e-021
954.400000  2.601926e-021
954.600000  2.614927e-021
954.800000  2.588546e-021
955.000000  2.601180e-021
955.200000  2.606632e-021
955.400000  2.628849e-021
955.600000  2.626591e-021
955.800000  2.635767e-021
956.000000  2.656804e-021
956.200000  2.680118e-021
956.400000  2.668270e-021
956.600000  2.661752e-021
956.800000  2.688531e-021
957.000000  2.682264e-021
957.200000  2.682765e-021
957.400000  2.713302e-021
957.600000  2.758135e-021
957.800000  2.771735e-021
958.000000  2.797992e-021
958.200000  2.831384e-021
958.400000  2.850923e-021
958.600000  2.848770e-021
958.800000  2.884225e-021
959.000000  2.918919e-021
959.200000  2.922409e-021
959.400000  2.918408e-021
959.600000  2.932976e-021
959.800000  2.956262e-021
960.000000  2.947528e-021
960.200000  2.946737e-021
960.400000  2.973058e-021
960.600000  2.989437e-021
960.800000  2.973935e-021
961.000000  2.977456e-021
961.200000  2.991726e-021
961.400000  2.953147e-021
961.600000  2.928184e-021
961.800000  2.936350e-021
962.000000  2.940293e-021
962.200000  2.915122e-021
962.400000  2.905121e-021
962.600000  2.908506e-021
962.800000  2.923188e-021
963.000000  2.958942e-021
963.200000  3.219356e-021
963.400000  3.816095e-021
963.600000  4.459184e-021
963.800000  4.673134e-021
964.000000  4.187261e-021
964.200000  3.601753e-021
964.400000  3.134298e-021
964.600000  2.924149e-021
964.800000  2.858003e-021
965.000000  2.828069e-021
965.200000  2.783481e-021
965.400000  2.775772e-021
965.600000  2.775892e-021
965.800000  2.756301e-021
966.000000  2.746028e-021
966.200000  2.746911e-021
966.400000  2.742012e-021
966.600000  2.708574e-021
966.800000  2.686540e-021
967.000000  2.692953e-021
967.200000  2.678894e-021
967.400000  2.646010e-021
967.600000  2.620878e-021
967.800000  2.610357e-021
968.000000  2.572363e-021
968.200000  2.545416e-021
968.400000  2.542128e-021
968.600000  2.522507e-021
968.800000  2.467090e-021
969.000000  2.435465e-021
969.200000  2.413210e-021
969.400000  2.349547e-021
969.600000  2.290345e-021
969.800000  2.261850e-021
970.000000  2.235644e-021
970.200000  2.178116e-021
970.400000  2.149709e-021
970.600000  2.130283e-021
970.800000  2.100089e-021
971.000000  2.056262e-021
971.200000  2.032403e-021
971.400000  2.034896e-021
971.600000  2.013823e-021
971.800000  1.986555e-021
972.000000  1.983319e-021
972.200000  1.977738e-021
972.400000  1.955916e-021
972.600000  1.946541e-021
972.800000  1.962764e-021
973.000000  1.973819e-021
973.200000  1.967644e-021
973.400000  1.995603e-021
973.600000  2.030773e-021
973.800000  2.031741e-021
974.000000  2.035738e-021
974.200000  2.069102e-021
974.400000  2.107511e-021
974.600000  2.126266e-021
974.800000  2.175848e-021
975.000000  2.257260e-021
975.020000  2.282636e-021
975.040000  2.287681e-021
975.060000  2.295850e-021
975.080000  2.285336e-021
975.100000  2.290389e-021
975.120000  2.317346e-021
975.140000  2.335030e-021
975.160000  2.330708e-021
975.180000  2.320101e-021
975.200000  2.306383e-021
975.220000  2.326098e-021
975.240000  2.339583e-021
975.260000  2.365781e-021
975.280000  2.363494e-021
975.300000  2.354875e-021
975.320000  2.377967e-021
975.340000  2.372494e-021
975.360000  2.408460e-021
975.380000  2.409343e-021
975.400000  2.416637e-021
975.420000  2.422290e-021
975.440000  2.418305e-021
975.460000  2.414317e-021
975.480000  2.439357e-021
975.500000  2.445084e-021
975.520000  2.441084e-021
975.540000  2.443574e-021
975.560000  2.429830e-021
975.580000  2.464902e-021
975.600000  2.473996e-021
975.620000  2.484703e-021
975.640000  2.482258e-021
975.660000  2.483106e-021
975.680000  2.497166e-021
975.700000  2.517937e-021
975.720000  2.532151e-021
975.740000  2.539729e-021
975.760000  2.540624e-021
975.780000  2.548232e-021
975.800000  2.529019e-021
975.820000  2.557550e-021
975.840000  2.569348e-021
975.860000  2.598115e-021
975.880000  2.596407e-021
975.900000  2.604884e-021
975.920000  2.613372e-021
975.940000  2.611654e-021
975.960000  2.650918e-021
975.980000  2.666351e-021
976.000000  2.671477e-021
976.020000  2.665902e-021
976.040000  2.677546e-021
976.060000  2.696133e-021
976.080000  2.732213e-021
976.100000  2.744009e-021
976.120000  2.738323e-021
976.140000  2.750127e-021
976.160000  2.761957e-021
976.180000  2.791452e-021
976.200000  2.810472e-021
976.220000  2.843775e-021
976.240000  2.819999e-021
976.260000  2.831921e-021
976.280000  2.818861e-021
976.300000  2.845125e-021
976.320000  2.867971e-021
976.340000  2.883708e-021
976.360000  2.888610e-021
976.380000  2.882621e-021
976.400000  2.898447e-021
976.420000  2.908478e-021
976.440000  2.940579e-021
976.460000  2.976654e-021
976.480000  2.953500e-021
976.500000  2.959980e-021
976.520000  2.996250e-021
976.540000  3.017802e-021
976.560000  3.028163e-021
976.580000  3.061268e-021
976.600000  3.067947e-021
976.620000  3.073301e-021
976.640000  3.116927e-021
976.660000  3.137741e-021
976.680000  3.178085e-021
976.700000  3.191341e-021
976.720000  3.208551e-021
976.740000  3.210098e-021
976.760000  3.243144e-021
976.780000  3.280410e-021
976.800000  3.309948e-021
976.820000  3.343389e-021
976.840000  3.364872e-021
976.860000  3.357973e-021
976.880000  3.391755e-021
976.900000  3.429909e-021
976.920000  3.472550e-021
976.940000  3.498818e-021
976.960000  3.474984e-021
976.980000  3.501251e-021
977.000000  3.531882e-021
977.020000  3.567919e-021
977.040000  3.609829e-021
977.060000  3.625774e-021
977.080000  3.649565e-021
977.100000  3.687879e-021
977.120000  3.711121e-021
977.140000  3.734923e-021
977.160000  3.749975e-021
977.180000  3.811137e-021
977.200000  3.816977e-021
977.220000  3.824244e-021
977.240000  3.881966e-021
977.260000  3.904945e-021
977.280000  3.954474e-021
977.300000  3.964777e-021
977.320000  3.999475e-021
977.340000  4.040627e-021
977.360000  4.077870e-021
977.380000  4.145504e-021
977.400000  4.151405e-021
977.420000  4.199732e-021
977.440000  4.241628e-021
977.460000  4.240932e-021
977.480000  4.282213e-021
977.500000  4.339125e-021
977.520000  4.360839e-021
977.540000  4.415164e-021
977.560000  4.452376e-021
977.580000  4.527490e-021
977.600000  4.548007e-021
977.620000  4.597543e-021
977.640000  4.645527e-021
977.660000  4.671464e-021
977.680000  4.724849e-021
977.700000  4.738999e-021
977.720000  4.796179e-021
977.740000  4.840964e-021
977.760000  4.886275e-021
977.780000  4.906925e-021
977.800000  4.951850e-021
977.820000  4.977355e-021
977.840000  5.028863e-021
977.860000  5.073752e-021
977.880000  5.148226e-021
977.900000  5.167010e-021
977.920000  5.166521e-021
977.940000  5.244755e-021
977.960000  5.262784e-021
977.980000  5.304727e-021
978.000000  5.333461e-021
978.020000  5.380302e-021
978.040000  5.401130e-021
978.060000  5.461334e-021
978.080000  5.489224e-021
978.100000  5.549903e-021
978.120000  5.574870e-021
978.140000  5.643648e-021
978.160000  5.651608e-021
978.180000  5.692553e-021
978.200000  5.737409e-021
978.220000  5.776207e-021
978.240000  5.842262e-021
978.260000  5.841730e-021
978.280000  5.884438e-021
978.300000  5.917173e-021
978.320000  5.936716e-021
978.340000  6.031177e-021
978.360000  6.095924e-021
978.380000  6.110083e-021
978.400000  6.093222e-021
978.420000  6.184066e-021
978.440000  6.232759e-021
978.460000  6.272373e-021
978.480000  6.271747e-021
978.500000  6.375266e-021
978.520000  6.393015e-021
978.540000  6.392458e-021
978.560000  6.472014e-021
978.580000  6.518618e-021
978.600000  6.592045e-021
978.620000  6.640955e-021
978.640000  6.645784e-021
978.660000  6.723361e-021
978.680000  6.763845e-021
978.700000  6.860557e-021
978.720000  6.927126e-021
978.740000  6.954378e-021
978.760000  6.988582e-021
978.780000  7.021140e-021
978.800000  7.153318e-021
978.820000  7.237147e-021
978.840000  7.304837e-021
978.860000  7.349301e-021
978.880000  7.419738e-021
978.900000  7.476109e-021
978.920000  7.559552e-021
978.940000  7.701170e-021
978.960000  7.741566e-021
978.980000  7.826624e-021
979.000000  7.826898e-021
979.020000  7.883349e-021
979.040000  8.031674e-021
979.060000  8.087043e-021
979.080000  8.200191e-021
979.100000  8.284950e-021
979.120000  8.428893e-021
979.140000  8.445931e-021
979.160000  8.494342e-021
979.180000  8.583537e-021
979.200000  8.776973e-021
979.220000  8.808441e-021
979.240000  8.895374e-021
979.260000  8.912663e-021
979.280000  9.112704e-021
979.300000  9.222528e-021
979.320000  9.343678e-021
979.340000  9.319563e-021
979.360000  9.429960e-021
979.380000  9.553900e-021
979.400000  9.609758e-021
979.420000  9.754321e-021
979.440000  9.864008e-021
979.460000  9.932124e-021
979.480000  1.008014e-020
979.500000  1.023962e-020
979.520000  1.024515e-020
979.540000  1.034272e-020
979.560000  1.050359e-020
979.580000  1.055580e-020
979.600000  1.063799e-020
979.620000  1.089456e-020
979.640000  1.095244e-020
979.660000  1.101360e-020
979.680000  1.109584e-020
979.700000  1.129201e-020
979.720000  1.135032e-020
979.740000  1.139588e-020
979.760000  1.157851e-020
979.780000  1.155278e-020
979.800000  1.174843e-020
979.820000  1.175504e-020
979.840000  1.178538e-020
979.860000  1.192212e-020
979.880000  1.190749e-020
979.900000  1.210558e-020
979.920000  1.221348e-020
979.940000  1.227382e-020
979.960000  1.216257e-020
979.980000  1.227189e-020
980.000000  1.252683e-020
980.020000  1.267318e-020
980.040000  1.263534e-020
980.060000  1.271083e-020
980.080000  1.272049e-020
980.100000  1.280494e-020
980.120000  1.299227e-020
980.140000  1.289714e-020
980.160000  1.293033e-020
980.180000  1.303469e-020
980.200000  1.309297e-020
980.220000  1.305661e-020
980.240000  1.312061e-020
980.260000  1.318138e-020
980.280000  1.332311e-020
980.300000  1.327586e-020
980.320000  1.330899e-020
980.340000  1.322506e-020
980.360000  1.309863e-020
980.380000  1.344812e-020
980.400000  1.335726e-020
980.420000  1.304410e-020
980.440000  1.316579e-020
980.460000  1.310699e-020
980.480000  1.315693e-020
980.500000  1.301926e-020
980.520000  1.302874e-020
980.540000  1.311759e-020
980.560000  1.283282e-020
980.580000  1.278980e-020
980.600000  1.278775e-020
980.620000  1.275033e-020
980.640000  1.277923e-020
980.660000  1.252713e-020
980.680000  1.238897e-020
980.700000  1.242886e-020
980.720000  1.213746e-020
980.740000  1.196739e-020
980.760000  1.182133e-020
980.780000  1.184980e-020
980.800000  1.168133e-020
980.820000  1.153304e-020
980.840000  1.141663e-020
980.860000  1.116605e-020
980.880000  1.119536e-020
980.900000  1.091357e-020
980.920000  1.079850e-020
980.940000  1.070467e-020
980.960000  1.066234e-020
980.980000  1.037006e-020
981.000000  1.029743e-020
981.020000  1.008905e-020
981.040000  9.995669e-021
981.060000  9.872400e-021
981.080000  9.754587e-021
981.100000  9.620638e-021
981.120000  9.423063e-021
981.140000  9.361958e-021
981.160000  9.165126e-021
981.180000  9.024420e-021
981.200000  8.903231e-021
981.220000  8.693470e-021
981.240000  8.644548e-021
981.260000  8.523537e-021
981.280000  8.350693e-021
981.300000  8.289982e-021
981.320000  8.132311e-021
981.340000  8.001817e-021
981.360000  7.863519e-021
981.380000  7.796585e-021
981.400000  7.638059e-021
981.420000  7.581440e-021
981.440000  7.489023e-021
981.460000  7.311491e-021
981.480000  7.229360e-021
981.500000  7.151610e-021
981.520000  7.034526e-021
981.540000  6.924139e-021
981.560000  6.819111e-021
981.580000  6.754185e-021
981.600000  6.622146e-021
981.620000  6.552518e-021
981.640000  6.467063e-021
981.660000  6.384921e-021
981.680000  6.275950e-021
981.700000  6.269294e-021
981.720000  6.111554e-021
981.740000  6.070332e-021
981.760000  5.993048e-021
981.780000  5.904512e-021
981.800000  5.846144e-021
981.820000  5.749575e-021
981.840000  5.654412e-021
981.860000  5.583905e-021
981.880000  5.511812e-021
981.900000  5.443547e-021
981.920000  5.396671e-021
981.940000  5.315287e-021
981.960000  5.190655e-021
981.980000  5.126572e-021
982.000000  5.065237e-021
982.020000  5.000882e-021
982.040000  4.938683e-021
982.060000  4.859385e-021
982.080000  4.777579e-021
982.100000  4.676195e-021
982.120000  4.626279e-021
982.140000  4.585091e-021
982.160000  4.515897e-021
982.180000  4.467322e-021
982.200000  4.379814e-021
982.220000  4.307661e-021
982.240000  4.268340e-021
982.260000  4.205498e-021
982.280000  4.179431e-021
982.300000  4.104795e-021
982.320000  4.029081e-021
982.340000  3.929999e-021
982.360000  3.923648e-021
982.380000  3.866182e-021
982.400000  3.811751e-021
982.420000  3.743099e-021
982.440000  3.697949e-021
982.460000  3.623403e-021
982.480000  3.586411e-021
982.500000  3.549339e-021
982.520000  3.526923e-021
982.540000  3.465406e-021
982.560000  3.404808e-021
982.580000  3.361276e-021
982.600000  3.302210e-021
982.620000  3.306078e-021
982.640000  3.266167e-021
982.660000  3.226628e-021
982.680000  3.191342e-021
982.700000  3.140942e-021
982.720000  3.106357e-021
982.740000  3.068271e-021
982.760000  3.060593e-021
982.780000  3.030397e-021
982.800000  2.985563e-021
982.820000  2.948178e-021
982.840000  2.903759e-021
982.860000  2.888676e-021
982.880000  2.884501e-021
982.900000  2.847755e-021
982.920000  2.814832e-021
982.940000  2.782100e-021
982.960000  2.746025e-021
982.980000  2.738301e-021
983.000000  2.727053e-021
983.020000  2.711180e-021
983.040000  2.677904e-021
983.060000  2.644860e-021
983.080000  2.643043e-021
983.100000  2.606796e-021
983.120000  2.615276e-021
983.140000  2.599730e-021
983.160000  2.556995e-021
983.180000  2.548393e-021
983.200000  2.512830e-021
983.220000  2.519777e-021
983.240000  2.533461e-021
983.260000  2.530302e-021
983.280000  2.497013e-021
983.300000  2.507264e-021
983.320000  2.500820e-021
983.340000  2.511060e-021
983.360000  2.507950e-021
983.380000  2.521525e-021
983.400000  2.508406e-021
983.420000  2.492226e-021
983.440000  2.502617e-021
983.460000  2.503048e-021
983.480000  2.530153e-021
983.500000  2.510563e-021
983.520000  2.507667e-021
983.540000  2.501452e-021
983.560000  2.508530e-021
983.580000  2.518952e-021
983.600000  2.532741e-021
983.620000  2.528011e-021
983.640000  2.526625e-021
983.660000  2.521897e-021
983.680000  2.537240e-021
983.700000  2.535852e-021
983.720000  2.537818e-021
983.740000  2.549872e-021
983.760000  2.538396e-021
983.780000  2.547093e-021
983.800000  2.555813e-021
983.820000  2.568669e-021
983.840000  2.595132e-021
983.860000  2.591053e-021
983.880000  2.580209e-021
983.900000  2.596486e-021
983.920000  2.609399e-021
983.940000  2.639431e-021
983.960000  2.669640e-021
983.980000  2.672348e-021
984.000000  2.675055e-021
984.020000  2.693320e-021
984.040000  2.708180e-021
984.060000  2.737051e-021
984.080000  2.762589e-021
984.100000  2.756546e-021
984.120000  2.754022e-021
984.140000  2.772588e-021
984.160000  2.801855e-021
984.180000  2.824176e-021
984.200000  2.846606e-021
984.220000  2.846896e-021
984.240000  2.847186e-021
984.260000  2.858239e-021
984.280000  2.872922e-021
984.300000  2.887655e-021
984.320000  2.902438e-021
984.340000  2.909993e-021
984.360000  2.924850e-021
984.380000  2.914210e-021
984.400000  2.929080e-021
984.420000  2.967735e-021
984.440000  2.984505e-021
984.460000  2.956963e-021
984.480000  2.944234e-021
984.500000  2.957236e-021
984.520000  2.955531e-021
984.540000  2.979687e-021
984.560000  2.996550e-021
984.580000  2.991122e-021
984.600000  2.989414e-021
984.620000  2.976250e-021
984.640000  3.011420e-021
984.660000  3.005640e-021
984.680000  3.018525e-021
984.700000  3.012737e-021
984.720000  3.003237e-021
984.740000  2.997481e-021
984.760000  3.028992e-021
984.780000  3.030672e-021
984.800000  3.024875e-021
984.820000  3.040086e-021
984.840000  3.017897e-021
984.860000  3.021871e-021
984.880000  3.018384e-021
984.900000  3.044810e-021
984.920000  3.048807e-021
984.940000  3.034056e-021
984.960000  3.023088e-021
984.980000  3.019601e-021
985.000000  3.019845e-021
985.200000  2.962314e-021
985.400000  2.956208e-021
985.600000  2.934793e-021
985.800000  2.883037e-021
986.000000  2.843682e-021
986.200000  2.790241e-021
986.400000  2.706335e-021
986.600000  2.606633e-021
986.800000  2.515811e-021
987.000000  2.427782e-021
987.200000  2.313706e-021
987.400000  2.210420e-021
987.600000  2.154174e-021
987.800000  2.079757e-021
988.000000  1.996855e-021
988.200000  1.938628e-021
988.400000  1.891892e-021
988.600000  1.828986e-021
988.800000  1.785626e-021
989.000000  1.805903e-021
989.200000  1.812608e-021
989.400000  1.795319e-021
989.600000  1.778859e-021
989.800000  1.789036e-021
990.000000  1.787045e-021
990.200000  1.765140e-021
990.400000  1.750848e-021
990.600000  1.767502e-021
990.800000  1.760057e-021
991.000000  1.731230e-021
991.200000  1.716268e-021
991.400000  1.684705e-021
991.600000  1.612238e-021
991.800000  1.540988e-021
992.000000  1.495544e-021
992.200000  1.409343e-021
992.400000  1.292920e-021
992.600000  1.208997e-021
992.800000  1.163127e-021
993.000000  1.083880e-021
993.200000  9.986638e-022
993.400000  9.436827e-022
993.600000  8.784540e-022
993.800000  7.867472e-022
994.000000  7.192683e-022
994.200000  6.856100e-022
994.400000  6.522876e-022
994.600000  6.093390e-022
994.800000  5.952643e-022
995.000000  5.894064e-022
995.200000  5.731129e-022
995.400000  5.560496e-022
995.600000  5.661672e-022
995.800000  5.568771e-022
996.000000  5.226173e-022
996.200000  5.016899e-022
996.400000  5.114342e-022
996.600000  4.683447e-022
996.800000  4.244853e-022
997.000000  4.167190e-022
997.200000  4.270685e-022
997.400000  3.997961e-022
997.600000  3.769587e-022
997.800000  3.673649e-022
998.000000  3.401510e-022
998.200000  2.958905e-022
998.400000  2.715808e-022
998.600000  2.943080e-022
998.800000  2.951301e-022
999.000000  2.610497e-022
999.200000  2.545191e-022
999.400000  2.562213e-022
999.600000  2.312953e-022
999.800000  1.888415e-022
1000.000000  1.727396e-022
1000.200000  1.816758e-022
1000.400000  1.521621e-022
1000.600000  1.145061e-022
1000.800000  1.335142e-022
1001.000000  1.473314e-022
1001.200000  1.206813e-022
1001.400000  1.010869e-022
1001.600000  1.265679e-022
1001.800000  1.021877e-022
1002.000000  6.942151e-023
1002.200000  1.064562e-022
1002.400000  1.370498e-022
1002.600000  1.225194e-022
1002.800000  9.995449e-023
1003.000000  1.325333e-022
1003.200000  1.397119e-022
1003.400000  1.059438e-022
1003.600000  1.070960e-022
1003.800000  1.113804e-022
1004.000000  7.183825e-023
1004.200000  3.716478e-023
1004.400000  6.802190e-023
1004.600000  1.082674e-022
1004.800000  9.238174e-023
1005.000000  6.122158e-023
1005.200000  8.695122e-023
1005.400000  8.340897e-023
1005.600000  5.021040e-023
1005.800000  4.063834e-023
1006.000000  8.842046e-023
1006.200000  6.448609e-023
1006.400000  1.338556e-023
1006.600000  3.469770e-023
1006.800000  6.179271e-023
1007.000000  4.185077e-023
1007.200000  3.276298e-023
1007.400000  7.277801e-023
1007.600000  6.651766e-023
1007.800000  2.548573e-023
1008.000000  2.956870e-023
1008.200000  5.552853e-023
1008.400000  4.240706e-023
1008.600000  1.652117e-023
1008.800000  4.546563e-023
1009.000000  7.916625e-023
1009.200000  4.689880e-023
1009.400000  2.944894e-023
1009.600000  7.391304e-023
1009.800000  9.475986e-023
1010.000000  5.281453e-023
1010.200000  4.364845e-023
1010.400000  5.134784e-023
1010.600000  4.271022e-023
1010.800000  2.019612e-024
1011.000000  3.437823e-023
1011.200000  5.873400e-023
1011.400000  2.854944e-024
1011.600000  2.687777e-024
1011.800000  4.681770e-023
1012.000000  6.321011e-023
1012.200000  1.981381e-023
1012.400000  2.406357e-023
1012.600000  4.164661e-023
1012.800000  1.461475e-023
1013.000000  1.588205e-023
1013.200000  5.072983e-023
1013.400000  6.075091e-023
1013.600000  1.726137e-023
1013.800000  7.611011e-025
1014.000000  4.105958e-023
1014.200000  1.607271e-023
1014.400000  -4.105433e-023
1014.600000  -5.736979e-023
1014.800000  -2.809475e-023
1015.000000  -4.343439e-023
1015.200000  -3.805588e-023
1015.400000  -5.612951e-024
1015.600000  1.236719e-023
1015.800000  -1.971734e-023
1016.000000  -2.674015e-023
1016.200000  7.706719e-024
1016.400000  -9.784060e-024
1016.600000  -3.037977e-023
1016.800000  -4.487306e-024
1017.000000  3.205533e-023
1017.200000  1.198097e-023
1017.400000  -1.686173e-023
1017.600000  2.268059e-023
1017.800000  2.408330e-023
1018.000000  5.734862e-024
1018.200000  -1.309806e-023
1018.400000  2.984246e-023
1018.600000  1.044524e-023
1018.800000  -2.605900e-023
1019.000000  -3.000499e-024
1019.200000  1.204611e-023
1019.400000  -1.825671e-023
1019.600000  -3.909538e-023
1019.800000  7.271911e-024
1020.000000  1.364219e-023
1020.200000  -5.353571e-023
1020.400000  -3.634294e-023
1020.600000  -4.084026e-023
1020.800000  -5.919634e-023
1021.000000  -4.631227e-023
1021.200000  -2.073756e-023
1021.400000  -3.323360e-023
1021.600000  -5.968798e-023
1021.800000  -3.594358e-023
1022.000000  -2.236473e-023
1022.200000  -4.592540e-023
1022.400000  -5.125908e-023
1022.600000  -2.704291e-023
1022.800000  -2.647101e-023
1023.000000  -5.692421e-023
1023.200000  -5.214622e-023
1023.400000  -2.405083e-023
1023.600000  -4.566728e-023
1023.800000  -7.608156e-023
1024.000000  -4.120233e-023
1024.200000  -2.311721e-023
1024.400000  -5.123602e-023
1024.600000  -4.743097e-023
1024.800000  -2.870293e-023
1025.000000  -2.462910e-023
1025.200000  -5.658745e-023
1025.400000  -5.084201e-023
1025.600000  -2.122295e-023
1025.800000  -4.126437e-023
1026.000000  -5.106727e-023
1026.200000  -3.376394e-023
1026.400000  -1.420916e-023
1026.600000  -4.274700e-023
1026.800000  -4.206043e-023
1027.000000  -3.998771e-023
1027.200000  -5.016087e-023
1027.400000  -7.107721e-023
1027.600000  -3.010564e-023
1027.800000  -3.379230e-025
1028.000000  -2.546462e-023
1028.200000  -4.587327e-023
1028.400000  -2.711239e-023
1028.600000  -3.412970e-023
1028.800000  -7.469868e-023
1029.000000  -8.091926e-023
1029.200000  -6.685861e-023
1029.400000  -6.604560e-023
1029.600000  -7.803039e-023
1029.800000  -4.803605e-023
1030.000000  -1.822066e-023
1030.200000  -3.725982e-023
1030.400000  -3.755838e-023
1030.600000  -2.077516e-023
1030.800000  -2.326321e-023
1031.000000  -4.985964e-023
1031.200000  -3.708455e-023
1031.400000  -1.181016e-023
1031.600000  -3.544605e-023
1031.800000  -7.768219e-023
1032.000000  -6.835230e-023
1032.200000  -3.452718e-023
1032.400000  -5.350779e-023
1032.600000  -5.725546e-023
1032.800000  -2.647810e-023
1033.000000  -1.333189e-023
1033.200000  -5.147137e-023
1033.400000  -4.726661e-023
1033.600000  -2.864013e-023
1033.800000  -4.215709e-023
1034.000000  -5.352906e-023
1034.200000  -3.670097e-023
1034.400000  -2.607825e-023
1034.600000  -5.981294e-023
1034.800000  -7.368291e-023
1035.000000  -5.703875e-023
1035.200000  -7.025089e-023
1035.400000  -9.274062e-023
1035.600000  -7.828879e-023
1035.800000  -4.350756e-023
1036.000000  -6.722925e-023
1036.200000  -8.367060e-023
1036.400000  -6.540812e-023
1036.600000  -5.888300e-023
1036.800000  -8.272131e-023
1037.000000  -7.524251e-023
1037.200000  -3.818580e-023
1037.400000  -4.274918e-023
1037.600000  -6.242594e-023
1037.800000  -5.404913e-023
1038.000000  -2.714675e-023
1038.200000  -5.247144e-023
1038.400000  -7.250066e-023
1038.600000  -4.594980e-023
1038.800000  -1.707904e-023
1039.000000  -4.630417e-023
1039.200000  -5.612537e-023
1039.400000  -4.586045e-023
1039.600000  -5.201325e-023
1039.800000  -7.358590e-023
1040.000000  -5.251131e-023
1040.200000  -3.289197e-023
1040.400000  -5.980187e-023
1040.600000  -7.756881e-023
1040.800000  -5.675415e-023
1041.000000  -3.651373e-023
1041.200000  -6.540645e-023
1041.400000  -7.839364e-023
1041.600000  -6.964902e-023
1041.800000  -8.298603e-023
1042.000000  -1.039376e-022
1042.200000  -8.844233e-023
1042.400000  -5.826843e-023
1042.600000  -6.904697e-023
1042.800000  -7.534798e-023
1043.000000  -6.082014e-023
1043.200000  -5.267595e-023
1043.400000  -8.974951e-023
1043.600000  -7.548969e-023
1043.800000  -4.308042e-023
1044.000000  -5.573371e-023
1044.200000  -8.185749e-023
1044.400000  -6.384829e-023
1044.600000  -3.849086e-023
1044.800000  -4.917266e-023
1045.000000  -5.584921e-023
1045.200000  -4.263785e-023
1045.400000  -4.881800e-023
1045.600000  -7.495634e-023
1045.800000  -6.653093e-023
1046.000000  -3.609959e-023
1046.200000  -5.248834e-023
1046.400000  -7.065316e-023
1046.600000  -5.102921e-023
1046.800000  -3.383807e-023
1047.000000  -6.644605e-023
1047.200000  -6.921935e-023
1047.400000  -5.496050e-023
1047.600000  -4.223775e-023
1047.800000  -6.467768e-023
1048.000000  -4.947408e-023
1048.200000  -2.549207e-023
1048.400000  -5.267997e-023
1048.600000  -8.708123e-023
1048.800000  -7.568387e-023
1049.000000  -5.686266e-023
1049.200000  -7.031764e-023
1049.400000  -7.051377e-023
1049.600000  -5.135124e-023
1049.800000  -4.791997e-023
1050.000000  -8.474848e-023
1050.200000  -8.097277e-023
1050.400000  -5.283404e-023
1050.600000  -6.238456e-023
1050.800000  -8.700229e-023
1051.000000  -7.081034e-023
1051.200000  -5.403827e-023
1051.400000  -7.702077e-023
1051.600000  -7.653407e-023
1051.800000  -3.639302e-023
1052.000000  -3.745957e-023
1052.200000  -6.337429e-023
1052.400000  -5.200702e-023
1052.600000  -2.189629e-023
1052.800000  -4.590384e-023
1053.000000  -6.612110e-023
1053.200000  -4.737875e-023
1053.400000  -3.268464e-023
1053.600000  -5.964359e-023
1053.800000  -6.949992e-023
1054.000000  -5.940744e-023
1054.200000  -7.381788e-023
1054.400000  -1.090517e-022
1054.600000  -9.085654e-023
1054.800000  -6.794889e-023
1055.000000  -9.434692e-023
1055.200000  -9.565935e-023
1055.400000  -5.861113e-023
1055.600000  -3.079777e-023
1055.800000  -6.543307e-023
1056.000000  -7.334884e-023
1056.200000  -6.454957e-023
1056.400000  -6.927420e-023
1056.600000  -9.175671e-023
1056.800000  -7.383288e-023
1057.000000  -5.893618e-023
1057.200000  -8.200337e-023
1057.400000  -8.242787e-023
1057.600000  -4.575628e-023
1057.800000  -3.463138e-023
1058.000000  -7.121106e-023
1058.200000  -6.368528e-023
1058.400000  -3.603094e-023
1058.600000  -4.613944e-023
1058.800000  -8.674625e-023
1059.000000  -7.311726e-023
1059.200000  -4.383770e-023
1059.400000  -5.558517e-023
1059.600000  -5.933157e-023
1059.800000  -2.674541e-023
1060.000000  -2.423557e-023
1060.200000  -6.835041e-023
1060.400000  -7.208067e-023
1060.600000  -3.100569e-023
1060.800000  -4.437906e-023
1061.000000  -7.268535e-023
1061.200000  -7.094373e-023
1061.400000  -5.826125e-023
1061.600000  -9.115496e-023
1061.800000  -9.552682e-023
1062.000000  -6.145894e-023
1062.200000  -5.648934e-023
1062.400000  -8.808487e-023
1062.600000  -8.398768e-023
1062.800000  -6.422673e-023
1063.000000  -7.255682e-023
1063.200000  -9.801609e-023
1063.400000  -6.772754e-023
1063.600000  -5.696400e-023
1063.800000  -8.015936e-023
1064.000000  -7.608599e-023
1064.200000  -4.691582e-023
1064.400000  -4.189325e-023
1064.600000  -6.219837e-023
1064.800000  -5.109330e-023
1065.000000  -2.999521e-023
1065.200000  -4.597501e-023
1065.400000  -6.913255e-023
1065.600000  -4.935788e-023
1065.800000  -4.143110e-023
1066.000000  -8.761233e-023
1066.200000  -9.719008e-023
1066.400000  -7.084140e-023
1066.600000  -7.043473e-023
1066.800000  -1.027742e-022
1067.000000  -8.467601e-023
1067.200000  -4.836284e-023
1067.400000  -4.628804e-023
1067.600000  -4.393386e-023
1067.800000  -1.980721e-023
1068.000000  -9.502647e-024
1068.200000  -4.511605e-023
1068.400000  -5.186031e-023
1068.600000  -3.621462e-023
1068.800000  -4.771206e-023
1069.000000  -7.422207e-023
1069.200000  -5.657768e-023
1069.400000  -3.339320e-023
1069.600000  -5.244224e-023
1069.800000  -7.018728e-023
1070.000000  -4.671320e-023
1070.200000  -3.093818e-023
1070.400000  -5.359723e-023
1070.600000  -5.769438e-023
1070.800000  -3.874376e-023
1071.000000  -5.748302e-023
1071.200000  -8.642255e-023
1071.400000  -7.253101e-023
1071.600000  -6.040557e-023
1071.800000  -8.940888e-023
1072.000000  -1.037992e-022
1072.200000  -7.728066e-023
1072.400000  -6.546726e-023
1072.600000  -9.084483e-023
1072.800000  -7.527614e-023
1073.000000  -5.043987e-023
1073.200000  -5.423296e-023
1073.400000  -6.681474e-023
1073.600000  -4.910808e-023
1073.800000  -2.643800e-023
1074.000000  -5.048783e-023
1074.200000  -6.149235e-023
1074.400000  -3.949110e-023
1074.600000  -2.618381e-023
1074.800000  -5.034839e-023
1075.000000  -4.273177e-023
1075.200000  -1.461738e-023
1075.400000  -2.249236e-023
1075.600000  -4.759614e-023
1075.800000  -3.283600e-023
1076.000000  -2.414321e-023
1076.200000  -6.361128e-023
1076.400000  -7.068435e-023
1076.600000  -3.621683e-023
1076.800000  -2.227291e-023
1077.000000  -4.872207e-023
1077.200000  -3.847494e-023
1077.400000  -3.176979e-023
1077.600000  -4.738250e-023
1077.800000  -8.012209e-023
1078.000000  -7.140222e-023
1078.200000  -7.004024e-023
1078.400000  -9.636993e-023
1078.600000  -9.212783e-023
1078.800000  -6.607801e-023
1079.000000  -6.567320e-023
1079.200000  -9.780573e-023
1079.400000  -9.334642e-023
1079.600000  -6.727131e-023
1079.800000  -8.277869e-023
1080.000000  -9.012593e-023
1080.200000  -5.668057e-023
1080.400000  -3.451582e-023
1080.600000  -6.111041e-023
1080.800000  -5.601958e-023
1081.000000  -1.940176e-023
1081.200000  -2.111317e-023
1081.400000  -5.271813e-023
1081.600000  -5.323136e-023
1081.800000  -2.255911e-023
1082.000000  -4.083362e-023
1082.200000  -5.452563e-023
1082.400000  -3.831784e-023
1082.600000  -2.595072e-023
1082.800000  -5.422258e-023
1083.000000  -5.111044e-023
1083.200000  -2.760615e-023
1083.400000  -2.183999e-023
1083.600000  -5.142449e-023
1083.800000  -4.076762e-023
1084.000000  -1.986451e-023
1084.200000  -3.355488e-023
1084.400000  -4.964782e-023
1084.600000  -3.631902e-023
1084.800000  -2.163376e-023
1085.000000  -5.391460e-023
1085.200000  -4.521098e-023
1085.400000  -2.994380e-023
1085.600000  -4.728708e-023
1085.800000  -7.852924e-023
1086.000000  -6.642397e-023
1086.200000  -4.297848e-023
1086.400000  -6.661147e-023
1086.600000  -8.646911e-023
1086.800000  -6.068745e-023
1087.000000  -4.580131e-023
1087.200000  -6.949385e-023
1087.400000  -6.365880e-023
1087.600000  -4.215577e-023
1087.800000  -5.559621e-023
1088.000000  -7.627010e-023
1088.200000  -5.332373e-023
1088.400000  -2.517566e-023
1088.600000  -4.717954e-023
1088.800000  -4.935271e-023
1089.000000  -2.357384e-023
1089.200000  -1.012539e-023
1089.400000  -4.406400e-023
1089.600000  -3.572094e-023
1089.800000  -1.119960e-023
1090.000000  -2.950865e-023
1090.200000  -4.754598e-023
1090.400000  -2.963665e-023
1090.600000  -1.923509e-023
1090.800000  -5.383384e-023
1091.000000  -7.088617e-023
1091.200000  -4.861345e-023
1091.400000  -5.348145e-023
1091.600000  -8.189349e-023
1091.800000  -5.619278e-023
1092.000000  -2.105017e-023
1092.200000  -3.214362e-023
1092.400000  -7.465191e-023
1092.600000  -6.060432e-023
1092.800000  -4.041508e-023
1093.000000  -6.484297e-023
1093.200000  -6.331734e-023
1093.400000  -4.270503e-023
1093.600000  -5.622246e-023
1093.800000  -8.860356e-023
1094.000000  -8.263397e-023
1094.200000  -4.820016e-023
1094.400000  -4.543221e-023
1094.600000  -5.122283e-023
1094.800000  -2.968538e-023
1095.000000  -1.036925e-023
1095.200000  -3.338060e-023
1095.400000  -3.888871e-023
1095.600000  -1.467320e-023
1095.800000  -3.367995e-023
1096.000000  -6.671909e-023
1096.200000  -5.988159e-023
1096.400000  -2.311367e-023
1096.600000  -2.956064e-023
1096.800000  -4.599875e-023
1097.000000  -3.630110e-023
1097.200000  -3.020945e-023
1097.400000  -6.492252e-023
1097.600000  -5.878201e-023
1097.800000  -3.515680e-023
1098.000000  -4.633723e-023
1098.200000  -9.060474e-023
1098.400000  -8.005164e-023
1098.600000  -4.629568e-023
1098.800000  -5.583453e-023
1099.000000  -6.327335e-023
1099.200000  -5.155531e-023
1099.400000  -4.681429e-023
1099.600000  -7.453402e-023
1099.800000  -6.377779e-023
1100.000000  -4.281883e-023
1100.200000  -6.007333e-023
1100.400000  -7.917132e-023
1100.600000  -4.314211e-023
1100.800000  5.916490e-025
1101.000000  -1.688728e-023
1101.200000  -3.182185e-023
1101.400000  -1.678670e-023
1101.600000  -2.591314e-023
1101.800000  -4.578160e-023
1102.000000  -2.769023e-023
1102.200000  -3.896721e-024
1102.400000  -3.544240e-023
1102.600000  -6.277552e-023
1102.800000  -3.754625e-023
1103.000000  -1.634846e-023
1103.200000  -4.034352e-023
1103.400000  -4.086647e-023
1103.600000  -1.269704e-023
1103.800000  -6.848489e-024
1104.000000  -5.390192e-023
1104.200000  -5.575915e-023
1104.400000  -3.560702e-023
1104.600000  -5.297825e-023
1104.800000  -6.661179e-023
1105.000000  -3.559699e-023
1105.200000  -1.595166e-023
1105.400000  -6.722803e-023
1105.600000  -8.291147e-023
1105.800000  -4.969414e-023
1106.000000  -3.299326e-023
1106.200000  -5.046188e-023
1106.400000  -3.882864e-023
1106.600000  -1.577309e-023
1106.800000  -2.301801e-023
1107.000000  -4.798716e-023
1107.200000  -2.958164e-023
1107.400000  -2.369160e-023
1107.600000  -4.703453e-023
1107.800000  -4.651314e-023
1108.000000  -1.521493e-023
1108.200000  -1.780437e-023
1108.400000  -4.616158e-023
1108.600000  -3.822554e-023
1108.800000  -1.680232e-023
1109.000000  -3.361198e-023
1109.200000  -4.669813e-023
1109.400000  -1.607266e-023
1109.600000  -7.031462e-024
1109.800000  -4.067520e-023
1110.000000  -4.764575e-023
1110.200000  -2.747660e-023
1110.400000  -3.416314e-023
1110.600000  -5.820830e-023
1110.800000  -2.236311e-023
1111.000000  2.981340e-024
1111.200000  -1.830021e-023
1111.400000  -3.357744e-023
1111.600000  -1.272198e-023
1111.800000  -1.567225e-024
1112.000000  -3.632566e-023
1112.200000  -4.028675e-023
1112.400000  -1.759746e-023
1112.600000  -2.259425e-023
1112.800000  -5.610914e-023
1113.000000  -4.976470e-023
1113.200000  -3.702280e-023
1113.400000  -5.899070e-023
1113.600000  -6.666879e-023
1113.800000  -3.769616e-023
1114.000000  -3.828429e-023
1114.200000  -7.737446e-023
1114.400000  -6.820015e-023
1114.600000  -3.275481e-023
1114.800000  -2.576908e-023
1115.000000  -4.627429e-023
1115.200000  -3.412587e-023
1115.400000  -1.717107e-023
1115.600000  -4.490541e-023
1115.800000  -4.610071e-023
1116.000000  -1.755979e-023
1116.200000  -1.944763e-024
1116.400000  -2.000702e-023
1116.600000  -8.238009e-024
1116.800000  1.966470e-023
1117.000000  -8.656568e-024
1117.200000  -3.192889e-023
1117.400000  -1.637150e-023
1117.600000  -2.816533e-024
1117.800000  -2.642166e-023
1118.000000  -2.078700e-023
1118.200000  1.042973e-023
1118.400000  1.250923e-023
1118.600000  -2.699549e-023
1118.800000  -1.682551e-023
1119.000000  1.009150e-023
1119.200000  5.985640e-025
1119.400000  -1.227431e-023
1119.600000  -4.168336e-025
1119.800000  -6.091345e-024
1120.000000  -3.283006e-023
1120.200000  -2.221757e-023
1120.400000  7.942286e-024
1120.600000  -4.819555e-024
1120.800000  -4.799762e-023
1121.000000  -2.385580e-023
1121.200000  1.459918e-023
1121.400000  -8.882456e-024
1121.600000  -2.804823e-023
1121.800000  -1.289293e-023
1122.000000  -5.330625e-024
1122.200000  -4.038075e-023
1122.400000  -3.318596e-023
1122.600000  2.081974e-023
1122.800000  2.310936e-023
1123.000000  -1.572640e-023
1123.200000  -2.568587e-023
1123.400000  7.552047e-024
1123.600000  -1.843045e-024
1123.800000  -2.396953e-023
1124.000000  -1.999538e-023
1124.200000  -5.906295e-024
1124.400000  -2.816708e-023
1124.600000  -2.209609e-023
1124.800000  -3.167485e-024
1125.000000  9.602912e-025
1125.200000  7.320785e-024
1125.400000  4.731720e-023
1125.600000  6.604695e-023
1125.800000  1.267640e-023
1126.000000  -9.585521e-024
1126.200000  2.091295e-023
1126.400000  2.432069e-023
1126.600000  -2.764049e-023
1126.800000  -4.587388e-023
1127.000000  -3.412359e-023
1127.200000  -4.686971e-023
1127.400000  -7.455212e-023
1127.600000  -3.778024e-023
1127.800000  -3.427460e-024
1128.000000  -9.406374e-024
1128.200000  -1.998697e-023
1128.400000  1.458071e-023
1128.600000  3.746652e-023
1128.800000  1.398184e-023
1129.000000  1.236579e-023
1129.200000  1.575609e-023
1129.400000  4.297737e-024
1129.600000  6.600235e-024
1129.800000  2.143231e-023
1130.000000  2.154914e-023
1130.200000  -3.489283e-023
1130.400000  -6.056138e-023
1130.600000  -3.559359e-023
1130.800000  -2.629660e-023
1131.000000  -5.113170e-023
1131.200000  -3.387961e-023
1131.400000  -1.096795e-023
1131.600000  -1.404516e-023
1131.800000  -3.044849e-023
1132.000000  -1.452274e-023
1132.200000  -2.105820e-024
1132.400000  -3.599226e-023
1132.600000  -4.121147e-023
1132.800000  -2.053987e-023
1133.000000  1.660094e-024
1133.200000  -1.778252e-023
1133.400000  1.277804e-023
1133.600000  5.424604e-023
1133.800000  5.318397e-023
1134.000000  3.419330e-023
1134.200000  4.706115e-023
1134.400000  8.042077e-023
1134.600000  8.784544e-023
1134.800000  9.558375e-023
1135.000000  9.706133e-023
1135.200000  6.212636e-023
1135.400000  -5.246847e-025
1135.600000  -1.565741e-023
1135.800000  1.731815e-023
1136.000000  6.379629e-024
1136.200000  -2.377834e-023
1136.400000  -3.564253e-023
1136.600000  -3.367808e-023
1136.800000  -6.420109e-023
1137.000000  -6.056787e-023
1137.200000  -1.726194e-023
1137.400000  -1.789875e-023
1137.600000  -5.443072e-023
1137.800000  -4.068800e-023
1138.000000  -1.754864e-023
1138.200000  -2.336623e-023
1138.400000  -2.620852e-023
1138.600000  -1.361798e-024
1138.800000  9.925820e-025
1139.000000  -2.772205e-023
1139.200000  -2.312596e-023
1139.400000  9.746506e-024
1139.600000  5.531652e-024
1139.800000  -1.393901e-023
1140.000000  5.063176e-024
1140.200000  2.974433e-023
1140.400000  1.322702e-023
1140.600000  1.928037e-023
1140.800000  6.188957e-023
1141.000000  6.970465e-023
1141.200000  2.009668e-023
1141.400000  2.271220e-023
1141.600000  5.114108e-023
1141.800000  3.348512e-023
1142.000000  1.005220e-023
1142.200000  1.861071e-023
1142.400000  3.102745e-023
1142.600000  4.038669e-024
1142.800000  -4.024913e-024
1143.000000  2.727330e-023
1143.200000  2.902471e-023
1143.400000  -6.991760e-024
1143.600000  -7.259979e-024
1143.800000  -1.922948e-024
1144.000000  -1.523890e-023
1144.200000  -1.475858e-023
1144.400000  1.347310e-023
1144.600000  1.887572e-023
1144.800000  -1.777143e-023
1145.000000  -2.510453e-023
1145.200000  -6.680922e-024
1145.400000  9.462662e-025
1145.600000  -3.153738e-023
1145.800000  -3.283430e-023
1146.000000  -6.214610e-024
1146.200000  -1.660020e-023
1146.400000  -1.648364e-023
1146.600000  2.004150e-023
1146.800000  3.858197e-023
1147.000000  7.866028e-024
1147.200000  9.405193e-024
1147.400000  4.023176e-023
1147.600000  4.138666e-023
1147.800000  1.616573e-024
1148.000000  1.214560e-023
1148.200000  3.888475e-023
1148.400000  3.469962e-023
1148.600000  3.365213e-023
1148.800000  6.476309e-023
1149.000000  6.427802e-023
1149.200000  1.371792e-023
1149.400000  6.689063e-024
1149.600000  5.025171e-023
1149.800000  4.371892e-023
1150.000000  1.161473e-023
