800.000000  -2.830814e-023
800.200000  -5.201817e-023
800.400000  -2.392025e-023
800.600000  -1.372054e-023
800.800000  -5.304249e-023
801.000000  -4.512262e-023
801.200000  -1.700231e-023
801.400000  -3.111675e-023
801.600000  -6.357064e-023
801.800000  -3.639301e-023
802.000000  -1.565133e-023
802.200000  -3.935611e-023
802.400000  -4.245353e-023
802.600000  -1.061545e-023
802.800000  -1.280407e-023
803.000000  -5.727515e-023
803.200000  -5.071234e-023
803.400000  -2.622411e-023
803.600000  -4.680806e-023
803.800000  -6.558374e-023
804.000000  -4.242046e-023
804.200000  -2.065987e-023
804.400000  -4.678752e-023
804.600000  -5.862241e-023
804.800000  -2.259663e-023
805.000000  -1.926211e-023
805.200000  -5.184926e-023
805.400000  -3.974816e-023
805.600000  -3.173842e-024
805.800000  -1.324200e-023
806.000000  -4.354176e-023
806.200000  -1.115468e-023
806.400000  9.676147e-024
806.600000  -1.096553e-023
806.800000  -3.065623e-023
807.000000  7.638720e-024
807.200000  -3.443344e-027
807.400000  -3.764100e-023
807.600000  -3.337684e-023
807.800000  -5.421226e-025
808.000000  -2.530437e-023
808.200000  -5.468351e-023
808.400000  -3.290926e-023
808.600000  -1.662991e-023
808.800000  -3.357703e-023
809.000000  -3.254753e-023
809.200000  1.213326e-024
809.400000  -5.065674e-024
809.600000  -4.740051e-023
809.800000  -3.667482e-023
810.000000  -2.455746e-023
810.200000  -3.828317e-023
810.400000  -4.924324e-023
810.600000  -1.452005e-023
810.800000  1.185837e-023
811.000000  -1.844567e-023
811.200000  -1.002077e-023
811.400000  2.284791e-023
811.600000  7.732110e-024
811.800000  -1.937371e-023
812.000000  -2.248091e-024
812.200000  8.905045e-024
812.400000  -2.365676e-023
812.600000  -4.055300e-023
812.800000  3.775805e-024
813.000000  -2.635110e-024
813.200000  -3.192466e-023
813.400000  -3.271697e-023
813.600000  -1.740031e-023
813.800000  -5.503493e-023
814.000000  -5.687014e-023
814.200000  -2.020753e-023
814.400000  -2.982939e-023
814.600000  -3.752553e-023
814.800000  -2.309168e-023
815.000000  -1.104997e-023
815.200000  -1.878833e-023
815.400000  -2.735980e-023
815.600000  -7.393635e-024
815.800000  8.968785e-025
816.000000  -6.369771e-024
816.200000  -9.353874e-024
816.400000  6.766156e-024
816.600000  3.038262e-024
816.800000  1.105662e-023
817.000000  -3.957553e-024
817.200000  3.393252e-024
817.400000  9.887687e-024
817.600000  1.875785e-024
817.800000  -1.092914e-023
818.000000  -1.770077e-023
818.200000  -1.387027e-023
818.400000  -3.205624e-023
818.600000  -3.286892e-023
818.800000  -2.863053e-023
819.000000  -3.078694e-023
819.200000  -5.180091e-023
819.400000  -4.659124e-023
819.600000  -2.495601e-023
819.800000  -1.838136e-023
820.000000  -3.204263e-023
820.200000  -2.371653e-023
820.400000  -1.163361e-023
820.600000  -2.298144e-023
820.800000  -1.239774e-023
821.000000  1.800147e-024
821.200000  7.996754e-024
821.400000  -6.484868e-024
821.600000  3.125318e-024
821.800000  3.298917e-024
822.000000  -5.126080e-024
822.200000  -2.817786e-024
822.400000  1.228179e-023
822.600000  1.487590e-023
822.800000  -7.456073e-024
823.000000  -2.203711e-023
823.200000  -2.968655e-023
823.400000  -2.081482e-023
823.600000  -3.358301e-023
823.800000  -3.300042e-023
824.000000  -3.517699e-023
824.200000  -5.534758e-023
824.400000  -5.513992e-023
824.600000  -4.625954e-023
824.800000  -3.241217e-023
825.000000  -3.963961e-023
825.200000  -3.034364e-023
825.400000  -6.949391e-024
825.600000  5.702825e-025
825.800000  -1.171910e-024
826.000000  3.357414e-024
826.200000  1.942744e-023
826.400000  -4.907499e-024
826.600000  -1.202520e-024
826.800000  1.664733e-023
827.000000  2.208837e-023
827.200000  1.394184e-023
827.400000  -8.954517e-024
827.600000  -1.291531e-023
827.800000  -3.063676e-023
828.000000  -5.197790e-023
828.200000  -3.860372e-023
828.400000  -2.207274e-023
828.600000  -2.421227e-023
828.800000  -2.821878e-023
829.000000  -1.764471e-023
829.200000  -1.016499e-023
829.400000  -1.828731e-023
829.600000  -1.867855e-023
829.800000  -5.387993e-024
830.000000  -1.976538e-023
830.200000  -2.920957e-023
830.400000  -2.954268e-023
830.600000  -1.263511e-023
830.800000  -2.157247e-023
831.000000  -1.829153e-023
831.200000  -9.986369e-025
831.400000  -1.195987e-024
831.600000  -2.474064e-023
831.800000  -2.781354e-023
832.000000  -2.085911e-023
832.200000  -1.887875e-023
832.400000  -3.203350e-023
832.600000  4.463643e-025
832.800000  1.694983e-023
833.000000  1.160548e-024
833.200000  2.497404e-024
833.400000  1.249397e-023
833.600000  9.940235e-024
833.800000  -9.419406e-024
834.000000  -1.431688e-023
834.200000  -1.100942e-023
834.400000  -2.627600e-023
834.600000  -3.651562e-023
834.800000  -3.590148e-023
835.000000  -2.097689e-023
835.200000  -1.234904e-023
835.400000  -6.678094e-025
835.600000  9.214692e-024
835.800000  1.022813e-023
836.000000  7.024360e-024
836.200000  6.354656e-024
836.400000  3.772338e-024
836.600000  8.762402e-025
836.800000  -7.356098e-024
837.000000  -9.449488e-024
837.200000  -2.065615e-023
837.400000  -2.845545e-023
837.600000  -2.701050e-023
837.800000  -1.195979e-023
838.000000  -1.707243e-023
838.200000  -2.799964e-023
838.400000  -2.081762e-023
838.600000  -7.878033e-024
838.800000  -1.078511e-023
839.000000  -8.897179e-024
839.200000  -8.334317e-024
839.400000  7.437397e-025
839.600000  -8.896289e-024
839.800000  1.365186e-025
840.000000  6.484706e-024
840.200000  7.609310e-024
840.400000  4.073918e-024
840.600000  7.242787e-024
840.800000  2.666767e-023
841.000000  9.026192e-024
841.200000  3.275800e-024
841.400000  7.331741e-024
841.600000  8.884386e-024
841.800000  -4.450592e-024
842.000000  -1.019182e-023
842.200000  -7.414344e-024
842.400000  -6.349547e-024
842.600000  -2.366162e-023
842.800000  -1.286835e-023
843.000000  -8.726929e-024
843.200000  -1.796179e-023
843.400000  -2.583989e-023
843.600000  -2.216880e-023
843.800000  -1.183398e-023
844.000000  -1.215510e-023
844.200000  2.546633e-024
844.400000  2.483060e-023
844.600000  2.469925e-023
844.800000  -1.788386e-025
845.000000  1.230823e-023
845.200000  1.695322e-023
845.400000  6.781064e-025
845.600000  -4.604301e-024
845.800000  -2.747655e-024
846.000000  2.306509e-024
846.200000  -8.233582e-024
846.400000  -5.100207e-024
846.600000  1.001486e-023
846.800000  -4.804490e-024
847.000000  -2.015868e-023
847.200000  -2.135538e-023
847.400000  -1.066309e-023
847.600000  -1.627373e-023
847.800000  -1.131468e-023
848.000000  -6.161345e-025
848.200000  5.263408e-024
848.400000  -1.315839e-023
848.600000  -6.464900e-024
848.800000  9.522947e-024
849.000000  1.104851e-023
849.200000  -7.805148e-025
849.400000  1.118098e-023
849.600000  1.886279e-023
849.800000  9.247661e-024
850.000000  1.013202e-023
850.200000  1.903416e-023
850.400000  1.788007e-023
850.600000  5.631627e-024
850.800000  4.372275e-024
851.000000  6.209438e-024
851.200000  -1.329891e-023
851.400000  -2.623042e-023
851.600000  -5.304556e-024
851.800000  -2.985091e-024
852.000000  -1.109565e-023
852.200000  -1.099978e-023
852.400000  1.119933e-023
852.600000  7.507097e-024
852.800000  -1.064656e-023
853.000000  -9.244790e-024
853.200000  -9.133067e-027
853.400000  -2.945695e-025
853.600000  -8.875468e-024
853.800000  -6.168028e-024
854.000000  9.067735e-025
854.200000  -8.944518e-024
854.400000  -2.303938e-025
854.600000  1.534665e-023
854.800000  2.589845e-023
855.000000  9.076687e-024
855.200000  1.510424e-023
855.400000  3.807596e-023
855.600000  3.301294e-023
855.800000  2.147257e-023
856.000000  2.409160e-023
856.200000  2.077620e-023
856.400000  -6.015582e-024
856.600000  -9.763363e-024
856.800000  -1.158573e-024
857.000000  6.646689e-024
857.200000  -2.623703e-024
857.400000  6.747784e-024
857.600000  1.627431e-023
857.800000  -4.799770e-024
858.000000  -1.827790e-023
858.200000  -1.900759e-023
858.400000  -7.853242e-024
858.600000  -1.411165e-023
858.800000  -8.483767e-024
859.000000  -5.816902e-024
859.200000  -5.262390e-024
859.400000  -1.278986e-023
859.600000  1.261435e-024
859.800000  1.698593e-023
860.000000  8.303809e-024
860.200000  1.339654e-023
860.400000  1.762432e-023
860.600000  2.242401e-023
860.800000  3.580331e-024
861.000000  9.938925e-024
861.200000  1.681247e-023
861.400000  3.933135e-024
861.600000  7.367586e-024
861.800000  1.116173e-023
862.000000  1.764690e-023
862.200000  -2.732878e-024
862.400000  -1.457033e-025
862.600000  -2.812484e-026
862.800000  -4.905212e-024
863.000000  -9.812299e-024
863.200000  6.544678e-024
863.400000  1.538029e-023
863.600000  1.057510e-023
863.800000  1.471744e-024
864.000000  1.231190e-023
864.200000  1.621696e-023
864.400000  1.142302e-023
864.600000  8.134836e-024
864.800000  1.946564e-023
865.000000  9.628443e-024
865.200000  -8.513482e-024
865.400000  2.343762e-024
865.600000  1.939026e-023
865.800000  2.005330e-023
866.000000  1.548505e-023
866.200000  2.423739e-023
866.400000  4.222058e-023
866.600000  2.285809e-023
866.800000  1.919594e-023
867.000000  4.033337e-023
867.200000  4.141037e-023
867.400000  3.449908e-023
867.600000  3.527597e-023
867.800000  3.793487e-023
868.000000  1.917829e-023
868.200000  6.558218e-025
868.400000  -3.338712e-024
868.600000  1.733907e-024
868.800000  -2.327921e-023
869.000000  -1.242400e-023
869.200000  6.135977e-024
869.400000  1.409389e-023
869.600000  1.171835e-023
869.800000  1.989447e-023
870.000000  3.481580e-023
870.200000  2.637431e-023
870.400000  2.309212e-023
870.600000  1.948144e-023
870.800000  2.617038e-023
871.000000  2.059916e-023
871.200000  1.895584e-023
871.400000  3.412034e-023
871.600000  4.460931e-023
871.800000  3.811193e-023
872.000000  3.730076e-023
872.200000  4.275443e-023
872.400000  4.412995e-023
872.600000  2.702205e-023
872.800000  3.873987e-023
873.000000  3.946214e-023
873.200000  2.454993e-023
873.400000  2.975466e-023
873.600000  4.888292e-023
873.800000  4.995285e-023
874.000000  4.506101e-023
874.200000  4.455320e-023
874.400000  4.870787e-023
874.600000  3.887573e-023
874.800000  3.437801e-023
875.000000  5.244335e-023
875.200000  5.783450e-023
875.400000  3.505895e-023
875.600000  1.794550e-023
875.800000  2.205811e-023
876.000000  1.709198e-023
876.200000  7.976152e-024
876.400000  1.805359e-023
876.600000  4.627080e-023
876.800000  4.359926e-023
877.000000  3.755226e-023
877.200000  3.954137e-023
877.400000  5.043116e-023
877.600000  3.700363e-023
877.800000  3.224129e-023
878.000000  4.123733e-023
878.200000  4.381384e-023
878.400000  4.242070e-023
878.600000  6.056025e-023
878.800000  7.261813e-023
879.000000  6.422637e-023
879.200000  6.515952e-023
879.400000  7.348088e-023
879.600000  7.557760e-023
879.800000  5.302801e-023
880.000000  5.069616e-023
880.200000  5.081345e-023
880.400000  4.115502e-023
880.600000  3.916349e-023
880.800000  5.722550e-023
881.000000  6.196780e-023
881.200000  5.110007e-023
881.400000  4.480654e-023
881.600000  5.985977e-023
881.800000  5.115094e-023
882.000000  5.004233e-023
882.200000  6.718861e-023
882.400000  9.115331e-023
882.600000  8.431597e-023
882.800000  8.467095e-023
883.000000  9.843511e-023
883.200000  1.050620e-022
883.400000  9.299432e-023
883.600000  9.377440e-023
883.800000  1.139557e-022
884.000000  1.099071e-022
884.200000  1.087613e-022
884.400000  1.130428e-022
884.600000  1.196752e-022
884.800000  1.045345e-022
885.000000  8.098326e-023
885.200000  8.234181e-023
885.400000  8.892780e-023
885.600000  9.154905e-023
885.800000  9.462273e-023
886.000000  1.056398e-022
886.200000  1.120852e-022
886.400000  1.178373e-022
886.600000  1.315399e-022
886.800000  1.543832e-022
887.000000  1.477781e-022
887.200000  1.400218e-022
887.400000  1.576500e-022
887.600000  1.602703e-022
887.800000  1.443686e-022
888.000000  1.353633e-022
888.200000  1.541234e-022
888.400000  1.487191e-022
888.600000  1.529519e-022
888.800000  1.559845e-022
889.000000  1.733679e-022
889.200000  1.720237e-022
889.400000  1.749836e-022
889.600000  1.790998e-022
889.800000  1.817870e-022
890.000000  1.765065e-022
890.200000  1.833978e-022
890.400000  1.942041e-022
890.600000  1.820774e-022
890.800000  1.769055e-022
891.000000  1.905734e-022
891.200000  2.027356e-022
891.400000  1.933828e-022
891.600000  2.056661e-022
891.800000  2.232940e-022
892.000000  2.396794e-022
892.200000  2.235645e-022
892.400000  2.358037e-022
892.600000  2.467993e-022
892.800000  2.402470e-022
893.000000  2.321657e-022
893.200000  2.484655e-022
893.400000  2.703830e-022
893.600000  2.706074e-022
893.800000  2.760011e-022
894.000000  2.991655e-022
894.200000  3.010370e-022
894.400000  2.751797e-022
894.600000  2.683909e-022
894.800000  2.783541e-022
895.000000  2.705536e-022
895.200000  2.623119e-022
895.400000  2.826999e-022
895.600000  2.883579e-022
895.800000  2.789393e-022
896.000000  2.815103e-022
896.200000  2.965032e-022
896.400000  2.983587e-022
896.600000  2.888032e-022
896.800000  2.916182e-022
897.000000  3.001405e-022
897.200000  3.018552e-022
897.400000  3.126098e-022
897.600000  3.464315e-022
897.800000  3.685035e-022
898.000000  3.686205e-022
898.200000  3.734808e-022
898.400000  3.818905e-022
898.600000  3.731321e-022
898.800000  3.512778e-022
899.000000  3.401951e-022
899.200000  3.446883e-022
899.400000  3.340717e-022
899.600000  3.364179e-022
899.800000  3.486801e-022
900.000000  3.563946e-022
900.200000  3.538273e-022
900.400000  3.524720e-022
900.600000  3.734128e-022
900.800000  3.947989e-022
901.000000  3.945738e-022
901.200000  3.985395e-022
901.400000  4.097255e-022
901.600000  4.186385e-022
901.800000  4.317295e-022
902.000000  4.364785e-022
902.200000  4.421186e-022
902.400000  4.392610e-022
902.600000  4.474358e-022
902.800000  4.677463e-022
903.000000  4.604401e-022
903.200000  4.643653e-022
903.400000  4.756784e-022
903.600000  4.911422e-022
903.800000  4.840360e-022
904.000000  4.913708e-022
904.200000  5.143932e-022
904.400000  5.246859e-022
904.600000  5.023080e-022
904.800000  5.027101e-022
905.000000  5.250457e-022
905.200000  5.261921e-022
905.400000  5.203386e-022
905.600000  5.340425e-022
905.800000  5.522119e-022
906.000000  5.460960e-022
906.200000  5.508526e-022
906.400000  5.736561e-022
906.600000  5.908134e-022
906.800000  5.949179e-022
907.000000  6.096938e-022
907.200000  6.366384e-022
907.400000  6.370223e-022
907.600000  6.362529e-022
907.800000  6.541903e-022
908.000000  6.747496e-022
908.200000  6.735416e-022
908.400000  6.771925e-022
908.600000  6.853439e-022
908.800000  6.793034e-022
909.000000  6.829813e-022
909.200000  7.080525e-022
909.400000  7.459687e-022
909.600000  7.540531e-022
909.800000  7.620630e-022
910.000000  7.971684e-022
910.200000  8.222630e-022
910.400000  8.254370e-022
910.600000  8.473794e-022
910.800000  8.728510e-022
911.000000  8.861813e-022
911.200000  8.958227e-022
911.400000  9.214873e-022
911.600000  9.660360e-022
911.800000  9.806955e-022
912.000000  1.004372e-021
912.200000  1.043584e-021
912.400000  1.077721e-021
912.600000  1.088009e-021
912.800000  1.120315e-021
913.000000  1.159859e-021
913.200000  1.198138e-021
913.400000  1.210051e-021
913.600000  1.247104e-021
913.800000  1.291004e-021
914.000000  1.322159e-021
914.200000  1.344798e-021
914.400000  1.383553e-021
914.600000  1.429305e-021
914.800000  1.466653e-021
915.000000  1.504647e-021
915.200000  1.564743e-021
915.400000  1.603532e-021
915.600000  1.643334e-021
915.800000  1.714502e-021
916.000000  1.786190e-021
916.200000  1.839515e-021
916.400000  1.897007e-021
916.600000  1.967084e-021
916.800000  2.044756e-021
917.000000  2.087780e-021
917.200000  2.166424e-021
917.400000  2.250938e-021
917.600000  2.340700e-021
917.800000  2.414567e-021
918.000000  2.488432e-021
918.200000  2.582279e-021
918.400000  2.629595e-021
918.600000  2.687853e-021
918.800000  2.762208e-021
919.000000  2.816158e-021
919.200000  2.845340e-021
919.400000  2.884572e-021
919.600000  2.937198e-021
919.800000  2.961353e-021
920.000000  2.975047e-021
920.200000  2.993247e-021
920.400000  3.020053e-021
920.600000  3.031406e-021
920.800000  3.044226e-021
921.000000  3.071407e-021
921.200000  3.084533e-021
921.400000  3.073645e-021
921.600000  3.082273e-021
921.800000  3.114143e-021
922.000000  3.113893e-021
922.200000  3.112042e-021
922.400000  3.127351e-021
922.600000  3.136530e-021
922.800000  3.102295e-021
923.000000  3.077186e-021
923.200000  3.066106e-021
923.400000  3.051502e-021
923.600000  3.019546e-021
923.800000  2.998212e-021
924.000000  2.984469e-021
924.200000  2.954096e-021
924.400000  2.922078e-021
924.600000  2.882965e-021
924.800000  2.857582e-021
925.000000  2.827090e-021
925.200000  2.813371e-021
925.400000  2.812297e-021
925.600000  2.785324e-021
925.800000  2.750148e-021
926.000000  2.737959e-021
926.200000  2.728055e-021
926.400000  2.692940e-021
926.600000  2.684174e-021
926.800000  2.664800e-021
927.000000  2.662680e-021
927.200000  2.632750e-021
927.400000  2.609786e-021
927.600000  2.600306e-021
927.800000  2.581170e-021
928.000000  2.549674e-021
928.200000  2.542342e-021
928.400000  2.533726e-021
928.600000  2.504490e-021
928.800000  2.472208e-021
929.000000  2.441021e-021
929.200000  2.439299e-021
929.400000  2.414685e-021
929.600000  2.411400e-021
929.800000  2.417884e-021
930.000000  2.407100e-021
930.200000  2.386728e-021
930.400000  2.383070e-021
930.600000  2.385723e-021
930.800000  2.375693e-021
931.000000  2.365774e-021
931.200000  2.354570e-021
931.400000  2.327336e-021
931.600000  2.301503e-021
931.800000  2.287128e-021
932.000000  2.296569e-021
932.200000  2.281508e-021
932.400000  2.249593e-021
932.600000  2.238295e-021
932.800000  2.243579e-021
933.000000  2.216675e-021
933.200000  2.207974e-021
933.400000  2.208529e-021
933.600000  2.210536e-021
933.800000  2.189720e-021
934.000000  2.182817e-021
934.200000  2.179661e-021
934.400000  2.178761e-021
934.600000  2.164465e-021
934.800000  2.149007e-021
935.000000  2.131601e-021
935.200000  2.093318e-021
935.400000  2.088351e-021
935.600000  2.093880e-021
935.800000  2.089819e-021
936.000000  2.057210e-021
936.200000  2.044366e-021
936.400000  2.031749e-021
936.600000  2.002421e-021
936.800000  1.980346e-021
937.000000  1.975306e-021
937.200000  1.978574e-021
937.400000  1.949645e-021
937.600000  1.933010e-021
937.800000  1.944654e-021
938.000000  1.962644e-021
938.200000  1.966277e-021
938.400000  1.962477e-021
938.600000  1.966837e-021
938.800000  1.969172e-021
939.000000  1.989643e-021
939.200000  2.013968e-021
939.400000  2.039918e-021
939.600000  2.046017e-021
939.800000  2.058835e-021
940.000000  2.080880e-021
940.200000  2.103421e-021
940.400000  2.110419e-021
940.600000  2.136238e-021
940.800000  2.164698e-021
941.000000  2.176289e-021
941.200000  2.183062e-021
941.400000  2.226079e-021
941.600000  2.255150e-021
941.800000  2.255266e-021
942.000000  2.273478e-021
942.200000  2.285702e-021
942.400000  2.284399e-021
942.600000  2.260752e-021
942.800000  2.268151e-021
943.000000  2.272268e-021
943.200000  2.273241e-021
943.400000  2.267350e-021
943.600000  2.273220e-021
943.800000  2.267805e-021
944.000000  2.255110e-021
944.200000  2.253548e-021
944.400000  2.258038e-021
944.600000  2.249048e-021
944.800000  2.230180e-021
945.000000  2.232506e-021
945.200000  2.247692e-021
945.400000  2.217658e-021
945.600000  2.197176e-021
945.800000  2.190193e-021
946.000000  2.193552e-021
946.200000  2.182107e-021
946.400000  2.182775e-021
946.600000  2.189723e-021
946.800000  2.178225e-021
947.000000  2.171909e-021
947.200000  2.182342e-021
947.400000  2.191385e-021
947.600000  2.175509e-021
947.800000  2.160499e-021
948.000000  2.170375e-021
948.200000  2.177392e-021
948.400000  2.161688e-021
948.600000  2.175158e-021
948.800000  2.175407e-021
949.000000  2.160663e-021
949.200000  2.152686e-021
949.400000  2.160974e-021
949.600000  2.167879e-021
949.800000  2.167166e-021
950.000000  2.164798e-021
950.200000  2.187470e-021
950.400000  2.185877e-021
950.600000  2.171319e-021
950.800000  2.179485e-021
951.000000  2.200189e-021
951.200000  2.191506e-021
951.400000  2.191292e-021
951.600000  2.211105e-021
951.800000  2.235246e-021
952.000000  2.232033e-021
952.200000  2.249815e-021
952.400000  2.279888e-021
952.600000  2.298038e-021
952.800000  2.304375e-021
953.000000  2.319811e-021
953.200000  2.333186e-021
953.400000  2.316993e-021
953.600000  2.309779e-021
953.800000  2.334797e-021
954.000000  2.356971e-021
954.200000  2.340869e-021
954.400000  2.353557e-021
954.600000  2.375773e-021
954.800000  2.379487e-021
955.000000  2.355472e-021
955.200000  2.374875e-021
955.400000  2.375561e-021
955.600000  2.389193e-021
955.800000  2.407268e-021
956.000000  2.415409e-021
956.200000  2.424797e-021
956.400000  2.441779e-021
956.600000  2.430049e-021
956.800000  2.428335e-021
957.000000  2.431631e-021
957.200000  2.447376e-021
957.400000  2.454110e-021
957.600000  2.480467e-021
957.800000  2.507066e-021
958.000000  2.532102e-021
958.200000  2.544590e-021
958.400000  2.554247e-021
958.600000  2.577293e-021
958.800000  2.602313e-021
959.000000  2.618057e-021
959.200000  2.624193e-021
959.400000  2.638558e-021
959.600000  2.640972e-021
959.800000  2.644496e-021
960.000000  2.664231e-021
960.200000  2.679599e-021
960.400000  2.693643e-021
960.600000  2.713332e-021
960.800000  2.743678e-021
961.000000  2.756147e-021
961.200000  2.759116e-021
961.400000  2.750869e-021
961.600000  2.759429e-021
961.800000  2.764100e-021
962.000000  2.782143e-021
962.200000  2.792761e-021
962.400000  2.807872e-021
962.600000  2.813325e-021
962.800000  2.828927e-021
963.000000  2.878007e-021
963.200000  2.948701e-021
963.400000  3.084681e-021
963.600000  3.362926e-021
963.800000  3.779689e-021
964.000000  4.115355e-021
964.200000  4.156784e-021
964.400000  3.894357e-021
964.600000  3.559459e-021
964.800000  3.293368e-021
965.000000  3.129146e-021
965.200000  3.042119e-021
965.400000  2.991115e-021
965.600000  2.960568e-021
965.800000  2.946246e-021
966.000000  2.947467e-021
966.200000  2.942533e-021
966.400000  2.928903e-021
966.600000  2.925803e-021
966.800000  2.923662e-021
967.000000  2.917786e-021
967.200000  2.915449e-021
967.400000  2.917333e-021
967.600000  2.899309e-021
967.800000  2.877365e-021
968.000000  2.869433e-021
968.200000  2.871292e-021
968.400000  2.865677e-021
968.600000  2.867565e-021
968.800000  2.860595e-021
969.000000  2.857061e-021
969.200000  2.833671e-021
969.400000  2.809987e-021
969.600000  2.789448e-021
969.800000  2.771995e-021
970.000000  2.743122e-021
970.200000  2.723399e-021
970.400000  2.714882e-021
970.600000  2.695294e-021
970.800000  2.670599e-021
971.000000  2.661169e-021
971.200000  2.641497e-021
971.400000  2.626409e-021
971.600000  2.615063e-021
971.800000  2.614188e-021
972.000000  2.597600e-021
972.200000  2.592030e-021
972.400000  2.603065e-021
972.600000  2.610788e-021
972.800000  2.619572e-021
973.000000  2.630898e-021
973.200000  2.660711e-021
973.400000  2.694143e-021
973.600000  2.723668e-021
973.800000  2.749687e-021
974.000000  2.792439e-021
974.200000  2.827143e-021
974.400000  2.866974e-021
974.600000  2.920349e-021
974.800000  2.982231e-021
975.000000  3.048434e-021
975.020000  3.042817e-021
975.040000  3.064058e-021
975.060000  3.096729e-021
975.080000  3.095556e-021
975.100000  3.083072e-021
975.120000  3.085665e-021
975.140000  3.099594e-021
975.160000  3.109782e-021
975.180000  3.135238e-021
975.200000  3.130249e-021
975.220000  3.131134e-021
975.240000  3.139651e-021
975.260000  3.140536e-021
975.280000  3.172090e-021
975.300000  3.169128e-021
975.320000  3.173858e-021
975.340000  3.186301e-021
975.360000  3.198775e-021
975.380000  3.222936e-021
975.400000  3.235507e-021
975.420000  3.223731e-021
975.440000  3.239260e-021
975.460000  3.227455e-021
975.480000  3.231279e-021
975.500000  3.258695e-021
975.520000  3.258638e-021
975.540000  3.274405e-021
975.560000  3.278331e-021
975.580000  3.278293e-021
975.600000  3.294197e-021
975.620000  3.307757e-021
975.640000  3.329432e-021
975.660000  3.335057e-021
975.680000  3.344744e-021
975.700000  3.334201e-021
975.720000  3.339844e-021
975.740000  3.361768e-021
975.760000  3.375643e-021
975.780000  3.385476e-021
975.800000  3.395344e-021
975.820000  3.388812e-021
975.840000  3.394607e-021
975.860000  3.429303e-021
975.880000  3.447591e-021
975.900000  3.436819e-021
975.920000  3.459286e-021
975.940000  3.465139e-021
975.960000  3.487729e-021
975.980000  3.502006e-021
976.000000  3.528143e-021
976.020000  3.544703e-021
976.040000  3.542620e-021
976.060000  3.543929e-021
976.080000  3.569479e-021
976.100000  3.576763e-021
976.120000  3.618410e-021
976.140000  3.635703e-021
976.160000  3.660884e-021
976.180000  3.644382e-021
976.200000  3.656104e-021
976.220000  3.684283e-021
976.240000  3.702995e-021
976.260000  3.731105e-021
976.280000  3.712392e-021
976.300000  3.692422e-021
976.320000  3.710775e-021
976.340000  3.751033e-021
976.360000  3.778225e-021
976.380000  3.791620e-021
976.400000  3.776652e-021
976.420000  3.784285e-021
976.440000  3.821381e-021
976.460000  3.820916e-021
976.480000  3.862033e-021
976.500000  3.883213e-021
976.520000  3.882755e-021
976.540000  3.901270e-021
976.560000  3.903597e-021
976.580000  3.927816e-021
976.600000  3.972903e-021
976.620000  3.978231e-021
976.640000  3.981670e-021
976.660000  4.009772e-021
976.680000  4.037562e-021
976.700000  4.050132e-021
976.720000  4.084921e-021
976.740000  4.101003e-021
976.760000  4.142045e-021
976.780000  4.127942e-021
976.800000  4.142196e-021
976.820000  4.185234e-021
976.840000  4.225695e-021
976.860000  4.224419e-021
976.880000  4.258684e-021
976.900000  4.265434e-021
976.920000  4.281779e-021
976.940000  4.328705e-021
976.960000  4.344244e-021
976.980000  4.369611e-021
977.000000  4.421112e-021
977.020000  4.395490e-021
977.040000  4.409357e-021
977.060000  4.444173e-021
977.080000  4.491961e-021
977.100000  4.496563e-021
977.120000  4.520853e-021
977.140000  4.536167e-021
977.160000  4.550456e-021
977.180000  4.576112e-021
977.200000  4.618241e-021
977.220000  4.644004e-021
977.240000  4.669374e-021
977.260000  4.672744e-021
977.280000  4.691069e-021
977.300000  4.734059e-021
977.320000  4.776924e-021
977.340000  4.819656e-021
977.360000  4.834035e-021
977.380000  4.828931e-021
977.400000  4.872772e-021
977.420000  4.880524e-021
977.440000  4.937376e-021
977.460000  4.941701e-021
977.480000  4.956050e-021
977.500000  4.988242e-021
977.520000  5.004527e-021
977.540000  5.064821e-021
977.560000  5.102699e-021
977.580000  5.126148e-021
977.600000  5.120809e-021
977.620000  5.158159e-021
977.640000  5.169107e-021
977.660000  5.226417e-021
977.680000  5.271822e-021
977.700000  5.278675e-021
977.720000  5.301557e-021
977.740000  5.306550e-021
977.760000  5.371207e-021
977.780000  5.376324e-021
977.800000  5.444827e-021
977.820000  5.442473e-021
977.840000  5.436130e-021
977.860000  5.481220e-021
977.880000  5.495697e-021
977.900000  5.539470e-021
977.920000  5.607267e-021
977.940000  5.609764e-021
977.960000  5.605319e-021
977.980000  5.667292e-021
978.000000  5.696047e-021
978.020000  5.706251e-021
978.040000  5.773859e-021
978.060000  5.788541e-021
978.080000  5.816355e-021
978.100000  5.827492e-021
978.120000  5.861393e-021
978.140000  5.917082e-021
978.160000  5.923188e-021
978.180000  5.960011e-021
978.200000  5.991812e-021
978.220000  5.990495e-021
978.240000  6.040177e-021
978.260000  6.100531e-021
978.280000  6.135045e-021
978.300000  6.164318e-021
978.320000  6.144062e-021
978.340000  6.193194e-021
978.360000  6.238886e-021
978.380000  6.256774e-021
978.400000  6.326029e-021
978.420000  6.318070e-021
978.440000  6.343754e-021
978.460000  6.387087e-021
978.480000  6.423360e-021
978.500000  6.450677e-021
978.520000  6.467989e-021
978.540000  6.504249e-021
978.560000  6.465269e-021
978.580000  6.529151e-021
978.600000  6.591472e-021
978.620000  6.582183e-021
978.640000  6.623987e-021
978.660000  6.627916e-021
978.680000  6.688186e-021
978.700000  6.712077e-021
978.720000  6.755295e-021
978.740000  6.812887e-021
978.760000  6.856281e-021
978.780000  6.848327e-021
978.800000  6.870413e-021
978.820000  6.916591e-021
978.840000  6.950740e-021
978.860000  7.000608e-021
978.880000  7.016830e-021
978.900000  7.054615e-021
978.920000  7.091706e-021
978.940000  7.109186e-021
978.960000  7.200041e-021
978.980000  7.168352e-021
979.000000  7.234765e-021
979.020000  7.306920e-021
979.040000  7.325748e-021
979.060000  7.347778e-021
979.080000  7.417476e-021
979.100000  7.424989e-021
979.120000  7.402768e-021
979.140000  7.491574e-021
979.160000  7.526301e-021
979.180000  7.563474e-021
979.200000  7.578856e-021
979.220000  7.642439e-021
979.240000  7.665210e-021
979.260000  7.676821e-021
979.280000  7.706603e-021
979.300000  7.735464e-021
979.320000  7.754179e-021
979.340000  7.784545e-021
979.360000  7.872684e-021
979.380000  7.884933e-021
979.400000  7.893655e-021
979.420000  7.920094e-021
979.440000  7.996292e-021
979.460000  8.009882e-021
979.480000  8.035768e-021
979.500000  8.069211e-021
979.520000  8.069375e-021
979.540000  8.088125e-021
979.560000  8.192603e-021
979.580000  8.140892e-021
979.600000  8.220929e-021
979.620000  8.289022e-021
979.640000  8.277015e-021
979.660000  8.319741e-021
979.680000  8.308955e-021
979.700000  8.350696e-021
979.720000  8.371568e-021
979.740000  8.419313e-021
979.760000  8.349759e-021
979.780000  8.407962e-021
979.800000  8.438563e-021
979.820000  8.463620e-021
979.840000  8.488819e-021
979.860000  8.484069e-021
979.880000  8.457603e-021
979.900000  8.485479e-021
979.920000  8.547966e-021
979.940000  8.537621e-021
979.960000  8.577127e-021
979.980000  8.544551e-021
980.000000  8.499920e-021
980.020000  8.580810e-021
980.040000  8.565024e-021
980.060000  8.556221e-021
980.080000  8.580671e-021
980.100000  8.609431e-021
980.120000  8.646810e-021
980.140000  8.551493e-021
980.160000  8.616232e-021
980.180000  8.575361e-021
980.200000  8.587326e-021
980.220000  8.598001e-021
980.240000  8.572643e-021
980.260000  8.615195e-021
980.280000  8.614739e-021
980.300000  8.628211e-021
980.320000  8.611054e-021
980.340000  8.522778e-021
980.360000  8.443113e-021
980.380000  8.536988e-021
980.400000  8.550223e-021
980.420000  8.493652e-021
980.440000  8.504726e-021
980.460000  8.496952e-021
980.480000  8.481156e-021
980.500000  8.460100e-021
980.520000  8.435192e-021
980.540000  8.463395e-021
980.560000  8.426590e-021
980.580000  8.392749e-021
980.600000  8.305037e-021
980.620000  8.320047e-021
980.640000  8.245574e-021
980.660000  8.283298e-021
980.680000  8.176706e-021
980.700000  8.168691e-021
980.720000  8.059730e-021
980.740000  8.062754e-021
980.760000  8.054815e-021
980.780000  8.022615e-021
980.800000  7.985791e-021
980.820000  7.928394e-021
980.840000  7.877578e-021
980.860000  7.830808e-021
980.880000  7.813261e-021
980.900000  7.815358e-021
980.920000  7.737339e-021
980.940000  7.681900e-021
980.960000  7.639320e-021
980.980000  7.622463e-021
981.000000  7.564054e-021
981.020000  7.527413e-021
981.040000  7.501838e-021
981.060000  7.434045e-021
981.080000  7.370513e-021
981.100000  7.353227e-021
981.120000  7.343238e-021
981.140000  7.312783e-021
981.160000  7.244199e-021
981.180000  7.157053e-021
981.200000  7.104675e-021
981.220000  7.097718e-021
981.240000  7.067575e-021
981.260000  7.022344e-021
981.280000  6.972852e-021
981.300000  6.888632e-021
981.320000  6.843357e-021
981.340000  6.765172e-021
981.360000  6.734498e-021
981.380000  6.717339e-021
981.400000  6.677284e-021
981.420000  6.563799e-021
981.440000  6.514589e-021
981.460000  6.511452e-021
981.480000  6.451799e-021
981.500000  6.428579e-021
981.520000  6.367423e-021
981.540000  6.314339e-021
981.560000  6.209083e-021
981.580000  6.171856e-021
981.600000  6.133322e-021
981.620000  6.098849e-021
981.640000  6.059259e-021
981.660000  6.001788e-021
981.680000  5.957797e-021
981.700000  5.906077e-021
981.720000  5.873313e-021
981.740000  5.831302e-021
981.760000  5.810667e-021
981.780000  5.747028e-021
981.800000  5.687122e-021
981.820000  5.665494e-021
981.840000  5.613367e-021
981.860000  5.572129e-021
981.880000  5.536027e-021
981.900000  5.467928e-021
981.920000  5.433317e-021
981.940000  5.408873e-021
981.960000  5.360951e-021
981.980000  5.328440e-021
982.000000  5.264709e-021
982.020000  5.216047e-021
982.040000  5.179210e-021
982.060000  5.169488e-021
982.080000  5.113895e-021
982.100000  5.077949e-021
982.120000  5.018728e-021
982.140000  4.994368e-021
982.160000  4.957059e-021
982.180000  4.901277e-021
982.200000  4.891612e-021
982.220000  4.849855e-021
982.240000  4.791341e-021
982.260000  4.757360e-021
982.280000  4.745629e-021
982.300000  4.708095e-021
982.320000  4.697621e-021
982.340000  4.644488e-021
982.360000  4.611675e-021
982.380000  4.548278e-021
982.400000  4.547351e-021
982.420000  4.520686e-021
982.440000  4.505387e-021
982.460000  4.489091e-021
982.480000  4.444929e-021
982.500000  4.393980e-021
982.520000  4.389540e-021
982.540000  4.340321e-021
982.560000  4.315041e-021
982.580000  4.312235e-021
982.600000  4.268494e-021
982.620000  4.242793e-021
982.640000  4.201868e-021
982.660000  4.188393e-021
982.680000  4.192710e-021
982.700000  4.160589e-021
982.720000  4.126275e-021
982.740000  4.079228e-021
982.760000  4.058467e-021
982.780000  4.056425e-021
982.800000  4.044830e-021
982.820000  4.011186e-021
982.840000  3.952876e-021
982.860000  3.940759e-021
982.880000  3.904025e-021
982.900000  3.911909e-021
982.920000  3.887791e-021
982.940000  3.880829e-021
982.960000  3.825645e-021
982.980000  3.793233e-021
983.000000  3.778160e-021
983.020000  3.775441e-021
983.040000  3.775887e-021
983.060000  3.751953e-021
983.080000  3.734408e-021
983.100000  3.674240e-021
983.120000  3.653882e-021
983.140000  3.664412e-021
983.160000  3.659059e-021
983.180000  3.653709e-021
983.200000  3.584951e-021
983.220000  3.567321e-021
983.240000  3.596460e-021
983.260000  3.579234e-021
983.280000  3.568135e-021
983.300000  3.559232e-021
983.320000  3.535397e-021
983.340000  3.531288e-021
983.360000  3.518694e-021
983.380000  3.526925e-021
983.400000  3.518179e-021
983.420000  3.516917e-021
983.440000  3.510578e-021
983.460000  3.474806e-021
983.480000  3.487831e-021
983.500000  3.484060e-021
983.520000  3.488693e-021
983.540000  3.476531e-021
983.560000  3.456055e-021
983.580000  3.448152e-021
983.600000  3.444423e-021
983.620000  3.443036e-021
983.640000  3.449975e-021
983.660000  3.431953e-021
983.680000  3.413996e-021
983.700000  3.396104e-021
983.720000  3.407087e-021
983.740000  3.397446e-021
983.760000  3.408441e-021
983.780000  3.398790e-021
983.800000  3.389156e-021
983.820000  3.371337e-021
983.840000  3.382262e-021
983.860000  3.380876e-021
983.880000  3.383593e-021
983.900000  3.365847e-021
983.920000  3.364480e-021
983.940000  3.350910e-021
983.960000  3.365825e-021
983.980000  3.372609e-021
984.000000  3.375315e-021
984.020000  3.360021e-021
984.040000  3.356947e-021
984.060000  3.353876e-021
984.080000  3.362980e-021
984.100000  3.372099e-021
984.120000  3.385313e-021
984.140000  3.378142e-021
984.160000  3.362861e-021
984.180000  3.363846e-021
984.200000  3.360775e-021
984.220000  3.389543e-021
984.240000  3.385753e-021
984.260000  3.377893e-021
984.280000  3.357880e-021
984.300000  3.354121e-021
984.320000  3.366569e-021
984.340000  3.370919e-021
984.360000  3.371208e-021
984.380000  3.355278e-021
984.400000  3.363670e-021
984.420000  3.341742e-021
984.440000  3.352163e-021
984.460000  3.354508e-021
984.480000  3.348755e-021
984.500000  3.330893e-021
984.520000  3.325158e-021
984.540000  3.319426e-021
984.560000  3.309679e-021
984.580000  3.320037e-021
984.600000  3.330428e-021
984.620000  3.324043e-021
984.640000  3.297601e-021
984.660000  3.291283e-021
984.680000  3.308985e-021
984.700000  3.318699e-021
984.720000  3.308339e-021
984.740000  3.302010e-021
984.760000  3.299692e-021
984.780000  3.277456e-021
984.800000  3.299055e-021
984.820000  3.315302e-021
984.840000  3.315545e-021
984.860000  3.279865e-021
984.880000  3.272166e-021
984.900000  3.288308e-021
984.920000  3.276621e-021
984.940000  3.284814e-021
984.960000  3.293021e-021
984.980000  3.277351e-021
985.000000  3.261740e-021
985.200000  3.176932e-021
985.400000  3.166878e-021
985.600000  3.174985e-021
985.800000  3.114144e-021
986.000000  3.053136e-021
986.200000  3.015981e-021
986.400000  2.965741e-021
986.600000  2.870131e-021
986.800000  2.790359e-021
987.000000  2.758112e-021
987.200000  2.667943e-021
987.400000  2.576279e-021
987.600000  2.531906e-021
987.800000  2.509772e-021
988.000000  2.435275e-021
988.200000  2.369826e-021
988.400000  2.346822e-021
988.600000  2.308536e-021
988.800000  2.246328e-021
989.000000  2.249812e-021
989.200000  2.275072e-021
989.400000  2.256477e-021
989.600000  2.199484e-021
989.800000  2.187990e-021
990.000000  2.179624e-021
990.200000  2.123038e-021
990.400000  2.057208e-021
990.600000  2.060785e-021
990.800000  2.035581e-021
991.000000  1.974743e-021
991.200000  1.935450e-021
991.400000  1.931960e-021
991.600000  1.861200e-021
991.800000  1.773252e-021
992.000000  1.737238e-021
992.200000  1.692553e-021
992.400000  1.577360e-021
992.600000  1.493717e-021
992.800000  1.478252e-021
993.000000  1.431299e-021
993.200000  1.340468e-021
993.400000  1.285831e-021
993.600000  1.252532e-021
993.800000  1.164212e-021
994.000000  1.080469e-021
994.200000  1.050224e-021
994.400000  1.042549e-021
994.600000  9.836365e-022
994.800000  9.368428e-022
995.000000  9.485077e-022
995.200000  9.361043e-022
995.400000  9.015067e-022
995.600000  8.891410e-022
995.800000  9.017831e-022
996.000000  8.667684e-022
996.200000  8.153896e-022
996.400000  8.291994e-022
996.600000  8.048884e-022
996.800000  7.424741e-022
997.000000  7.100208e-022
997.200000  7.433486e-022
997.400000  7.206211e-022
997.600000  6.721752e-022
997.800000  6.550268e-022
998.000000  6.575986e-022
998.200000  6.106859e-022
998.400000  5.581115e-022
998.600000  5.922987e-022
998.800000  6.023292e-022
999.000000  5.428137e-022
999.200000  5.170588e-022
999.400000  5.297734e-022
999.600000  5.065049e-022
999.800000  4.444605e-022
1000.000000  4.356326e-022
1000.200000  4.565902e-022
1000.400000  4.446295e-022
1000.600000  3.788316e-022
1000.800000  3.753764e-022
1001.000000  4.116497e-022
1001.200000  3.872333e-022
1001.400000  3.476072e-022
1001.600000  3.661660e-022
1001.800000  3.673720e-022
1002.000000  3.228258e-022
1002.200000  3.309566e-022
1002.400000  3.848259e-022
1002.600000  3.805351e-022
1002.800000  3.421181e-022
1003.000000  3.421818e-022
1003.200000  3.761812e-022
1003.400000  3.340134e-022
1003.600000  3.050787e-022
1003.800000  3.061786e-022
1004.000000  2.915603e-022
1004.200000  2.445966e-022
1004.400000  2.533907e-022
1004.600000  3.132001e-022
1004.800000  3.038113e-022
1005.000000  2.608639e-022
1005.200000  2.756800e-022
1005.400000  2.975028e-022
1005.600000  2.631912e-022
1005.800000  2.346432e-022
1006.000000  2.757361e-022
1006.200000  2.697247e-022
1006.400000  2.100917e-022
1006.600000  2.064798e-022
1006.800000  2.414115e-022
1007.000000  2.316932e-022
1007.200000  2.037993e-022
1007.400000  2.301852e-022
1007.600000  2.498624e-022
1007.800000  2.117801e-022
1008.000000  1.977831e-022
1008.200000  2.280221e-022
1008.400000  2.328255e-022
1008.600000  1.949636e-022
1008.800000  2.063962e-022
1009.000000  2.591294e-022
1009.200000  2.262829e-022
1009.400000  1.976382e-022
1009.600000  2.321454e-022
1009.800000  2.788476e-022
1010.000000  2.323758e-022
1010.200000  1.976232e-022
1010.400000  2.059993e-022
1010.600000  2.151606e-022
1010.800000  1.659268e-022
1011.000000  1.658949e-022
1011.200000  2.159010e-022
1011.400000  1.658691e-022
1011.600000  1.400577e-022
1011.800000  1.811119e-022
1012.000000  2.228645e-022
1012.200000  1.859758e-022
1012.400000  1.650975e-022
1012.600000  1.940647e-022
1012.800000  1.850025e-022
1013.000000  1.605869e-022
1013.200000  1.848477e-022
1013.400000  2.059294e-022
1013.600000  1.689963e-022
1013.800000  1.377851e-022
1014.000000  1.676586e-022
1014.200000  1.636288e-022
1014.400000  9.808284e-023
1014.600000  6.386954e-023
1014.800000  9.762812e-023
1015.000000  1.072860e-022
1015.200000  9.073365e-023
1015.400000  1.056367e-022
1015.600000  1.453911e-022
1015.800000  1.166612e-022
1016.000000  8.814536e-023
1016.200000  1.232598e-022
1016.400000  1.307094e-022
1016.600000  1.021797e-022
1016.800000  1.066068e-022
1017.000000  1.543658e-022
1017.200000  1.483344e-022
1017.400000  9.396153e-023
1017.600000  1.159347e-022
1017.800000  1.497524e-022
1018.000000  1.306889e-022
1018.200000  9.007599e-023
1018.400000  1.301173e-022
1018.600000  1.321681e-022
1018.800000  8.797846e-023
1019.000000  7.912436e-023
1019.200000  1.087906e-022
1019.400000  9.201309e-023
1019.600000  5.309379e-023
1019.800000  8.566163e-023
1020.000000  1.135260e-022
1020.200000  4.225193e-023
1020.400000  4.883773e-023
1020.600000  4.104531e-023
1020.800000  4.730103e-023
1021.000000  5.235898e-023
1021.200000  5.671403e-023
1021.400000  5.553839e-023
1021.600000  5.028493e-023
1021.800000  5.248975e-023
1022.000000  4.866811e-023
1022.200000  5.754687e-023
1022.400000  5.183977e-023
1022.600000  5.480687e-023
1022.800000  5.569141e-023
1023.000000  4.604103e-023
1023.200000  3.244813e-023
1023.400000  3.615699e-023
1023.600000  3.626983e-023
1023.800000  1.940891e-023
1024.000000  3.290812e-023
1024.200000  3.733697e-023
1024.400000  3.781546e-023
1024.600000  3.396388e-023
1024.800000  3.839904e-023
1025.000000  4.644603e-023
1025.200000  3.538812e-023
1025.400000  3.012219e-023
1025.600000  4.245279e-023
1025.800000  3.681389e-023
1026.000000  3.009402e-023
1026.200000  2.918917e-023
1026.400000  4.218422e-023
1026.600000  4.232275e-023
1026.800000  3.559382e-023
1027.000000  1.989638e-023
1027.200000  1.375570e-023
1027.400000  2.108601e-023
1027.600000  4.073126e-023
1027.800000  5.309237e-023
1028.000000  5.329170e-023
1028.200000  4.288799e-023
1028.400000  4.011023e-023
1028.600000  2.976187e-023
1028.800000  1.360949e-023
1029.000000  -2.265114e-025
1029.200000  -7.271882e-024
1029.400000  4.854944e-024
1029.600000  1.432127e-023
1029.800000  2.285735e-023
1030.000000  3.525178e-023
1030.200000  3.753022e-023
1030.400000  4.053967e-023
1030.600000  3.921739e-023
1030.800000  3.355409e-023
1031.000000  3.184001e-023
1031.200000  3.378385e-023
1031.400000  3.427149e-023
1031.600000  2.496311e-023
1031.800000  -3.514504e-024
1032.000000  -5.058968e-024
1032.200000  1.490628e-023
1032.400000  1.355083e-023
1032.600000  1.660330e-023
1032.800000  2.255744e-023
1033.000000  3.951976e-023
1033.200000  2.627133e-023
1033.400000  1.958949e-023
1033.600000  2.076835e-023
1033.800000  2.155169e-023
1034.000000  1.700246e-023
1034.200000  1.580813e-023
1034.400000  1.234737e-023
1034.600000  3.612583e-024
1034.800000  -1.061750e-023
1035.000000  -1.511948e-023
1035.200000  -2.461093e-023
1035.400000  -1.883375e-023
1035.600000  -1.523764e-023
1035.800000  -4.970126e-024
1036.000000  -1.084030e-023
1036.200000  -2.045218e-023
1036.400000  -2.344257e-023
1036.600000  -2.738895e-023
1036.800000  -2.617911e-023
1037.000000  -2.970904e-023
1037.200000  -1.385665e-023
1037.400000  -1.108095e-023
1037.600000  -1.293297e-023
1037.800000  -8.306331e-024
1038.000000  -2.661662e-024
1038.200000  -1.363281e-023
1038.400000  -1.966466e-023
1038.600000  -7.393708e-024
1038.800000  1.109654e-023
1039.000000  1.036690e-023
1039.200000  -7.049432e-024
1039.400000  -2.535661e-023
1039.600000  -2.415127e-023
1039.800000  -2.093594e-023
1040.000000  -1.432182e-023
1040.200000  -8.559630e-024
1040.400000  -2.107145e-023
1040.600000  -3.224789e-023
1040.800000  -3.622199e-023
1041.000000  -2.286568e-023
1041.200000  -2.675918e-023
1041.400000  -3.995597e-023
1041.600000  -5.615437e-023
1041.800000  -5.152189e-023
1042.000000  -6.214305e-023
1042.200000  -5.735996e-023
1042.400000  -4.092020e-023
1042.600000  -3.361555e-023
1042.800000  -3.659125e-023
1043.000000  -4.005953e-023
1043.200000  -3.175725e-023
1043.400000  -4.035982e-023
1043.600000  -4.073520e-023
1043.800000  -2.938665e-023
1044.000000  -2.771076e-023
1044.200000  -3.988798e-023
1044.400000  -3.976032e-023
1044.600000  -2.843170e-023
1044.800000  -2.110387e-023
1045.000000  -1.747558e-023
1045.200000  -2.911218e-023
1045.400000  -3.510479e-023
1045.600000  -4.010648e-023
1045.800000  -3.895768e-023
1046.000000  -2.611003e-023
1046.200000  -2.797813e-023
1046.400000  -2.836354e-023
1046.600000  -2.317233e-023
1046.800000  -1.995736e-023
1047.000000  -3.469593e-023
1047.200000  -3.406865e-023
1047.400000  -4.113868e-023
1047.600000  -3.178063e-023
1047.800000  -3.629965e-023
1048.000000  -3.207211e-023
1048.200000  -2.939389e-023
1048.400000  -3.130894e-023
1048.600000  -4.821985e-023
1048.800000  -5.116265e-023
1049.000000  -4.643041e-023
1049.200000  -3.446815e-023
1049.400000  -3.486947e-023
1049.600000  -3.732658e-023
1049.800000  -2.998113e-023
1050.000000  -4.904774e-023
1050.200000  -5.293977e-023
1050.400000  -4.251752e-023
1050.600000  -3.778059e-023
1050.800000  -5.204758e-023
1051.000000  -5.386877e-023
1051.200000  -4.405159e-023
1051.400000  -3.834774e-023
1051.600000  -4.536943e-023
1051.800000  -2.990581e-023
1052.000000  -2.721678e-023
1052.200000  -3.891344e-023
1052.400000  -3.827399e-023
1052.600000  -3.302754e-023
1052.800000  -3.188736e-023
1053.000000  -3.795666e-023
1053.200000  -4.087442e-023
1053.400000  -2.948799e-023
1053.600000  -3.503536e-023
1053.800000  -4.876953e-023
1054.000000  -5.996338e-023
1054.200000  -6.716266e-023
1054.400000  -7.781139e-023
1054.600000  -7.392826e-023
1054.800000  -6.866306e-023
1055.000000  -7.347536e-023
1055.200000  -6.443327e-023
1055.400000  -4.878847e-023
1055.600000  -3.130971e-023
1055.800000  -3.377572e-023
1056.000000  -4.906972e-023
1056.200000  -5.456179e-023
1056.400000  -5.197004e-023
1056.600000  -5.296779e-023
1056.800000  -5.320967e-023
1057.000000  -5.611680e-023
1057.200000  -5.768841e-023
1057.400000  -5.130349e-023
1057.600000  -3.579331e-023
1057.800000  -3.159150e-023
1058.000000  -3.971950e-023
1058.200000  -4.314076e-023
1058.400000  -3.684479e-023
1058.600000  -3.623913e-023
1058.800000  -5.922530e-023
1059.000000  -5.997899e-023
1059.200000  -4.816650e-023
1059.400000  -3.119467e-023
1059.600000  -2.440086e-023
1059.800000  -1.659559e-023
1060.000000  -2.107689e-023
1060.200000  -3.645215e-023
1060.400000  -5.125046e-023
1060.600000  -3.871824e-023
1060.800000  -3.762841e-023
1061.000000  -5.192010e-023
1061.200000  -6.815979e-023
1061.400000  -6.963005e-023
1061.600000  -7.389155e-023
1061.800000  -7.117881e-023
1062.000000  -6.212047e-023
1062.200000  -5.697267e-023
1062.400000  -6.723563e-023
1062.600000  -7.053160e-023
1062.800000  -6.842071e-023
1063.000000  -6.228159e-023
1063.200000  -6.636258e-023
1063.400000  -5.773200e-023
1063.600000  -5.043297e-023
1063.800000  -4.838881e-023
1064.000000  -4.817692e-023
1064.200000  -3.670745e-023
1064.400000  -2.783789e-023
1064.600000  -2.668916e-023
1064.800000  -3.378352e-023
1065.000000  -3.775533e-023
1065.200000  -3.925953e-023
1065.400000  -5.198773e-023
1065.600000  -4.661278e-023
1065.800000  -5.276889e-023
1066.000000  -6.316611e-023
1066.200000  -7.646249e-023
1066.400000  -7.513229e-023
1066.600000  -6.743238e-023
1066.800000  -8.555128e-023
1067.000000  -8.195567e-023
1067.200000  -6.331617e-023
1067.400000  -4.318099e-023
1067.600000  -3.373998e-023
1067.800000  -2.743401e-023
1068.000000  -2.422553e-023
1068.200000  -3.088139e-023
1068.400000  -3.797368e-023
1068.600000  -4.037765e-023
1068.800000  -4.088870e-023
1069.000000  -4.235115e-023
1069.200000  -4.270517e-023
1069.400000  -3.740221e-023
1069.600000  -3.474950e-023
1069.800000  -4.551873e-023
1070.000000  -4.733444e-023
1070.200000  -3.851526e-023
1070.400000  -3.950027e-023
1070.600000  -4.033196e-023
1070.800000  -4.642355e-023
1071.000000  -5.424016e-023
1071.200000  -6.881039e-023
1071.400000  -6.949462e-023
1071.600000  -7.159818e-023
1071.800000  -7.170257e-023
1072.000000  -8.284606e-023
1072.200000  -7.425839e-023
1072.400000  -6.952924e-023
1072.600000  -6.599235e-023
1072.800000  -6.146720e-023
1073.000000  -6.176771e-023
1073.200000  -5.820747e-023
1073.400000  -5.649397e-023
1073.600000  -5.680664e-023
1073.800000  -4.481693e-023
1074.000000  -4.332234e-023
1074.200000  -4.731407e-023
1074.400000  -4.345281e-023
1074.600000  -2.987512e-023
1074.800000  -2.506318e-023
1075.000000  -2.856760e-023
1075.200000  -1.492508e-023
1075.400000  -1.530775e-023
1075.600000  -2.615242e-023
1075.800000  -3.326557e-023
1076.000000  -3.890829e-023
1076.200000  -4.936891e-023
1076.400000  -5.654487e-023
1076.600000  -4.378329e-023
1076.800000  -3.330575e-023
1077.000000  -3.429407e-023
1077.200000  -3.878067e-023
1077.400000  -4.286943e-023
1077.600000  -4.754574e-023
1077.800000  -6.585812e-023
1078.000000  -7.905524e-023
1078.200000  -8.847505e-023
1078.400000  -8.567279e-023
1078.600000  -7.797749e-023
1078.800000  -7.359002e-023
1079.000000  -6.944207e-023
1079.200000  -7.625737e-023
1079.400000  -8.280709e-023
1079.600000  -7.840971e-023
1079.800000  -7.187093e-023
1080.000000  -7.214157e-023
1080.200000  -5.700187e-023
1080.400000  -4.549907e-023
1080.600000  -4.654472e-023
1080.800000  -4.527085e-023
1081.000000  -3.042390e-023
1081.200000  -2.092323e-023
1081.400000  -3.081289e-023
1081.600000  -4.263739e-023
1081.800000  -3.362362e-023
1082.000000  -3.358932e-023
1082.200000  -4.023929e-023
1082.400000  -4.218102e-023
1082.600000  -4.058153e-023
1082.800000  -3.954387e-023
1083.000000  -4.035337e-023
1083.200000  -4.229797e-023
1083.400000  -2.176511e-023
1083.600000  -3.691161e-023
1083.800000  -4.092720e-023
1084.000000  -3.085432e-023
1084.200000  -2.608304e-023
1084.400000  -3.125844e-023
1084.600000  -4.001334e-023
1084.800000  -3.622727e-023
1085.000000  -3.932527e-023
1085.200000  -3.806709e-023
1085.400000  -4.469948e-023
1085.600000  -5.103373e-023
1085.800000  -6.048696e-023
1086.000000  -6.320384e-023
1086.200000  -5.417682e-023
1086.400000  -5.219825e-023
1086.600000  -6.145098e-023
1086.800000  -5.383475e-023
1087.000000  -4.597943e-023
1087.200000  -4.394890e-023
1087.400000  -5.307315e-023
1087.600000  -4.972892e-023
1087.800000  -5.199956e-023
1088.000000  -6.555383e-023
1088.200000  -5.363597e-023
1088.400000  -3.257400e-023
1088.600000  -3.255206e-023
1088.800000  -3.130965e-023
1089.000000  -2.378711e-023
1089.200000  -1.372594e-023
1089.400000  -1.837671e-023
1089.600000  -2.136395e-023
1089.800000  -2.595701e-023
1090.000000  -2.590945e-023
1090.200000  -2.947390e-023
1090.400000  -2.616788e-023
1090.600000  -2.660869e-023
1090.800000  -3.186565e-023
1091.000000  -4.914972e-023
1091.200000  -5.618710e-023
1091.400000  -6.096410e-023
1091.600000  -6.742013e-023
1091.800000  -4.912075e-023
1092.000000  -3.579558e-023
1092.200000  -2.841750e-023
1092.400000  -5.305356e-023
1092.600000  -6.106886e-023
1092.800000  -5.161632e-023
1093.000000  -5.024191e-023
1093.200000  -4.524423e-023
1093.400000  -4.658871e-023
1093.600000  -5.256241e-023
1093.800000  -6.311429e-023
1094.000000  -6.845479e-023
1094.200000  -5.936916e-023
1094.400000  -3.822861e-023
1094.600000  -2.592796e-023
1094.800000  -2.629384e-023
1095.000000  -1.778829e-023
1095.200000  -1.507268e-023
1095.400000  -2.443136e-023
1095.600000  -1.849105e-023
1095.800000  -2.636720e-023
1096.000000  -3.374889e-023
1096.200000  -3.823639e-023
1096.400000  -1.962678e-023
1096.600000  -3.695948e-024
1096.800000  -1.680724e-023
1097.000000  -2.927611e-023
1097.200000  -3.398544e-023
1097.400000  -4.301283e-023
1097.600000  -4.436323e-023
1097.800000  -4.262493e-023
1098.000000  -4.636580e-023
1098.200000  -6.531296e-023
1098.400000  -6.961206e-023
1098.600000  -5.748482e-023
1098.800000  -4.118210e-023
1099.000000  -4.150621e-023
1099.200000  -4.815870e-023
1099.400000  -5.069875e-023
1099.600000  -5.283449e-023
1099.800000  -4.944823e-023
1100.000000  -5.035729e-023
1100.200000  -5.270329e-023
1100.400000  -5.361643e-023
1100.600000  -3.217101e-023
1100.800000  -6.608189e-024
1101.000000  2.031837e-024
1101.200000  -9.574798e-024
1101.400000  -2.053094e-023
1101.600000  -3.322383e-023
1101.800000  -2.360305e-023
1102.000000  -1.655096e-023
1102.200000  -1.853933e-023
1102.400000  -3.139147e-023
1102.600000  -4.782933e-023
1102.800000  -3.371345e-023
1103.000000  -2.721003e-023
1103.200000  -2.883583e-023
1103.400000  -2.593429e-023
1103.600000  -2.362752e-023
1103.800000  -2.141534e-023
1104.000000  -3.525638e-023
1104.200000  -4.094436e-023
1104.400000  -4.660970e-023
1104.600000  -4.149504e-023
1104.800000  -4.407756e-023
1105.000000  -3.154911e-023
1105.200000  -2.664565e-023
1105.400000  -5.164985e-023
1105.600000  -6.760055e-023
1105.800000  -5.662199e-023
1106.000000  -3.606500e-023
1106.200000  -3.113063e-023
1106.400000  -3.088438e-023
1106.600000  -2.268190e-023
1106.800000  -1.839940e-023
1107.000000  -3.233079e-023
1107.200000  -3.643471e-023
1107.400000  -4.173947e-023
1107.600000  -3.864597e-023
1107.800000  -3.836175e-023
1108.000000  -2.951295e-023
1108.200000  -2.457513e-023
1108.400000  -3.047647e-023
1108.600000  -3.398433e-023
1108.800000  -3.116749e-023
1109.000000  -2.907534e-023
1109.200000  -3.108021e-023
1109.400000  -2.283100e-023
1109.600000  -1.738250e-023
1109.800000  -2.828491e-023
1110.000000  -3.561230e-023
1110.200000  -4.181306e-023
1110.400000  -4.083845e-023
1110.600000  -4.240138e-023
1110.800000  -2.533530e-023
1111.000000  -1.494183e-023
1111.200000  -1.331906e-023
1111.400000  -2.511406e-023
1111.600000  -1.945181e-023
1111.800000  -1.183478e-023
1112.000000  -1.618121e-023
1112.200000  -2.418471e-023
1112.400000  -2.407109e-023
1112.600000  -2.515089e-023
1112.800000  -3.221496e-023
1113.000000  -4.123470e-023
1113.200000  -4.725352e-023
1113.400000  -4.630547e-023
1113.600000  -4.661019e-023
1113.800000  -4.416018e-023
1114.000000  -4.849825e-023
1114.200000  -6.495922e-023
1114.400000  -5.969457e-023
1114.600000  -4.687221e-023
1114.800000  -2.450133e-023
1115.000000  -2.989458e-023
1115.200000  -3.298832e-023
1115.400000  -3.500466e-023
1115.600000  -3.995667e-023
1115.800000  -3.752465e-023
1116.000000  -2.796170e-023
1116.200000  -1.595365e-023
1116.400000  -7.167636e-024
1116.600000  -3.173095e-024
1116.800000  -1.939535e-024
1117.000000  -1.500526e-023
1117.200000  -1.930995e-023
1117.400000  -1.908703e-023
1117.600000  -1.682240e-023
1117.800000  -1.740083e-023
1118.000000  -1.561216e-023
1118.200000  -3.393180e-024
1118.400000  6.623656e-024
1118.600000  -6.024925e-024
1118.800000  -1.139373e-023
1119.000000  -7.416601e-024
1119.200000  -1.267256e-024
1119.400000  1.088411e-024
1119.600000  -1.035540e-023
1119.800000  -2.361339e-023
1120.000000  -2.316129e-023
1120.200000  -1.245280e-023
1120.400000  2.199018e-024
1120.600000  -1.442638e-023
1120.800000  -3.481742e-023
1121.000000  -2.232241e-023
1121.200000  -2.873178e-024
1121.400000  -1.066892e-023
1121.600000  -1.835763e-023
1121.800000  -2.261657e-023
1122.000000  -1.873961e-023
1122.200000  -2.658714e-023
1122.400000  -1.960999e-023
1122.600000  1.514524e-023
1122.800000  1.750309e-023
1123.000000  5.347089e-024
1123.200000  -1.661351e-023
1123.400000  -6.080816e-024
1123.600000  4.524164e-024
1123.800000  -9.988033e-024
1124.000000  -2.198386e-023
1124.200000  -1.955308e-023
1124.400000  -1.066602e-023
1124.600000  -8.771003e-024
1124.800000  -1.303874e-023
1125.000000  -4.720154e-024
1125.200000  1.389758e-023
1125.400000  4.232320e-023
1125.600000  4.923550e-023
1125.800000  1.537312e-023
1126.000000  7.850227e-025
1126.200000  1.557353e-023
1126.400000  1.118321e-023
1126.600000  -1.748417e-023
1126.800000  -4.376174e-023
1127.000000  -4.756210e-023
1127.200000  -5.233580e-023
1127.400000  -5.251883e-023
1127.600000  -3.524693e-023
1127.800000  -1.247299e-023
1128.000000  1.289708e-024
1128.200000  -1.917969e-024
1128.400000  1.679471e-023
1128.600000  3.212194e-023
1128.800000  3.630186e-023
1129.000000  1.887651e-023
1129.200000  2.599290e-024
1129.400000  -4.742233e-024
1129.600000  1.358209e-023
1129.800000  1.255318e-023
1130.000000  7.034122e-025
1130.200000  -2.428674e-023
1130.400000  -3.870384e-023
1130.600000  -3.333096e-023
1130.800000  -2.772902e-023
1131.000000  -3.287758e-023
1131.200000  -2.354825e-023
1131.400000  -2.407457e-023
1131.600000  -1.104843e-023
1131.800000  -1.555912e-023
1132.000000  -1.944483e-023
1132.200000  -1.884789e-023
1132.400000  -2.871652e-023
1132.600000  -3.418432e-023
1132.800000  -2.940354e-023
1133.000000  -1.099432e-023
1133.200000  -6.335188e-024
1133.400000  1.228958e-023
1133.600000  2.977680e-023
1133.800000  4.923003e-023
1134.000000  4.643932e-023
1134.200000  4.298240e-023
1134.400000  5.627390e-023
1134.600000  8.484578e-023
1134.800000  8.834980e-023
1135.000000  7.288397e-023
1135.200000  4.592698e-023
1135.400000  1.515557e-023
1135.600000  -1.643553e-023
1135.800000  -3.194665e-024
1136.000000  2.545754e-024
1136.200000  -1.556439e-023
1136.400000  -4.419249e-023
1136.600000  -5.033676e-023
1136.800000  -4.871774e-023
1137.000000  -4.537351e-023
1137.200000  -1.794243e-023
1137.400000  -1.001091e-023
1137.600000  -2.230200e-023
1137.800000  -2.899823e-023
1138.000000  -2.595274e-023
1138.200000  -1.508441e-023
1138.400000  -1.381815e-023
1138.600000  -9.459574e-024
1138.800000  -1.524158e-023
1139.000000  -1.940267e-023
1139.200000  -1.911120e-023
1139.400000  -1.474519e-023
1139.600000  -1.068869e-023
1139.800000  -5.426790e-024
1140.000000  1.239537e-024
1140.200000  5.476808e-024
1140.400000  1.382989e-023
1140.600000  2.819699e-023
1140.800000  4.190966e-023
1141.000000  4.564642e-023
1141.200000  2.498845e-023
1141.400000  2.329774e-023
1141.600000  3.109853e-023
1141.800000  3.007356e-023
1142.000000  2.305258e-023
1142.200000  2.314535e-023
1142.400000  1.911827e-023
1142.600000  1.685909e-023
1142.800000  1.282387e-023
1143.000000  1.945775e-023
1143.200000  1.719857e-023
1143.400000  1.823732e-024
1143.600000  -2.749571e-024
1143.800000  -2.214879e-023
1144.000000  -2.707888e-023
1144.200000  -1.399792e-023
1144.400000  1.756284e-024
1144.600000  -5.285768e-024
1144.800000  -1.715557e-023
1145.000000  -2.052174e-023
1145.200000  -2.685860e-023
1145.400000  -1.913769e-023
1145.600000  -2.686798e-023
1145.800000  -4.077055e-023
1146.000000  -3.467446e-023
1146.200000  -2.421602e-023
1146.400000  -3.217240e-024
1146.600000  1.252917e-023
1146.800000  1.444388e-023
1147.000000  4.405250e-024
1147.200000  9.934909e-024
1147.400000  2.016209e-023
1147.600000  2.146132e-023
1147.800000  1.077998e-023
1148.000000  8.586073e-024
1148.200000  1.882576e-023
1148.400000  2.311067e-023
1148.600000  3.460791e-023
1148.800000  4.479225e-023
1149.000000  3.597831e-023
1149.200000  1.457256e-023
1149.400000  3.309593e-024
1149.600000  2.199133e-023
1149.800000  1.969465e-023
1150.000000  8.389751e-024
