800.000000  -2.793856e-023
800.200000  -4.702081e-023
800.400000  -1.989012e-023
800.600000  -2.111845e-023
800.800000  -5.436596e-023
801.000000  -5.105844e-023
801.200000  -1.932255e-023
801.400000  -4.430702e-023
801.600000  -6.611432e-023
801.800000  -3.992190e-023
802.000000  -1.921184e-023
802.200000  -4.927147e-023
802.400000  -4.687091e-023
802.600000  -9.621217e-024
802.800000  -2.047630e-023
803.000000  -4.834007e-023
803.200000  -3.946656e-023
803.400000  -2.097321e-023
803.600000  -5.025042e-023
803.800000  -6.526198e-023
804.000000  -4.765401e-023
804.200000  -3.140769e-023
804.400000  -5.645467e-023
804.600000  -5.542998e-023
804.800000  -2.365782e-023
805.000000  -2.351079e-023
805.200000  -5.597750e-023
805.400000  -3.518879e-023
805.600000  -6.546936e-024
805.800000  -2.065051e-023
806.000000  -3.985980e-023
806.200000  -1.072215e-023
806.400000  -3.926525e-026
806.600000  -2.922767e-023
806.800000  -3.138278e-023
807.000000  -1.931339e-024
807.200000  -1.140095e-023
807.400000  -4.156026e-023
807.600000  -3.498964e-023
807.800000  -5.461937e-024
808.000000  -3.240141e-023
808.200000  -5.616774e-023
808.400000  -2.799390e-023
808.600000  -2.142895e-023
808.800000  -3.738056e-023
809.000000  -2.436644e-023
809.200000  9.339156e-024
809.400000  -1.304970e-023
809.600000  -4.233372e-023
809.800000  -2.888314e-023
810.000000  -1.354491e-023
810.200000  -4.055491e-023
810.400000  -4.181127e-023
810.600000  -4.832836e-024
810.800000  1.368120e-023
811.000000  -2.064701e-023
811.200000  -5.334657e-024
811.400000  1.961828e-023
811.600000  -9.313857e-025
811.800000  -2.374218e-023
812.000000  -6.565077e-025
812.200000  1.095157e-023
812.400000  -2.238385e-023
812.600000  -3.698072e-023
812.800000  -1.468021e-024
813.000000  -4.238435e-025
813.200000  -2.684921e-023
813.400000  -3.542234e-023
813.600000  -2.337443e-023
813.800000  -5.262649e-023
814.000000  -7.931392e-023
814.200000  -4.042754e-023
814.400000  -2.189230e-023
814.600000  -5.059654e-023
814.800000  -5.188651e-023
815.000000  -6.330376e-024
815.200000  -6.191268e-024
815.400000  -3.408210e-023
815.600000  -1.463510e-023
815.800000  1.351710e-023
816.000000  4.921913e-024
816.200000  -2.476239e-023
816.400000  8.408751e-024
816.600000  2.361421e-023
816.800000  -6.443834e-024
817.000000  -1.270122e-023
817.200000  1.119923e-023
817.400000  9.940443e-024
817.600000  -2.502753e-023
817.800000  -1.622011e-023
818.000000  7.909147e-025
818.200000  -2.141725e-023
818.400000  -4.878769e-023
818.600000  -1.020048e-023
818.800000  -1.005658e-023
819.000000  -4.010672e-023
819.200000  -5.371930e-023
819.400000  -2.382002e-023
819.600000  -1.405402e-023
819.800000  -3.901047e-023
820.000000  -3.382276e-023
820.200000  -2.673412e-024
820.400000  -2.351546e-023
820.600000  -3.112534e-023
820.800000  3.221366e-024
821.000000  2.155551e-023
821.200000  -1.016104e-023
821.400000  -1.185809e-023
821.600000  1.790654e-023
821.800000  -1.091466e-024
822.000000  -2.924455e-023
822.200000  -2.626105e-024
822.400000  2.393669e-023
822.600000  -9.765698e-025
822.800000  -2.454923e-023
823.000000  -7.538452e-024
823.200000  -1.884934e-023
823.400000  -4.613081e-023
823.600000  -4.787639e-023
823.800000  -1.704389e-023
824.000000  -3.882221e-023
824.200000  -7.087530e-023
824.400000  -5.004305e-023
824.600000  -1.923046e-023
824.800000  -3.694357e-023
825.000000  -4.818387e-023
825.200000  -1.509264e-023
825.400000  7.378330e-024
825.600000  -1.752799e-023
825.800000  -6.462194e-024
826.000000  2.506910e-023
826.200000  1.515901e-023
826.400000  -2.152005e-023
826.600000  5.034426e-024
826.800000  3.339803e-023
827.000000  6.696259e-024
827.200000  -6.843336e-024
827.400000  8.798417e-024
827.600000  -3.373279e-024
827.800000  -4.561438e-023
828.000000  -4.543905e-023
828.200000  -1.752194e-023
828.400000  -1.734156e-023
828.600000  -4.407590e-023
828.800000  -1.115847e-023
829.000000  -5.546924e-025
829.200000  -3.219474e-023
829.400000  -3.564279e-023
829.600000  -7.369886e-024
829.800000  -1.038419e-023
830.000000  -4.330572e-023
830.200000  -3.311655e-023
830.400000  -9.960593e-024
830.600000  -1.434376e-023
830.800000  -3.056438e-023
831.000000  6.305011e-024
831.200000  2.453435e-023
831.400000  -1.108982e-023
831.600000  -3.230913e-023
831.800000  -7.223338e-024
832.000000  -1.888026e-023
832.200000  -4.605954e-023
832.400000  -3.641013e-023
832.600000  7.437693e-024
832.800000  -2.849693e-024
833.000000  -2.129005e-023
833.200000  1.055656e-023
833.400000  2.920656e-023
833.600000  -5.410303e-024
833.800000  -1.250017e-023
834.000000  1.155657e-023
834.200000  -3.648089e-024
834.400000  -4.265563e-023
834.600000  -2.759498e-023
834.800000  -8.553920e-024
835.000000  -2.538793e-023
835.200000  -3.182041e-023
835.400000  1.200163e-023
835.600000  1.835323e-023
835.800000  -1.080281e-023
836.000000  -4.847497e-024
836.200000  2.337459e-023
836.400000  7.854915e-025
836.600000  -1.953294e-023
836.800000  1.496502e-024
837.000000  1.603135e-023
837.200000  -2.884966e-023
837.400000  -4.581210e-023
837.600000  -1.199728e-023
837.800000  2.617563e-024
838.000000  -2.627471e-023
838.200000  -2.618186e-023
838.400000  9.631199e-024
838.600000  -1.135946e-023
838.800000  -3.115943e-023
839.000000  -9.847903e-024
839.200000  1.109815e-023
839.400000  -1.181615e-023
839.600000  -1.886391e-023
839.800000  1.688886e-023
840.000000  1.879955e-023
840.200000  -9.561260e-024
840.400000  3.499466e-024
840.600000  3.168952e-023
840.800000  2.158351e-023
841.000000  -8.133501e-024
841.200000  1.074625e-023
841.400000  2.515123e-023
841.600000  -5.462329e-024
841.800000  -1.289239e-023
842.000000  8.632318e-024
842.200000  6.996541e-024
842.400000  -2.486656e-023
842.600000  -2.160247e-023
842.800000  5.204999e-024
843.000000  -1.283326e-023
843.200000  -3.654182e-023
843.400000  -1.516649e-023
843.600000  -6.593773e-024
843.800000  -3.118284e-023
844.000000  -3.063276e-023
844.200000  1.814675e-023
844.400000  2.843942e-023
844.600000  -1.408635e-025
844.800000  3.539510e-024
845.000000  3.241942e-023
845.200000  6.916903e-024
845.400000  -1.946839e-023
845.600000  1.393339e-025
845.800000  7.350068e-024
846.000000  -2.114925e-023
846.200000  -2.364106e-023
846.400000  1.438034e-023
846.600000  6.180164e-024
846.800000  -2.532746e-023
847.000000  -1.993396e-023
847.200000  5.270001e-024
847.400000  -1.739459e-023
847.600000  -3.568647e-023
847.800000  -5.276368e-024
848.000000  3.644482e-024
848.200000  -1.724605e-023
848.400000  -2.414554e-023
848.600000  8.907551e-024
848.800000  5.543237e-024
849.000000  -1.406073e-023
849.200000  7.117060e-024
849.400000  3.099103e-023
849.600000  1.004613e-023
849.800000  -4.701986e-024
850.000000  2.566344e-023
850.200000  2.711088e-023
850.400000  -5.950298e-024
850.600000  -1.428924e-024
850.800000  2.444158e-023
851.000000  6.298875e-024
851.200000  -3.952282e-023
851.400000  -1.679515e-023
851.600000  1.282737e-023
851.800000  -1.250206e-023
852.000000  -2.629011e-023
852.200000  8.918979e-024
852.400000  2.029878e-023
852.600000  -1.669332e-023
852.800000  -1.822191e-023
853.000000  1.467723e-023
853.200000  -5.026829e-024
853.400000  -2.944137e-023
853.600000  -1.379412e-023
853.800000  1.434985e-024
854.000000  -2.338348e-023
854.200000  -3.062810e-023
854.400000  1.007514e-023
854.600000  1.453327e-023
854.800000  -2.887844e-024
855.000000  -5.554735e-025
855.200000  2.820553e-023
855.400000  2.023427e-023
855.600000  6.736784e-024
855.800000  2.350167e-023
856.000000  3.344203e-023
856.200000  4.224301e-024
856.400000  -2.540149e-023
856.600000  7.483227e-024
856.800000  4.277204e-024
857.000000  -1.796769e-023
857.200000  -3.461139e-024
857.400000  2.837910e-023
857.600000  2.515576e-025
857.800000  -3.596095e-023
858.000000  -1.849971e-023
858.200000  -1.415291e-023
858.400000  -3.134143e-023
858.600000  -3.783285e-023
858.800000  2.344185e-024
859.000000  -3.443646e-024
859.200000  -3.322172e-023
859.400000  -1.454664e-023
859.600000  2.485616e-023
859.800000  1.280507e-023
860.000000  -1.313580e-023
860.200000  2.442851e-023
860.400000  2.539766e-023
860.600000  -1.210009e-024
860.800000  -1.355151e-023
861.000000  1.788078e-023
861.200000  3.837323e-024
861.400000  -2.557527e-023
861.600000  -9.573667e-024
861.800000  1.514169e-023
862.000000  -7.590836e-024
862.200000  -2.794776e-023
862.400000  8.055314e-024
862.600000  4.043280e-024
862.800000  -2.993634e-023
863.000000  -1.808721e-023
863.200000  1.903477e-023
863.400000  1.546028e-023
863.600000  -1.424988e-023
863.800000  -2.465370e-024
864.000000  1.674325e-023
864.200000  -1.235866e-023
864.400000  -2.142435e-023
864.600000  1.260632e-023
864.800000  1.564275e-023
865.000000  -1.469514e-023
865.200000  -2.035681e-023
865.400000  1.526809e-023
865.600000  1.173692e-023
865.800000  -1.653568e-023
866.000000  1.201764e-023
866.200000  3.311687e-023
866.400000  1.395682e-023
866.600000  -1.057376e-024
866.800000  2.819222e-023
867.000000  3.694388e-023
867.200000  1.329842e-023
867.400000  1.465849e-023
867.600000  4.023140e-023
867.800000  2.233657e-023
868.000000  -1.688610e-023
868.200000  -2.344600e-024
868.400000  5.960086e-024
868.600000  -2.579807e-023
868.800000  -4.649799e-023
869.000000  -7.057694e-024
869.200000  -7.078614e-025
869.400000  -1.728450e-023
869.600000  -3.291908e-024
869.800000  3.354016e-023
870.000000  2.391566e-023
870.200000  3.315192e-024
870.400000  2.461271e-023
870.600000  3.733793e-023
870.800000  7.492003e-024
871.000000  1.943583e-024
871.200000  2.883376e-023
871.400000  1.969214e-023
871.600000  5.663222e-024
871.800000  7.447231e-024
872.000000  3.909784e-023
872.200000  1.622344e-023
872.400000  1.467911e-024
872.600000  2.498257e-023
872.800000  4.081472e-023
873.000000  1.319725e-023
873.200000  2.488403e-024
873.400000  4.002269e-023
873.600000  4.297031e-023
873.800000  1.181728e-023
874.000000  3.521833e-023
874.200000  5.897272e-023
874.400000  3.109296e-023
874.600000  9.270785e-024
874.800000  2.898494e-023
875.000000  5.102279e-023
875.200000  1.658474e-023
875.400000  6.029632e-024
875.600000  2.082652e-023
875.800000  9.093268e-024
876.000000  -1.983367e-023
876.200000  -5.033158e-024
876.400000  2.493826e-023
876.600000  2.507837e-023
876.800000  1.448793e-023
877.000000  4.843631e-023
877.200000  5.051611e-023
877.400000  2.569614e-023
877.600000  2.029324e-023
877.800000  4.733580e-023
878.000000  3.639717e-023
878.200000  1.121650e-023
878.400000  4.179318e-023
878.600000  6.787860e-023
878.800000  4.832201e-023
879.000000  3.590580e-023
879.200000  6.468978e-023
879.400000  6.909823e-023
879.600000  3.554027e-023
879.800000  3.293316e-023
880.000000  6.216866e-023
880.200000  4.263039e-023
880.400000  1.726265e-023
880.600000  3.898576e-023
880.800000  6.494925e-023
881.000000  4.200935e-023
881.200000  2.332594e-023
881.400000  4.465343e-023
881.600000  5.576415e-023
881.800000  1.548837e-023
882.000000  3.407408e-023
882.200000  7.893335e-023
882.400000  7.513400e-023
882.600000  5.253572e-023
882.800000  7.662035e-023
883.000000  9.829692e-023
883.200000  6.935842e-023
883.400000  6.130494e-023
883.600000  9.383795e-023
883.800000  1.099989e-022
884.000000  7.449444e-023
884.200000  9.697485e-023
884.400000  1.170735e-022
884.600000  9.997004e-023
884.800000  6.501739e-023
885.000000  6.942077e-023
885.200000  7.861805e-023
885.400000  4.976028e-023
885.600000  5.618475e-023
885.800000  8.691273e-023
886.000000  9.007755e-023
886.200000  7.265617e-023
886.400000  9.429297e-023
886.600000  1.277518e-022
886.800000  1.266494e-022
887.000000  1.122373e-022
887.200000  1.402595e-022
887.400000  1.539151e-022
887.600000  1.207872e-022
887.800000  1.169878e-022
888.000000  1.397727e-022
888.200000  1.426123e-022
888.400000  1.134716e-022
888.600000  1.414412e-022
888.800000  1.723282e-022
889.000000  1.618576e-022
889.200000  1.485162e-022
889.400000  1.794023e-022
889.600000  1.874837e-022
889.800000  1.582911e-022
890.000000  1.569947e-022
890.200000  1.917704e-022
890.400000  1.825355e-022
890.600000  1.424329e-022
890.800000  1.613512e-022
891.000000  1.950223e-022
891.200000  1.751380e-022
891.400000  1.617706e-022
891.600000  2.060278e-022
891.800000  2.235748e-022
892.000000  2.036110e-022
892.200000  2.036611e-022
892.400000  2.481370e-022
892.600000  2.308006e-022
892.800000  2.039904e-022
893.000000  2.202847e-022
893.200000  2.486959e-022
893.400000  2.421094e-022
893.600000  2.341604e-022
893.800000  2.801486e-022
894.000000  2.951001e-022
894.200000  2.642323e-022
894.400000  2.549250e-022
894.600000  2.766935e-022
894.800000  2.619916e-022
895.000000  2.336248e-022
895.200000  2.541432e-022
895.400000  2.868383e-022
895.600000  2.598289e-022
895.800000  2.423869e-022
896.000000  2.817396e-022
896.200000  2.926471e-022
896.400000  2.617315e-022
896.600000  2.726959e-022
896.800000  2.959150e-022
897.000000  2.716425e-022
897.200000  2.568907e-022
897.400000  2.840932e-022
897.600000  3.260380e-022
897.800000  3.192901e-022
898.000000  3.153574e-022
898.200000  3.531551e-022
898.400000  3.532947e-022
898.600000  3.157762e-022
898.800000  3.187113e-022
899.000000  3.282843e-022
899.200000  3.040943e-022
899.400000  2.853751e-022
899.600000  3.124057e-022
899.800000  3.368596e-022
900.000000  3.033576e-022
900.200000  2.967445e-022
900.400000  3.281299e-022
900.600000  3.364656e-022
900.800000  3.203511e-022
901.000000  3.449567e-022
901.200000  3.737390e-022
901.400000  3.683038e-022
901.600000  3.645300e-022
901.800000  4.067498e-022
902.000000  4.154954e-022
902.200000  3.873466e-022
902.400000  3.874861e-022
902.600000  4.248946e-022
902.800000  4.196639e-022
903.000000  3.898873e-022
903.200000  4.148707e-022
903.400000  4.535616e-022
903.600000  4.465816e-022
903.800000  4.236891e-022
904.000000  4.622861e-022
904.200000  4.864550e-022
904.400000  4.533717e-022
904.600000  4.473791e-022
904.800000  4.735866e-022
905.000000  4.744354e-022
905.200000  4.454178e-022
905.400000  4.646815e-022
905.600000  4.963177e-022
905.800000  4.783816e-022
906.000000  4.608990e-022
906.200000  5.039604e-022
906.400000  5.195549e-022
906.600000  5.081912e-022
906.800000  5.208016e-022
907.000000  5.603797e-022
907.200000  5.623250e-022
907.400000  5.440091e-022
907.600000  5.734610e-022
907.800000  6.066058e-022
908.000000  5.925950e-022
908.200000  5.802937e-022
908.400000  6.174536e-022
908.600000  6.184080e-022
908.800000  5.745834e-022
909.000000  5.919930e-022
909.200000  6.450744e-022
909.400000  6.500694e-022
909.600000  6.421248e-022
909.800000  6.798057e-022
910.000000  7.251128e-022
910.200000  7.141787e-022
910.400000  7.214478e-022
910.600000  7.813509e-022
910.800000  7.978779e-022
911.000000  7.866730e-022
911.200000  8.178187e-022
911.400000  8.787549e-022
911.600000  8.936788e-022
911.800000  8.982532e-022
912.000000  9.467303e-022
912.200000  1.001531e-021
912.400000  1.007278e-021
912.600000  1.024162e-021
912.800000  1.083098e-021
913.000000  1.115720e-021
913.200000  1.121112e-021
913.400000  1.165104e-021
913.600000  1.230764e-021
913.800000  1.243920e-021
914.000000  1.261109e-021
914.200000  1.325710e-021
914.400000  1.377990e-021
914.600000  1.396558e-021
914.800000  1.435833e-021
915.000000  1.528262e-021
915.200000  1.590339e-021
915.400000  1.614649e-021
915.600000  1.688716e-021
915.800000  1.809591e-021
916.000000  1.866564e-021
916.200000  1.940076e-021
916.400000  2.055593e-021
916.600000  2.164877e-021
916.800000  2.237267e-021
917.000000  2.346790e-021
917.200000  2.481245e-021
917.400000  2.605709e-021
917.600000  2.707147e-021
917.800000  2.853543e-021
918.000000  2.984722e-021
918.200000  3.078316e-021
918.400000  3.139039e-021
918.600000  3.237922e-021
918.800000  3.335827e-021
919.000000  3.350466e-021
919.200000  3.383795e-021
919.400000  3.433155e-021
919.600000  3.453715e-021
919.800000  3.439749e-021
920.000000  3.447668e-021
920.200000  3.465869e-021
920.400000  3.448181e-021
920.600000  3.432902e-021
920.800000  3.473950e-021
921.000000  3.493735e-021
921.200000  3.461932e-021
921.400000  3.460058e-021
921.600000  3.498689e-021
921.800000  3.510256e-021
922.000000  3.513468e-021
922.200000  3.561636e-021
922.400000  3.589512e-021
922.600000  3.548572e-021
922.800000  3.498272e-021
923.000000  3.477964e-021
923.200000  3.427492e-021
923.400000  3.350949e-021
923.600000  3.301389e-021
923.800000  3.297964e-021
924.000000  3.238209e-021
924.200000  3.172583e-021
924.400000  3.155017e-021
924.600000  3.120334e-021
924.800000  3.046072e-021
925.000000  3.006025e-021
925.200000  3.016090e-021
925.400000  2.996587e-021
925.600000  2.939186e-021
925.800000  2.906685e-021
926.000000  2.914442e-021
926.200000  2.875006e-021
926.400000  2.816111e-021
926.600000  2.821167e-021
926.800000  2.818935e-021
927.000000  2.768443e-021
927.200000  2.746456e-021
927.400000  2.764923e-021
927.600000  2.738522e-021
927.800000  2.699449e-021
928.000000  2.693404e-021
928.200000  2.721018e-021
928.400000  2.690157e-021
928.600000  2.649691e-021
928.800000  2.661090e-021
929.000000  2.650647e-021
929.200000  2.618138e-021
929.400000  2.606929e-021
929.600000  2.647277e-021
929.800000  2.641375e-021
930.000000  2.607622e-021
930.200000  2.612766e-021
930.400000  2.635838e-021
930.600000  2.613376e-021
930.800000  2.596413e-021
931.000000  2.617844e-021
931.200000  2.616659e-021
931.400000  2.562430e-021
931.600000  2.545188e-021
931.800000  2.565755e-021
932.000000  2.551466e-021
932.200000  2.517898e-021
932.400000  2.527049e-021
932.600000  2.538745e-021
932.800000  2.509814e-021
933.000000  2.474530e-021
933.200000  2.500243e-021
933.400000  2.508620e-021
933.600000  2.472184e-021
933.800000  2.469150e-021
934.000000  2.495483e-021
934.200000  2.473817e-021
934.400000  2.450986e-021
934.600000  2.457531e-021
934.800000  2.458886e-021
935.000000  2.394928e-021
935.200000  2.342410e-021
935.400000  2.362866e-021
935.600000  2.348305e-021
935.800000  2.294366e-021
936.000000  2.259788e-021
936.200000  2.256238e-021
936.400000  2.207773e-021
936.600000  2.129637e-021
936.800000  2.114690e-021
937.000000  2.102541e-021
937.200000  2.050818e-021
937.400000  2.002802e-021
937.600000  2.012376e-021
937.800000  2.010872e-021
938.000000  1.991812e-021
938.200000  2.020682e-021
938.400000  2.056008e-021
938.600000  2.061793e-021
938.800000  2.067843e-021
939.000000  2.142399e-021
939.200000  2.212371e-021
939.400000  2.231249e-021
939.600000  2.279482e-021
939.800000  2.360848e-021
940.000000  2.414823e-021
940.200000  2.437096e-021
940.400000  2.492323e-021
940.600000  2.568293e-021
940.800000  2.588208e-021
941.000000  2.595943e-021
941.200000  2.651761e-021
941.400000  2.707505e-021
941.600000  2.701786e-021
941.800000  2.701925e-021
942.000000  2.755399e-021
942.200000  2.753706e-021
942.400000  2.718265e-021
942.600000  2.717403e-021
942.800000  2.748950e-021
943.000000  2.719216e-021
943.200000  2.695112e-021
943.400000  2.717282e-021
943.600000  2.706801e-021
943.800000  2.648466e-021
944.000000  2.620010e-021
944.200000  2.650361e-021
944.400000  2.635089e-021
944.600000  2.592883e-021
944.800000  2.595757e-021
945.000000  2.623800e-021
945.200000  2.610911e-021
945.400000  2.581171e-021
945.600000  2.597906e-021
945.800000  2.599262e-021
946.000000  2.561113e-021
946.200000  2.545074e-021
946.400000  2.563415e-021
946.600000  2.538245e-021
946.800000  2.487914e-021
947.000000  2.494392e-021
947.200000  2.517266e-021
947.400000  2.487007e-021
947.600000  2.454904e-021
947.800000  2.473409e-021
948.000000  2.481051e-021
948.200000  2.448991e-021
948.400000  2.446598e-021
948.600000  2.488626e-021
948.800000  2.468387e-021
949.000000  2.428028e-021
949.200000  2.450942e-021
949.400000  2.481490e-021
949.600000  2.455671e-021
949.800000  2.441215e-021
950.000000  2.474362e-021
950.200000  2.487820e-021
950.400000  2.453048e-021
950.600000  2.453194e-021
950.800000  2.481761e-021
951.000000  2.471799e-021
951.200000  2.444100e-021
951.400000  2.467650e-021
951.600000  2.506504e-021
951.800000  2.488194e-021
952.000000  2.488404e-021
952.200000  2.544176e-021
952.400000  2.568425e-021
952.600000  2.543116e-021
952.800000  2.570060e-021
953.000000  2.621895e-021
953.200000  2.612004e-021
953.400000  2.578120e-021
953.600000  2.607974e-021
953.800000  2.650555e-021
954.000000  2.644722e-021
954.200000  2.633416e-021
954.400000  2.682053e-021
954.600000  2.694656e-021
954.800000  2.673323e-021
955.000000  2.677812e-021
955.200000  2.715128e-021
955.400000  2.710310e-021
955.600000  2.691653e-021
955.800000  2.736358e-021
956.000000  2.771307e-021
956.200000  2.754289e-021
956.400000  2.753251e-021
956.600000  2.780581e-021
956.800000  2.786235e-021
957.000000  2.756013e-021
957.200000  2.792060e-021
957.400000  2.838863e-021
957.600000  2.854364e-021
957.800000  2.856112e-021
958.000000  2.914127e-021
958.200000  2.952375e-021
958.400000  2.937658e-021
958.600000  2.945115e-021
958.800000  3.011319e-021
959.000000  3.030393e-021
959.200000  3.011229e-021
959.400000  3.038861e-021
959.600000  3.076043e-021
959.800000  3.066426e-021
960.000000  3.054959e-021
960.200000  3.086038e-021
960.400000  3.105527e-021
960.600000  3.079728e-021
960.800000  3.075201e-021
961.000000  3.102975e-021
961.200000  3.085045e-021
961.400000  3.012404e-021
961.600000  3.001693e-021
961.800000  3.017236e-021
962.000000  2.981127e-021
962.200000  2.939256e-021
962.400000  2.949823e-021
962.600000  2.947666e-021
962.800000  2.921280e-021
963.000000  2.998806e-021
963.200000  3.488860e-021
963.400000  4.222157e-021
963.600000  4.782909e-021
963.800000  4.575763e-021
964.000000  3.848550e-021
964.200000  3.259913e-021
964.400000  2.900848e-021
964.600000  2.807106e-021
964.800000  2.767905e-021
965.000000  2.713492e-021
965.200000  2.693362e-021
965.400000  2.707312e-021
965.600000  2.684821e-021
965.800000  2.645770e-021
966.000000  2.658423e-021
966.200000  2.669273e-021
966.400000  2.621724e-021
966.600000  2.579492e-021
966.800000  2.590018e-021
967.000000  2.579599e-021
967.200000  2.522601e-021
967.400000  2.499663e-021
967.600000  2.504067e-021
967.800000  2.445043e-021
968.000000  2.391924e-021
968.200000  2.391870e-021
968.400000  2.389225e-021
968.600000  2.328180e-021
968.800000  2.264796e-021
969.000000  2.252748e-021
969.200000  2.207379e-021
969.400000  2.115020e-021
969.600000  2.065936e-021
969.800000  2.058114e-021
970.000000  1.992767e-021
970.200000  1.924435e-021
970.400000  1.919252e-021
970.600000  1.909916e-021
970.800000  1.837139e-021
971.000000  1.802961e-021
971.200000  1.807674e-021
971.400000  1.792097e-021
971.600000  1.737189e-021
971.800000  1.740565e-021
972.000000  1.752858e-021
972.200000  1.709399e-021
972.400000  1.678770e-021
972.600000  1.700809e-021
972.800000  1.716565e-021
973.000000  1.696865e-021
973.200000  1.707688e-021
973.400000  1.767782e-021
973.600000  1.778741e-021
973.800000  1.739594e-021
974.000000  1.760469e-021
974.200000  1.808524e-021
974.400000  1.810407e-021
974.600000  1.818467e-021
974.800000  1.904097e-021
975.000000  1.994755e-021
975.020000  1.986066e-021
975.040000  1.981998e-021
975.060000  2.001156e-021
975.080000  2.005811e-021
975.100000  2.028026e-021
975.120000  2.032721e-021
975.140000  2.008132e-021
975.160000  2.015727e-021
975.180000  2.029206e-021
975.200000  2.030969e-021
975.220000  2.055421e-021
975.240000  2.068140e-021
975.260000  2.069026e-021
975.280000  2.066952e-021
975.300000  2.073762e-021
975.320000  2.104395e-021
975.340000  2.117238e-021
975.360000  2.127114e-021
975.380000  2.125001e-021
975.400000  2.125886e-021
975.420000  2.133916e-021
975.440000  2.129933e-021
975.460000  2.150067e-021
975.480000  2.130986e-021
975.500000  2.093980e-021
975.520000  2.150197e-021
975.540000  2.149229e-021
975.560000  2.169569e-021
975.580000  2.190047e-021
975.600000  2.186034e-021
975.620000  2.171332e-021
975.640000  2.178082e-021
975.660000  2.194083e-021
975.680000  2.203980e-021
975.700000  2.213911e-021
975.720000  2.226987e-021
975.740000  2.221427e-021
975.760000  2.218976e-021
975.780000  2.235214e-021
975.800000  2.257810e-021
975.820000  2.272082e-021
975.840000  2.280076e-021
975.860000  2.278612e-021
975.880000  2.283454e-021
975.900000  2.313629e-021
975.920000  2.321673e-021
975.940000  2.317003e-021
975.960000  2.331412e-021
975.980000  2.345859e-021
976.000000  2.334781e-021
976.020000  2.368071e-021
976.040000  2.379024e-021
976.060000  2.406152e-021
976.080000  2.413942e-021
976.100000  2.405539e-021
976.120000  2.436061e-021
976.140000  2.450419e-021
976.160000  2.487820e-021
976.180000  2.492425e-021
976.200000  2.487144e-021
976.220000  2.491389e-021
976.240000  2.505562e-021
976.260000  2.523124e-021
976.280000  2.527432e-021
976.300000  2.541771e-021
976.320000  2.549465e-021
976.340000  2.540411e-021
976.360000  2.548110e-021
976.380000  2.579441e-021
976.400000  2.607634e-021
976.420000  2.613536e-021
976.440000  2.626291e-021
976.460000  2.628798e-021
976.480000  2.634739e-021
976.500000  2.668279e-021
976.520000  2.688171e-021
976.540000  2.708167e-021
976.560000  2.700266e-021
976.580000  2.716826e-021
976.600000  2.744024e-021
976.620000  2.770333e-021
976.640000  2.800356e-021
976.660000  2.816215e-021
976.680000  2.832123e-021
976.700000  2.840869e-021
976.720000  2.882222e-021
976.740000  2.887407e-021
976.760000  2.936527e-021
976.780000  2.967617e-021
976.800000  2.969164e-021
976.820000  2.992679e-021
976.840000  3.023810e-021
976.860000  3.051376e-021
976.880000  3.079108e-021
976.900000  3.084129e-021
976.920000  3.123547e-021
976.940000  3.140143e-021
976.960000  3.156795e-021
976.980000  3.196846e-021
977.000000  3.249085e-021
977.020000  3.242089e-021
977.040000  3.266696e-021
977.060000  3.299416e-021
977.080000  3.312306e-021
977.100000  3.353438e-021
977.120000  3.378659e-021
977.140000  3.404021e-021
977.160000  3.392661e-021
977.180000  3.446906e-021
977.200000  3.464351e-021
977.220000  3.510269e-021
977.240000  3.539773e-021
977.260000  3.559718e-021
977.280000  3.573796e-021
977.300000  3.611468e-021
977.320000  3.645580e-021
977.340000  3.697021e-021
977.360000  3.751756e-021
977.380000  3.786128e-021
977.400000  3.813569e-021
977.420000  3.848734e-021
977.440000  3.898394e-021
977.460000  3.920374e-021
977.480000  3.984424e-021
977.500000  4.032343e-021
977.520000  4.045004e-021
977.540000  4.082551e-021
977.560000  4.154405e-021
977.580000  4.222520e-021
977.600000  4.263630e-021
977.620000  4.330129e-021
977.640000  4.364819e-021
977.660000  4.399831e-021
977.680000  4.455570e-021
977.700000  4.495132e-021
977.720000  4.597066e-021
977.740000  4.590658e-021
977.760000  4.649755e-021
977.780000  4.673619e-021
977.800000  4.725021e-021
977.820000  4.800173e-021
977.840000  4.847788e-021
977.860000  4.891324e-021
977.880000  4.910048e-021
977.900000  4.960853e-021
977.920000  4.992515e-021
977.940000  5.028077e-021
977.960000  5.100135e-021
977.980000  5.150409e-021
978.000000  5.153034e-021
978.020000  5.193652e-021
978.040000  5.256274e-021
978.060000  5.290712e-021
978.080000  5.352061e-021
978.100000  5.394437e-021
978.120000  5.400775e-021
978.140000  5.458907e-021
978.160000  5.504939e-021
978.180000  5.544610e-021
978.200000  5.605967e-021
978.220000  5.654089e-021
978.240000  5.659180e-021
978.260000  5.700135e-021
978.280000  5.735787e-021
978.300000  5.805626e-021
978.320000  5.824688e-021
978.340000  5.877568e-021
978.360000  5.857202e-021
978.380000  5.925352e-021
978.400000  5.988563e-021
978.420000  6.026528e-021
978.440000  6.090402e-021
978.460000  6.078832e-021
978.480000  6.152300e-021
978.500000  6.174536e-021
978.520000  6.212901e-021
978.540000  6.275998e-021
978.560000  6.336843e-021
978.580000  6.362773e-021
978.600000  6.435189e-021
978.620000  6.459266e-021
978.640000  6.498083e-021
978.660000  6.563401e-021
978.680000  6.598847e-021
978.700000  6.705409e-021
978.720000  6.721225e-021
978.740000  6.772793e-021
978.760000  6.868057e-021
978.780000  6.929172e-021
978.800000  7.021360e-021
978.820000  7.058277e-021
978.840000  7.154382e-021
978.860000  7.251575e-021
978.880000  7.330990e-021
978.900000  7.377829e-021
978.920000  7.459495e-021
978.940000  7.532789e-021
978.960000  7.628527e-021
978.980000  7.755121e-021
979.000000  7.829917e-021
979.020000  7.952402e-021
979.040000  8.043724e-021
979.060000  8.075639e-021
979.080000  8.179703e-021
979.100000  8.338802e-021
979.120000  8.469770e-021
979.140000  8.609007e-021
979.160000  8.703659e-021
979.180000  8.734712e-021
979.200000  8.851387e-021
979.220000  8.968290e-021
979.240000  9.142440e-021
979.260000  9.244977e-021
979.280000  9.346755e-021
979.300000  9.445941e-021
979.320000  9.636306e-021
979.340000  9.750086e-021
979.360000  9.912798e-021
979.380000  1.004634e-020
979.400000  1.015578e-020
979.420000  1.025163e-020
979.440000  1.040739e-020
979.460000  1.053337e-020
979.480000  1.080260e-020
979.500000  1.088273e-020
979.520000  1.099143e-020
979.540000  1.113601e-020
979.560000  1.140915e-020
979.580000  1.147646e-020
979.600000  1.161572e-020
979.620000  1.186273e-020
979.640000  1.190815e-020
979.660000  1.201966e-020
979.680000  1.219941e-020
979.700000  1.259845e-020
979.720000  1.245612e-020
979.740000  1.274105e-020
979.760000  1.280472e-020
979.780000  1.295890e-020
979.800000  1.313533e-020
979.820000  1.327405e-020
979.840000  1.331607e-020
979.860000  1.347241e-020
979.880000  1.382246e-020
979.900000  1.379672e-020
979.920000  1.388412e-020
979.940000  1.436088e-020
979.960000  1.417043e-020
979.980000  1.424347e-020
980.000000  1.461872e-020
980.020000  1.458969e-020
980.040000  1.466362e-020
980.060000  1.484718e-020
980.080000  1.485804e-020
980.100000  1.513060e-020
980.120000  1.517833e-020
980.140000  1.548186e-020
980.160000  1.534008e-020
980.180000  1.533273e-020
980.200000  1.549863e-020
980.220000  1.572337e-020
980.240000  1.610491e-020
980.260000  1.573083e-020
980.280000  1.607881e-020
980.300000  1.604843e-020
980.320000  1.613132e-020
980.340000  1.639150e-020
980.360000  1.591804e-020
980.380000  1.593270e-020
980.400000  1.601235e-020
980.420000  1.621592e-020
980.440000  1.594992e-020
980.460000  1.598392e-020
980.480000  1.619749e-020
980.500000  1.645931e-020
980.520000  1.574650e-020
980.540000  1.602391e-020
980.560000  1.589586e-020
980.580000  1.603760e-020
980.600000  1.562133e-020
980.620000  1.539405e-020
980.640000  1.526917e-020
980.660000  1.532005e-020
980.680000  1.508977e-020
980.700000  1.479604e-020
980.720000  1.470989e-020
980.740000  1.439478e-020
980.760000  1.451963e-020
980.780000  1.404050e-020
980.800000  1.366986e-020
980.820000  1.373824e-020
980.840000  1.343916e-020
980.860000  1.297955e-020
980.880000  1.280917e-020
980.900000  1.253445e-020
980.920000  1.237379e-020
980.940000  1.215711e-020
980.960000  1.197247e-020
980.980000  1.152823e-020
981.000000  1.153244e-020
981.020000  1.140580e-020
981.040000  1.097187e-020
981.060000  1.077193e-020
981.080000  1.057903e-020
981.100000  1.029613e-020
981.120000  1.005864e-020
981.140000  9.975687e-021
981.160000  9.724672e-021
981.180000  9.548250e-021
981.200000  9.298317e-021
981.220000  9.143272e-021
981.240000  8.992123e-021
981.260000  8.834394e-021
981.280000  8.704930e-021
981.300000  8.475731e-021
981.320000  8.269747e-021
981.340000  8.113827e-021
981.360000  7.984906e-021
981.380000  7.863234e-021
981.400000  7.813451e-021
981.420000  7.625802e-021
981.440000  7.471269e-021
981.460000  7.317807e-021
981.480000  7.202334e-021
981.500000  7.126933e-021
981.520000  7.021878e-021
981.540000  6.935158e-021
981.560000  6.789500e-021
981.580000  6.693631e-021
981.600000  6.586654e-021
981.620000  6.493633e-021
981.640000  6.417590e-021
981.660000  6.324830e-021
981.680000  6.209279e-021
981.700000  6.137251e-021
981.720000  6.008303e-021
981.740000  5.948494e-021
981.760000  5.916160e-021
981.780000  5.834190e-021
981.800000  5.747310e-021
981.820000  5.641653e-021
981.840000  5.544642e-021
981.860000  5.443763e-021
981.880000  5.432555e-021
981.900000  5.334200e-021
981.920000  5.232959e-021
981.940000  5.115502e-021
981.960000  5.016185e-021
981.980000  4.928524e-021
982.000000  4.873353e-021
982.020000  4.785460e-021
982.040000  4.711123e-021
982.060000  4.602435e-021
982.080000  4.500752e-021
982.100000  4.428113e-021
982.120000  4.357228e-021
982.140000  4.275884e-021
982.160000  4.171863e-021
982.180000  4.099332e-021
982.200000  4.012344e-021
982.220000  3.949370e-021
982.240000  3.883641e-021
982.260000  3.846670e-021
982.280000  3.725380e-021
982.300000  3.639079e-021
982.320000  3.574143e-021
982.340000  3.492958e-021
982.360000  3.451360e-021
982.380000  3.397847e-021
982.400000  3.316747e-021
982.420000  3.226468e-021
982.440000  3.172969e-021
982.460000  3.116335e-021
982.480000  3.087043e-021
982.500000  3.035358e-021
982.520000  2.965808e-021
982.540000  2.897425e-021
982.560000  2.848097e-021
982.580000  2.817155e-021
982.600000  2.789996e-021
982.620000  2.772202e-021
982.640000  2.702134e-021
982.660000  2.653728e-021
982.680000  2.626261e-021
982.700000  2.588826e-021
982.720000  2.548373e-021
982.740000  2.538225e-021
982.760000  2.501554e-021
982.780000  2.448831e-021
982.800000  2.416161e-021
982.820000  2.395821e-021
982.840000  2.375539e-021
982.860000  2.355314e-021
982.880000  2.319212e-021
982.900000  2.280189e-021
982.920000  2.257121e-021
982.940000  2.246659e-021
982.960000  2.239334e-021
982.980000  2.207031e-021
983.000000  2.184197e-021
983.020000  2.166917e-021
983.040000  2.134338e-021
983.060000  2.132523e-021
983.080000  2.121522e-021
983.100000  2.104440e-021
983.120000  2.078312e-021
983.140000  2.067414e-021
983.160000  2.050504e-021
983.180000  2.042664e-021
983.200000  2.040844e-021
983.220000  2.032413e-021
983.240000  2.009083e-021
983.260000  2.012663e-021
983.280000  2.025193e-021
983.300000  2.025781e-021
983.320000  2.038318e-021
983.340000  2.035908e-021
983.360000  2.018614e-021
983.380000  2.010303e-021
983.400000  2.025736e-021
983.420000  2.038076e-021
983.440000  2.023632e-021
983.460000  2.038943e-021
983.480000  2.036397e-021
983.500000  2.030877e-021
983.520000  2.043225e-021
983.540000  2.061595e-021
983.560000  2.086062e-021
983.580000  2.089509e-021
983.600000  2.083916e-021
983.620000  2.091574e-021
983.640000  2.099250e-021
983.660000  2.125166e-021
983.680000  2.123781e-021
983.700000  2.134585e-021
983.720000  2.124053e-021
983.740000  2.119621e-021
983.760000  2.130424e-021
983.780000  2.168901e-021
983.800000  2.192233e-021
983.820000  2.188763e-021
983.840000  2.185301e-021
983.860000  2.191113e-021
983.880000  2.221754e-021
983.900000  2.274573e-021
983.920000  2.299396e-021
983.940000  2.295781e-021
983.960000  2.314332e-021
983.980000  2.323394e-021
984.000000  2.335649e-021
984.020000  2.378256e-021
984.040000  2.401825e-021
984.060000  2.415772e-021
984.080000  2.436271e-021
984.100000  2.447049e-021
984.120000  2.467685e-021
984.140000  2.524843e-021
984.160000  2.535821e-021
984.180000  2.556860e-021
984.200000  2.567909e-021
984.220000  2.581655e-021
984.240000  2.602207e-021
984.260000  2.626260e-021
984.280000  2.664163e-021
984.300000  2.671329e-021
984.320000  2.675062e-021
984.340000  2.699523e-021
984.360000  2.713688e-021
984.380000  2.755876e-021
984.400000  2.773748e-021
984.420000  2.772048e-021
984.440000  2.788001e-021
984.460000  2.782763e-021
984.480000  2.798774e-021
984.500000  2.821995e-021
984.520000  2.856154e-021
984.540000  2.850849e-021
984.560000  2.849145e-021
984.580000  2.865470e-021
984.600000  2.863763e-021
984.620000  2.887190e-021
984.640000  2.903432e-021
984.660000  2.901474e-021
984.680000  2.877743e-021
984.700000  2.893932e-021
984.720000  2.902888e-021
984.740000  2.926460e-021
984.760000  2.928143e-021
984.780000  2.922516e-021
984.800000  2.920548e-021
984.820000  2.906225e-021
984.840000  2.906471e-021
984.860000  2.928586e-021
984.880000  2.928832e-021
984.900000  2.925424e-021
984.920000  2.914729e-021
984.940000  2.893179e-021
984.960000  2.911579e-021
984.980000  2.919108e-021
985.000000  2.919354e-021
985.200000  2.821464e-021
985.400000  2.758577e-021
985.600000  2.740690e-021
985.800000  2.727485e-021
986.000000  2.671554e-021
986.200000  2.605088e-021
986.400000  2.550790e-021
986.600000  2.468667e-021
986.800000  2.329080e-021
987.000000  2.223070e-021
987.200000  2.122160e-021
987.400000  2.005863e-021
987.600000  1.896172e-021
987.800000  1.834267e-021
988.000000  1.772098e-021
988.200000  1.680637e-021
988.400000  1.607583e-021
988.600000  1.569593e-021
988.800000  1.539265e-021
989.000000  1.522366e-021
989.200000  1.524837e-021
989.400000  1.545476e-021
989.600000  1.528480e-021
989.800000  1.507855e-021
990.000000  1.528812e-021
990.200000  1.550294e-021
990.400000  1.527034e-021
990.600000  1.536646e-021
990.800000  1.570214e-021
991.000000  1.572715e-021
991.200000  1.527849e-021
991.400000  1.498028e-021
991.600000  1.461742e-021
991.800000  1.374401e-021
992.000000  1.289038e-021
992.200000  1.225306e-021
992.400000  1.132849e-021
992.600000  1.022696e-021
992.800000  9.559398e-022
993.000000  9.161277e-022
993.200000  8.392590e-022
993.400000  7.506074e-022
993.600000  6.988907e-022
993.800000  6.404682e-022
994.000000  5.661094e-022
994.200000  5.016298e-022
994.400000  4.979503e-022
994.600000  4.836496e-022
994.800000  4.386451e-022
995.000000  4.184054e-022
995.200000  4.304342e-022
995.400000  4.371027e-022
995.600000  4.127364e-022
995.800000  4.120008e-022
996.000000  4.243554e-022
996.200000  3.883910e-022
996.400000  3.715353e-022
996.600000  3.595401e-022
996.800000  3.386895e-022
997.000000  2.971132e-022
997.200000  3.043958e-022
997.400000  3.226668e-022
997.600000  3.000470e-022
997.800000  2.533773e-022
998.000000  2.490295e-022
998.200000  2.420178e-022
998.400000  1.957230e-022
998.600000  1.967457e-022
998.800000  2.236365e-022
999.000000  2.152254e-022
999.200000  1.724053e-022
999.400000  1.671419e-022
999.600000  1.786614e-022
999.800000  1.398259e-022
1000.000000  7.023381e-023
1000.200000  5.783817e-023
1000.400000  5.373776e-023
1000.600000  3.401327e-023
1000.800000  2.100943e-023
1001.000000  3.161193e-023
1001.200000  4.064091e-023
1001.400000  3.181893e-023
1001.600000  1.847095e-023
1001.800000  1.902312e-023
1002.000000  1.798786e-023
1002.200000  2.644140e-023
1002.400000  3.937779e-023
1002.600000  5.336128e-023
1002.800000  5.562259e-023
1003.000000  4.892877e-023
1003.200000  5.612568e-023
1003.400000  5.438622e-023
1003.600000  5.192066e-023
1003.800000  2.064599e-023
1004.000000  -4.232538e-024
1004.200000  -1.402570e-023
1004.400000  -7.949679e-024
1004.600000  1.103861e-023
1004.800000  2.359492e-023
1005.000000  6.624108e-024
1005.200000  -6.329496e-024
1005.400000  -5.989525e-024
1005.600000  -1.096615e-023
1005.800000  -1.698030e-023
1006.000000  -4.252189e-024
1006.200000  -1.399198e-023
1006.400000  -2.303179e-023
1006.600000  -3.684832e-023
1006.800000  -2.725824e-023
1007.000000  -1.904874e-023
1007.200000  -1.412658e-023
1007.400000  -1.281277e-023
1007.600000  -1.202507e-023
1007.800000  -1.792646e-023
1008.000000  -2.094261e-023
1008.200000  -3.005942e-023
1008.400000  -2.200333e-023
1008.600000  -1.975348e-023
1008.800000  -2.250648e-023
1009.000000  6.224931e-025
1009.200000  -3.502840e-024
1009.400000  -3.383520e-024
1009.600000  -1.333723e-024
1009.800000  2.315396e-023
1010.000000  1.649133e-023
1010.200000  -1.034017e-023
1010.400000  -3.439234e-023
1010.600000  -2.520911e-023
1010.800000  -3.411268e-023
1011.000000  -4.746979e-023
1011.200000  -3.338751e-023
1011.400000  -5.049687e-023
1011.600000  -4.372398e-023
1011.800000  -3.108463e-023
1012.000000  -4.081763e-024
1012.200000  -8.986226e-024
1012.400000  -1.878818e-023
1012.600000  -3.258805e-023
1012.800000  -3.164967e-023
1013.000000  -1.993232e-023
1013.200000  -1.308454e-023
1013.400000  -2.040839e-023
1013.600000  -2.889231e-023
1013.800000  -4.189310e-023
1014.000000  -3.997832e-023
1014.200000  -4.723385e-023
1014.400000  -7.293317e-023
1014.600000  -1.031326e-022
1014.800000  -1.052150e-022
1015.000000  -8.923527e-023
1015.200000  -6.996509e-023
1015.400000  -6.891367e-023
1015.600000  -5.086343e-023
1015.800000  -5.857762e-023
1016.000000  -6.219355e-023
1016.200000  -6.272973e-023
1016.400000  -6.259280e-023
1016.600000  -5.174359e-023
1016.800000  -4.331999e-023
1017.000000  -3.461552e-023
1017.200000  -3.022431e-023
1017.400000  -3.816999e-023
1017.600000  -4.052352e-023
1017.800000  -3.548551e-023
1018.000000  -2.242054e-023
1018.200000  -3.775974e-023
1018.400000  -3.318477e-023
1018.600000  -3.163244e-023
1018.800000  -3.673535e-023
1019.000000  -4.166456e-023
1019.200000  -5.442426e-023
1019.400000  -4.973132e-023
1019.600000  -6.013387e-023
1019.800000  -5.211468e-023
1020.000000  -4.562840e-023
1020.200000  -7.451956e-023
1020.400000  -6.777824e-023
1020.600000  -1.001051e-022
1020.800000  -1.009014e-022
1021.000000  -6.365892e-023
1021.200000  -6.233766e-023
1021.400000  -9.917628e-023
1021.600000  -9.783031e-023
1021.800000  -6.023713e-023
1022.000000  -8.150207e-023
1022.200000  -9.807604e-023
1022.400000  -6.857869e-023
1022.600000  -5.138483e-023
1022.800000  -8.568259e-023
1023.000000  -9.153800e-023
1023.200000  -5.542781e-023
1023.400000  -6.225061e-023
1023.600000  -9.777695e-023
1023.800000  -9.670324e-023
1024.000000  -5.488072e-023
1024.200000  -7.873164e-023
1024.400000  -9.976274e-023
1024.600000  -6.106633e-023
1024.800000  -4.930274e-023
1025.000000  -8.700368e-023
1025.200000  -8.750837e-023
1025.400000  -6.435857e-023
1025.600000  -6.613328e-023
1025.800000  -9.654878e-023
1026.000000  -7.497875e-023
1026.200000  -5.066608e-023
1026.400000  -6.593467e-023
1026.600000  -9.095290e-023
1026.800000  -5.548422e-023
1027.000000  -7.082258e-023
1027.200000  -1.123873e-022
1027.400000  -1.018498e-022
1027.600000  -4.350301e-023
1027.800000  -4.879894e-023
1028.000000  -8.435115e-023
1028.200000  -6.618137e-023
1028.400000  -4.741968e-023
1028.600000  -7.888001e-023
1028.800000  -1.052924e-022
1029.000000  -8.018947e-023
1029.200000  -8.700667e-023
1029.400000  -1.071755e-022
1029.600000  -8.424609e-023
1029.800000  -3.669432e-023
1030.000000  -4.554007e-023
1030.200000  -7.145019e-023
1030.400000  -4.721451e-023
1030.600000  -2.340444e-023
1030.800000  -6.440504e-023
1031.000000  -7.692506e-023
1031.200000  -3.615501e-023
1031.400000  -3.545421e-023
1031.600000  -8.695894e-023
1031.800000  -9.416196e-023
1032.000000  -7.084580e-023
1032.200000  -7.199106e-023
1032.400000  -8.735373e-023
1032.600000  -6.317571e-023
1032.800000  -3.589029e-023
1033.000000  -5.760763e-023
1033.200000  -7.478944e-023
1033.400000  -4.263891e-023
1033.600000  -5.202332e-023
1033.800000  -8.639780e-023
1034.000000  -7.329334e-023
1034.200000  -4.248764e-023
1034.400000  -6.671974e-023
1034.600000  -1.073327e-022
1034.800000  -8.288772e-023
1035.000000  -7.324271e-023
1035.200000  -1.143271e-022
1035.400000  -1.053838e-022
1035.600000  -6.647320e-023
1035.800000  -6.667092e-023
1036.000000  -1.077603e-022
1036.200000  -8.927595e-023
1036.400000  -6.049970e-023
1036.600000  -8.551023e-023
1036.800000  -1.058144e-022
1037.000000  -6.325645e-023
1037.200000  -4.022816e-023
1037.400000  -7.637396e-023
1037.600000  -7.848155e-023
1037.800000  -3.843942e-023
1038.000000  -4.670559e-023
1038.200000  -8.951939e-023
1038.400000  -8.144008e-023
1038.600000  -3.731435e-023
1038.800000  -4.713118e-023
1039.000000  -6.573733e-023
1039.200000  -4.394003e-023
1039.400000  -5.119332e-023
1039.600000  -8.883832e-023
1039.800000  -8.238109e-023
1040.000000  -4.027103e-023
1040.200000  -5.571792e-023
1040.400000  -9.661853e-023
1040.600000  -7.928579e-023
1040.800000  -5.846175e-023
1041.000000  -7.327608e-023
1041.200000  -9.862882e-023
1041.400000  -7.653969e-023
1041.600000  -8.531328e-023
1041.800000  -1.231309e-022
1042.000000  -1.229946e-022
1042.200000  -7.950439e-023
1042.400000  -8.799474e-023
1042.600000  -1.023183e-022
1042.800000  -6.983959e-023
1043.000000  -5.882144e-023
1043.200000  -8.583424e-023
1043.400000  -1.122859e-022
1043.600000  -6.289743e-023
1043.800000  -5.861885e-023
1044.000000  -9.228890e-023
1044.200000  -9.027206e-023
1044.400000  -5.820989e-023
1044.600000  -6.796549e-023
1044.800000  -8.568772e-023
1045.000000  -5.366967e-023
1045.200000  -4.044023e-023
1045.400000  -8.177739e-023
1045.600000  -9.375743e-023
1045.800000  -5.725582e-023
1046.000000  -4.789964e-023
1046.200000  -8.540477e-023
1046.400000  -7.539382e-023
1046.600000  -4.165247e-023
1046.800000  -5.975361e-023
1047.000000  -9.229631e-023
1047.200000  -6.331029e-023
1047.400000  -5.610371e-023
1047.600000  -8.228117e-023
1047.800000  -9.055028e-023
1048.000000  -5.056310e-023
1048.200000  -5.139990e-023
1048.400000  -9.272244e-023
1048.600000  -9.164087e-023
1048.800000  -6.962142e-023
1049.000000  -8.620516e-023
1049.200000  -1.032294e-022
1049.400000  -6.793677e-023
1049.600000  -5.586222e-023
1049.800000  -8.089717e-023
1050.000000  -1.069363e-022
1050.200000  -7.124730e-023
1050.400000  -7.141340e-023
1050.600000  -9.850508e-023
1050.800000  -9.133979e-023
1051.000000  -6.456999e-023
1051.200000  -8.644462e-023
1051.400000  -1.024033e-022
1051.600000  -5.967684e-023
1051.800000  -3.359945e-023
1052.000000  -6.645127e-023
1052.200000  -7.467347e-023
1052.400000  -3.497113e-023
1052.600000  -3.680316e-023
1052.800000  -8.198874e-023
1053.000000  -6.676188e-023
1053.200000  -4.091931e-023
1053.400000  -5.812325e-023
1053.600000  -8.144427e-023
1053.800000  -5.591605e-023
1054.000000  -5.996103e-023
1054.200000  -1.096787e-022
1054.400000  -1.200819e-022
1054.600000  -7.723600e-023
1054.800000  -8.604268e-023
1055.000000  -1.230150e-022
1055.200000  -9.255923e-023
1055.400000  -4.844038e-023
1055.600000  -7.008394e-023
1055.800000  -9.051301e-023
1056.000000  -6.664295e-023
1056.200000  -6.842377e-023
1056.400000  -1.013587e-022
1056.600000  -9.560079e-023
1056.800000  -4.935981e-023
1057.000000  -6.626609e-023
1057.200000  -9.636199e-023
1057.400000  -6.150538e-023
1057.600000  -3.536371e-023
1057.800000  -6.315370e-023
1058.000000  -8.549764e-023
1058.200000  -4.618611e-023
1058.400000  -4.674782e-023
1058.600000  -8.140961e-023
1058.800000  -9.386119e-023
1059.000000  -6.264578e-023
1059.200000  -6.858787e-023
1059.400000  -8.385696e-023
1059.600000  -4.523415e-023
1059.800000  -2.323105e-023
1060.000000  -5.620372e-023
1060.200000  -8.254277e-023
1060.400000  -5.075468e-023
1060.600000  -3.808290e-023
1060.800000  -7.273859e-023
1061.000000  -7.613929e-023
1061.200000  -6.022122e-023
1061.400000  -8.645959e-023
1061.600000  -1.228009e-022
1061.800000  -8.474440e-023
1062.000000  -6.484077e-023
1062.200000  -8.825959e-023
1062.400000  -1.020347e-022
1062.600000  -6.605706e-023
1062.800000  -7.818524e-023
1063.000000  -1.077560e-022
1063.200000  -1.012841e-022
1063.400000  -6.034384e-023
1063.600000  -8.143675e-023
1063.800000  -9.754972e-023
1064.000000  -6.155724e-023
1064.200000  -5.011780e-023
1064.400000  -7.355553e-023
1064.600000  -7.601002e-023
1064.800000  -4.001731e-023
1065.000000  -5.087401e-023
1065.200000  -8.810656e-023
1065.400000  -7.573351e-023
1065.600000  -4.886165e-023
1065.800000  -7.994222e-023
1066.000000  -1.118457e-022
1066.200000  -8.245473e-023
1066.400000  -7.383377e-023
1066.600000  -1.088383e-022
1066.800000  -1.128068e-022
1067.000000  -7.342630e-023
1067.200000  -7.260755e-023
1067.400000  -8.472712e-023
1067.600000  -4.327892e-023
1067.800000  -1.557381e-023
1068.000000  -4.461642e-023
1068.200000  -7.302721e-023
1068.400000  -4.757305e-023
1068.600000  -4.615747e-023
1068.800000  -8.613342e-023
1069.000000  -8.410501e-023
1069.200000  -4.507651e-023
1069.400000  -5.402422e-023
1069.600000  -8.369771e-023
1069.800000  -6.220785e-023
1070.000000  -3.514629e-023
1070.200000  -5.510636e-023
1070.400000  -8.125655e-023
1070.600000  -4.607967e-023
1070.800000  -4.496793e-023
1071.000000  -9.577927e-023
1071.200000  -9.616829e-023
1071.400000  -6.082644e-023
1071.600000  -8.447245e-023
1071.800000  -1.204972e-022
1072.000000  -9.918895e-023
1072.200000  -7.265251e-023
1072.400000  -9.650174e-023
1072.600000  -1.040286e-022
1072.800000  -6.345210e-023
1073.000000  -6.003633e-023
1073.200000  -8.884696e-023
1073.400000  -7.992677e-023
1073.600000  -4.793610e-023
1073.800000  -6.470150e-023
1074.000000  -9.237923e-023
1074.200000  -6.744820e-023
1074.400000  -4.902288e-023
1074.600000  -6.814088e-023
1074.800000  -7.062290e-023
1075.000000  -2.345886e-023
1075.200000  -1.691116e-023
1075.400000  -5.356220e-023
1075.600000  -4.984187e-023
1075.800000  -2.429447e-023
1076.000000  -5.151944e-023
1076.200000  -9.088719e-023
1076.400000  -6.208603e-023
1076.600000  -3.479445e-023
1076.800000  -5.686659e-023
1077.000000  -6.527307e-023
1077.200000  -2.618965e-023
1077.400000  -4.110653e-023
1077.600000  -7.825536e-023
1077.800000  -8.218920e-023
1078.000000  -5.905762e-023
1078.200000  -9.721952e-023
1078.400000  -1.235313e-022
1078.600000  -8.332952e-023
1078.800000  -7.167715e-023
1079.000000  -1.072363e-022
1079.200000  -1.212650e-022
1079.400000  -8.807345e-023
1079.600000  -8.720195e-023
1079.800000  -1.171378e-022
1080.000000  -9.200849e-023
1080.200000  -4.772990e-023
1080.400000  -6.892316e-023
1080.600000  -8.821327e-023
1080.800000  -5.062140e-023
1081.000000  -2.847836e-023
1081.200000  -6.284156e-023
1081.400000  -7.255254e-023
1081.600000  -4.776164e-023
1081.800000  -4.237943e-023
1082.000000  -7.502988e-023
1082.200000  -5.621148e-023
1082.400000  -3.639201e-023
1082.600000  -6.383267e-023
1082.800000  -8.121231e-023
1083.000000  -4.189708e-023
1083.200000  -3.649854e-023
1083.400000  -5.968774e-023
1083.600000  -6.745922e-023
1083.800000  -3.147656e-023
1084.000000  -3.957523e-023
1084.200000  -6.414698e-023
1084.400000  -4.392789e-023
1084.600000  -2.694401e-023
1084.800000  -5.220349e-023
1085.000000  -6.986146e-023
1085.200000  -2.853608e-023
1085.400000  -3.500871e-023
1085.600000  -8.122972e-023
1085.800000  -8.352121e-023
1086.000000  -4.973347e-023
1086.200000  -6.595935e-023
1086.400000  -9.675914e-023
1086.600000  -7.334967e-023
1086.800000  -5.114707e-023
1087.000000  -6.876018e-023
1087.200000  -8.522568e-023
1087.400000  -5.044329e-023
1087.600000  -5.060556e-023
1087.800000  -9.297655e-023
1088.000000  -8.107498e-023
1088.200000  -3.639971e-023
1088.400000  -4.087504e-023
1088.600000  -6.284237e-023
1088.800000  -3.236583e-023
1089.000000  -1.381544e-023
1089.200000  -3.671207e-023
1089.400000  -5.603696e-023
1089.600000  -2.229054e-023
1089.800000  -3.039261e-023
1090.000000  -7.392687e-023
1090.200000  -6.299159e-023
1090.400000  -3.063379e-023
1090.600000  -5.286832e-023
1090.800000  -8.374354e-023
1091.000000  -6.095254e-023
1091.200000  -4.591142e-023
1091.400000  -8.333766e-023
1091.600000  -9.363916e-023
1091.800000  -3.528247e-023
1092.000000  -3.283821e-023
1092.200000  -6.208443e-023
1092.400000  -6.821821e-023
1092.600000  -3.968497e-023
1092.800000  -5.568477e-023
1093.000000  -8.013223e-023
1093.200000  -4.591949e-023
1093.400000  -3.981319e-023
1093.600000  -8.600724e-023
1093.800000  -1.001532e-022
1094.000000  -6.882382e-023
1094.200000  -7.061642e-023
1094.400000  -8.226139e-023
1094.600000  -5.182706e-023
1094.800000  -1.940693e-023
1095.000000  -3.278924e-023
1095.200000  -5.211425e-023
1095.400000  -2.491649e-023
1095.600000  -1.523204e-023
1095.800000  -6.326882e-023
1096.000000  -7.085763e-023
1096.200000  -3.859186e-023
1096.400000  -3.085382e-023
1096.600000  -5.186326e-023
1096.800000  -3.553912e-023
1097.000000  -2.582681e-023
1097.200000  -5.967372e-023
1097.400000  -8.705392e-023
1097.600000  -4.825120e-023
1097.800000  -4.644405e-023
1098.000000  -8.303306e-023
1098.200000  -1.017317e-022
1098.400000  -6.584983e-023
1098.600000  -6.474863e-023
1098.800000  -7.791634e-023
1099.000000  -4.898079e-023
1099.200000  -3.723869e-023
1099.400000  -6.517422e-023
1099.600000  -7.833356e-023
1099.800000  -3.485265e-023
1100.000000  -4.299249e-023
1100.200000  -8.210600e-023
1100.400000  -7.566278e-023
1100.600000  -2.501023e-023
1100.800000  -1.790891e-023
1101.000000  -4.270780e-023
1101.200000  -2.460499e-023
1101.400000  -1.686113e-023
1101.600000  -5.884350e-023
1101.800000  -5.676040e-023
1102.000000  -9.395782e-024
1102.200000  -7.616644e-024
1102.400000  -6.119601e-023
1102.600000  -5.543425e-023
1102.800000  -1.546711e-023
1103.000000  -3.472067e-023
1103.200000  -5.869796e-023
1103.400000  -2.610690e-023
1103.600000  -8.948568e-024
1103.800000  -4.713738e-023
1104.000000  -6.840158e-023
1104.200000  -3.726928e-023
1104.400000  -5.010933e-023
1104.600000  -8.219574e-023
1104.800000  -6.275355e-023
1105.000000  -1.694931e-023
1105.200000  -3.428654e-023
1105.400000  -8.554516e-023
1105.600000  -6.420080e-023
1105.800000  -3.835142e-023
1106.000000  -4.764407e-023
1106.200000  -5.762444e-023
1106.400000  -1.630039e-023
1106.600000  -2.292624e-023
1106.800000  -5.623042e-023
1107.000000  -5.139731e-023
1107.200000  -2.555583e-023
1107.400000  -5.311373e-023
1107.600000  -7.276422e-023
1107.800000  -3.871025e-023
1108.000000  -2.230946e-023
1108.200000  -5.085654e-023
1108.400000  -6.057986e-023
1108.600000  -2.292038e-023
1108.800000  -3.493187e-023
1109.000000  -6.289221e-023
1109.200000  -3.877108e-023
1109.400000  -4.387525e-024
1109.600000  -3.648928e-023
1109.800000  -6.263115e-023
1110.000000  -3.217700e-023
1110.200000  -2.692507e-023
1110.400000  -6.716480e-023
1110.600000  -6.505914e-023
1110.800000  -1.055056e-023
1111.000000  -1.892142e-023
1111.200000  -5.522015e-023
1111.400000  -3.668640e-023
1111.600000  -8.325876e-024
1111.800000  -3.470027e-023
1112.000000  -6.190351e-023
1112.200000  -2.458316e-023
1112.400000  -2.068798e-023
1112.600000  -4.826957e-023
1112.800000  -5.538041e-023
1113.000000  -2.645282e-023
1113.200000  -4.759343e-023
1113.400000  -8.081461e-023
1113.600000  -5.458817e-023
1113.800000  -2.936152e-023
1114.000000  -6.383563e-023
1114.200000  -9.151638e-023
1114.400000  -4.853135e-023
1114.600000  -3.565052e-023
1114.800000  -5.503353e-023
1115.000000  -4.537089e-023
1115.200000  -1.432564e-023
1115.400000  -3.511142e-023
1115.600000  -6.650771e-023
1115.800000  -3.382534e-023
1116.000000  -9.030420e-024
1116.200000  -3.487265e-023
1116.400000  -3.413578e-023
1116.600000  1.171667e-023
1116.800000  9.328143e-024
1117.000000  -4.155076e-023
1117.200000  -3.461474e-023
1117.400000  -3.941101e-024
1117.600000  -2.437661e-023
1117.800000  -5.175820e-023
1118.000000  -1.208071e-023
1118.200000  7.719881e-024
1118.400000  -2.078733e-023
1118.600000  -3.729254e-023
1118.800000  -4.086774e-025
1119.000000  -4.095612e-024
1119.200000  -3.278007e-023
1119.400000  -1.109788e-023
1119.600000  4.609297e-024
1119.800000  -3.165190e-023
1120.000000  -5.077128e-023
1120.200000  -1.747154e-024
1120.400000  2.458442e-023
1120.600000  -1.899106e-023
1120.800000  -4.286198e-023
1121.000000  8.076677e-024
1121.200000  8.211322e-024
1121.400000  -2.684688e-023
1121.600000  -1.517424e-023
1121.800000  7.718863e-024
1122.000000  -1.946309e-023
1122.200000  -4.672240e-023
1122.400000  -4.808060e-024
1122.600000  3.767748e-023
1122.800000  1.345019e-024
1123.000000  -1.040682e-023
1123.200000  6.378636e-024
1123.400000  5.197495e-024
1123.600000  -1.594090e-023
1123.800000  -6.991589e-024
1124.000000  8.106819e-025
1124.200000  -2.735042e-023
1124.400000  -4.959356e-023
1124.600000  -8.971189e-024
1124.800000  -5.367001e-024
1125.000000  -3.593065e-023
1125.200000  1.044290e-024
1125.400000  6.456688e-023
1125.600000  4.782346e-023
1125.800000  -1.693955e-023
1126.000000  -4.071888e-024
1126.200000  2.643701e-023
1126.400000  -1.357389e-024
1126.600000  -4.529441e-023
1126.800000  -2.863834e-023
1127.000000  -3.238162e-023
1127.200000  -6.841629e-023
1127.400000  -6.890422e-023
1127.600000  -1.256389e-023
1127.800000  -1.349743e-023
1128.000000  -3.111273e-023
1128.200000  -1.038001e-023
1128.400000  2.809024e-023
1128.600000  8.169488e-024
1128.800000  2.566701e-025
1129.000000  3.379544e-023
1129.200000  1.761278e-023
1129.400000  -9.570512e-024
1129.600000  2.423507e-023
1129.800000  5.500531e-023
1130.000000  1.945249e-023
1130.200000  -4.858130e-023
1130.400000  -3.129997e-023
1130.600000  -1.408802e-023
1130.800000  -4.764059e-023
1131.000000  -5.686798e-023
1131.200000  -1.227788e-023
1131.400000  -1.286398e-023
1131.600000  -3.955965e-023
1131.800000  -2.840663e-023
1132.000000  -4.580940e-024
1132.200000  -3.178037e-023
1132.400000  -6.557491e-023
1132.600000  -3.517092e-023
1132.800000  -1.845436e-023
1133.000000  -2.805597e-023
1133.200000  -2.364832e-023
1133.400000  3.486301e-023
1133.600000  4.416151e-023
1133.800000  2.289173e-023
1134.000000  4.027002e-023
1134.200000  6.529833e-023
1134.400000  6.598552e-023
1134.600000  7.316236e-023
1134.800000  1.182417e-022
1135.000000  1.072672e-022
1135.200000  3.994288e-023
1135.400000  5.717349e-024
1135.600000  1.853886e-023
1135.800000  1.953909e-023
1136.000000  -7.701861e-024
1136.200000  -1.346689e-023
1136.400000  -2.130305e-023
1136.600000  -5.922101e-023
1136.800000  -8.167202e-023
1137.000000  -4.621338e-023
1137.200000  -1.085026e-023
1137.400000  -4.756741e-023
1137.600000  -5.601606e-023
1137.800000  -1.819309e-023
1138.000000  -2.315888e-023
1138.200000  -4.522380e-023
1138.400000  -1.570363e-023
1138.600000  1.322517e-023
1138.800000  -2.090546e-023
1139.000000  -4.146959e-023
1139.200000  -3.923663e-025
1139.400000  1.222979e-023
1139.600000  -2.036843e-023
1139.800000  -1.145971e-023
1140.000000  3.206910e-023
1140.200000  1.992707e-023
1140.400000  -8.845064e-024
1140.600000  3.409059e-023
1140.800000  7.674153e-023
1141.000000  4.324844e-023
1141.200000  1.028746e-023
1141.400000  4.170871e-023
1141.600000  4.545495e-023
1141.800000  7.316344e-024
1142.000000  8.573240e-024
1142.200000  3.764551e-023
1142.400000  9.162741e-024
1142.600000  -1.771364e-023
1142.800000  6.866477e-024
1143.000000  3.408221e-023
1143.200000  3.050662e-024
1143.400000  -1.652802e-023
1143.600000  1.600174e-023
1143.800000  -3.231964e-024
1144.000000  -3.705856e-023
1144.200000  -1.199649e-023
1144.400000  3.692568e-023
1144.600000  1.028243e-024
1144.800000  -4.360507e-023
1145.000000  -2.221617e-023
1145.200000  -7.902980e-024
1145.400000  -3.312279e-023
1145.600000  -4.907280e-023
1145.800000  -2.167967e-023
1146.000000  -1.556259e-023
1146.200000  -5.059909e-023
1146.400000  -9.404495e-024
1146.600000  4.371146e-023
1146.800000  2.497052e-023
1147.000000  -5.582397e-024
1147.200000  3.717083e-023
1147.400000  5.566694e-023
1147.600000  1.952813e-023
1147.800000  -3.573955e-024
1148.000000  3.587744e-023
1148.200000  3.371310e-023
1148.400000  4.699646e-024
1148.600000  3.260706e-023
1148.800000  7.202415e-023
1149.000000  4.250957e-023
1149.200000  -3.754534e-024
1149.400000  3.060443e-023
1149.600000  6.173943e-023
1149.800000  2.601307e-023
1150.000000  6.535751e-024
