800.000000  NaN
800.200000  NaN
800.400000  NaN
800.600000  -8.281581e-032
800.800000  -1.278550e-031
801.000000  -1.562183e-031
801.200000  -1.402800e-031
801.400000  -1.468106e-031
801.600000  -1.568202e-031
801.800000  -1.936747e-031
802.000000  -1.629129e-031
802.200000  -1.143338e-031
802.400000  -1.295393e-031
802.600000  -1.142863e-031
802.800000  -1.016939e-031
803.000000  -1.387190e-031
803.200000  -1.721546e-031
803.400000  -1.681019e-031
803.600000  -1.995598e-031
803.800000  -2.131351e-031
804.000000  -3.054074e-031
804.200000  -2.327653e-031
804.400000  -2.219864e-031
804.600000  -2.540254e-031
804.800000  -2.403179e-031
805.000000  -2.027336e-031
805.200000  -1.862363e-031
805.400000  -2.041719e-031
805.600000  -1.647049e-031
805.800000  -9.983776e-032
806.000000  -1.568795e-031
806.200000  -1.337905e-031
806.400000  -1.030163e-031
806.600000  -5.690252e-032
806.800000  -1.586486e-031
807.000000  -1.825608e-031
807.200000  -1.759496e-031
807.400000  -2.356994e-031
807.600000  -2.919740e-031
807.800000  -2.320413e-031
808.000000  -2.445887e-031
808.200000  -3.326043e-031
808.400000  -3.808348e-031
808.600000  -3.029486e-031
808.800000  -2.542314e-031
809.000000  -1.986082e-031
809.200000  -1.854368e-031
809.400000  -1.978956e-031
809.600000  -2.916037e-031
809.800000  -3.810930e-031
810.000000  -4.000079e-031
810.200000  -3.835074e-031
810.400000  -3.287272e-031
810.600000  -2.878198e-031
810.800000  -6.109985e-032
811.000000  -8.247759e-032
811.200000  -6.675866e-033
811.400000  -2.515579e-032
811.600000  -3.572652e-032
811.800000  -2.735338e-032
812.000000  -1.257951e-031
812.200000  -2.749626e-031
812.400000  -2.382274e-031
812.600000  -4.606892e-031
812.800000  -3.199480e-031
813.000000  -2.451792e-031
813.200000  -1.718996e-031
813.400000  -5.269825e-031
813.600000  -8.036311e-031
813.800000  -1.029693e-030
814.000000  -1.176102e-030
814.200000  -9.846235e-031
814.400000  -7.936836e-031
814.600000  -6.380575e-031
814.800000  -7.466264e-031
815.000000  -4.643468e-031
815.200000  -3.847451e-031
815.400000  -2.873021e-031
815.600000  -4.192385e-031
815.800000  -1.821045e-031
816.000000  1.036962e-031
816.200000  -2.847192e-031
816.400000  -2.224714e-031
816.600000  -1.443537e-031
816.800000  -1.067955e-031
817.000000  -1.670104e-031
817.200000  -1.708298e-031
817.400000  1.187550e-032
817.600000  -1.023632e-031
817.800000  -4.363963e-031
818.000000  -7.147830e-031
818.200000  -6.262048e-031
818.400000  -9.072150e-031
818.600000  -8.968729e-031
818.800000  -1.137600e-030
819.000000  -1.195379e-030
819.200000  -1.807062e-030
819.400000  -1.608523e-030
819.600000  -1.066916e-030
819.800000  -8.365396e-031
820.000000  -1.113034e-030
820.200000  -1.062088e-030
820.400000  -6.156324e-031
820.600000  -8.058039e-031
820.800000  -3.938336e-031
821.000000  -1.085333e-031
821.200000  -1.443506e-032
821.400000  -4.039827e-031
821.600000  -2.545184e-031
821.800000  -5.089910e-031
822.000000  -8.451527e-031
822.200000  -5.930244e-031
822.400000  -1.286259e-031
822.600000  1.135452e-032
822.800000  -5.353061e-031
823.000000  -1.415103e-030
823.200000  -1.834574e-030
823.400000  -1.499516e-030
823.600000  -2.387413e-030
823.800000  -2.439040e-030
824.000000  -2.989931e-030
824.200000  -3.799633e-030
824.400000  -3.882534e-030
824.600000  -3.166524e-030
824.800000  -2.381348e-030
825.000000  -2.821623e-030
825.200000  -2.448968e-030
825.400000  -1.357743e-030
825.600000  -6.949124e-031
825.800000  -5.859913e-031
826.000000  -8.164429e-032
826.200000  4.968981e-031
826.400000  -6.778627e-031
826.600000  -4.300205e-031
826.800000  1.377185e-030
827.000000  1.036944e-030
827.200000  7.518204e-031
827.400000  -9.459686e-031
827.600000  -1.934116e-030
827.800000  -3.075674e-030
828.000000  -4.996611e-030
828.200000  -4.525170e-030
828.400000  -1.919276e-030
828.600000  -3.062675e-030
828.800000  -3.069503e-030
829.000000  -3.307380e-030
829.200000  -2.474907e-030
829.400000  -2.890692e-030
829.600000  -3.577750e-030
829.800000  -2.365350e-030
830.000000  -3.923702e-030
830.200000  -4.680565e-030
830.400000  -5.125253e-030
830.600000  -2.747867e-030
830.800000  -3.011063e-030
831.000000  -1.718251e-030
831.200000  -6.445586e-032
831.400000  -1.128949e-030
831.600000  -3.479853e-030
831.800000  -4.710900e-030
832.000000  -5.147782e-030
832.200000  -4.816763e-030
832.400000  -7.343512e-030
832.600000  -2.532674e-030
832.800000  1.669798e-030
833.000000  -5.705257e-031
833.200000  -8.659641e-032
833.400000  2.351475e-030
833.600000  9.960401e-031
833.800000  -5.349013e-031
834.000000  -2.274255e-030
834.200000  -2.853877e-030
834.400000  -6.559135e-030
834.600000  -7.157512e-030
834.800000  -7.179956e-030
835.000000  -5.365018e-030
835.200000  -3.333316e-030
835.400000  -1.216187e-030
835.600000  4.826642e-031
835.800000  3.996047e-031
836.000000  8.185680e-031
836.200000  -4.596755e-031
836.400000  -3.146312e-030
836.600000  -1.712071e-030
836.800000  -1.714801e-030
837.000000  -4.171681e-030
837.200000  -1.051454e-029
837.400000  -1.138708e-029
837.600000  -1.178253e-029
837.800000  -5.571152e-030
838.000000  -6.869027e-030
838.200000  -7.526251e-030
838.400000  -6.928195e-030
838.600000  -4.777994e-030
838.800000  -2.865278e-030
839.000000  -5.080654e-030
839.200000  -3.100190e-030
839.400000  6.905493e-031
839.600000  8.181904e-031
839.800000  2.656840e-030
840.000000  5.502512e-030
840.200000  4.830781e-030
840.400000  3.071000e-030
840.600000  4.401793e-030
840.800000  1.012703e-029
841.000000  6.694343e-030
841.200000  5.645023e-031
841.400000  1.423554e-030
841.600000  5.473551e-030
841.800000  -5.677585e-031
842.000000  -3.731345e-030
842.200000  -4.344893e-030
842.400000  -5.862969e-030
842.600000  -1.249315e-029
842.800000  -8.562935e-030
843.000000  -1.129395e-029
843.200000  -1.080278e-029
843.400000  -1.646813e-029
843.600000  -1.606587e-029
843.800000  -1.347992e-029
844.000000  -1.333526e-029
844.200000  -1.484013e-030
844.400000  1.367045e-029
844.600000  1.425577e-029
844.800000  8.574461e-030
845.000000  6.751055e-030
845.200000  1.309664e-029
845.400000  3.522726e-030
845.600000  -5.759606e-030
845.800000  -5.332132e-030
846.000000  -5.761739e-030
846.200000  -8.175153e-030
846.400000  -5.344536e-030
846.600000  3.731176e-030
846.800000  -3.174937e-030
847.000000  -2.059934e-029
847.200000  -2.742664e-029
847.400000  -1.796300e-029
847.600000  -2.051282e-029
847.800000  -2.025901e-029
848.000000  -1.163426e-029
848.200000  3.585428e-030
848.400000  -1.558785e-029
848.600000  -2.028121e-029
848.800000  -2.375849e-031
849.000000  1.896023e-029
849.200000  1.061280e-029
849.400000  1.945614e-029
849.600000  2.820868e-029
849.800000  1.273843e-029
850.000000  2.146512e-029
850.200000  3.074398e-029
850.400000  1.984445e-029
850.600000  2.213744e-029
850.800000  6.141948e-030
851.000000  6.500510e-030
851.200000  -1.653989e-029
851.400000  -3.804192e-029
851.600000  -1.781275e-029
851.800000  -1.515299e-029
852.000000  -2.857116e-029
852.200000  -3.188353e-029
852.400000  3.515644e-030
852.600000  -6.214985e-030
852.800000  -2.599281e-029
853.000000  -3.272048e-029
853.200000  -1.892390e-029
853.400000  -3.029056e-029
853.600000  -4.103861e-029
853.800000  -3.224028e-029
854.000000  -2.299014e-029
854.200000  -2.936228e-029
854.400000  -1.455201e-029
854.600000  4.222002e-029
854.800000  6.765887e-029
855.000000  2.738974e-029
855.200000  5.999615e-029
855.400000  7.612861e-029
855.600000  1.016833e-028
855.800000  5.837106e-029
856.000000  5.245336e-029
856.200000  6.507053e-029
856.400000  -3.286305e-029
856.600000  -3.802227e-029
856.800000  -1.857294e-029
857.000000  1.209978e-029
857.200000  7.640325e-030
857.400000  9.890835e-030
857.600000  2.172855e-029
857.800000  -2.173650e-029
858.000000  -9.411414e-029
858.200000  -1.035597e-028
858.400000  -7.158291e-029
858.600000  -5.419675e-029
858.800000  -3.597648e-029
859.000000  -2.974025e-029
859.200000  -3.327330e-030
859.400000  -3.879150e-029
859.600000  2.058256e-029
859.800000  7.801762e-029
860.000000  7.387927e-029
860.200000  1.078585e-028
860.400000  1.030414e-028
860.600000  9.619770e-029
860.800000  2.033699e-029
861.000000  3.485394e-029
861.200000  -1.837715e-030
861.400000  -3.190692e-029
861.600000  -3.754159e-029
861.800000  -4.045879e-029
862.000000  4.661400e-030
862.200000  -2.191402e-029
862.400000  -3.415918e-029
862.600000  -6.619740e-029
862.800000  -4.033953e-029
863.000000  -1.315844e-029
863.200000  5.309037e-029
863.400000  1.294887e-028
863.600000  1.271342e-028
863.800000  4.924636e-029
864.000000  3.601770e-029
864.200000  7.305974e-029
864.400000  2.879562e-029
864.600000  3.856577e-029
864.800000  6.974420e-029
865.000000  5.587587e-029
865.200000  -1.325290e-028
865.400000  -1.879899e-029
865.600000  7.718487e-029
865.800000  8.568273e-029
866.000000  1.313428e-028
866.200000  1.890258e-028
866.400000  3.596519e-028
866.600000  2.321384e-028
866.800000  1.918326e-028
867.000000  4.158982e-028
867.200000  4.395904e-028
867.400000  4.127432e-028
867.600000  3.766892e-028
867.800000  3.060676e-028
868.000000  4.100452e-029
868.200000  -1.087868e-028
868.400000  -2.339038e-028
868.600000  -1.612893e-028
868.800000  -3.661756e-028
869.000000  -1.975307e-028
869.200000  -2.912068e-029
869.400000  3.157694e-028
869.600000  2.101868e-028
869.800000  4.347583e-028
870.000000  6.428044e-028
870.200000  5.001197e-028
870.400000  4.495705e-028
870.600000  3.897967e-028
870.800000  4.511029e-028
871.000000  2.638988e-028
871.200000  3.224420e-028
871.400000  3.935143e-028
871.600000  6.308431e-028
871.800000  5.010162e-028
872.000000  6.825827e-028
872.200000  7.306890e-028
872.400000  8.788942e-028
872.600000  6.798319e-028
872.800000  7.874957e-028
873.000000  8.231940e-028
873.200000  6.639253e-028
873.400000  7.116949e-028
873.600000  1.144395e-027
873.800000  1.200478e-027
874.000000  1.322581e-027
874.200000  1.219790e-027
874.400000  1.129993e-027
874.600000  1.101183e-027
874.800000  9.858983e-028
875.000000  1.464415e-027
875.200000  1.543378e-027
875.400000  1.080575e-027
875.600000  5.130511e-028
875.800000  3.879764e-028
876.000000  3.596078e-028
876.200000  3.077372e-029
876.400000  4.155952e-028
876.600000  1.208002e-027
876.800000  1.449264e-027
877.000000  1.564951e-027
877.200000  1.518480e-027
877.400000  2.187389e-027
877.600000  2.001679e-027
877.800000  1.835178e-027
878.000000  1.923970e-027
878.200000  2.275248e-027
878.400000  2.451318e-027
878.600000  3.005028e-027
878.800000  3.278476e-027
879.000000  2.924501e-027
879.200000  3.251043e-027
879.400000  3.558776e-027
879.600000  3.534105e-027
879.800000  3.024366e-027
880.000000  2.961211e-027
880.200000  2.804747e-027
880.400000  2.765869e-027
880.600000  2.949822e-027
880.800000  3.405863e-027
881.000000  3.784564e-027
881.200000  2.901277e-027
881.400000  2.813802e-027
881.600000  3.366615e-027
881.800000  3.108137e-027
882.000000  3.385040e-027
882.200000  4.719599e-027
882.400000  6.319985e-027
882.600000  6.854719e-027
882.800000  6.727255e-027
883.000000  7.663933e-027
883.200000  7.727110e-027
883.400000  7.560129e-027
883.600000  7.802751e-027
883.800000  9.050150e-027
884.000000  9.602804e-027
884.200000  1.008018e-026
884.400000  1.070990e-026
884.600000  1.082489e-026
884.800000  9.975515e-027
885.000000  8.247416e-027
885.200000  8.167413e-027
885.400000  8.623691e-027
885.600000  9.522903e-027
885.800000  9.641821e-027
886.000000  1.020483e-026
886.200000  1.252996e-026
886.400000  1.348726e-026
886.600000  1.495348e-026
886.800000  1.758706e-026
887.000000  1.865895e-026
887.200000  1.859986e-026
887.400000  1.923656e-026
887.600000  2.001111e-026
887.800000  1.884176e-026
888.000000  1.856998e-026
888.200000  2.109210e-026
888.400000  2.193917e-026
888.600000  2.306352e-026
888.800000  2.404560e-026
889.000000  2.666927e-026
889.200000  2.832671e-026
889.400000  2.944318e-026
889.600000  3.012144e-026
889.800000  3.125014e-026
890.000000  3.102924e-026
890.200000  3.294984e-026
890.400000  3.491731e-026
890.600000  3.343673e-026
890.800000  3.396926e-026
891.000000  3.582671e-026
891.200000  3.823128e-026
891.400000  3.881637e-026
891.600000  4.223243e-026
891.800000  4.519555e-026
892.000000  4.973486e-026
892.200000  4.907047e-026
892.400000  5.293648e-026
892.600000  5.476973e-026
892.800000  5.635219e-026
893.000000  5.663778e-026
893.200000  6.092063e-026
893.400000  6.780087e-026
893.600000  7.041508e-026
893.800000  7.232090e-026
894.000000  7.906299e-026
894.200000  8.131133e-026
894.400000  7.814452e-026
894.600000  7.909739e-026
894.800000  8.135329e-026
895.000000  8.328052e-026
895.200000  8.385118e-026
895.400000  8.952132e-026
895.600000  9.331096e-026
895.800000  9.362792e-026
896.000000  9.793241e-026
896.200000  1.052336e-025
896.400000  1.053105e-025
896.600000  1.086360e-025
896.800000  1.075291e-025
897.000000  1.115304e-025
897.200000  1.146266e-025
897.400000  1.181275e-025
897.600000  1.309277e-025
897.800000  1.427668e-025
898.000000  1.476698e-025
898.200000  1.565276e-025
898.400000  1.600061e-025
898.600000  1.614279e-025
898.800000  1.569311e-025
899.000000  1.571507e-025
899.200000  1.607462e-025
899.400000  1.631195e-025
899.600000  1.678534e-025
899.800000  1.735510e-025
900.000000  1.812866e-025
900.200000  1.838830e-025
900.400000  1.849292e-025
900.600000  2.004748e-025
900.800000  2.121197e-025
901.000000  2.190415e-025
901.200000  2.261552e-025
901.400000  2.402944e-025
901.600000  2.561243e-025
901.800000  2.699214e-025
902.000000  2.761125e-025
902.200000  2.851894e-025
902.400000  2.934426e-025
902.600000  3.013412e-025
902.800000  3.169564e-025
903.000000  3.212995e-025
903.200000  3.351839e-025
903.400000  3.483251e-025
903.600000  3.676184e-025
903.800000  3.710087e-025
904.000000  3.865651e-025
904.200000  4.094019e-025
904.400000  4.274024e-025
904.600000  4.224584e-025
904.800000  4.289846e-025
905.000000  4.552691e-025
905.200000  4.621248e-025
905.400000  4.727490e-025
905.600000  4.970833e-025
905.800000  5.197866e-025
906.000000  5.330527e-025
906.200000  5.506167e-025
906.400000  5.711003e-025
906.600000  6.053654e-025
906.800000  6.236888e-025
907.000000  6.498945e-025
907.200000  6.859716e-025
907.400000  7.084668e-025
907.600000  7.315024e-025
907.800000  7.669591e-025
908.000000  8.017531e-025
908.200000  8.256496e-025
908.400000  8.474690e-025
908.600000  8.697683e-025
908.800000  8.789974e-025
909.000000  9.094435e-025
909.200000  9.591722e-025
909.400000  1.028429e-024
909.600000  1.055990e-024
909.800000  1.101633e-024
910.000000  1.162758e-024
910.200000  1.217980e-024
910.400000  1.270250e-024
910.600000  1.336043e-024
910.800000  1.392257e-024
911.000000  1.450726e-024
911.200000  1.503456e-024
911.400000  1.589812e-024
911.600000  1.684823e-024
911.800000  1.766757e-024
912.000000  1.842693e-024
912.200000  1.951264e-024
912.400000  2.073289e-024
912.600000  2.148026e-024
912.800000  2.240769e-024
913.000000  2.363235e-024
913.200000  2.493219e-024
913.400000  2.576750e-024
913.600000  2.721151e-024
913.800000  2.864055e-024
914.000000  2.990632e-024
914.200000  3.125745e-024
914.400000  3.291276e-024
914.600000  3.461442e-024
914.800000  3.620244e-024
915.000000  3.813076e-024
915.200000  4.040297e-024
915.400000  4.256660e-024
915.600000  4.453687e-024
915.800000  4.776340e-024
916.000000  5.061233e-024
916.200000  5.351389e-024
916.400000  5.662603e-024
916.600000  6.001739e-024
916.800000  6.378631e-024
917.000000  6.732696e-024
917.200000  7.117458e-024
917.400000  7.573047e-024
917.600000  8.066905e-024
917.800000  8.529582e-024
918.000000  8.989852e-024
918.200000  9.490041e-024
918.400000  9.911794e-024
918.600000  1.033486e-023
918.800000  1.084446e-023
919.000000  1.123360e-023
919.200000  1.162654e-023
919.400000  1.198896e-023
919.600000  1.242735e-023
919.800000  1.281043e-023
920.000000  1.310035e-023
920.200000  1.346660e-023
920.400000  1.384156e-023
920.600000  1.415816e-023
920.800000  1.457330e-023
921.000000  1.497338e-023
921.200000  1.537066e-023
921.400000  1.566736e-023
921.600000  1.602752e-023
921.800000  1.647695e-023
922.000000  1.689394e-023
922.200000  1.728391e-023
922.400000  1.765565e-023
922.600000  1.803426e-023
922.800000  1.821995e-023
923.000000  1.841421e-023
923.200000  1.863553e-023
923.400000  1.889451e-023
923.600000  1.908919e-023
923.800000  1.933980e-023
924.000000  1.965426e-023
924.200000  1.986882e-023
924.400000  2.000037e-023
924.600000  2.014244e-023
924.800000  2.031858e-023
925.000000  2.057971e-023
925.200000  2.086837e-023
925.400000  2.122977e-023
925.600000  2.146719e-023
925.800000  2.164005e-023
926.000000  2.193641e-023
926.200000  2.225666e-023
926.400000  2.252859e-023
926.600000  2.283470e-023
926.800000  2.315428e-023
927.000000  2.353282e-023
927.200000  2.384590e-023
927.400000  2.412248e-023
927.600000  2.450286e-023
927.800000  2.490145e-023
928.000000  2.511743e-023
928.200000  2.556970e-023
928.400000  2.591753e-023
928.600000  2.618090e-023
928.800000  2.647866e-023
929.000000  2.669761e-023
929.200000  2.721096e-023
929.400000  2.747541e-023
929.600000  2.801624e-023
929.800000  2.852656e-023
930.000000  2.903392e-023
930.200000  2.943114e-023
930.400000  2.991124e-023
930.600000  3.050581e-023
930.800000  3.105482e-023
931.000000  3.160407e-023
931.200000  3.211286e-023
931.400000  3.238686e-023
931.600000  3.278129e-023
931.800000  3.323747e-023
932.000000  3.382327e-023
932.200000  3.439812e-023
932.400000  3.484472e-023
932.600000  3.537384e-023
932.800000  3.607930e-023
933.000000  3.648760e-023
933.200000  3.700697e-023
933.400000  3.779391e-023
933.600000  3.858558e-023
933.800000  3.906614e-023
934.000000  3.963057e-023
934.200000  4.024283e-023
934.400000  4.099805e-023
934.600000  4.171507e-023
934.800000  4.224296e-023
935.000000  4.264355e-023
935.200000  4.281791e-023
935.400000  4.350144e-023
935.600000  4.425762e-023
935.800000  4.500266e-023
936.000000  4.526367e-023
936.200000  4.580769e-023
936.400000  4.627445e-023
936.600000  4.643989e-023
936.800000  4.696296e-023
937.000000  4.749826e-023
937.200000  4.839259e-023
937.400000  4.881756e-023
937.600000  4.940262e-023
937.800000  5.064920e-023
938.000000  5.212469e-023
938.200000  5.329793e-023
938.400000  5.440118e-023
938.600000  5.577504e-023
938.800000  5.710837e-023
939.000000  5.916505e-023
939.200000  6.119221e-023
939.400000  6.322790e-023
939.600000  6.486722e-023
939.800000  6.662088e-023
940.000000  6.861047e-023
940.200000  7.075172e-023
940.400000  7.283888e-023
940.600000  7.506332e-023
940.800000  7.722618e-023
941.000000  7.961566e-023
941.200000  8.161757e-023
941.400000  8.483179e-023
941.600000  8.758340e-023
941.800000  8.970758e-023
942.000000  9.208229e-023
942.200000  9.430969e-023
942.400000  9.607416e-023
942.600000  9.759047e-023
942.800000  9.960933e-023
943.000000  1.018008e-022
943.200000  1.040948e-022
943.400000  1.059197e-022
943.600000  1.074840e-022
943.800000  1.092547e-022
944.000000  1.103998e-022
944.200000  1.125807e-022
944.400000  1.149987e-022
944.600000  1.167290e-022
944.800000  1.181994e-022
945.000000  1.206369e-022
945.200000  1.233820e-022
945.400000  1.248815e-022
945.600000  1.263134e-022
945.800000  1.286411e-022
946.000000  1.309914e-022
946.200000  1.333208e-022
946.400000  1.355241e-022
946.600000  1.381717e-022
946.800000  1.402795e-022
947.000000  1.420891e-022
947.200000  1.452809e-022
947.400000  1.482690e-022
947.600000  1.501527e-022
947.800000  1.523835e-022
948.000000  1.558507e-022
948.200000  1.593038e-022
948.400000  1.618116e-022
948.600000  1.660181e-022
948.800000  1.692404e-022
949.000000  1.718875e-022
949.200000  1.749792e-022
949.400000  1.789227e-022
949.600000  1.832127e-022
949.800000  1.870566e-022
950.000000  1.903248e-022
950.200000  1.952892e-022
950.400000  1.995085e-022
950.600000  2.020754e-022
950.800000  2.060742e-022
951.000000  2.105848e-022
951.200000  2.143908e-022
951.400000  2.195925e-022
951.600000  2.253039e-022
951.800000  2.316061e-022
952.000000  2.371128e-022
952.200000  2.442788e-022
952.400000  2.512301e-022
952.600000  2.577934e-022
952.800000  2.640585e-022
953.000000  2.704944e-022
953.200000  2.765344e-022
953.400000  2.807956e-022
953.600000  2.854342e-022
953.800000  2.935816e-022
954.000000  3.019927e-022
954.200000  3.069005e-022
954.400000  3.143921e-022
954.600000  3.227134e-022
954.800000  3.300768e-022
955.000000  3.352713e-022
955.200000  3.460329e-022
955.400000  3.502304e-022
955.600000  3.543719e-022
955.800000  3.675294e-022
956.000000  3.792382e-022
956.200000  3.832999e-022
956.400000  3.901629e-022
956.600000  4.019445e-022
956.800000  4.108821e-022
957.000000  4.135726e-022
957.200000  4.250898e-022
957.400000  4.413049e-022
957.600000  4.520487e-022
957.800000  4.599660e-022
958.000000  4.782456e-022
958.200000  4.940009e-022
958.400000  4.998750e-022
958.600000  5.113517e-022
958.800000  5.336934e-022
959.000000  5.458673e-022
959.200000  5.518718e-022
959.400000  5.667352e-022
959.600000  5.842376e-022
959.800000  5.925256e-022
960.000000  6.020345e-022
960.200000  6.223003e-022
960.400000  6.412564e-022
960.600000  6.491381e-022
960.800000  6.647048e-022
961.000000  6.888831e-022
961.200000  7.032868e-022
961.400000  7.043000e-022
961.600000  7.201176e-022
961.800000  7.457833e-022
962.000000  7.544647e-022
962.200000  7.645939e-022
962.400000  7.891830e-022
962.600000  8.091967e-022
962.800000  8.195339e-022
963.000000  8.489742e-022
963.200000  9.043972e-022
963.400000  9.863076e-022
963.600000  1.129073e-021
963.800000  1.315013e-021
964.000000  1.413857e-021
964.200000  1.357350e-021
964.400000  1.223095e-021
964.600000  1.137711e-021
964.800000  1.087032e-021
965.000000  1.057092e-021
965.200000  1.058670e-021
965.400000  1.080672e-021
965.600000  1.087984e-021
965.800000  1.091220e-021
966.000000  1.120599e-021
966.200000  1.149695e-021
966.400000  1.156710e-021
966.600000  1.168521e-021
966.800000  1.202623e-021
967.000000  1.227257e-021
967.200000  1.232040e-021
967.400000  1.251878e-021
967.600000  1.284954e-021
967.800000  1.292287e-021
968.000000  1.296047e-021
968.200000  1.328944e-021
968.400000  1.362438e-021
968.600000  1.367692e-021
968.800000  1.374090e-021
969.000000  1.409559e-021
969.200000  1.426206e-021
969.400000  1.411534e-021
969.600000  1.425242e-021
969.800000  1.461910e-021
970.000000  1.462961e-021
970.200000  1.456386e-021
970.400000  1.490223e-021
970.600000  1.516334e-021
970.800000  1.506179e-021
971.000000  1.517158e-021
971.200000  1.551763e-021
971.400000  1.570858e-021
971.600000  1.566819e-021
971.800000  1.599439e-021
972.000000  1.641058e-021
972.200000  1.654289e-021
972.400000  1.667415e-021
972.600000  1.719330e-021
972.800000  1.773004e-021
973.000000  1.787781e-021
973.200000  1.828122e-021
973.400000  1.915582e-021
973.600000  1.971734e-021
973.800000  1.992229e-021
974.000000  2.068743e-021
974.200000  2.164274e-021
974.400000  2.214938e-021
974.600000  2.269526e-021
974.800000  2.384469e-021
975.000000  2.511143e-021
975.200000  2.598259e-021
975.400000  2.722002e-021
975.600000  2.875408e-021
975.800000  3.016022e-021
976.000000  3.169437e-021
976.200000  3.386527e-021
976.400000  3.559840e-021
976.600000  3.802442e-021
976.800000  4.109820e-021
977.000000  4.453835e-021
977.200000  4.786222e-021
977.400000  5.207224e-021
977.600000  5.657760e-021
977.800000  6.049667e-021
978.000000  6.567844e-021
978.200000  7.115973e-021
978.400000  7.687850e-021
978.600000  8.234671e-021
978.800000  8.888960e-021
979.000000  9.638360e-021
979.200000  1.040955e-020
979.400000  1.135115e-020
979.600000  1.203424e-020
979.800000  1.275674e-020
980.000000  1.339348e-020
980.200000  1.381030e-020
980.400000  1.397948e-020
980.600000  1.386955e-020
980.800000  1.347040e-020
981.000000  1.281551e-020
981.200000  1.211853e-020
981.400000  1.126644e-020
981.600000  1.039378e-020
981.800000  9.697727e-021
982.000000  8.929328e-021
982.200000  8.278631e-021
982.400000  7.750889e-021
982.600000  7.259500e-021
982.800000  6.854435e-021
983.000000  6.556486e-021
983.200000  6.305676e-021
983.400000  6.246990e-021
983.600000  6.314484e-021
983.800000  6.322717e-021
984.000000  6.429188e-021
984.200000  6.647793e-021
984.400000  6.774755e-021
984.600000  6.844342e-021
984.800000  6.988261e-021
985.000000  7.094379e-021
985.200000  7.104616e-021
985.400000  7.145420e-021
985.600000  7.266743e-021
985.800000  7.352821e-021
986.000000  7.323529e-021
986.200000  7.265926e-021
986.400000  7.278419e-021
986.600000  7.243869e-021
986.800000  7.095483e-021
987.000000  7.037996e-021
987.200000  6.995282e-021
987.400000  6.902201e-021
987.600000  6.786928e-021
987.800000  6.794610e-021
988.000000  6.809735e-021
988.200000  6.727432e-021
988.400000  6.653767e-021
988.600000  6.710066e-021
988.800000  6.743306e-021
989.000000  6.804419e-021
989.200000  6.924399e-021
989.400000  7.102899e-021
989.600000  7.109868e-021
989.800000  7.086301e-021
990.000000  7.197992e-021
990.200000  7.265292e-021
990.400000  7.156795e-021
990.600000  7.186153e-021
990.800000  7.334869e-021
991.000000  7.370762e-021
991.200000  7.255496e-021
991.400000  7.272338e-021
991.600000  7.283890e-021
991.800000  7.092351e-021
992.000000  6.906641e-021
992.200000  6.802981e-021
992.400000  6.576722e-021
992.600000  6.251662e-021
992.800000  6.091101e-021
993.000000  6.041049e-021
993.200000  5.851980e-021
993.400000  5.524290e-021
993.600000  5.326089e-021
993.800000  5.159925e-021
994.000000  4.781088e-021
994.200000  4.584938e-021
994.400000  4.548806e-021
994.600000  4.510700e-021
994.800000  4.370509e-021
995.000000  4.307549e-021
995.200000  4.165106e-021
995.400000  4.112501e-021
995.600000  4.059786e-021
995.800000  3.987449e-021
996.000000  3.923914e-021
996.200000  3.879795e-021
996.400000  3.808676e-021
996.600000  3.728431e-021
996.800000  3.674165e-021
997.000000  3.626328e-021
997.200000  3.567748e-021
997.400000  3.500032e-021
997.600000  3.457605e-021
997.800000  3.407698e-021
998.000000  3.331385e-021
998.200000  3.273016e-021
998.400000  3.230175e-021
998.600000  3.169930e-021
998.800000  3.099658e-021
999.000000  3.056502e-021
999.200000  3.018218e-021
999.400000  2.970748e-021
999.600000  2.919036e-021
999.800000  2.887952e-021
1000.000000  2.842689e-021
1000.200000  2.798163e-021
1000.400000  2.748552e-021
1000.600000  2.727985e-021
1000.800000  2.709873e-021
1001.000000  2.676704e-021
1001.200000  2.646805e-021
1001.400000  2.636909e-021
1001.600000  2.618621e-021
1001.800000  2.611184e-021
1002.000000  2.607083e-021
1002.200000  2.606329e-021
1002.400000  2.584563e-021
1002.600000  2.576209e-021
1002.800000  2.579621e-021
1003.000000  2.583880e-021
1003.200000  2.570429e-021
1003.400000  2.559481e-021
1003.600000  2.580629e-021
1003.800000  2.576433e-021
1004.000000  2.573919e-021
1004.200000  2.572244e-021
1004.400000  2.572261e-021
1004.600000  2.577371e-021
1004.800000  2.562081e-021
1005.000000  2.596126e-021
1005.200000  2.614047e-021
1005.400000  2.615795e-021
1005.600000  2.614129e-021
1005.800000  2.634676e-021
1006.000000  2.654405e-021
1006.200000  2.639063e-021
1006.400000  2.665687e-021
1006.600000  2.678632e-021
1006.800000  2.672706e-021
1007.000000  2.688257e-021
1007.200000  2.708139e-021
1007.400000  2.725472e-021
1007.600000  2.732490e-021
1007.800000  2.742108e-021
1008.000000  2.753470e-021
1008.200000  2.778688e-021
1008.400000  2.784908e-021
1008.600000  2.817133e-021
1008.800000  2.840745e-021
1009.000000  2.854849e-021
1009.200000  2.874193e-021
1009.400000  2.908362e-021
1009.600000  2.945207e-021
1009.800000  2.952484e-021
1010.000000  2.965880e-021
1010.200000  3.006376e-021
1010.400000  3.032085e-021
1010.600000  3.038588e-021
1010.800000  3.078389e-021
1011.000000  3.118266e-021
1011.200000  3.131007e-021
1011.400000  3.144648e-021
1011.600000  3.187336e-021
1011.800000  3.201053e-021
1012.000000  3.227130e-021
1012.200000  3.241788e-021
1012.400000  3.274130e-021
1012.600000  3.288856e-021
1012.800000  3.292105e-021
1013.000000  3.307755e-021
1013.200000  3.332298e-021
1013.400000  3.338250e-021
1013.600000  3.329110e-021
1013.800000  3.351067e-021
1014.000000  3.361494e-021
1014.200000  3.367483e-021
1014.400000  3.375263e-021
1014.600000  3.390196e-021
1014.800000  3.385497e-021
1015.000000  3.375419e-021
1015.200000  3.389489e-021
1015.400000  3.393725e-021
1015.600000  3.377334e-021
1015.800000  3.373477e-021
1016.000000  3.381294e-021
1016.200000  3.370228e-021
1016.400000  3.342026e-021
1016.600000  3.334498e-021
1016.800000  3.338681e-021
1017.000000  3.327514e-021
1017.200000  3.323555e-021
1017.400000  3.324108e-021
1017.600000  3.345495e-021
1017.800000  3.346063e-021
1018.000000  3.346629e-021
1018.200000  3.362638e-021
1018.400000  3.365942e-021
1018.600000  3.347400e-021
1018.800000  3.357066e-021
1019.000000  3.378605e-021
1019.200000  3.369140e-021
1019.400000  3.366963e-021
1019.600000  3.383990e-021
1019.800000  3.407456e-021
1020.000000  3.407132e-021
1020.200000  3.408639e-021
1020.400000  3.429431e-021
1020.600000  3.441987e-021
1020.800000  3.433398e-021
1021.000000  3.450580e-021
1021.200000  3.486232e-021
1021.400000  3.484109e-021
1021.600000  3.476436e-021
1021.800000  3.504808e-021
1022.000000  3.519348e-021
1022.200000  3.497775e-021
1022.400000  3.505836e-021
1022.600000  3.514836e-021
1022.800000  3.524780e-021
1023.000000  3.520786e-021
1023.200000  3.514918e-021
1023.400000  3.542587e-021
1023.600000  3.545117e-021
1023.800000  3.545780e-021
1024.000000  3.554853e-021
1024.200000  3.570490e-021
1024.400000  3.553373e-021
1024.600000  3.550280e-021
1024.800000  3.559377e-021
1025.000000  3.543126e-021
1025.200000  3.535301e-021
1025.400000  3.538751e-021
1025.600000  3.552566e-021
1025.800000  3.563575e-021
1026.000000  3.565163e-021
1026.200000  3.584701e-021
1026.400000  3.596707e-021
1026.600000  3.598320e-021
1026.800000  3.615092e-021
1027.000000  3.652761e-021
1027.200000  3.671511e-021
1027.400000  3.690292e-021
1027.600000  3.730986e-021
1027.800000  3.743188e-021
1028.000000  3.769707e-021
1028.200000  3.787687e-021
1028.400000  3.778002e-021
1028.600000  3.790281e-021
1028.800000  3.833198e-021
1029.000000  3.846504e-021
1029.200000  3.847367e-021
1029.400000  3.867421e-021
1029.600000  3.894233e-021
1029.800000  3.893210e-021
1030.000000  3.888329e-021
1030.200000  3.940276e-021
1030.400000  3.963388e-021
1030.600000  3.952757e-021
1030.800000  3.958527e-021
1031.000000  3.992350e-021
1031.200000  3.995255e-021
1031.400000  3.993317e-021
1031.600000  4.006890e-021
1031.800000  4.042815e-021
1032.000000  4.039932e-021
1032.200000  4.025366e-021
1032.400000  4.051662e-021
1032.600000  4.057538e-021
1032.800000  4.047810e-021
1033.000000  4.044895e-021
1033.200000  4.048812e-021
1033.400000  4.043927e-021
1033.600000  3.997892e-021
1033.800000  4.002742e-021
1034.000000  3.994840e-021
1034.200000  3.955486e-021
1034.400000  3.929817e-021
1034.600000  3.918855e-021
1034.800000  3.890136e-021
1035.000000  3.832762e-021
1035.200000  3.789091e-021
1035.400000  3.751258e-021
1035.600000  3.700493e-021
1035.800000  3.625868e-021
1036.000000  3.582802e-021
1036.200000  3.535681e-021
1036.400000  3.467617e-021
1036.600000  3.395444e-021
1036.800000  3.346999e-021
1037.000000  3.294474e-021
1037.200000  3.222910e-021
1037.400000  3.176141e-021
1037.600000  3.142260e-021
1037.800000  3.083323e-021
1038.000000  3.022269e-021
1038.200000  2.972108e-021
1038.400000  2.940892e-021
1038.600000  2.889546e-021
1038.800000  2.848141e-021
1039.000000  2.831784e-021
1039.200000  2.796274e-021
1039.400000  2.758679e-021
1039.600000  2.733106e-021
1039.800000  2.707480e-021
1040.000000  2.677762e-021
1040.200000  2.645962e-021
1040.400000  2.622193e-021
1040.600000  2.616610e-021
1040.800000  2.591748e-021
1041.000000  2.570895e-021
1041.200000  2.574382e-021
1041.400000  2.549399e-021
1041.600000  2.534544e-021
1041.800000  2.513544e-021
1042.000000  2.511878e-021
1042.200000  2.501019e-021
1042.400000  2.486049e-021
1042.600000  2.498663e-021
1042.800000  2.491846e-021
1043.000000  2.483989e-021
1043.200000  2.493552e-021
1043.400000  2.509290e-021
1043.600000  2.517862e-021
1043.800000  2.504846e-021
1044.000000  2.519602e-021
1044.200000  2.537477e-021
1044.400000  2.534749e-021
1044.600000  2.541308e-021
1044.800000  2.557179e-021
1045.000000  2.576181e-021
1045.200000  2.574505e-021
1045.400000  2.587335e-021
1045.600000  2.607450e-021
1045.800000  2.609944e-021
1046.000000  2.616599e-021
1046.200000  2.638872e-021
1046.400000  2.653894e-021
1046.600000  2.658517e-021
1046.800000  2.652709e-021
1047.000000  2.675091e-021
1047.200000  2.677647e-021
1047.400000  2.660320e-021
1047.600000  2.668099e-021
1047.800000  2.687424e-021
1048.000000  2.676345e-021
1048.200000  2.648434e-021
1048.400000  2.648859e-021
1048.600000  2.668227e-021
1048.800000  2.650755e-021
1049.000000  2.633247e-021
1049.200000  2.638925e-021
1049.400000  2.615026e-021
1049.600000  2.597425e-021
1049.800000  2.578729e-021
1050.000000  2.594961e-021
1050.200000  2.578342e-021
1050.400000  2.548950e-021
1050.600000  2.543939e-021
1050.800000  2.528279e-021
1051.000000  2.507264e-021
1051.200000  2.488337e-021
1051.400000  2.460838e-021
1051.600000  2.450367e-021
1051.800000  2.412087e-021
1052.000000  2.383359e-021
1052.200000  2.369564e-021
1052.400000  2.332162e-021
1052.600000  2.296831e-021
1052.800000  2.271095e-021
1053.000000  2.230260e-021
1053.200000  2.208710e-021
1053.400000  2.183887e-021
1053.600000  2.147157e-021
1053.800000  2.122222e-021
1054.000000  2.093999e-021
1054.200000  2.057072e-021
1054.400000  2.013580e-021
1054.600000  1.976502e-021
1054.800000  1.961032e-021
1055.000000  1.907554e-021
1055.200000  1.872435e-021
1055.400000  1.851380e-021
1055.600000  1.812873e-021
1055.800000  1.774291e-021
1056.000000  1.744356e-021
1056.200000  1.706723e-021
1056.400000  1.670110e-021
1056.600000  1.625772e-021
1056.800000  1.608707e-021
1057.000000  1.581749e-021
1057.200000  1.539389e-021
1057.400000  1.507922e-021
1057.600000  1.488477e-021
1057.800000  1.463496e-021
1058.000000  1.426359e-021
1058.200000  1.407879e-021
1058.400000  1.381643e-021
1058.600000  1.356460e-021
1058.800000  1.326808e-021
1059.000000  1.305946e-021
1059.200000  1.288363e-021
1059.400000  1.255236e-021
1059.600000  1.234242e-021
1059.800000  1.212098e-021
1060.000000  1.189911e-021
1060.200000  1.157671e-021
1060.400000  1.153198e-021
1060.600000  1.136459e-021
1060.800000  1.114334e-021
1061.000000  1.100092e-021
1061.200000  1.080124e-021
1061.400000  1.072754e-021
1061.600000  1.057533e-021
1061.800000  1.030181e-021
1062.000000  1.024198e-021
1062.200000  1.011131e-021
1062.400000  9.848902e-022
1062.600000  9.783944e-022
1062.800000  9.636672e-022
1063.000000  9.512775e-022
1063.200000  9.375101e-022
1063.400000  9.251833e-022
1063.600000  9.137364e-022
1063.800000  8.942363e-022
1064.000000  8.874918e-022
1064.200000  8.790339e-022
1064.400000  8.714666e-022
1064.600000  8.481028e-022
1064.800000  8.463996e-022
1065.000000  8.320663e-022
1065.200000  8.228287e-022
1065.400000  8.114075e-022
1065.600000  8.077207e-022
1065.800000  7.968331e-022
1066.000000  7.794100e-022
1066.200000  7.771673e-022
1066.400000  7.748050e-022
1066.600000  7.589141e-022
1066.800000  7.499901e-022
1067.000000  7.381780e-022
1067.200000  7.357670e-022
1067.400000  7.204668e-022
1067.600000  7.140031e-022
1067.800000  7.018793e-022
1068.000000  6.978071e-022
1068.200000  6.843738e-022
1068.400000  6.751908e-022
1068.600000  6.687663e-022
1068.800000  6.605922e-022
1069.000000  6.541406e-022
1069.200000  6.390916e-022
1069.400000  6.414313e-022
1069.600000  6.247137e-022
1069.800000  6.265776e-022
1070.000000  6.213414e-022
1070.200000  6.106167e-022
1070.400000  6.036045e-022
1070.600000  5.926084e-022
1070.800000  5.875519e-022
1071.000000  5.892707e-022
1071.200000  5.803362e-022
1071.400000  5.681026e-022
1071.600000  5.614768e-022
1071.800000  5.630577e-022
1072.000000  5.560610e-022
1072.200000  5.531682e-022
1072.400000  5.437929e-022
1072.600000  5.373461e-022
1072.800000  5.343080e-022
1073.000000  5.228797e-022
1073.200000  5.219489e-022
1073.400000  5.152188e-022
1073.600000  5.064625e-022
1073.800000  5.026675e-022
1074.000000  4.923399e-022
1074.200000  4.937485e-022
1074.400000  4.811340e-022
1074.600000  4.793216e-022
1074.800000  4.640494e-022
1075.000000  4.647197e-022
1075.200000  4.634820e-022
1075.400000  4.532856e-022
1075.600000  4.437869e-022
1075.800000  4.416873e-022
1076.000000  4.346739e-022
1076.200000  4.245307e-022
1076.400000  4.233657e-022
1076.600000  4.194363e-022
1076.800000  4.096098e-022
1077.000000  4.096295e-022
1077.200000  3.962828e-022
1077.400000  3.938787e-022
1077.600000  3.874887e-022
1077.800000  3.820524e-022
1078.000000  3.753970e-022
1078.200000  3.726001e-022
1078.400000  3.586576e-022
1078.600000  3.651714e-022
1078.800000  3.560478e-022
1079.000000  3.484855e-022
1079.200000  3.398149e-022
1079.400000  3.372103e-022
1079.600000  3.356964e-022
1079.800000  3.233326e-022
1080.000000  3.139951e-022
1080.200000  3.133092e-022
1080.400000  3.073664e-022
1080.600000  3.009231e-022
1080.800000  3.041402e-022
1081.000000  2.976813e-022
1081.200000  2.934181e-022
1081.400000  2.832533e-022
1081.600000  2.792141e-022
1081.800000  2.804564e-022
1082.000000  2.741903e-022
1082.200000  2.718559e-022
1082.400000  2.686534e-022
1082.600000  2.629755e-022
1082.800000  2.651957e-022
1083.000000  2.482477e-022
1083.200000  2.546673e-022
1083.400000  2.505653e-022
1083.600000  2.479439e-022
1083.800000  2.423378e-022
1084.000000  2.379637e-022
1084.200000  2.296013e-022
1084.400000  2.279457e-022
1084.600000  2.342618e-022
1084.800000  2.192617e-022
1085.000000  2.250816e-022
1085.200000  2.274133e-022
1085.400000  2.263723e-022
1085.600000  2.155648e-022
1085.800000  2.201489e-022
1086.000000  2.129523e-022
1086.200000  2.139017e-022
1086.400000  2.054292e-022
1086.600000  2.007137e-022
1086.800000  1.982551e-022
1087.000000  1.984375e-022
1087.200000  1.935758e-022
1087.400000  1.852969e-022
1087.600000  1.901420e-022
1087.800000  1.836147e-022
1088.000000  1.855556e-022
1088.200000  1.838259e-022
1088.400000  1.808247e-022
1088.600000  1.818794e-022
1088.800000  1.751864e-022
1089.000000  1.762374e-022
1089.200000  1.683812e-022
1089.400000  1.763066e-022
1089.600000  1.698382e-022
1089.800000  1.645063e-022
1090.000000  1.654237e-022
1090.200000  1.616120e-022
1090.400000  1.615043e-022
1090.600000  1.583221e-022
1090.800000  1.547492e-022
1091.000000  1.510413e-022
1091.200000  1.519505e-022
1091.400000  1.486186e-022
1091.600000  1.486261e-022
1091.800000  1.456712e-022
1092.000000  1.363937e-022
1092.200000  1.383252e-022
1092.400000  1.397434e-022
1092.600000  1.366396e-022
1092.800000  1.390937e-022
1093.000000  1.350768e-022
1093.200000  1.349412e-022
1093.400000  1.226351e-022
1093.600000  1.202669e-022
1093.800000  1.256022e-022
1094.000000  1.211765e-022
1094.200000  1.175760e-022
1094.400000  1.248392e-022
1094.600000  1.274320e-022
1094.800000  1.205103e-022
1095.000000  1.112625e-022
1095.200000  1.182451e-022
1095.400000  1.109290e-022
1095.600000  1.140577e-022
1095.800000  1.108562e-022
1096.000000  1.028565e-022
1096.200000  1.095606e-022
1096.400000  1.000059e-022
1096.600000  1.015190e-022
1096.800000  1.041022e-022
1097.000000  9.798488e-023
1097.200000  9.674088e-023
1097.400000  8.979946e-023
1097.600000  9.429867e-023
1097.800000  9.314028e-023
1098.000000  9.659058e-023
1098.200000  8.756772e-023
1098.400000  9.109870e-023
1098.600000  8.297093e-023
1098.800000  8.774071e-023
1099.000000  8.561110e-023
1099.200000  8.756747e-023
1099.400000  8.198003e-023
1099.600000  8.274865e-023
1099.800000  8.580292e-023
1100.000000  7.495698e-023
1100.200000  8.065939e-023
1100.400000  7.423607e-023
1100.600000  7.592585e-023
1100.800000  7.364644e-023
1101.000000  6.746761e-023
1101.200000  7.291993e-023
1101.400000  7.186931e-023
1101.600000  7.495151e-023
1101.800000  7.115064e-023
1102.000000  6.773408e-023
1102.200000  6.903804e-023
1102.400000  6.205816e-023
1102.600000  7.024577e-023
1102.800000  6.546151e-023
1103.000000  6.386728e-023
1103.200000  6.378954e-023
1103.400000  6.356223e-023
1103.600000  6.692249e-023
1103.800000  6.022226e-023
1104.000000  5.890165e-023
1104.200000  6.405192e-023
1104.400000  5.528460e-023
1104.600000  6.263891e-023
1104.800000  6.076885e-023
1105.000000  5.959290e-023
1105.200000  5.261025e-023
1105.400000  5.542573e-023
1105.600000  5.905542e-023
1105.800000  5.828523e-023
1106.000000  4.417252e-023
1106.200000  5.467770e-023
1106.400000  5.074924e-023
1106.600000  5.079512e-023
1106.800000  4.564249e-023
1107.000000  5.820191e-023
1107.200000  5.413788e-023
1107.400000  4.690013e-023
1107.600000  4.504652e-023
1107.800000  4.550276e-023
1108.000000  4.598750e-023
1108.200000  4.684775e-023
1108.400000  4.280660e-023
1108.600000  4.352643e-023
1108.800000  4.796262e-023
1109.000000  4.515089e-023
1109.200000  4.300313e-023
1109.400000  4.224665e-023
1109.600000  4.626465e-023
1109.800000  4.250457e-023
1110.000000  4.020659e-023
1110.200000  4.230117e-023
1110.400000  3.936811e-023
1110.600000  4.227924e-023
1110.800000  3.545164e-023
1111.000000  4.139983e-023
1111.200000  3.530453e-023
1111.400000  4.316380e-023
1111.600000  3.646721e-023
1111.800000  3.778345e-023
1112.000000  4.359100e-023
1112.200000  3.799276e-023
1112.400000  3.683903e-023
1112.600000  3.370158e-023
1112.800000  3.869037e-023
1113.000000  3.679669e-023
1113.200000  3.261456e-023
1113.400000  3.527186e-023
1113.600000  3.571588e-023
1113.800000  3.469488e-023
1114.000000  3.073781e-023
1114.200000  2.827054e-023
1114.400000  3.194885e-023
1114.600000  2.839273e-023
1114.800000  3.021937e-023
1115.000000  3.327972e-023
1115.200000  2.855516e-023
1115.400000  2.981344e-023
1115.600000  2.458946e-023
1115.800000  3.436134e-023
1116.000000  2.651630e-023
1116.200000  3.371811e-023
1116.400000  2.952979e-023
1116.600000  2.831693e-023
1116.800000  2.267384e-023
1117.000000  2.836769e-023
1117.200000  2.322021e-023
1117.400000  2.227202e-023
1117.600000  2.908087e-023
1117.800000  2.861430e-023
1118.000000  2.434755e-023
1118.200000  3.033467e-023
1118.400000  2.585838e-023
1118.600000  2.324974e-023
1118.800000  2.479862e-023
1119.000000  2.010134e-023
1119.200000  2.478466e-023
1119.400000  2.633900e-023
1119.600000  1.983398e-023
1119.800000  1.593398e-023
1120.000000  2.343949e-023
1120.200000  2.012149e-023
1120.400000  1.833658e-023
1120.600000  1.983469e-023
1120.800000  2.458055e-023
1121.000000  2.181009e-023
1121.200000  2.057921e-023
1121.400000  2.290909e-023
1121.600000  1.709399e-023
1121.800000  2.030985e-023
1122.000000  2.167135e-023
1122.200000  1.154127e-023
1122.400000  2.171000e-023
1122.600000  2.229183e-023
1122.800000  1.641524e-023
1123.000000  1.461932e-023
1123.200000  1.449283e-023
1123.400000  1.074004e-023
1123.600000  1.225723e-023
1123.800000  1.338275e-023
1124.000000  2.260991e-023
1124.200000  1.829187e-023
1124.400000  1.366769e-023
1124.600000  1.647257e-023
1124.800000  1.299247e-023
1125.000000  1.454351e-023
1125.200000  1.647164e-023
1125.400000  1.173973e-023
1125.600000  2.224627e-023
1125.800000  1.456076e-023
1126.000000  1.160426e-023
1126.200000  1.035564e-023
1126.400000  1.372645e-023
1126.600000  1.443929e-023
1126.800000  1.007862e-023
1127.000000  1.527551e-023
1127.200000  1.669409e-023
1127.400000  1.176277e-023
1127.600000  1.947823e-023
1127.800000  1.528436e-023
1128.000000  1.657148e-023
1128.200000  1.359975e-023
1128.400000  1.487548e-023
1128.600000  1.193952e-023
1128.800000  1.026272e-023
1129.000000  1.627957e-023
1129.200000  1.166187e-023
1129.400000  9.984909e-024
1129.600000  7.460578e-024
1129.800000  1.475862e-023
1130.000000  1.463096e-023
1130.200000  3.942297e-024
1130.400000  1.042913e-023
1130.600000  8.584120e-024
1130.800000  1.323987e-023
1131.000000  1.043226e-023
1131.200000  1.143028e-023
1131.400000  1.127262e-023
1131.600000  1.382132e-023
1131.800000  5.928439e-024
1132.000000  1.029019e-023
1132.200000  1.312123e-023
1132.400000  2.117949e-024
1132.600000  6.783423e-024
1132.800000  1.369033e-023
1133.000000  8.616716e-024
1133.200000  1.159374e-023
1133.400000  5.801208e-024
1133.600000  1.413039e-023
1133.800000  6.222112e-024
1134.000000  1.387198e-023
1134.200000  8.642187e-024
1134.400000  7.781085e-024
1134.600000  8.779197e-024
1134.800000  5.385592e-024
1135.000000  7.801684e-024
1135.200000  1.416466e-025
1135.400000  9.215924e-024
1135.600000  6.527230e-024
1135.800000  7.101065e-024
1136.000000  8.651296e-024
1136.200000  0.000000e+000
1136.400000  8.666538e-024
1136.600000  1.990586e-024
1136.800000  6.673701e-024
1137.000000  8.100994e-024
1137.200000  6.969669e-024
1137.400000  1.150517e-023
1137.600000  1.123057e-023
1137.800000  3.984817e-024
1138.000000  1.424197e-024
1138.200000  3.839576e-024
1138.400000  1.622262e-023
1138.600000  8.120025e-024
1138.800000  8.982649e-024
1139.000000  1.423940e-024
1139.200000  5.701080e-024
1139.400000  1.126868e-023
1139.600000  6.995654e-024
1139.800000  8.268315e-024
1140.000000  2.424965e-024
1140.200000  9.140395e-024
1140.400000  3.145018e-024
1140.600000  1.330432e-023
1140.800000  7.589201e-024
1141.000000  3.726481e-024
1141.200000  4.015787e-024
1141.400000  4.881391e-024
1141.600000  5.746899e-024
1141.800000  1.725581e-024
1142.000000  1.165908e-023
1142.200000  2.881009e-024
1142.400000  5.335746e-024
1142.600000  4.040480e-024
1142.800000  8.667369e-024
1143.000000  7.084439e-024
1143.200000  4.196997e-024
1143.400000  1.173072e-023
1143.600000  8.262537e-024
1143.800000  8.414420e-024
1144.000000  5.226806e-024
1144.200000  5.377914e-024
1144.400000  6.399495e-024
1144.600000  0.000000e+000
1144.800000  3.067400e-024
1145.000000  1.169376e-023
1145.200000  5.560082e-024
1145.400000  4.393028e-024
1145.600000  9.525994e-024
1145.800000  2.346277e-024
1146.000000  4.404546e-025
1146.200000  5.290398e-024
1146.400000  0.000000e+000
1146.600000  3.975138e-024
1146.800000  3.830396e-024
1147.000000  2.948648e-024
1147.200000  5.313516e-024
1147.400000  0.000000e+000
1147.600000  0.000000e+000
1147.800000  1.065485e-023
1148.000000  6.221023e-024
1148.200000  8.300820e-024
1148.400000  1.928596e-024
1148.600000  1.366131e-023
1148.800000  0.000000e+000
1149.000000  8.479415e-024
1149.200000  1.488850e-025
1149.400000  1.087755e-023
1149.600000  0.000000e+000
1149.800000  0.000000e+000
1150.000000  7.487733e-025
