800.000000  -1.493251e-023
800.200000  -3.314479e-023
800.400000  -3.351820e-023
800.600000  -2.332648e-023
800.800000  -4.151589e-023
801.000000  -4.369246e-023
801.200000  -3.991228e-023
801.400000  -3.611499e-023
801.600000  -3.873282e-023
801.800000  -4.458758e-023
802.000000  -3.943772e-023
802.200000  -2.870917e-023
802.400000  -2.857774e-023
802.600000  -2.713500e-023
802.800000  -2.701482e-023
803.000000  -4.248946e-023
803.200000  -3.914873e-023
803.400000  -4.270979e-023
803.600000  -4.120531e-023
803.800000  -4.062078e-023
804.000000  -5.063928e-023
804.200000  -4.222913e-023
804.400000  -3.842493e-023
804.600000  -4.613268e-023
804.800000  -3.773022e-023
805.000000  -3.209319e-023
805.200000  -3.470230e-023
805.400000  -3.505413e-023
805.600000  -3.081207e-023
805.800000  -1.962775e-023
806.000000  -1.892721e-023
806.200000  -1.523094e-023
806.400000  -9.657915e-024
806.600000  -4.867900e-024
806.800000  -6.108586e-024
807.000000  -1.302796e-023
807.200000  -6.383043e-024
807.400000  -1.535806e-023
807.600000  -2.312124e-023
807.800000  -1.661558e-023
808.000000  -1.827342e-023
808.200000  -3.104497e-023
808.400000  -3.786635e-023
808.600000  -3.268155e-023
808.800000  -3.023616e-023
809.000000  -2.551457e-023
809.200000  -1.807990e-023
809.400000  -1.883509e-023
809.600000  -2.512256e-023
809.800000  -3.286410e-023
810.000000  -3.736379e-023
810.200000  -3.261938e-023
810.400000  -2.693835e-023
810.600000  -2.271839e-023
810.800000  -2.373610e-024
811.000000  -7.241758e-025
811.200000  5.863896e-024
811.400000  6.741790e-024
811.600000  -4.784004e-025
811.800000  6.547998e-025
812.000000  -4.886987e-024
812.200000  -1.034579e-023
812.400000  -1.337488e-023
812.600000  -2.379507e-023
812.800000  -1.639574e-023
813.000000  -1.768620e-023
813.200000  -9.663022e-024
813.400000  -2.704278e-023
813.600000  -4.071673e-023
813.800000  -4.936385e-023
814.000000  -5.024862e-023
814.200000  -3.622550e-023
814.400000  -2.506905e-023
814.600000  -2.492376e-023
814.800000  -2.894477e-023
815.000000  -2.149558e-023
815.200000  -1.816451e-023
815.400000  -1.563562e-023
815.600000  -2.110301e-023
815.800000  -1.046873e-023
816.000000  -6.660236e-025
816.200000  -8.726742e-024
816.400000  -2.758053e-024
816.600000  -4.631778e-025
816.800000  7.078628e-024
817.000000  6.370026e-024
817.200000  4.034191e-024
817.400000  6.392692e-024
817.600000  2.057457e-024
817.800000  -8.445659e-024
818.000000  -2.253644e-023
818.200000  -1.230127e-023
818.400000  -2.311434e-023
818.600000  -2.396064e-023
818.800000  -2.705670e-023
819.000000  -3.334679e-023
819.200000  -4.609576e-023
819.400000  -4.409795e-023
819.600000  -2.887062e-023
819.800000  -1.771928e-023
820.000000  -2.725362e-023
820.200000  -2.624166e-023
820.400000  -2.152134e-023
820.600000  -1.312838e-023
820.800000  -8.518398e-024
821.000000  9.344152e-024
821.200000  1.188854e-023
821.400000  9.836411e-024
821.600000  4.721683e-024
821.800000  1.684748e-024
822.000000  -1.221334e-024
822.200000  1.618361e-025
822.400000  4.257575e-024
822.600000  1.003184e-023
822.800000  -2.629510e-024
823.000000  -2.042949e-023
823.200000  -2.899492e-023
823.400000  -2.242875e-023
823.600000  -2.874826e-023
823.800000  -3.688005e-023
824.000000  -4.317998e-023
824.200000  -5.694559e-023
824.400000  -5.443646e-023
824.600000  -4.463905e-023
824.800000  -2.619255e-023
825.000000  -3.067027e-023
825.200000  -2.780509e-023
825.400000  -1.446672e-023
825.600000  -7.440768e-024
825.800000  4.582240e-025
826.000000  4.075125e-024
826.200000  4.144822e-024
826.400000  -8.321297e-024
826.600000  4.340416e-025
826.800000  1.141429e-023
827.000000  1.358819e-023
827.200000  1.051629e-023
827.400000  -4.106355e-024
827.600000  -1.722447e-023
827.800000  -2.990668e-023
828.000000  -4.440526e-023
828.200000  -4.105169e-023
828.400000  -2.315818e-023
828.600000  -2.255965e-023
828.800000  -2.246274e-023
829.000000  -2.417613e-023
829.200000  -1.674005e-023
829.400000  -1.982304e-023
829.600000  -2.609041e-023
829.800000  -1.599803e-023
830.000000  -2.311483e-023
830.200000  -2.482351e-023
830.400000  -3.059006e-023
830.600000  -1.369375e-023
830.800000  -1.625437e-023
831.000000  -1.252491e-023
831.200000  -2.503427e-024
831.400000  -7.731151e-024
831.600000  -2.215169e-023
831.800000  -2.795639e-023
832.000000  -3.193143e-023
832.200000  -2.635537e-023
832.400000  -3.035038e-023
832.600000  -9.734595e-024
832.800000  8.212432e-025
833.000000  -4.920349e-024
833.200000  -4.906097e-024
833.400000  2.384498e-024
833.600000  3.906810e-024
833.800000  -5.455348e-024
834.000000  -1.397751e-023
834.200000  -1.791550e-023
834.400000  -2.729189e-023
834.600000  -2.896270e-023
834.800000  -3.195904e-023
835.000000  -2.017178e-023
835.200000  -1.423428e-023
835.400000  -2.990220e-024
835.600000  -1.592439e-024
835.800000  7.594452e-025
836.000000  2.958123e-024
836.200000  -2.036652e-024
836.400000  -5.464137e-024
836.600000  -5.744943e-024
836.800000  -4.761442e-024
837.000000  -7.729498e-024
837.200000  -2.069239e-023
837.400000  -2.585215e-023
837.600000  -2.264978e-023
837.800000  -1.331071e-023
838.000000  -1.446009e-023
838.200000  -2.096730e-023
838.400000  -1.820419e-023
838.600000  -1.896491e-023
838.800000  -1.305396e-023
839.000000  -1.294061e-023
839.200000  -8.376028e-024
839.400000  -5.998757e-024
839.600000  -9.841441e-024
839.800000  -1.701593e-024
840.000000  3.306283e-024
840.200000  6.658666e-024
840.400000  1.209969e-023
840.600000  1.659980e-023
840.800000  2.347627e-023
841.000000  1.663599e-023
841.200000  6.827106e-024
841.400000  3.713324e-024
841.600000  3.005468e-024
841.800000  2.692876e-024
842.000000  -3.964210e-024
842.200000  -3.867771e-024
842.400000  -7.272865e-024
842.600000  -1.877560e-023
842.800000  -1.288107e-023
843.000000  -1.631365e-023
843.200000  -1.975307e-023
843.400000  -2.495553e-023
843.600000  -2.659161e-023
843.800000  -2.116802e-023
844.000000  -1.482879e-023
844.200000  1.660314e-024
844.400000  2.304742e-023
844.600000  2.022077e-023
844.800000  8.275651e-024
845.000000  1.142634e-023
845.200000  1.250069e-023
845.400000  7.372128e-024
845.600000  1.622964e-024
845.800000  -2.728182e-024
846.000000  -3.455797e-025
846.200000  6.623073e-025
846.400000  4.197385e-024
846.600000  8.275737e-024
846.800000  4.529388e-024
847.000000  -1.835870e-023
847.200000  -2.175234e-023
847.400000  -1.811598e-023
847.600000  -1.270212e-023
847.800000  -1.479501e-023
848.000000  -3.222042e-024
848.200000  1.323814e-024
848.400000  -1.134723e-023
848.600000  -1.519912e-023
848.800000  3.101097e-025
849.000000  1.020668e-023
849.200000  3.688959e-024
849.400000  6.383118e-024
849.600000  1.139253e-023
849.800000  1.107000e-023
850.000000  1.768052e-023
850.200000  1.689570e-023
850.400000  1.617942e-023
850.600000  1.669424e-023
850.800000  7.954218e-024
851.000000  1.922711e-024
851.200000  -1.146540e-023
851.400000  -1.527168e-023
851.600000  -4.766690e-024
851.800000  -4.621217e-024
852.000000  -8.384645e-024
852.200000  -5.690303e-024
852.400000  4.797876e-024
852.600000  3.254597e-024
852.800000  -8.800288e-024
853.000000  -1.085321e-023
853.200000  -9.863569e-024
853.400000  -4.094390e-024
853.600000  -9.622749e-024
853.800000  -1.253466e-023
854.000000  -8.084354e-024
854.200000  -1.056043e-023
854.400000  -1.045353e-023
854.600000  6.855372e-024
854.800000  1.563885e-023
855.000000  9.218523e-024
855.200000  1.439430e-023
855.400000  2.786450e-023
855.600000  3.833463e-023
855.800000  2.592334e-023
856.000000  2.038602e-023
856.200000  1.921926e-023
856.400000  -3.284435e-024
856.600000  -4.055158e-024
856.800000  -5.653647e-024
857.000000  4.262810e-024
857.200000  4.786659e-024
857.400000  3.973891e-024
857.600000  5.406604e-024
857.800000  -8.447699e-024
858.000000  -2.020185e-023
858.200000  -2.642773e-023
858.400000  -1.404161e-023
858.600000  -1.603695e-023
858.800000  -9.129647e-024
859.000000  -6.890322e-024
859.200000  -1.238366e-024
859.400000  -7.498609e-024
859.600000  3.161880e-024
859.800000  1.508014e-023
860.000000  9.359169e-024
860.200000  1.445663e-023
860.400000  6.912328e-024
860.600000  1.800251e-023
860.800000  1.390705e-023
861.000000  1.604841e-023
861.200000  1.031731e-023
861.400000  1.005417e-023
861.600000  1.348184e-023
861.800000  1.307968e-023
862.000000  1.956645e-023
862.200000  7.596594e-024
862.400000  1.777020e-024
862.600000  -2.280937e-024
862.800000  -2.979308e-024
863.000000  4.658995e-024
863.200000  8.473763e-024
863.400000  8.977328e-024
863.600000  8.326104e-024
863.800000  7.570361e-024
864.000000  5.954641e-024
864.200000  9.836777e-024
864.400000  5.019771e-024
864.600000  5.922581e-024
864.800000  4.789369e-024
865.000000  -8.855806e-025
865.200000  -6.568498e-024
865.400000  1.581906e-025
865.600000  1.719817e-023
865.800000  1.784240e-023
866.000000  2.157664e-023
866.200000  2.205413e-023
866.400000  3.586607e-023
866.600000  2.895851e-023
866.800000  2.942198e-023
867.000000  3.815240e-023
867.200000  3.921877e-023
867.400000  3.646155e-023
867.600000  2.897977e-023
867.800000  2.749192e-023
868.000000  8.724759e-024
868.200000  -5.595396e-024
868.400000  -1.777644e-023
868.600000  -1.687428e-023
868.800000  -2.541365e-023
869.000000  -1.863698e-023
869.200000  -8.336048e-026
869.400000  1.607223e-023
869.600000  1.781029e-023
869.800000  2.596807e-023
870.000000  3.269089e-023
870.200000  2.835900e-023
870.400000  2.507840e-023
870.600000  2.146930e-023
870.800000  1.998755e-023
871.000000  1.850208e-023
871.200000  2.908923e-023
871.400000  3.203828e-023
871.600000  4.250507e-023
871.800000  4.010931e-023
872.000000  3.929973e-023
872.200000  4.475499e-023
872.400000  4.204397e-023
872.600000  3.715870e-023
872.800000  4.074518e-023
873.000000  4.554532e-023
873.200000  3.469134e-023
873.400000  3.176473e-023
873.600000  4.683789e-023
873.800000  4.383317e-023
874.000000  5.113254e-023
874.200000  4.656961e-023
874.400000  4.265515e-023
874.600000  4.089531e-023
874.800000  3.639918e-023
875.000000  4.642613e-023
875.200000  5.582926e-023
875.400000  4.109913e-023
875.600000  1.997301e-023
875.800000  1.211277e-023
876.000000  1.510841e-023
876.200000  1.401505e-023
876.400000  2.008744e-023
876.600000  4.830624e-023
876.800000  5.369929e-023
877.000000  5.163363e-023
877.200000  4.558059e-023
877.400000  5.247293e-023
877.600000  4.704886e-023
877.800000  4.225788e-023
878.000000  4.328385e-023
878.200000  4.586194e-023
878.400000  5.243452e-023
878.600000  6.658796e-023
878.800000  7.068704e-023
879.000000  7.027607e-023
879.200000  7.914486e-023
879.400000  7.951118e-023
879.600000  8.163205e-023
879.800000  7.101705e-023
880.000000  5.672747e-023
880.200000  5.287739e-023
880.400000  5.116967e-023
880.600000  5.708408e-023
880.800000  6.324827e-023
881.000000  6.403807e-023
881.200000  6.112854e-023
881.400000  5.878685e-023
881.600000  5.796955e-023
881.800000  5.322754e-023
882.000000  6.008464e-023
882.200000  7.323360e-023
882.400000  8.925071e-023
882.600000  9.838467e-023
882.800000  1.027138e-022
883.000000  1.084928e-022
883.200000  1.111449e-022
883.400000  1.110722e-022
883.600000  1.077833e-022
883.800000  1.200283e-022
884.000000  1.279595e-022
884.200000  1.228087e-022
884.400000  1.191164e-022
884.600000  1.177900e-022
884.800000  1.026396e-022
885.000000  8.705411e-023
885.200000  7.651110e-023
885.400000  8.705268e-023
885.600000  9.764717e-023
885.800000  1.007149e-022
886.000000  1.117336e-022
886.200000  1.222060e-022
886.400000  1.279446e-022
886.600000  1.376497e-022
886.800000  1.524888e-022
887.000000  1.539062e-022
887.200000  1.501354e-022
887.400000  1.557756e-022
887.600000  1.664070e-022
887.800000  1.544944e-022
888.000000  1.454530e-022
888.200000  1.562506e-022
888.400000  1.588573e-022
888.600000  1.630841e-022
888.800000  1.660880e-022
889.000000  1.795042e-022
889.200000  1.902387e-022
889.400000  1.851222e-022
889.600000  1.852409e-022
889.800000  1.919668e-022
890.000000  1.907136e-022
890.200000  1.975950e-022
890.400000  2.003783e-022
890.600000  1.923098e-022
890.800000  1.951792e-022
891.000000  2.047884e-022
891.200000  2.089238e-022
891.400000  2.076704e-022
891.600000  2.199436e-022
891.800000  2.335513e-022
892.000000  2.459089e-022
892.200000  2.420048e-022
892.400000  2.460891e-022
892.600000  2.612018e-022
892.800000  2.505907e-022
893.000000  2.465596e-022
893.200000  2.587808e-022
893.400000  2.725512e-022
893.600000  2.727772e-022
893.800000  2.822685e-022
894.000000  2.972344e-022
894.200000  3.073396e-022
894.400000  2.896918e-022
894.600000  2.869767e-022
894.800000  2.805333e-022
895.000000  2.810190e-022
895.200000  2.768786e-022
895.400000  2.890039e-022
895.600000  2.988037e-022
895.800000  2.935107e-022
896.000000  2.919190e-022
896.200000  3.028054e-022
896.400000  3.088189e-022
896.600000  3.033688e-022
896.800000  3.020573e-022
897.000000  3.064732e-022
897.200000  3.165108e-022
897.400000  3.272425e-022
897.600000  3.610780e-022
897.800000  3.832006e-022
898.000000  3.874922e-022
898.200000  3.922886e-022
898.400000  3.965678e-022
898.600000  3.920250e-022
898.800000  3.742714e-022
899.000000  3.631087e-022
899.200000  3.593474e-022
899.400000  3.653832e-022
899.600000  3.634644e-022
899.800000  3.716000e-022
900.000000  3.669402e-022
900.200000  3.727164e-022
900.400000  3.713462e-022
900.600000  3.798148e-022
900.800000  4.012317e-022
901.000000  4.136185e-022
901.200000  4.175691e-022
901.400000  4.245755e-022
901.600000  4.458238e-022
901.800000  4.601367e-022
902.000000  4.598723e-022
902.200000  4.656635e-022
902.400000  4.743351e-022
902.600000  4.782328e-022
902.800000  4.849725e-022
903.000000  4.828852e-022
903.200000  4.898053e-022
903.400000  4.916563e-022
903.600000  5.101603e-022
903.800000  5.087221e-022
904.000000  5.138918e-022
904.200000  5.339296e-022
904.400000  5.430356e-022
904.600000  5.345453e-022
904.800000  5.300441e-022
905.000000  5.463910e-022
905.200000  5.559544e-022
905.400000  5.508296e-022
905.600000  5.666768e-022
905.800000  5.797662e-022
906.000000  5.788967e-022
906.200000  5.866718e-022
906.400000  6.034877e-022
906.600000  6.216399e-022
906.800000  6.328157e-022
907.000000  6.467207e-022
907.200000  6.556915e-022
907.400000  6.704356e-022
907.600000  6.759146e-022
907.800000  6.871474e-022
908.000000  7.043415e-022
908.200000  7.099535e-022
908.400000  7.166052e-022
908.600000  7.163033e-022
908.800000  7.118185e-022
909.000000  7.172546e-022
909.200000  7.463835e-022
909.400000  7.768551e-022
909.600000  7.882914e-022
909.800000  8.072550e-022
910.000000  8.324116e-022
910.200000  8.494416e-022
910.400000  8.624226e-022
910.600000  8.797487e-022
910.800000  8.989154e-022
911.000000  9.115008e-022
911.200000  9.183778e-022
911.400000  9.487916e-022
911.600000  9.811966e-022
911.800000  1.009415e-021
912.000000  1.028857e-021
912.200000  1.066735e-021
912.400000  1.100089e-021
912.600000  1.119373e-021
912.800000  1.144855e-021
913.000000  1.181588e-021
913.200000  1.211029e-021
913.400000  1.230581e-021
913.600000  1.258557e-021
913.800000  1.297941e-021
914.000000  1.328109e-021
914.200000  1.354393e-021
914.400000  1.386930e-021
914.600000  1.425825e-021
914.800000  1.462047e-021
915.000000  1.496254e-021
915.200000  1.547523e-021
915.400000  1.580525e-021
915.600000  1.612845e-021
915.800000  1.679657e-021
916.000000  1.732461e-021
916.200000  1.780326e-021
916.400000  1.834267e-021
916.600000  1.892682e-021
916.800000  1.950613e-021
917.000000  1.996617e-021
917.200000  2.054717e-021
917.400000  2.120230e-021
917.600000  2.195279e-021
917.800000  2.260697e-021
918.000000  2.320816e-021
918.200000  2.389824e-021
918.400000  2.440752e-021
918.600000  2.487085e-021
918.800000  2.558805e-021
919.000000  2.603153e-021
919.200000  2.643627e-021
919.400000  2.676248e-021
919.600000  2.724560e-021
919.800000  2.753187e-021
920.000000  2.763602e-021
920.200000  2.783590e-021
920.400000  2.805200e-021
920.600000  2.825071e-021
920.800000  2.844610e-021
921.000000  2.865028e-021
921.200000  2.873556e-021
921.400000  2.867986e-021
921.600000  2.879052e-021
921.800000  2.893767e-021
922.000000  2.904850e-021
922.200000  2.907309e-021
922.400000  2.914637e-021
922.600000  2.921757e-021
922.800000  2.903963e-021
923.000000  2.888083e-021
923.200000  2.873958e-021
923.400000  2.863318e-021
923.600000  2.840256e-021
923.800000  2.833138e-021
924.000000  2.817167e-021
924.200000  2.798306e-021
924.400000  2.769169e-021
924.600000  2.733486e-021
924.800000  2.704149e-021
925.000000  2.684797e-021
925.200000  2.679412e-021
925.400000  2.674820e-021
925.600000  2.657236e-021
925.800000  2.628588e-021
926.000000  2.616673e-021
926.200000  2.605558e-021
926.400000  2.585725e-021
926.600000  2.565275e-021
926.800000  2.548531e-021
927.000000  2.548940e-021
927.200000  2.528420e-021
927.400000  2.502648e-021
927.600000  2.484940e-021
927.800000  2.470367e-021
928.000000  2.450813e-021
928.200000  2.441547e-021
928.400000  2.423497e-021
928.600000  2.399787e-021
928.800000  2.374204e-021
929.000000  2.338542e-021
929.200000  2.332793e-021
929.400000  2.318886e-021
929.600000  2.313931e-021
929.800000  2.308651e-021
930.000000  2.306159e-021
930.200000  2.282111e-021
930.400000  2.272329e-021
930.600000  2.265048e-021
930.800000  2.266938e-021
931.000000  2.253931e-021
931.200000  2.233872e-021
931.400000  2.209062e-021
931.600000  2.187254e-021
931.800000  2.177456e-021
932.000000  2.169719e-021
932.200000  2.163259e-021
932.400000  2.139582e-021
932.600000  2.132371e-021
932.800000  2.124686e-021
933.000000  2.113654e-021
933.200000  2.103360e-021
933.400000  2.100013e-021
933.600000  2.104614e-021
933.800000  2.093689e-021
934.000000  2.079102e-021
934.200000  2.069424e-021
934.400000  2.078668e-021
934.600000  2.061829e-021
934.800000  2.045895e-021
935.000000  2.026781e-021
935.200000  2.000903e-021
935.400000  2.003418e-021
935.600000  2.007317e-021
935.800000  2.001819e-021
936.000000  1.984879e-021
936.200000  1.974459e-021
936.400000  1.958653e-021
936.600000  1.940834e-021
936.800000  1.928742e-021
937.000000  1.915863e-021
937.200000  1.918297e-021
937.400000  1.905416e-021
937.600000  1.888065e-021
937.800000  1.895233e-021
938.000000  1.908297e-021
938.200000  1.913515e-021
938.400000  1.906549e-021
938.600000  1.901029e-021
938.800000  1.904826e-021
939.000000  1.919632e-021
939.200000  1.932988e-021
939.400000  1.954236e-021
939.600000  1.955367e-021
939.800000  1.959039e-021
940.000000  1.969530e-021
940.200000  1.982326e-021
940.400000  1.995633e-021
940.600000  2.008889e-021
940.800000  2.016640e-021
941.000000  2.033285e-021
941.200000  2.039682e-021
941.400000  2.074125e-021
941.600000  2.101478e-021
941.800000  2.109798e-021
942.000000  2.123214e-021
942.200000  2.135508e-021
942.400000  2.134365e-021
942.600000  2.120493e-021
942.800000  2.117484e-021
943.000000  2.115752e-021
943.200000  2.125164e-021
943.400000  2.131049e-021
943.600000  2.122756e-021
943.800000  2.124541e-021
944.000000  2.118315e-021
944.200000  2.128827e-021
944.400000  2.132669e-021
944.600000  2.131839e-021
944.800000  2.119255e-021
945.000000  2.122193e-021
945.200000  2.129230e-021
945.400000  2.117665e-021
945.600000  2.090342e-021
945.800000  2.077754e-021
946.000000  2.081996e-021
946.200000  2.078409e-021
946.400000  2.076130e-021
946.600000  2.080119e-021
946.800000  2.073453e-021
947.000000  2.070851e-021
947.200000  2.076755e-021
947.400000  2.079425e-021
947.600000  2.072778e-021
947.800000  2.065892e-021
948.000000  2.066596e-021
948.200000  2.075674e-021
948.400000  2.065258e-021
948.600000  2.071415e-021
948.800000  2.074058e-021
949.000000  2.062692e-021
949.200000  2.061082e-021
949.400000  2.062375e-021
949.600000  2.072210e-021
949.800000  2.075866e-021
950.000000  2.079265e-021
950.200000  2.086382e-021
950.400000  2.095745e-021
950.600000  2.086094e-021
950.800000  2.089407e-021
951.000000  2.095416e-021
951.200000  2.093501e-021
951.400000  2.097230e-021
951.600000  2.107434e-021
951.800000  2.124429e-021
952.000000  2.140018e-021
952.200000  2.157009e-021
952.400000  2.173031e-021
952.600000  2.192309e-021
952.800000  2.207544e-021
953.000000  2.216855e-021
953.200000  2.223770e-021
953.400000  2.212779e-021
953.600000  2.206345e-021
953.800000  2.230175e-021
954.000000  2.242902e-021
954.200000  2.241052e-021
954.400000  2.245022e-021
954.600000  2.260075e-021
954.800000  2.262076e-021
955.000000  2.252919e-021
955.200000  2.255205e-021
955.400000  2.270682e-021
955.600000  2.279635e-021
955.800000  2.290420e-021
956.000000  2.303751e-021
956.200000  2.313828e-021
956.400000  2.318913e-021
956.600000  2.316063e-021
956.800000  2.312311e-021
957.000000  2.316318e-021
957.200000  2.329939e-021
957.400000  2.337934e-021
957.600000  2.360577e-021
957.800000  2.387567e-021
958.000000  2.404327e-021
958.200000  2.413670e-021
958.400000  2.431064e-021
958.600000  2.445427e-021
958.800000  2.464478e-021
959.000000  2.480789e-021
959.200000  2.492419e-021
959.400000  2.491284e-021
959.600000  2.502340e-021
959.800000  2.506518e-021
960.000000  2.518876e-021
960.200000  2.542839e-021
960.400000  2.561428e-021
960.600000  2.581539e-021
960.800000  2.614219e-021
961.000000  2.629064e-021
961.200000  2.640224e-021
961.400000  2.641144e-021
961.600000  2.651492e-021
961.800000  2.663790e-021
962.000000  2.691474e-021
962.200000  2.705530e-021
962.400000  2.713845e-021
962.600000  2.731855e-021
962.800000  2.758068e-021
963.000000  2.797677e-021
963.200000  2.854356e-021
963.400000  2.936982e-021
963.600000  3.066594e-021
963.800000  3.281713e-021
964.000000  3.557561e-021
964.200000  3.791145e-021
964.400000  3.886855e-021
964.600000  3.783771e-021
964.800000  3.585219e-021
965.000000  3.378257e-021
965.200000  3.224081e-021
965.400000  3.121284e-021
965.600000  3.059874e-021
965.800000  3.027358e-021
966.000000  3.010091e-021
966.200000  2.996440e-021
966.400000  2.994851e-021
966.600000  2.992518e-021
966.800000  2.992267e-021
967.000000  3.000769e-021
967.200000  3.003084e-021
967.400000  3.010602e-021
967.600000  3.000467e-021
967.800000  2.990753e-021
968.000000  2.990887e-021
968.200000  2.992034e-021
968.400000  2.999832e-021
968.600000  3.015450e-021
968.800000  3.014220e-021
969.000000  3.014948e-021
969.200000  3.009416e-021
969.400000  3.001571e-021
969.600000  2.987595e-021
969.800000  2.977580e-021
970.000000  2.973153e-021
970.200000  2.966557e-021
970.400000  2.956270e-021
970.600000  2.954459e-021
970.800000  2.940523e-021
971.000000  2.936298e-021
971.200000  2.926600e-021
971.400000  2.928550e-021
971.600000  2.923384e-021
971.800000  2.928121e-021
972.000000  2.927760e-021
972.200000  2.927279e-021
972.400000  2.946014e-021
972.600000  2.963406e-021
972.800000  2.980704e-021
973.000000  3.007557e-021
973.200000  3.042029e-021
973.400000  3.076746e-021
973.600000  3.119616e-021
973.800000  3.157379e-021
974.000000  3.199277e-021
974.200000  3.241659e-021
974.400000  3.294872e-021
974.600000  3.345541e-021
974.800000  3.407744e-021
975.000000  3.492469e-021
975.020000  3.488042e-021
975.040000  3.495146e-021
975.060000  3.543976e-021
975.080000  3.526070e-021
975.100000  3.529075e-021
975.120000  3.548849e-021
975.140000  3.526728e-021
975.160000  3.559121e-021
975.180000  3.566380e-021
975.200000  3.570696e-021
975.220000  3.568202e-021
975.240000  3.569086e-021
975.260000  3.585202e-021
975.280000  3.618421e-021
975.300000  3.634709e-021
975.320000  3.617201e-021
975.340000  3.624492e-021
975.360000  3.616408e-021
975.380000  3.636958e-021
975.400000  3.665788e-021
975.420000  3.670876e-021
975.440000  3.685956e-021
975.460000  3.673724e-021
975.480000  3.674936e-021
975.500000  3.681803e-021
975.520000  3.709244e-021
975.540000  3.716213e-021
975.560000  3.717922e-021
975.580000  3.720957e-021
975.600000  3.702421e-021
975.620000  3.753023e-021
975.640000  3.776010e-021
975.660000  3.774011e-021
975.680000  3.787257e-021
975.700000  3.776730e-021
975.720000  3.790002e-021
975.740000  3.797011e-021
975.760000  3.834439e-021
975.780000  3.838820e-021
975.800000  3.805464e-021
975.820000  3.804436e-021
975.840000  3.823352e-021
975.860000  3.860625e-021
975.880000  3.894505e-021
975.900000  3.910526e-021
975.920000  3.920557e-021
975.940000  3.908340e-021
975.960000  3.912800e-021
975.980000  3.902926e-021
976.000000  3.989949e-021
976.020000  3.992202e-021
976.040000  3.962995e-021
976.060000  3.972734e-021
976.080000  3.995660e-021
976.100000  4.008764e-021
976.120000  4.038041e-021
976.140000  4.069898e-021
976.160000  4.087044e-021
976.180000  4.090276e-021
976.200000  4.078134e-021
976.220000  4.094530e-021
976.240000  4.145501e-021
976.260000  4.138276e-021
976.280000  4.145680e-021
976.300000  4.141862e-021
976.320000  4.149283e-021
976.340000  4.192188e-021
976.360000  4.176497e-021
976.380000  4.226229e-021
976.400000  4.194521e-021
976.420000  4.212481e-021
976.440000  4.215548e-021
976.460000  4.244137e-021
976.480000  4.283562e-021
976.500000  4.282136e-021
976.520000  4.297461e-021
976.540000  4.286381e-021
976.560000  4.292062e-021
976.580000  4.311518e-021
976.600000  4.361457e-021
976.620000  4.355261e-021
976.640000  4.377497e-021
976.660000  4.393586e-021
976.680000  4.410247e-021
976.700000  4.422773e-021
976.720000  4.477520e-021
976.740000  4.487025e-021
976.760000  4.509334e-021
976.780000  4.490116e-021
976.800000  4.516696e-021
976.820000  4.533972e-021
976.840000  4.558853e-021
976.860000  4.608889e-021
976.880000  4.601387e-021
976.900000  4.583592e-021
976.920000  4.621827e-021
976.940000  4.660940e-021
976.960000  4.703180e-021
976.980000  4.733465e-021
977.000000  4.730756e-021
977.020000  4.744557e-021
977.040000  4.756706e-021
977.060000  4.782469e-021
977.080000  4.774865e-021
977.100000  4.834441e-021
977.120000  4.857767e-021
977.140000  4.832208e-021
977.160000  4.848027e-021
977.180000  4.882413e-021
977.200000  4.908892e-021
977.220000  4.939392e-021
977.240000  4.952986e-021
977.260000  4.954223e-021
977.280000  4.968455e-021
977.300000  4.998196e-021
977.320000  5.009589e-021
977.340000  5.043835e-021
977.360000  5.058975e-021
977.380000  5.072957e-021
977.400000  5.089419e-021
977.420000  5.136120e-021
977.440000  5.143692e-021
977.460000  5.178527e-021
977.480000  5.188032e-021
977.500000  5.190697e-021
977.520000  5.187135e-021
977.540000  5.262641e-021
977.560000  5.306090e-021
977.580000  5.289009e-021
977.600000  5.313445e-021
977.620000  5.333221e-021
977.640000  5.364129e-021
977.660000  5.409714e-021
977.680000  5.416847e-021
977.700000  5.441176e-021
977.720000  5.418634e-021
977.740000  5.454948e-021
977.760000  5.467528e-021
977.780000  5.482837e-021
977.800000  5.533340e-021
977.820000  5.533702e-021
977.840000  5.527955e-021
977.860000  5.569913e-021
977.880000  5.608186e-021
977.900000  5.605135e-021
977.920000  5.637511e-021
977.940000  5.661039e-021
977.960000  5.620250e-021
977.980000  5.673191e-021
978.000000  5.696980e-021
978.020000  5.730683e-021
978.040000  5.771821e-021
978.060000  5.797340e-021
978.080000  5.776591e-021
978.100000  5.802107e-021
978.120000  5.857006e-021
978.140000  5.871882e-021
978.160000  5.887532e-021
978.180000  5.938931e-021
978.200000  5.914498e-021
978.220000  5.948982e-021
978.240000  5.989788e-021
978.260000  5.989985e-021
978.280000  6.054138e-021
978.300000  6.024520e-021
978.320000  6.030053e-021
978.340000  6.043237e-021
978.360000  6.108196e-021
978.380000  6.130984e-021
978.400000  6.137434e-021
978.420000  6.168158e-021
978.440000  6.184075e-021
978.460000  6.187365e-021
978.480000  6.139335e-021
978.500000  6.238760e-021
978.520000  6.267990e-021
978.540000  6.270606e-021
978.560000  6.248114e-021
978.580000  6.273413e-021
978.600000  6.299720e-021
978.620000  6.322144e-021
978.640000  6.361298e-021
978.660000  6.372398e-021
978.680000  6.341923e-021
978.700000  6.362951e-021
978.720000  6.396673e-021
978.740000  6.428995e-021
978.760000  6.443713e-021
978.780000  6.439773e-021
978.800000  6.444327e-021
978.820000  6.449511e-021
978.840000  6.537210e-021
978.860000  6.567707e-021
978.880000  6.558992e-021
978.900000  6.572962e-021
978.920000  6.572967e-021
978.940000  6.627425e-021
978.960000  6.625629e-021
978.980000  6.676206e-021
979.000000  6.669902e-021
979.020000  6.685491e-021
979.040000  6.725408e-021
979.060000  6.767485e-021
979.080000  6.756042e-021
979.100000  6.776430e-021
979.120000  6.816167e-021
979.140000  6.813762e-021
979.160000  6.812279e-021
979.180000  6.855982e-021
979.200000  6.847060e-021
979.220000  6.926562e-021
979.240000  6.942784e-021
979.260000  6.898706e-021
979.280000  6.878309e-021
979.300000  6.901840e-021
979.320000  6.942520e-021
979.340000  6.959772e-021
979.360000  7.018366e-021
979.380000  6.992590e-021
979.400000  6.959344e-021
979.420000  7.030771e-021
979.440000  7.057397e-021
979.460000  7.088091e-021
979.480000  7.086554e-021
979.500000  7.083063e-021
979.520000  7.065923e-021
979.540000  7.130104e-021
979.560000  7.126565e-021
979.580000  7.132903e-021
979.600000  7.133314e-021
979.620000  7.126091e-021
979.640000  7.175392e-021
979.660000  7.166107e-021
979.680000  7.176765e-021
979.700000  7.227690e-021
979.720000  7.225357e-021
979.740000  7.164859e-021
979.760000  7.184513e-021
979.780000  7.191212e-021
979.800000  7.228151e-021
979.820000  7.226835e-021
979.840000  7.236647e-021
979.860000  7.197028e-021
979.880000  7.164753e-021
979.900000  7.220570e-021
979.920000  7.229351e-021
979.940000  7.246256e-021
979.960000  7.185530e-021
979.980000  7.205273e-021
980.000000  7.188940e-021
980.020000  7.195217e-021
980.040000  7.221587e-021
980.060000  7.223860e-021
980.080000  7.198031e-021
980.100000  7.169406e-021
980.120000  7.227649e-021
980.140000  7.235958e-021
980.160000  7.221128e-021
980.180000  7.253608e-021
980.200000  7.243760e-021
980.220000  7.213362e-021
980.240000  7.159499e-021
980.260000  7.141583e-021
980.280000  7.184735e-021
980.300000  7.181527e-021
980.320000  7.182277e-021
980.340000  7.118358e-021
980.360000  7.167033e-021
980.380000  7.167792e-021
980.400000  7.156789e-021
980.420000  7.150618e-021
980.440000  7.118216e-021
980.460000  7.112120e-021
980.480000  7.116672e-021
980.500000  7.079781e-021
980.520000  7.064201e-021
980.540000  7.083076e-021
980.560000  7.018114e-021
980.580000  7.053885e-021
980.600000  6.995992e-021
980.620000  7.018095e-021
980.640000  6.981851e-021
980.660000  6.959819e-021
980.680000  6.921162e-021
980.700000  6.896574e-021
980.720000  6.884015e-021
980.740000  6.850415e-021
980.760000  6.853440e-021
980.780000  6.867483e-021
980.800000  6.798466e-021
980.820000  6.732467e-021
980.840000  6.694734e-021
980.860000  6.714621e-021
980.880000  6.700847e-021
980.900000  6.680936e-021
980.920000  6.630509e-021
980.940000  6.616097e-021
980.960000  6.550958e-021
980.980000  6.547026e-021
981.000000  6.554215e-021
981.020000  6.525894e-021
981.040000  6.481784e-021
981.060000  6.477461e-021
981.080000  6.417349e-021
981.100000  6.429686e-021
981.120000  6.370339e-021
981.140000  6.388289e-021
981.160000  6.356371e-021
981.180000  6.345765e-021
981.200000  6.292556e-021
981.220000  6.285825e-021
981.240000  6.264755e-021
981.260000  6.248532e-021
981.280000  6.211873e-021
981.300000  6.170834e-021
981.320000  6.100953e-021
981.340000  6.085287e-021
981.360000  6.082626e-021
981.380000  6.038207e-021
981.400000  6.035562e-021
981.420000  5.984270e-021
981.440000  5.925382e-021
981.460000  5.894209e-021
981.480000  5.935875e-021
981.500000  5.897226e-021
981.520000  5.828373e-021
981.540000  5.769767e-021
981.560000  5.719615e-021
981.580000  5.717724e-021
981.600000  5.708769e-021
981.620000  5.662843e-021
981.640000  5.656952e-021
981.660000  5.599835e-021
981.680000  5.552973e-021
981.700000  5.539052e-021
981.720000  5.529232e-021
981.740000  5.495842e-021
981.760000  5.464034e-021
981.780000  5.428476e-021
981.800000  5.403055e-021
981.820000  5.382778e-021
981.840000  5.352167e-021
981.860000  5.317885e-021
981.880000  5.307618e-021
981.900000  5.222852e-021
981.920000  5.209631e-021
981.940000  5.220997e-021
981.960000  5.219754e-021
981.980000  5.166425e-021
982.000000  5.114347e-021
982.020000  5.120805e-021
982.040000  5.055576e-021
982.060000  5.068037e-021
982.080000  5.027094e-021
982.100000  5.009921e-021
982.120000  4.973713e-021
982.140000  4.926021e-021
982.160000  4.897548e-021
982.180000  4.862882e-021
982.200000  4.868397e-021
982.220000  4.843643e-021
982.240000  4.780173e-021
982.260000  4.784308e-021
982.280000  4.764010e-021
982.300000  4.745503e-021
982.320000  4.736638e-021
982.340000  4.699797e-021
982.360000  4.673247e-021
982.380000  4.634210e-021
982.400000  4.646465e-021
982.420000  4.615349e-021
982.440000  4.618256e-021
982.460000  4.591175e-021
982.480000  4.579421e-021
982.500000  4.527401e-021
982.520000  4.512651e-021
982.540000  4.498492e-021
982.560000  4.491271e-021
982.580000  4.478782e-021
982.600000  4.420269e-021
982.620000  4.398848e-021
982.640000  4.390958e-021
982.660000  4.387729e-021
982.680000  4.381921e-021
982.700000  4.367370e-021
982.720000  4.326811e-021
982.740000  4.300281e-021
982.760000  4.271399e-021
982.780000  4.277309e-021
982.800000  4.296357e-021
982.820000  4.248421e-021
982.840000  4.229763e-021
982.860000  4.176003e-021
982.880000  4.188622e-021
982.900000  4.160259e-021
982.920000  4.164943e-021
982.940000  4.131268e-021
982.960000  4.094877e-021
982.980000  4.061138e-021
983.000000  4.040079e-021
983.020000  4.061401e-021
983.040000  4.046555e-021
983.060000  4.016884e-021
983.080000  3.987394e-021
983.100000  3.952418e-021
983.120000  3.962884e-021
983.140000  3.950667e-021
983.160000  3.952152e-021
983.180000  3.939479e-021
983.200000  3.892663e-021
983.220000  3.872074e-021
983.240000  3.868709e-021
983.260000  3.891304e-021
983.280000  3.880493e-021
983.300000  3.865574e-021
983.320000  3.843392e-021
983.340000  3.817719e-021
983.360000  3.813550e-021
983.380000  3.822112e-021
983.400000  3.838429e-021
983.420000  3.823372e-021
983.440000  3.785780e-021
983.460000  3.790269e-021
983.480000  3.776741e-021
983.500000  3.793839e-021
983.520000  3.794270e-021
983.540000  3.784783e-021
983.560000  3.745774e-021
983.580000  3.741301e-021
983.600000  3.724834e-021
983.620000  3.756865e-021
983.640000  3.720286e-021
983.660000  3.699867e-021
983.680000  3.689656e-021
983.700000  3.661471e-021
983.720000  3.662710e-021
983.740000  3.663074e-021
983.760000  3.670022e-021
983.780000  3.655476e-021
983.800000  3.621807e-021
983.820000  3.615848e-021
983.840000  3.606444e-021
983.860000  3.626928e-021
983.880000  3.630947e-021
983.900000  3.614594e-021
983.920000  3.604356e-021
983.940000  3.592007e-021
983.960000  3.583992e-021
983.980000  3.609038e-021
984.000000  3.591121e-021
984.020000  3.591251e-021
984.040000  3.579401e-021
984.060000  3.573984e-021
984.080000  3.565596e-021
984.100000  3.590485e-021
984.120000  3.573957e-021
984.140000  3.585186e-021
984.160000  3.547464e-021
984.180000  3.558623e-021
984.200000  3.557487e-021
984.220000  3.554808e-021
984.240000  3.574643e-021
984.260000  3.537198e-021
984.280000  3.533269e-021
984.300000  3.525133e-021
984.320000  3.521217e-021
984.340000  3.508913e-021
984.360000  3.526002e-021
984.380000  3.513686e-021
984.400000  3.484706e-021
984.420000  3.462221e-021
984.440000  3.477137e-021
984.460000  3.475433e-021
984.480000  3.486236e-021
984.500000  3.484531e-021
984.520000  3.462002e-021
984.540000  3.443710e-021
984.560000  3.446143e-021
984.580000  3.440295e-021
984.600000  3.438587e-021
984.620000  3.444413e-021
984.640000  3.433689e-021
984.660000  3.423000e-021
984.680000  3.416456e-021
984.700000  3.442871e-021
984.720000  3.415712e-021
984.740000  3.413289e-021
984.760000  3.402682e-021
984.780000  3.396190e-021
984.800000  3.389712e-021
984.820000  3.418573e-021
984.840000  3.398355e-021
984.860000  3.378237e-021
984.880000  3.378480e-021
984.900000  3.366553e-021
984.920000  3.378967e-021
984.940000  3.379210e-021
984.960000  3.367283e-021
984.980000  3.351354e-021
985.000000  3.343534e-021
985.200000  3.250210e-021
985.400000  3.224150e-021
985.600000  3.219276e-021
985.800000  3.173626e-021
986.000000  3.106114e-021
986.200000  3.072779e-021
986.400000  3.025388e-021
986.600000  2.940448e-021
986.800000  2.867969e-021
987.000000  2.845147e-021
987.200000  2.762107e-021
987.400000  2.675440e-021
987.600000  2.645919e-021
987.800000  2.626106e-021
988.000000  2.553123e-021
988.200000  2.490816e-021
988.400000  2.475975e-021
988.600000  2.433535e-021
988.800000  2.367952e-021
989.000000  2.372310e-021
989.200000  2.390831e-021
989.400000  2.352024e-021
989.600000  2.292972e-021
989.800000  2.276187e-021
990.000000  2.252604e-021
990.200000  2.187075e-021
990.400000  2.116581e-021
990.600000  2.104973e-021
990.800000  2.082741e-021
991.000000  2.027453e-021
991.200000  1.996516e-021
991.400000  1.989787e-021
991.600000  1.936480e-021
991.800000  1.857465e-021
992.000000  1.824329e-021
992.200000  1.785272e-021
992.400000  1.678955e-021
992.600000  1.600407e-021
992.800000  1.596155e-021
993.000000  1.556003e-021
993.200000  1.469854e-021
993.400000  1.421785e-021
993.600000  1.399000e-021
993.800000  1.310946e-021
994.000000  1.232120e-021
994.200000  1.208643e-021
994.400000  1.201348e-021
994.600000  1.139106e-021
994.800000  1.106401e-021
995.000000  1.120849e-021
995.200000  1.102003e-021
995.400000  1.067598e-021
995.600000  1.066593e-021
995.800000  1.072741e-021
996.000000  1.035690e-021
996.200000  9.917350e-022
996.400000  1.000311e-021
996.600000  9.731625e-022
996.800000  9.136034e-022
997.000000  8.833412e-022
997.200000  9.071579e-022
997.400000  8.911402e-022
997.600000  8.441921e-022
997.800000  8.210966e-022
998.000000  8.260560e-022
998.200000  7.757532e-022
998.400000  7.220852e-022
998.600000  7.522482e-022
998.800000  7.655329e-022
999.000000  7.084601e-022
999.200000  6.863521e-022
999.400000  7.031803e-022
999.600000  6.787882e-022
999.800000  6.118864e-022
1000.000000  5.949428e-022
1000.200000  6.164899e-022
1000.400000  5.920661e-022
1000.600000  5.369838e-022
1000.800000  5.371129e-022
1001.000000  5.657830e-022
1001.200000  5.406694e-022
1001.400000  4.999403e-022
1001.600000  5.146651e-022
1001.800000  5.201204e-022
1002.000000  4.710613e-022
1002.200000  4.830222e-022
1002.400000  5.219268e-022
1002.600000  5.173914e-022
1002.800000  4.782430e-022
1003.000000  4.860765e-022
1003.200000  5.170110e-022
1003.400000  4.663177e-022
1003.600000  4.484653e-022
1003.800000  4.419476e-022
1004.000000  4.272102e-022
1004.200000  3.794091e-022
1004.400000  3.917443e-022
1004.600000  4.407753e-022
1004.800000  4.349569e-022
1005.000000  3.797794e-022
1005.200000  3.944931e-022
1005.400000  4.165255e-022
1005.600000  3.778328e-022
1005.800000  3.525331e-022
1006.000000  3.976854e-022
1006.200000  3.917818e-022
1006.400000  3.352463e-022
1006.600000  3.353631e-022
1006.800000  3.707449e-022
1007.000000  3.569610e-022
1007.200000  3.246018e-022
1007.400000  3.513024e-022
1007.600000  3.716121e-022
1007.800000  3.293795e-022
1008.000000  3.113558e-022
1008.200000  3.419892e-022
1008.400000  3.392183e-022
1008.600000  3.121638e-022
1008.800000  3.198773e-022
1009.000000  3.694577e-022
1009.200000  3.363272e-022
1009.400000  3.074000e-022
1009.600000  3.461232e-022
1009.800000  3.856195e-022
1010.000000  3.386891e-022
1010.200000  3.073911e-022
1010.400000  3.161477e-022
1010.600000  3.214786e-022
1010.800000  2.639201e-022
1011.000000  2.712181e-022
1011.200000  3.140645e-022
1011.400000  2.710160e-022
1011.600000  2.484390e-022
1011.800000  2.897712e-022
1012.000000  3.281056e-022
1012.200000  2.871730e-022
1012.400000  2.735769e-022
1012.600000  2.878791e-022
1012.800000  2.827613e-022
1013.000000  2.616188e-022
1013.200000  2.783504e-022
1013.400000  2.996706e-022
1013.600000  2.662657e-022
1013.800000  2.309784e-022
1014.000000  2.609317e-022
1014.200000  2.568252e-022
1014.400000  1.905821e-022
1014.600000  1.561399e-022
1014.800000  1.904396e-022
1015.000000  1.891211e-022
1015.200000  1.795955e-022
1015.400000  1.945001e-022
1015.600000  2.346270e-022
1015.800000  2.020937e-022
1016.000000  1.696494e-022
1016.200000  2.013736e-022
1016.400000  2.052207e-022
1016.600000  1.763245e-022
1016.800000  1.805706e-022
1017.000000  2.286359e-022
1017.200000  2.188887e-022
1017.400000  1.752074e-022
1017.600000  2.008864e-022
1017.800000  2.239674e-022
1018.000000  2.046012e-022
1018.200000  1.709946e-022
1018.400000  2.076698e-022
1018.600000  2.062063e-022
1018.800000  1.543426e-022
1019.000000  1.490041e-022
1019.200000  1.715775e-022
1019.400000  1.582743e-022
1019.600000  1.154301e-022
1019.800000  1.517653e-022
1020.000000  1.798455e-022
1020.200000  1.083054e-022
1020.400000  1.148394e-022
1020.600000  1.071551e-022
1020.800000  1.097970e-022
1021.000000  1.145066e-022
1021.200000  1.187145e-022
1021.400000  1.216010e-022
1021.600000  1.017996e-022
1021.800000  1.074465e-022
1022.000000  1.073198e-022
1022.200000  1.092296e-022
1022.400000  9.974198e-023
1022.600000  1.026354e-022
1022.800000  1.036343e-022
1023.000000  9.025724e-023
1023.200000  7.639241e-023
1023.400000  8.013676e-023
1023.600000  8.414356e-023
1023.800000  6.349400e-023
1024.000000  8.411727e-023
1024.200000  8.870895e-023
1024.400000  8.573288e-023
1024.600000  7.802091e-023
1024.800000  8.598332e-023
1025.000000  9.057447e-023
1025.200000  7.221256e-023
1025.400000  6.319375e-023
1025.600000  7.919674e-023
1025.800000  8.094841e-023
1026.000000  7.409356e-023
1026.200000  7.652617e-023
1026.400000  9.333137e-023
1026.600000  9.010683e-023
1026.800000  8.323040e-023
1027.000000  6.742337e-023
1027.200000  6.150700e-023
1027.400000  6.526695e-023
1027.600000  8.844830e-023
1027.800000  1.045322e-022
1028.000000  9.768407e-023
1028.200000  8.710933e-023
1028.400000  7.690325e-023
1028.600000  7.024623e-023
1028.800000  5.043340e-023
1029.000000  3.282332e-023
1029.200000  2.933361e-023
1029.400000  4.171130e-023
1029.600000  4.764771e-023
1029.800000  6.335083e-023
1030.000000  7.580898e-023
1030.200000  7.815135e-023
1030.400000  7.745956e-023
1030.600000  8.321789e-023
1030.800000  7.769237e-023
1031.000000  7.243598e-023
1031.200000  7.065387e-023
1031.400000  8.198016e-023
1031.600000  6.914167e-023
1031.800000  4.056312e-023
1032.000000  3.526588e-023
1032.200000  5.529421e-023
1032.400000  5.759897e-023
1032.600000  4.611724e-023
1032.800000  5.198721e-023
1033.000000  6.903673e-023
1033.200000  5.950079e-023
1033.400000  5.272180e-023
1033.600000  5.392679e-023
1033.800000  5.478570e-023
1034.000000  5.018857e-023
1034.200000  4.884851e-023
1034.400000  4.896486e-023
1034.600000  3.316320e-023
1034.800000  1.884880e-023
1035.000000  1.790257e-023
1035.200000  4.879810e-024
1035.400000  1.072293e-023
1035.600000  7.037821e-024
1035.800000  1.730685e-023
1036.000000  1.149939e-023
1036.200000  1.858374e-024
1036.400000  2.417577e-024
1036.600000  5.694063e-024
1036.800000  3.431307e-024
1037.000000  -2.260575e-025
1037.200000  2.278206e-023
1037.400000  2.208168e-023
1037.600000  1.306501e-023
1037.800000  6.828614e-024
1038.000000  1.245647e-023
1038.200000  5.129694e-024
1038.400000  -4.515981e-024
1038.600000  7.728969e-024
1038.800000  2.624825e-023
1039.000000  2.555703e-023
1039.200000  4.486989e-024
1039.400000  -3.158462e-024
1039.600000  -5.451534e-024
1039.800000  -5.795022e-024
1040.000000  7.659120e-025
1040.200000  2.972195e-024
1040.400000  -2.304566e-024
1040.600000  -1.355274e-023
1040.800000  -1.399816e-023
1041.000000  2.992813e-024
1041.200000  -7.893032e-025
1041.400000  -2.123043e-023
1041.600000  -3.034586e-023
1041.800000  -3.278113e-023
1042.000000  -3.984956e-023
1042.200000  -3.868905e-023
1042.400000  -2.217489e-023
1042.600000  -1.478276e-023
1042.800000  -1.418470e-023
1043.000000  -1.774327e-023
1043.200000  -9.393692e-024
1043.400000  -2.515487e-023
1043.600000  -1.842961e-023
1043.800000  -1.424288e-023
1044.000000  -1.252889e-023
1044.200000  -3.190147e-023
1044.400000  -2.463929e-023
1044.600000  -1.687870e-023
1044.800000  -2.303697e-024
1045.000000  -5.901361e-024
1045.200000  -1.040649e-023
1045.400000  -1.275514e-023
1045.600000  -1.775532e-023
1045.800000  -2.382607e-023
1046.000000  -1.097691e-023
1046.200000  -1.277043e-023
1046.400000  -1.674205e-023
1046.600000  -1.157993e-023
1046.800000  -4.745125e-024
1047.000000  -1.945453e-023
1047.200000  -2.604724e-023
1047.400000  -2.952802e-023
1047.600000  -1.653469e-023
1047.800000  -2.464291e-023
1048.000000  -2.404772e-023
1048.200000  -1.056801e-023
1048.400000  -1.601055e-023
1048.600000  -3.295711e-023
1048.800000  -3.952916e-023
1049.000000  -2.756159e-023
1049.200000  -2.639760e-023
1049.400000  -2.680675e-023
1049.600000  -2.566860e-023
1049.800000  -1.827821e-023
1050.000000  -4.097738e-023
1050.200000  -4.489570e-023
1050.400000  -3.087195e-023
1050.600000  -2.612122e-023
1050.800000  -4.041125e-023
1051.000000  -4.941558e-023
1051.200000  -3.959689e-023
1051.400000  -3.389153e-023
1051.600000  -3.733309e-023
1051.800000  -2.544659e-023
1052.000000  -1.916218e-023
1052.200000  -2.725429e-023
1052.400000  -2.302865e-023
1052.600000  -1.057765e-023
1052.800000  -1.658365e-023
1053.000000  -2.988224e-023
1053.200000  -2.565051e-023
1053.400000  -1.781364e-023
1053.600000  -2.334719e-023
1053.800000  -3.711667e-023
1054.000000  -4.831510e-023
1054.200000  -5.549455e-023
1054.400000  -6.974785e-023
1054.600000  -6.587535e-023
1054.800000  -5.703305e-023
1055.000000  -6.899199e-023
1055.200000  -6.353005e-023
1055.400000  -4.786862e-023
1055.600000  -2.682181e-023
1055.800000  -3.648936e-023
1056.000000  -4.098801e-023
1056.200000  -4.648772e-023
1056.400000  -4.027921e-023
1056.600000  -5.207850e-023
1056.800000  -4.871273e-023
1057.000000  -4.446414e-023
1057.200000  -4.959460e-023
1057.400000  -4.322037e-023
1057.600000  -3.486897e-023
1057.800000  -2.708703e-023
1058.000000  -3.521352e-023
1058.200000  -3.505161e-023
1058.400000  -2.876625e-023
1058.600000  -2.456835e-023
1058.800000  -5.113467e-023
1059.000000  -4.834145e-023
1059.200000  -3.650333e-023
1059.400000  -2.307816e-023
1059.600000  -1.988282e-023
1059.800000  -8.479128e-024
1060.000000  -5.728177e-024
1060.200000  -3.192960e-023
1060.400000  -5.032332e-023
1060.600000  -3.060188e-023
1060.800000  -2.949212e-023
1061.000000  -4.739153e-023
1061.200000  -6.005109e-023
1061.400000  -6.151680e-023
1061.600000  -6.935846e-023
1061.800000  -7.383499e-023
1062.000000  -6.475073e-023
1062.200000  -5.243507e-023
1062.400000  -6.269652e-023
1062.600000  -6.599098e-023
1062.800000  -5.669393e-023
1063.000000  -5.773797e-023
1063.200000  -6.903282e-023
1063.400000  -6.035782e-023
1063.600000  -5.306949e-023
1063.800000  -5.467611e-023
1064.000000  -4.722576e-023
1064.200000  -3.935785e-023
1064.400000  -3.052385e-023
1064.600000  -2.937983e-023
1064.800000  -3.282941e-023
1065.000000  -2.960280e-023
1065.200000  -3.469935e-023
1065.400000  -4.742605e-023
1065.600000  -4.562823e-023
1065.800000  -5.179500e-023
1066.000000  -6.580912e-023
1066.200000  -7.908558e-023
1066.400000  -7.056309e-023
1066.600000  -7.005859e-023
1066.800000  -8.097908e-023
1067.000000  -7.380030e-023
1067.200000  -5.874096e-023
1067.400000  -3.499196e-023
1067.600000  -2.555254e-023
1067.800000  -1.562658e-023
1068.000000  -1.239798e-023
1068.200000  -2.265832e-023
1068.400000  -3.338945e-023
1068.600000  -2.858273e-023
1068.800000  -3.267675e-023
1069.000000  -4.138714e-023
1069.200000  -3.811494e-023
1069.400000  -2.919197e-023
1069.600000  -3.015626e-023
1069.800000  -4.454560e-023
1070.000000  -3.913513e-023
1070.200000  -3.029591e-023
1070.400000  -3.853198e-023
1070.600000  -4.295275e-023
1070.800000  -4.903666e-023
1071.000000  -5.688273e-023
1071.200000  -7.145769e-023
1071.400000  -7.210322e-023
1071.600000  -7.422383e-023
1071.800000  -7.798568e-023
1072.000000  -8.546251e-023
1072.200000  -8.046405e-023
1072.400000  -6.491497e-023
1072.600000  -6.864163e-023
1072.800000  -6.407765e-023
1073.000000  -6.075509e-023
1073.200000  -5.358721e-023
1073.400000  -5.549382e-023
1073.600000  -4.856797e-023
1073.800000  -3.656433e-023
1074.000000  -3.503995e-023
1074.200000  -3.904282e-023
1074.400000  -3.155850e-023
1074.600000  -2.158823e-023
1074.800000  -2.409020e-023
1075.000000  -2.393383e-023
1075.200000  -6.652598e-024
1075.400000  -7.011697e-024
1075.600000  -1.786436e-023
1075.800000  -2.499797e-023
1076.000000  -2.699573e-023
1076.200000  -4.472615e-023
1076.400000  -5.554095e-023
1076.600000  -4.276848e-023
1076.800000  -2.865849e-023
1077.000000  -3.330460e-023
1077.200000  -3.413041e-023
1077.400000  -4.185802e-023
1077.600000  -4.654228e-023
1077.800000  -7.214329e-023
1078.000000  -7.802370e-023
1078.200000  -8.381730e-023
1078.400000  -8.101354e-023
1078.600000  -7.331674e-023
1078.800000  -6.528427e-023
1079.000000  -5.746292e-023
1079.200000  -7.524824e-023
1079.400000  -8.178383e-023
1079.600000  -7.374147e-023
1079.800000  -7.087002e-023
1080.000000  -7.112962e-023
1080.200000  -5.232914e-023
1080.400000  -3.716238e-023
1080.600000  -3.819378e-023
1080.800000  -3.693116e-023
1081.000000  -2.208589e-023
1081.200000  -1.624301e-023
1081.400000  -2.613117e-023
1081.600000  -3.795417e-023
1081.800000  -2.893890e-023
1082.000000  -3.257194e-023
1082.200000  -3.920770e-023
1082.400000  -4.114161e-023
1082.600000  -3.589083e-023
1082.800000  -3.853330e-023
1083.000000  -3.932214e-023
1083.200000  -3.394349e-023
1083.400000  -2.074684e-023
1083.600000  -3.588545e-023
1083.800000  -4.354292e-023
1084.000000  -3.348124e-023
1084.200000  -2.506843e-023
1084.400000  -3.392717e-023
1084.600000  -3.897650e-023
1084.800000  -3.152011e-023
1085.000000  -3.829503e-023
1085.200000  -4.068504e-023
1085.400000  -3.998783e-023
1085.600000  -4.632059e-023
1085.800000  -5.944115e-023
1086.000000  -6.213120e-023
1086.200000  -5.674932e-023
1086.400000  -5.114795e-023
1086.600000  -6.403943e-023
1086.800000  -5.640277e-023
1087.000000  -4.491827e-023
1087.200000  -5.394389e-023
1087.400000  -5.565562e-023
1087.600000  -5.229725e-023
1087.800000  -5.461720e-023
1088.000000  -6.448838e-023
1088.200000  -5.255634e-023
1088.400000  -2.783993e-023
1088.600000  -3.150133e-023
1088.800000  -3.024461e-023
1089.000000  -1.538291e-023
1089.200000  -5.297823e-024
1089.400000  -1.732968e-023
1089.600000  -2.395538e-023
1089.800000  -2.121247e-023
1090.000000  -2.484184e-023
1090.200000  -3.574244e-023
1090.400000  -3.241579e-023
1090.600000  -2.920541e-023
1090.800000  -4.553789e-023
1091.000000  -5.909071e-023
1091.200000  -5.508823e-023
1091.400000  -5.987326e-023
1091.600000  -6.634057e-023
1091.800000  -5.169575e-023
1092.000000  -3.103462e-023
1092.200000  -3.103440e-023
1092.400000  -5.563046e-023
1092.600000  -5.995006e-023
1092.800000  -4.684939e-023
1093.000000  -4.916155e-023
1093.200000  -4.415273e-023
1093.400000  -4.914540e-023
1093.600000  -5.516240e-023
1093.800000  -7.307284e-023
1094.000000  -7.830971e-023
1094.200000  -6.191988e-023
1094.400000  -4.080979e-023
1094.600000  -3.950771e-023
1094.800000  -3.250891e-023
1095.000000  -1.668336e-023
1095.200000  -1.767365e-023
1095.400000  -1.964503e-023
1095.600000  -1.370323e-023
1095.800000  -2.526917e-023
1096.000000  -4.005135e-023
1096.200000  -4.079773e-023
1096.400000  -2.585864e-023
1096.600000  -1.372416e-023
1096.800000  -2.308433e-023
1097.000000  -3.548434e-023
1097.200000  -3.654574e-023
1097.400000  -5.297029e-023
1097.600000  -5.426778e-023
1097.800000  -5.251519e-023
1098.000000  -5.262427e-023
1098.200000  -7.521304e-023
1098.400000  -8.306815e-023
1098.600000  -6.001548e-023
1098.800000  -4.745398e-023
1099.000000  -4.774757e-023
1099.200000  -5.436010e-023
1099.400000  -4.955782e-023
1099.600000  -5.538332e-023
1099.800000  -4.830752e-023
1100.000000  -4.921189e-023
1100.200000  -5.158218e-023
1100.400000  -5.249059e-023
1100.600000  -3.104367e-023
1100.800000  -9.199869e-024
1101.000000  -4.341306e-024
1101.200000  -1.959481e-023
1101.400000  -2.676409e-023
1101.600000  -3.948457e-023
1101.800000  -3.360555e-023
1102.000000  -2.653894e-023
1102.200000  -2.110757e-023
1102.400000  -3.773441e-023
1102.600000  -5.042722e-023
1102.800000  -3.258601e-023
1103.000000  -2.236708e-023
1103.200000  -2.772842e-023
1103.400000  -2.852622e-023
1103.600000  -1.878010e-023
1103.800000  -9.122017e-024
1104.000000  -3.412984e-023
1104.200000  -4.351726e-023
1104.400000  -4.546058e-023
1104.600000  -4.784139e-023
1104.800000  -5.042242e-023
1105.000000  -3.788258e-023
1105.200000  -2.926372e-023
1105.400000  -5.807008e-023
1105.600000  -7.022891e-023
1105.800000  -5.550520e-023
1106.000000  -3.496007e-023
1106.200000  -3.379463e-023
1106.400000  -3.725712e-023
1106.600000  -2.530948e-023
1106.800000  -2.108590e-023
1107.000000  -3.499556e-023
1107.200000  -3.531751e-023
1107.400000  -3.310345e-023
1107.600000  -3.755274e-023
1107.800000  -3.348309e-023
1108.000000  -2.839315e-023
1108.200000  -2.346056e-023
1108.400000  -2.936715e-023
1108.600000  -3.660371e-023
1108.800000  -3.003506e-023
1109.000000  -2.418777e-023
1109.200000  -2.996157e-023
1109.400000  -2.171088e-023
1109.600000  -2.006174e-023
1109.800000  -3.099678e-023
1110.000000  -3.827501e-023
1110.200000  -3.691657e-023
1110.400000  -3.594048e-023
1110.600000  -3.750193e-023
1110.800000  -2.043436e-023
1111.000000  -6.252064e-024
1111.200000  -1.222986e-023
1111.400000  -2.400281e-023
1111.600000  -2.209589e-023
1111.800000  -1.072739e-023
1112.000000  -2.653714e-023
1112.200000  -3.067631e-023
1112.400000  -3.056120e-023
1112.600000  -2.405475e-023
1112.800000  -3.875368e-023
1113.000000  -4.391596e-023
1113.200000  -4.233476e-023
1113.400000  -4.903887e-023
1113.600000  -4.932135e-023
1113.800000  -4.684920e-023
1114.000000  -4.738482e-023
1114.200000  -6.003304e-023
1114.400000  -5.856788e-023
1114.600000  -4.194306e-023
1114.800000  -2.339579e-023
1115.000000  -3.260917e-023
1115.200000  -3.568071e-023
1115.400000  -3.006957e-023
1115.600000  -3.883827e-023
1115.800000  -4.019884e-023
1116.000000  -3.060704e-023
1116.200000  -1.482735e-023
1116.400000  -9.906639e-024
1116.600000  -9.704384e-024
1116.800000  -8.427895e-024
1117.000000  -1.770502e-023
1117.200000  -2.201516e-023
1117.400000  -2.175622e-023
1117.600000  -1.568917e-023
1117.800000  -1.244795e-023
1118.000000  -1.065779e-023
1118.200000  -2.279833e-024
1118.400000  -3.108659e-026
1118.600000  -1.655599e-023
1118.800000  -2.185258e-023
1119.000000  -1.017850e-023
1119.200000  -4.084619e-024
1119.400000  -5.580257e-024
1119.600000  -9.242202e-024
1119.800000  -1.864568e-023
1120.000000  -2.208421e-023
1120.200000  -1.138143e-023
1120.400000  -6.094545e-025
1120.600000  -9.452746e-024
1120.800000  -3.371299e-023
1121.000000  -2.120236e-023
1121.200000  -1.769345e-024
1121.400000  -9.592268e-024
1121.600000  -1.727229e-023
1121.800000  -1.763405e-023
1122.000000  -1.375561e-023
1122.200000  -2.551542e-023
1122.400000  -1.852232e-023
1122.600000  1.233148e-023
1122.800000  1.858288e-023
1123.000000  6.449972e-024
1123.200000  -1.932316e-023
1123.400000  -4.964255e-024
1123.600000  5.580682e-024
1123.800000  -1.284371e-023
1124.000000  -2.475852e-023
1124.200000  -1.843060e-023
1124.400000  -9.570770e-024
1124.600000  -1.153407e-023
1124.800000  -8.034021e-024
1125.000000  -3.620464e-024
1125.200000  1.890526e-023
1125.400000  4.335593e-023
1125.600000  4.628952e-023
1125.800000  1.642373e-023
1126.000000  1.848237e-024
1126.200000  1.270628e-023
1126.400000  1.619977e-023
1126.600000  -1.246614e-023
1126.800000  -4.265598e-023
1127.000000  -5.035774e-023
1127.200000  -5.124531e-023
1127.400000  -5.933495e-023
1127.600000  -3.417189e-023
1127.800000  -1.538027e-023
1128.000000  -1.631032e-024
1128.200000  -4.777798e-024
1128.400000  1.398036e-023
1128.600000  3.320807e-023
1128.800000  2.944047e-023
1129.000000  1.995450e-023
1129.200000  7.636547e-024
1129.400000  2.965025e-025
1129.600000  1.862230e-023
1129.800000  1.759487e-023
1130.000000  5.746581e-024
1130.200000  -1.924209e-023
1130.400000  -3.760072e-023
1130.600000  -3.221535e-023
1130.800000  -2.663033e-023
1131.000000  -3.178853e-023
1131.200000  -2.640069e-023
1131.400000  -1.902106e-023
1131.600000  -9.988695e-024
1131.800000  -1.450169e-023
1132.000000  -1.838214e-023
1132.200000  -1.779510e-023
1132.400000  -2.767753e-023
1132.600000  -3.712382e-023
1132.800000  -2.833873e-023
1133.000000  -9.950897e-024
1133.200000  -5.305676e-024
1133.400000  1.331670e-023
1133.600000  3.078596e-023
1133.800000  4.611312e-023
1134.000000  3.923576e-023
1134.200000  3.174358e-023
1134.400000  5.309739e-023
1134.600000  7.317295e-023
1134.800000  8.506174e-023
1135.000000  6.971994e-023
1135.200000  4.282834e-023
1135.400000  8.080217e-024
1135.600000  -1.938334e-023
1135.800000  -2.161473e-024
1136.000000  7.633217e-024
1136.200000  -1.867154e-023
1136.400000  -4.718053e-023
1136.600000  -4.927446e-023
1136.800000  -5.171055e-023
1137.000000  -4.832631e-023
1137.200000  -1.687570e-023
1137.400000  -1.306174e-023
1137.600000  -2.944340e-023
1137.800000  -3.606757e-023
1138.000000  -2.896781e-023
1138.200000  -1.819276e-023
1138.400000  -1.693302e-023
1138.600000  -1.662920e-023
1138.800000  -1.832162e-023
1139.000000  -1.840510e-023
1139.200000  -1.809223e-023
1139.400000  -5.552440e-024
1139.600000  2.637355e-024
1139.800000  3.820833e-024
1140.000000  1.048056e-023
1140.200000  1.472334e-023
1140.400000  1.894979e-023
1140.600000  2.084868e-023
1140.800000  4.287595e-023
1141.000000  4.660186e-023
1141.200000  2.594537e-023
1141.400000  2.012415e-023
1141.600000  2.793457e-023
1141.800000  3.103901e-023
1142.000000  1.986705e-023
1142.200000  2.000206e-023
1142.400000  1.185646e-023
1142.600000  9.562241e-024
1142.800000  1.408537e-024
1143.000000  1.220036e-023
1143.200000  1.404639e-023
1143.400000  2.809166e-024
1143.600000  -1.746356e-024
1143.800000  -2.112792e-023
1144.000000  -2.193247e-023
1144.200000  -1.302303e-023
1144.400000  2.740876e-024
1144.600000  -4.295599e-024
1144.800000  -2.032049e-023
1145.000000  -2.780093e-023
1145.200000  -2.583955e-023
1145.400000  -2.228184e-023
1145.600000  -2.586635e-023
1145.800000  -3.973900e-023
1146.000000  -2.124500e-023
1146.200000  -1.905342e-023
1146.400000  -6.419845e-024
1146.600000  9.344591e-024
1146.800000  1.961089e-023
1147.000000  1.374673e-023
1147.200000  1.510486e-023
1147.400000  2.533352e-023
1147.600000  2.663422e-023
1147.800000  7.579376e-024
1148.000000  5.444693e-024
1148.200000  1.567765e-023
1148.400000  1.991447e-023
1148.600000  3.139654e-023
1148.800000  4.579270e-023
1149.000000  4.116150e-023
1149.200000  1.138224e-023
1149.400000  8.495720e-024
1149.600000  2.717893e-023
1149.800000  2.909418e-023
1150.000000  1.358029e-023
