800.000000  NaN
800.200000  NaN
800.400000  NaN
800.600000  -1.045396e-029
800.800000  -1.898945e-029
801.000000  -2.039700e-029
801.200000  -1.901621e-029
801.400000  -1.756135e-029
801.600000  -1.922199e-029
801.800000  -2.258277e-029
802.000000  -2.038520e-029
802.200000  -1.514465e-029
802.400000  -1.538500e-029
802.600000  -1.490823e-029
802.800000  -1.514679e-029
803.000000  -2.431183e-029
803.200000  -2.285954e-029
803.400000  -2.544992e-029
803.600000  -2.505629e-029
803.800000  -2.520648e-029
804.000000  -3.206619e-029
804.200000  -2.728749e-029
804.400000  -2.533679e-029
804.600000  -3.104060e-029
804.800000  -2.590533e-029
805.000000  -2.248468e-029
805.200000  -2.480858e-029
805.400000  -2.557103e-029
805.600000  -2.293458e-029
805.800000  -1.490724e-029
806.000000  -1.466782e-029
806.200000  -1.204353e-029
806.400000  -7.792089e-030
806.600000  -4.007297e-030
806.800000  -5.130805e-030
807.000000  -1.116482e-029
807.200000  -5.581225e-030
807.400000  -1.370125e-029
807.600000  -2.104517e-029
807.800000  -1.543015e-029
808.000000  -1.731345e-029
808.200000  -3.000957e-029
808.400000  -3.734413e-029
808.600000  -3.288272e-029
808.800000  -3.103727e-029
809.000000  -2.671976e-029
809.200000  -1.931629e-029
809.400000  -2.052930e-029
809.600000  -2.793477e-029
809.800000  -3.727977e-029
810.000000  -4.323829e-029
810.200000  -3.850837e-029
810.400000  -3.244202e-029
810.600000  -2.791051e-029
810.800000  -2.974736e-030
811.000000  -9.258228e-031
811.200000  7.647343e-030
811.400000  8.968828e-030
811.600000  -6.492082e-031
811.800000  9.064183e-031
812.000000  -6.900566e-030
812.200000  -1.490138e-029
812.400000  -1.965023e-029
812.600000  -3.565951e-029
812.800000  -2.506258e-029
813.000000  -2.757602e-029
813.200000  -1.536767e-029
813.400000  -4.386723e-029
813.600000  -6.736763e-029
813.800000  -8.330532e-029
814.000000  -8.649061e-029
814.200000  -6.359692e-029
814.400000  -4.488821e-029
814.600000  -4.551729e-029
814.800000  -5.391346e-029
815.000000  -4.083535e-029
815.200000  -3.519384e-029
815.400000  -3.089653e-029
815.600000  -4.252913e-029
815.800000  -2.151689e-029
816.000000  -1.396092e-030
816.200000  -1.865570e-029
816.400000  -6.013021e-030
816.600000  -1.029827e-030
816.800000  1.605048e-029
817.000000  1.472985e-029
817.200000  9.513223e-030
817.400000  1.537322e-029
817.600000  5.045655e-030
817.800000  -2.112136e-029
818.000000  -5.747394e-029
818.200000  -3.199108e-029
818.400000  -6.129845e-029
818.600000  -6.479647e-029
818.800000  -7.461197e-029
819.000000  -9.377009e-029
819.200000  -1.321733e-028
819.400000  -1.289346e-028
819.600000  -8.607391e-029
819.800000  -5.386685e-029
820.000000  -8.448034e-029
820.200000  -8.294202e-029
820.400000  -6.935860e-029
820.600000  -4.314056e-029
820.800000  -2.854119e-029
821.000000  3.192195e-029
821.200000  4.141039e-029
821.400000  3.493370e-029
821.600000  1.709731e-029
821.800000  6.219922e-030
822.000000  -4.597263e-030
822.200000  6.210850e-031
822.400000  1.665883e-029
822.600000  4.001893e-029
822.800000  -1.069444e-029
823.000000  -8.471013e-029
823.200000  -1.225717e-028
823.400000  -9.666284e-029
823.600000  -1.263131e-028
823.800000  -1.651986e-028
824.000000  -1.971838e-028
824.200000  -2.651056e-028
824.400000  -2.583537e-028
824.600000  -2.159741e-028
824.800000  -1.291880e-028
825.000000  -1.542112e-028
825.200000  -1.425188e-028
825.400000  -7.558990e-029
825.600000  -3.963265e-029
825.800000  2.488002e-030
826.000000  2.255524e-029
826.200000  2.338524e-029
826.400000  -4.785777e-029
826.600000  2.544569e-030
826.800000  6.821019e-029
827.000000  8.277046e-029
827.200000  6.529587e-029
827.400000  -2.598873e-029
827.600000  -1.111158e-028
827.800000  -1.966507e-028
828.000000  -2.976151e-028
828.200000  -2.804406e-028
828.400000  -1.612500e-028
828.600000  -1.601065e-028
828.800000  -1.624863e-028
829.000000  -1.782436e-028
829.200000  -1.257921e-028
829.400000  -1.518211e-028
829.600000  -2.036593e-028
829.800000  -1.272762e-028
830.000000  -1.874239e-028
830.200000  -2.051383e-028
830.400000  -2.576377e-028
830.600000  -1.175420e-028
830.800000  -1.421930e-028
831.000000  -1.116648e-028
831.200000  -2.274606e-029
831.400000  -7.158813e-029
831.600000  -2.090381e-028
831.800000  -2.688546e-028
832.000000  -3.129453e-028
832.200000  -2.632261e-028
832.400000  -3.089086e-028
832.600000  -1.009684e-028
832.800000  8.680356e-030
833.000000  -5.299754e-029
833.200000  -5.385005e-029
833.400000  2.667062e-029
833.600000  4.452877e-029
833.800000  -6.336059e-029
834.000000  -1.654249e-028
834.200000  -2.160581e-028
834.400000  -3.353837e-028
834.600000  -3.626687e-028
834.800000  -4.077777e-028
835.000000  -2.622580e-028
835.200000  -1.885693e-028
835.400000  -4.036321e-029
835.600000  -2.190224e-029
835.800000  1.064294e-029
836.000000  4.223929e-029
836.200000  -2.963116e-029
836.400000  -8.099924e-029
836.600000  -8.676984e-029
836.800000  -7.327256e-029
837.000000  -1.211909e-028
837.200000  -3.305533e-028
837.400000  -4.207612e-028
837.600000  -3.755842e-028
837.800000  -2.248770e-028
838.000000  -2.488922e-028
838.200000  -3.676847e-028
838.400000  -3.252320e-028
838.600000  -3.451896e-028
838.800000  -2.420640e-028
839.000000  -2.444669e-028
839.200000  -1.612044e-028
839.400000  -1.176168e-028
839.600000  -1.965770e-028
839.800000  -3.462514e-029
840.000000  6.853840e-029
840.200000  1.406162e-028
840.400000  2.602992e-028
840.600000  3.637876e-028
840.800000  5.241033e-028
841.000000  3.783340e-028
841.200000  1.581606e-028
841.400000  8.763062e-029
841.600000  7.224913e-029
841.800000  6.594175e-029
842.000000  -9.888276e-029
842.200000  -9.827446e-029
842.400000  -1.882338e-028
842.600000  -4.949876e-028
842.800000  -3.459052e-028
843.000000  -4.462282e-028
843.200000  -5.503481e-028
843.400000  -7.082114e-028
843.600000  -7.686527e-028
843.800000  -6.232344e-028
844.000000  -4.446914e-028
844.200000  5.071323e-029
844.400000  7.170140e-028
844.600000  6.407278e-028
844.800000  2.670821e-028
845.000000  3.755889e-028
845.200000  4.185031e-028
845.400000  2.513698e-028
845.600000  5.636126e-029
845.800000  -9.649239e-029
846.000000  -1.244836e-029
846.200000  2.429762e-029
846.400000  1.568266e-028
846.600000  3.149057e-028
846.800000  1.755264e-028
847.000000  -7.245532e-028
847.200000  -8.742909e-028
847.400000  -7.415317e-028
847.600000  -5.294907e-028
847.800000  -6.280696e-028
848.000000  -1.392934e-028
848.200000  5.828130e-029
848.400000  -5.087347e-028
848.600000  -6.939297e-028
848.800000  1.441797e-029
849.000000  4.832384e-028
849.200000  1.778546e-028
849.400000  3.133826e-028
849.600000  5.695595e-028
849.800000  5.635595e-028
850.000000  9.165513e-028
850.200000  8.918745e-028
850.400000  8.696663e-028
850.600000  9.137235e-028
850.800000  4.433027e-028
851.000000  1.091109e-028
851.200000  -6.625071e-028
851.400000  -8.985284e-028
851.600000  -2.855630e-028
851.800000  -2.818887e-028
852.000000  -5.207612e-028
852.200000  -3.598474e-028
852.400000  3.089280e-028
852.600000  2.133669e-028
852.800000  -5.874145e-028
853.000000  -7.375989e-028
853.200000  -6.825065e-028
853.400000  -2.884489e-028
853.600000  -6.902113e-028
853.800000  -9.153667e-028
854.000000  -6.010684e-028
854.200000  -7.993786e-028
854.400000  -8.056058e-028
854.600000  5.378679e-028
854.800000  1.249197e-027
855.000000  7.496614e-028
855.200000  1.191704e-027
855.400000  2.348549e-027
855.600000  3.289323e-027
855.800000  2.264485e-027
856.000000  1.812886e-027
856.200000  1.739926e-027
856.400000  -3.026963e-028
856.600000  -3.804547e-028
856.800000  -5.399691e-028
857.000000  4.144553e-028
857.200000  4.737532e-028
857.400000  4.003777e-028
857.600000  5.545097e-028
857.800000  -8.819624e-028
858.000000  -2.146971e-027
858.200000  -2.859004e-027
858.400000  -1.546280e-027
858.600000  -1.797652e-027
858.800000  -1.041710e-027
859.000000  -8.002726e-028
859.200000  -1.464028e-028
859.400000  -9.023590e-028
859.600000  3.872922e-028
859.800000  1.880139e-027
860.000000  1.187707e-027
860.200000  1.867339e-027
860.400000  9.087844e-028
860.600000  2.409054e-027
860.800000  1.894182e-027
861.000000  2.224787e-027
861.200000  1.455758e-027
861.400000  1.443881e-027
861.600000  1.970577e-027
861.800000  1.945794e-027
862.000000  2.962536e-027
862.200000  1.170628e-027
862.400000  2.787002e-028
862.600000  -3.640822e-028
862.800000  -4.839933e-028
863.000000  7.702832e-028
863.200000  1.425821e-027
863.400000  1.537316e-027
863.600000  1.451047e-027
863.800000  1.342692e-027
864.000000  1.074810e-027
864.200000  1.806933e-027
864.400000  9.383884e-028
864.600000  1.126719e-027
864.800000  9.272257e-028
865.000000  -1.744754e-028
865.200000  -1.316945e-027
865.400000  3.227559e-029
865.600000  3.570789e-027
865.800000  3.769815e-027
866.000000  4.639082e-027
866.200000  4.825208e-027
866.400000  7.985173e-027
866.600000  6.560662e-027
866.800000  6.782827e-027
867.000000  8.950033e-027
867.200000  9.361753e-027
867.400000  8.856361e-027
867.600000  7.162565e-027
867.800000  6.913989e-027
868.000000  2.232665e-027
868.200000  -1.456948e-027
868.400000  -4.709746e-027
868.600000  -4.548980e-027
868.800000  -6.970893e-027
869.000000  -5.201470e-027
869.200000  -2.367208e-029
869.400000  4.643811e-027
869.600000  5.235862e-027
869.800000  7.767337e-027
870.000000  9.948809e-027
870.200000  8.780993e-027
870.400000  7.900553e-027
870.600000  6.881404e-027
870.800000  6.518036e-027
871.000000  6.138643e-027
871.200000  9.819180e-027
871.400000  1.100272e-026
871.600000  1.485100e-026
871.800000  1.425742e-026
872.000000  1.421225e-026
872.200000  1.646602e-026
872.400000  1.573699e-026
872.600000  1.414964e-026
872.800000  1.578429e-026
873.000000  1.794952e-026
873.200000  1.390871e-026
873.400000  1.295581e-026
873.600000  1.943420e-026
873.800000  1.850201e-026
874.000000  2.195617e-026
874.200000  2.034238e-026
874.400000  1.895427e-026
874.600000  1.848596e-026
874.800000  1.673747e-026
875.000000  2.171635e-026
875.200000  2.656496e-026
875.400000  1.989296e-026
875.600000  9.833911e-027
875.800000  6.066509e-027
876.000000  7.697035e-027
876.200000  7.262819e-027
876.400000  1.058858e-026
876.600000  2.590094e-026
876.800000  2.928711e-026
877.000000  2.864396e-026
877.200000  2.571991e-026
877.400000  3.011691e-026
877.600000  2.746670e-026
877.800000  2.509250e-026
878.000000  2.614194e-026
878.200000  2.817322e-026
878.400000  3.276199e-026
878.600000  4.231693e-026
878.800000  4.568991e-026
879.000000  4.620051e-026
879.200000  5.291971e-026
879.400000  5.407233e-026
879.600000  5.646201e-026
879.800000  4.995784e-026
880.000000  4.058603e-026
880.200000  3.847617e-026
880.400000  3.786778e-026
880.600000  4.296396e-026
880.800000  4.841352e-026
881.000000  4.985190e-026
881.200000  4.839601e-026
881.400000  4.733305e-026
881.600000  4.746786e-026
881.800000  4.432495e-026
882.000000  5.088434e-026
882.200000  6.307199e-026
882.400000  7.816999e-026
882.600000  8.763037e-026
882.800000  9.303612e-026
883.000000  9.993462e-026
883.200000  1.041103e-025
883.400000  1.058023e-025
883.600000  1.044055e-025
883.800000  1.182319e-025
884.000000  1.281738e-025
884.200000  1.250917e-025
884.400000  1.233787e-025
884.600000  1.240632e-025
884.800000  1.099289e-025
885.000000  9.480815e-026
885.200000  8.472994e-026
885.400000  9.802738e-026
885.600000  1.118084e-025
885.800000  1.172613e-025
886.000000  1.322780e-025
886.200000  1.471079e-025
886.400000  1.566037e-025
886.600000  1.713123e-025
886.800000  1.929661e-025
887.000000  1.980276e-025
887.200000  1.964157e-025
887.400000  2.072109e-025
887.600000  2.250617e-025
887.800000  2.124498e-025
888.000000  2.033652e-025
888.200000  2.221175e-025
888.400000  2.296002e-025
888.600000  2.396499e-025
888.800000  2.481426e-025
889.000000  2.726665e-025
889.200000  2.937967e-025
889.400000  2.906660e-025
889.600000  2.957039e-025
889.800000  3.115499e-025
890.000000  3.146742e-025
890.200000  3.314592e-025
890.400000  3.417247e-025
890.600000  3.334229e-025
890.800000  3.440271e-025
891.000000  3.669665e-025
891.200000  3.805990e-025
891.400000  3.846004e-025
891.600000  4.140938e-025
891.800000  4.470115e-025
892.000000  4.784720e-025
892.200000  4.786840e-025
892.400000  4.948308e-025
892.600000  5.339207e-025
892.800000  5.207132e-025
893.000000  5.208173e-025
893.200000  5.556766e-025
893.400000  5.949242e-025
893.600000  6.052599e-025
893.800000  6.366684e-025
894.000000  6.814968e-025
894.200000  7.162984e-025
894.400000  6.863083e-025
894.600000  6.910890e-025
894.800000  6.867094e-025
895.000000  6.992335e-025
895.200000  7.002785e-025
895.400000  7.429794e-025
895.600000  7.808139e-025
895.800000  7.795982e-025
896.000000  7.881183e-025
896.200000  8.309438e-025
896.400000  8.613661e-025
896.600000  8.600575e-025
896.800000  8.703931e-025
897.000000  8.976045e-025
897.200000  9.422025e-025
897.400000  9.901147e-025
897.600000  1.110386e-024
897.800000  1.197713e-024
898.000000  1.230949e-024
898.200000  1.266574e-024
898.400000  1.301327e-024
898.600000  1.307447e-024
898.800000  1.268630e-024
899.000000  1.250893e-024
899.200000  1.258142e-024
899.400000  1.300147e-024
899.600000  1.314412e-024
899.800000  1.365739e-024
900.000000  1.370587e-024
900.200000  1.414836e-024
900.400000  1.432583e-024
900.600000  1.489096e-024
900.800000  1.598648e-024
901.000000  1.674794e-024
901.200000  1.718266e-024
901.400000  1.775475e-024
901.600000  1.894599e-024
901.800000  1.987157e-024
902.000000  2.018231e-024
902.200000  2.076782e-024
902.400000  2.149741e-024
902.600000  2.202517e-024
902.800000  2.269723e-024
903.000000  2.296531e-024
903.200000  2.367127e-024
903.400000  2.414495e-024
903.600000  2.545863e-024
903.800000  2.579701e-024
904.000000  2.647999e-024
904.200000  2.795660e-024
904.400000  2.889215e-024
904.600000  2.889909e-024
904.800000  2.911768e-024
905.000000  3.049933e-024
905.200000  3.153297e-024
905.400000  3.174525e-024
905.600000  3.318408e-024
905.800000  3.449665e-024
906.000000  3.499869e-024
906.200000  3.603874e-024
906.400000  3.766720e-024
906.600000  3.942315e-024
906.800000  4.077595e-024
907.000000  4.234041e-024
907.200000  4.361604e-024
907.400000  4.531156e-024
907.600000  4.641369e-024
907.800000  4.794059e-024
908.000000  4.992671e-024
908.200000  5.112964e-024
908.400000  5.243399e-024
908.600000  5.324968e-024
908.800000  5.376174e-024
909.000000  5.503747e-024
909.200000  5.818689e-024
909.400000  6.152875e-024
909.600000  6.343030e-024
909.800000  6.599175e-024
910.000000  6.913261e-024
910.200000  7.167063e-024
910.400000  7.392439e-024
910.600000  7.660958e-024
910.800000  7.952380e-024
911.000000  8.191929e-024
911.200000  8.384909e-024
911.400000  8.800202e-024
911.600000  9.245271e-024
911.800000  9.662115e-024
912.000000  1.000445e-023
912.200000  1.053726e-023
912.400000  1.103898e-023
912.600000  1.141045e-023
912.800000  1.185501e-023
913.000000  1.242907e-023
913.200000  1.294032e-023
913.400000  1.335720e-023
913.600000  1.387682e-023
913.800000  1.453721e-023
914.000000  1.511004e-023
914.200000  1.565235e-023
914.400000  1.628131e-023
914.600000  1.700193e-023
914.800000  1.770872e-023
915.000000  1.840867e-023
915.200000  1.933937e-023
915.400000  2.006280e-023
915.600000  2.079529e-023
915.800000  2.199744e-023
916.000000  2.304578e-023
916.200000  2.405474e-023
916.400000  2.517295e-023
916.600000  2.638253e-023
916.800000  2.761687e-023
917.000000  2.871174e-023
917.200000  3.001064e-023
917.400000  3.145298e-023
917.600000  3.307663e-023
917.800000  3.459581e-023
918.000000  3.607187e-023
918.200000  3.772573e-023
918.400000  3.913238e-023
918.600000  4.049871e-023
918.800000  4.231777e-023
919.000000  4.372374e-023
919.200000  4.509693e-023
919.400000  4.636597e-023
919.600000  4.793941e-023
919.800000  4.919856e-023
920.000000  5.015446e-023
920.200000  5.130431e-023
920.400000  5.250783e-023
920.600000  5.370297e-023
920.800000  5.491581e-023
921.000000  5.617026e-023
921.200000  5.721332e-023
921.400000  5.798979e-023
921.600000  5.911779e-023
921.800000  6.034252e-023
922.000000  6.151371e-023
922.200000  6.252085e-023
922.400000  6.365033e-023
922.600000  6.479476e-023
922.800000  6.539787e-023
923.000000  6.604745e-023
923.200000  6.674178e-023
923.400000  6.752351e-023
923.600000  6.801553e-023
923.800000  6.889387e-023
924.000000  6.956405e-023
924.200000  7.016556e-023
924.400000  7.050694e-023
924.600000  7.067243e-023
924.800000  7.099237e-023
925.000000  7.157108e-023
925.200000  7.252834e-023
925.400000  7.351942e-023
925.600000  7.416073e-023
925.800000  7.449034e-023
926.000000  7.529351e-023
926.200000  7.612663e-023
926.400000  7.670844e-023
926.600000  7.727105e-023
926.800000  7.794568e-023
927.000000  7.915495e-023
927.200000  7.972256e-023
927.400000  8.012028e-023
927.600000  8.077303e-023
927.800000  8.152990e-023
928.000000  8.212355e-023
928.200000  8.306573e-023
928.400000  8.371354e-023
928.600000  8.416267e-023
928.800000  8.453870e-023
929.000000  8.454163e-023
929.200000  8.562227e-023
929.400000  8.641162e-023
929.600000  8.754323e-023
929.800000  8.867619e-023
930.000000  8.993148e-023
930.200000  9.035042e-023
930.400000  9.133405e-023
930.600000  9.242813e-023
930.800000  9.391368e-023
931.000000  9.479588e-023
931.200000  9.538145e-023
931.400000  9.575634e-023
931.600000  9.625206e-023
931.800000  9.727664e-023
932.000000  9.840298e-023
932.200000  9.959924e-023
932.400000  1.000038e-022
932.600000  1.011783e-022
932.800000  1.023419e-022
933.000000  1.033533e-022
933.200000  1.044078e-022
933.400000  1.058198e-022
933.600000  1.076566e-022
933.800000  1.087178e-022
934.000000  1.095928e-022
934.200000  1.107313e-022
934.400000  1.129063e-022
934.600000  1.136828e-022
934.800000  1.145069e-022
935.000000  1.151487e-022
935.200000  1.153929e-022
935.400000  1.172796e-022
935.600000  1.192785e-022
935.800000  1.207434e-022
936.000000  1.215241e-022
936.200000  1.227054e-022
936.400000  1.235541e-022
936.600000  1.242709e-022
936.800000  1.253527e-022
937.000000  1.263863e-022
937.200000  1.284472e-022
937.400000  1.294997e-022
937.600000  1.302457e-022
937.800000  1.327010e-022
938.000000  1.356187e-022
938.200000  1.380272e-022
938.400000  1.395846e-022
938.600000  1.412642e-022
938.800000  1.436645e-022
939.000000  1.469470e-022
939.200000  1.501818e-022
939.400000  1.541019e-022
939.600000  1.564946e-022
939.800000  1.591298e-022
940.000000  1.623699e-022
940.200000  1.658632e-022
940.400000  1.694668e-022
940.600000  1.731356e-022
940.800000  1.763935e-022
941.000000  1.804984e-022
941.200000  1.837620e-022
941.400000  1.896460e-022
941.600000  1.950053e-022
941.800000  1.986883e-022
942.000000  2.029236e-022
942.200000  2.071308e-022
942.400000  2.100942e-022
942.600000  2.118270e-022
942.800000  2.146649e-022
943.000000  2.176704e-022
943.200000  2.218800e-022
943.400000  2.257914e-022
943.600000  2.282441e-022
943.800000  2.318182e-022
944.000000  2.345596e-022
944.200000  2.392106e-022
944.400000  2.431859e-022
944.600000  2.466842e-022
944.800000  2.488511e-022
945.000000  2.528762e-022
945.200000  2.574599e-022
945.400000  2.598397e-022
945.600000  2.602701e-022
945.800000  2.625167e-022
946.000000  2.669291e-022
946.200000  2.703944e-022
946.400000  2.740747e-022
946.600000  2.786428e-022
946.800000  2.818359e-022
947.000000  2.856215e-022
947.200000  2.906460e-022
947.400000  2.952955e-022
947.600000  2.986745e-022
947.800000  3.020523e-022
948.000000  3.065890e-022
948.200000  3.124524e-022
948.400000  3.154425e-022
948.600000  3.210195e-022
948.800000  3.261377e-022
949.000000  3.290998e-022
949.200000  3.336560e-022
949.400000  3.387499e-022
949.600000  3.453428e-022
949.800000  3.510092e-022
950.000000  3.567211e-022
950.200000  3.631700e-022
950.400000  3.701256e-022
950.600000  3.737976e-022
950.800000  3.798524e-022
951.000000  3.864993e-022
951.200000  3.917739e-022
951.400000  3.981894e-022
951.600000  4.059535e-022
951.800000  4.151840e-022
952.000000  4.243158e-022
952.200000  4.339048e-022
952.400000  4.434826e-022
952.600000  4.539185e-022
952.800000  4.637121e-022
953.000000  4.724290e-022
953.200000  4.807804e-022
953.400000  4.853442e-022
953.600000  4.909504e-022
953.800000  5.034460e-022
954.000000  5.136548e-022
954.200000  5.206639e-022
954.400000  5.291369e-022
954.600000  5.403928e-022
954.800000  5.486944e-022
955.000000  5.543741e-022
955.200000  5.629565e-022
955.400000  5.750081e-022
955.600000  5.856109e-022
955.800000  5.968739e-022
956.000000  6.090094e-022
956.200000  6.204945e-022
956.400000  6.308224e-022
956.600000  6.391256e-022
956.800000  6.472807e-022
957.000000  6.577375e-022
957.200000  6.711265e-022
957.400000  6.831167e-022
957.600000  6.996504e-022
957.800000  7.178209e-022
958.000000  7.332450e-022
958.200000  7.466653e-022
958.400000  7.628415e-022
958.600000  7.783590e-022
958.800000  7.956735e-022
959.000000  8.124225e-022
959.200000  8.279283e-022
959.400000  8.394056e-022
959.600000  8.552033e-022
959.800000  8.688918e-022
960.000000  8.856679e-022
960.200000  9.068797e-022
960.400000  9.265676e-022
960.600000  9.471859e-022
960.800000  9.728760e-022
961.000000  9.923688e-022
961.200000  1.010803e-021
961.400000  1.025579e-021
961.600000  1.044278e-021
961.800000  1.064074e-021
962.000000  1.090450e-021
962.200000  1.111755e-021
962.400000  1.131046e-021
962.600000  1.154753e-021
962.800000  1.182414e-021
963.000000  1.216447e-021
963.200000  1.258728e-021
963.400000  1.313563e-021
963.600000  1.391007e-021
963.800000  1.509713e-021
964.000000  1.659832e-021
964.200000  1.793898e-021
964.400000  1.865258e-021
964.600000  1.841518e-021
964.800000  1.769599e-021
965.000000  1.691053e-021
965.200000  1.636717e-021
965.400000  1.606946e-021
965.600000  1.597605e-021
965.800000  1.602969e-021
966.000000  1.616344e-021
966.200000  1.631737e-021
966.400000  1.653893e-021
966.600000  1.675924e-021
966.800000  1.699420e-021
967.000000  1.728276e-021
967.200000  1.753985e-021
967.400000  1.783146e-021
967.600000  1.802168e-021
967.800000  1.821617e-021
968.000000  1.847329e-021
968.200000  1.874027e-021
968.400000  1.905325e-021
968.600000  1.942157e-021
968.800000  1.968634e-021
969.000000  1.996756e-021
969.200000  2.021064e-021
969.400000  2.044074e-021
969.600000  2.063087e-021
969.800000  2.084992e-021
970.000000  2.111062e-021
970.200000  2.135879e-021
970.400000  2.158269e-021
970.600000  2.187131e-021
970.800000  2.207263e-021
971.000000  2.234910e-021
971.200000  2.258661e-021
971.400000  2.291741e-021
971.600000  2.319645e-021
971.800000  2.355836e-021
972.000000  2.388413e-021
972.200000  2.421327e-021
972.400000  2.470797e-021
972.600000  2.520019e-021
972.800000  2.570037e-021
973.000000  2.629299e-021
973.200000  2.696451e-021
973.400000  2.765167e-021
973.600000  2.842686e-021
973.800000  2.917092e-021
974.000000  2.996874e-021
974.200000  3.078751e-021
974.400000  3.172737e-021
974.600000  3.266237e-021
974.800000  3.373119e-021
975.000000  3.504920e-021
975.200000  3.633096e-021
975.400000  3.781528e-021
975.600000  3.872213e-021
975.800000  4.035080e-021
976.000000  4.289242e-021
976.200000  4.444684e-021
976.400000  4.634741e-021
976.600000  4.885803e-021
976.800000  5.129607e-021
977.000000  5.446910e-021
977.200000  5.730033e-021
977.400000  6.022730e-021
977.600000  6.374564e-021
977.800000  6.729896e-021
978.000000  7.024411e-021
978.200000  7.393072e-021
978.400000  7.777378e-021
978.600000  8.092908e-021
978.800000  8.392579e-021
979.000000  8.805812e-021
979.200000  9.163973e-021
979.400000  9.442244e-021
979.600000  9.811222e-021
979.800000  1.007816e-020
980.000000  1.016106e-020
980.200000  1.037901e-020
980.400000  1.039502e-020
980.600000  1.030075e-020
980.800000  1.014708e-020
981.000000  9.916505e-021
981.200000  9.650961e-021
981.400000  9.383488e-021
981.600000  8.996836e-021
981.800000  8.631475e-021
982.000000  8.281933e-021
982.200000  7.991366e-021
982.400000  7.731234e-021
982.600000  7.455273e-021
982.800000  7.345165e-021
983.000000  7.001240e-021
983.200000  6.837753e-021
983.400000  6.834382e-021
983.600000  6.722478e-021
983.800000  6.625553e-021
984.000000  6.658844e-021
984.200000  6.686236e-021
984.400000  6.638527e-021
984.600000  6.639730e-021
984.800000  6.634308e-021
985.000000  6.632826e-021
985.200000  6.535246e-021
985.400000  6.570842e-021
985.600000  6.649928e-021
985.800000  6.644541e-021
986.000000  6.591357e-021
986.200000  6.608982e-021
986.400000  6.595196e-021
986.600000  6.496825e-021
986.800000  6.422451e-021
987.000000  6.457544e-021
987.200000  6.353853e-021
987.400000  6.237685e-021
987.600000  6.252216e-021
987.800000  6.289217e-021
988.000000  6.196987e-021
988.200000  6.127349e-021
988.400000  6.173011e-021
988.600000  6.149019e-021
988.800000  6.063958e-021
989.000000  6.156976e-021
989.200000  6.288619e-021
989.400000  6.269836e-021
989.600000  6.194680e-021
989.800000  6.232057e-021
990.000000  6.250422e-021
990.200000  6.150166e-021
990.400000  6.031903e-021
990.600000  6.079389e-021
990.800000  6.095935e-021
991.000000  6.013747e-021
991.200000  6.001421e-021
991.400000  6.061394e-021
991.600000  5.978073e-021
991.800000  5.810972e-021
992.000000  5.783743e-021
992.200000  5.735688e-021
992.400000  5.466296e-021
992.600000  5.280258e-021
992.800000  5.336642e-021
993.000000  5.271928e-021
993.200000  5.046577e-021
993.400000  4.946727e-021
993.600000  4.932428e-021
993.800000  4.683652e-021
994.000000  4.386027e-021
994.200000  4.349656e-021
994.400000  4.334398e-021
994.600000  4.206272e-021
994.800000  4.075799e-021
995.000000  4.050300e-021
995.200000  3.991217e-021
995.400000  3.937475e-021
995.600000  3.923463e-021
995.800000  3.882047e-021
996.000000  3.806099e-021
996.200000  3.751934e-021
996.400000  3.715698e-021
996.600000  3.676243e-021
996.800000  3.619413e-021
997.000000  3.588428e-021
997.200000  3.560527e-021
997.400000  3.532565e-021
997.600000  3.487971e-021
997.800000  3.462242e-021
998.000000  3.419851e-021
998.200000  3.367082e-021
998.400000  3.337180e-021
998.600000  3.307214e-021
998.800000  3.281947e-021
999.000000  3.240732e-021
999.200000  3.222499e-021
999.400000  3.205818e-021
999.600000  3.161203e-021
999.800000  3.122877e-021
1000.000000  3.101243e-021
1000.200000  3.094752e-021
1000.400000  3.052232e-021
1000.600000  3.013628e-021
1000.800000  2.994991e-021
1001.000000  2.987550e-021
1001.200000  2.965628e-021
1001.400000  2.944463e-021
1001.600000  2.957065e-021
1001.800000  2.944707e-021
1002.000000  2.910540e-021
1002.200000  2.906986e-021
1002.400000  2.921204e-021
1002.600000  2.910364e-021
1002.800000  2.879252e-021
1003.000000  2.886988e-021
1003.200000  2.891491e-021
1003.400000  2.884626e-021
1003.600000  2.878558e-021
1003.800000  2.874915e-021
1004.000000  2.890002e-021
1004.200000  2.873308e-021
1004.400000  2.883518e-021
1004.600000  2.895379e-021
1004.800000  2.896626e-021
1005.000000  2.894597e-021
1005.200000  2.912232e-021
1005.400000  2.917592e-021
1005.600000  2.922138e-021
1005.800000  2.924223e-021
1006.000000  2.932892e-021
1006.200000  2.950635e-021
1006.400000  2.939552e-021
1006.600000  2.954029e-021
1006.800000  2.968531e-021
1007.000000  2.963211e-021
1007.200000  2.980228e-021
1007.400000  2.982359e-021
1007.600000  2.991957e-021
1007.800000  2.985794e-021
1008.000000  2.992914e-021
1008.200000  3.026666e-021
1008.400000  3.034666e-021
1008.600000  3.042679e-021
1008.800000  3.059882e-021
1009.000000  3.092151e-021
1009.200000  3.097725e-021
1009.400000  3.097448e-021
1009.600000  3.126488e-021
1009.800000  3.141326e-021
1010.000000  3.157029e-021
1010.200000  3.159316e-021
1010.400000  3.196929e-021
1010.600000  3.201778e-021
1010.800000  3.213375e-021
1011.000000  3.246924e-021
1011.200000  3.263647e-021
1011.400000  3.277864e-021
1011.600000  3.293798e-021
1011.800000  3.314840e-021
1012.000000  3.320661e-021
1012.200000  3.324792e-021
1012.400000  3.339121e-021
1012.600000  3.366228e-021
1012.800000  3.362745e-021
1013.000000  3.353287e-021
1013.200000  3.373654e-021
1013.400000  3.383815e-021
1013.600000  3.370920e-021
1013.800000  3.366549e-021
1014.000000  3.394700e-021
1014.200000  3.408333e-021
1014.400000  3.391106e-021
1014.600000  3.400462e-021
1014.800000  3.390921e-021
1015.000000  3.377056e-021
1015.200000  3.364882e-021
1015.400000  3.374233e-021
1015.600000  3.373242e-021
1015.800000  3.355834e-021
1016.000000  3.336658e-021
1016.200000  3.340809e-021
1016.400000  3.324172e-021
1016.600000  3.295357e-021
1016.800000  3.292524e-021
1017.000000  3.306190e-021
1017.200000  3.279870e-021
1017.400000  3.264813e-021
1017.600000  3.278481e-021
1017.800000  3.286066e-021
1018.000000  3.281437e-021
1018.200000  3.260188e-021
1018.400000  3.269516e-021
1018.600000  3.266597e-021
1018.800000  3.241754e-021
1019.000000  3.238794e-021
1019.200000  3.238461e-021
1019.400000  3.229330e-021
1019.600000  3.217538e-021
1019.800000  3.225100e-021
1020.000000  3.233554e-021
1020.200000  3.223486e-021
1020.400000  3.219579e-021
1020.600000  3.236001e-021
1020.800000  3.227664e-021
1021.000000  3.193610e-021
1021.200000  3.218914e-021
1021.400000  3.222068e-021
1021.600000  3.228778e-021
1021.800000  3.223044e-021
1022.000000  3.245790e-021
1022.200000  3.224901e-021
1022.400000  3.176308e-021
1022.600000  3.174057e-021
1022.800000  3.183420e-021
1023.000000  3.186534e-021
1023.200000  3.185171e-021
1023.400000  3.211597e-021
1023.600000  3.227301e-021
1023.800000  3.225065e-021
1024.000000  3.231813e-021
1024.200000  3.239471e-021
1024.400000  3.246239e-021
1024.600000  3.245802e-021
1024.800000  3.240846e-021
1025.000000  3.253950e-021
1025.200000  3.248081e-021
1025.400000  3.240385e-021
1025.600000  3.269829e-021
1025.800000  3.292068e-021
1026.000000  3.291647e-021
1026.200000  3.303945e-021
1026.400000  3.320814e-021
1026.600000  3.335889e-021
1026.800000  3.347344e-021
1027.000000  3.361555e-021
1027.200000  3.385837e-021
1027.400000  3.405591e-021
1027.600000  3.414398e-021
1027.800000  3.448867e-021
1028.000000  3.463227e-021
1028.200000  3.449159e-021
1028.400000  3.453433e-021
1028.600000  3.481622e-021
1028.800000  3.496054e-021
1029.000000  3.474576e-021
1029.200000  3.495477e-021
1029.400000  3.498875e-021
1029.600000  3.492110e-021
1029.800000  3.476079e-021
1030.000000  3.495196e-021
1030.200000  3.509712e-021
1030.400000  3.485289e-021
1030.600000  3.492388e-021
1030.800000  3.505072e-021
1031.000000  3.501031e-021
1031.200000  3.485802e-021
1031.400000  3.480794e-021
1031.600000  3.508431e-021
1031.800000  3.503427e-021
1032.000000  3.488126e-021
1032.200000  3.495250e-021
1032.400000  3.505195e-021
1032.600000  3.487026e-021
1032.800000  3.483835e-021
1033.000000  3.497543e-021
1033.200000  3.477421e-021
1033.400000  3.451609e-021
1033.600000  3.437049e-021
1033.800000  3.441319e-021
1034.000000  3.419161e-021
1034.200000  3.402626e-021
1034.400000  3.401188e-021
1034.600000  3.372288e-021
1034.800000  3.341433e-021
1035.000000  3.292492e-021
1035.200000  3.298523e-021
1035.400000  3.262744e-021
1035.600000  3.210720e-021
1035.800000  3.176684e-021
1036.000000  3.157829e-021
1036.200000  3.123669e-021
1036.400000  3.080845e-021
1036.600000  3.051317e-021
1036.800000  3.013117e-021
1037.000000  2.978671e-021
1037.200000  2.932651e-021
1037.400000  2.911489e-021
1037.600000  2.883559e-021
1037.800000  2.828651e-021
1038.000000  2.815980e-021
1038.200000  2.784014e-021
1038.400000  2.754876e-021
1038.600000  2.720853e-021
1038.800000  2.718643e-021
1039.000000  2.696118e-021
1039.200000  2.653219e-021
1039.400000  2.643178e-021
1039.600000  2.630204e-021
1039.800000  2.594875e-021
1040.000000  2.575022e-021
1040.200000  2.551238e-021
1040.400000  2.541035e-021
1040.600000  2.522039e-021
1040.800000  2.504955e-021
1041.000000  2.504433e-021
1041.200000  2.490225e-021
1041.400000  2.469139e-021
1041.600000  2.467595e-021
1041.800000  2.466044e-021
1042.000000  2.459582e-021
1042.200000  2.435429e-021
1042.400000  2.430886e-021
1042.600000  2.442074e-021
1042.800000  2.414871e-021
1043.000000  2.415216e-021
1043.200000  2.425427e-021
1043.400000  2.426765e-021
1043.600000  2.414262e-021
1043.800000  2.413608e-021
1044.000000  2.421864e-021
1044.200000  2.418236e-021
1044.400000  2.418568e-021
1044.600000  2.420884e-021
1044.800000  2.423203e-021
1045.000000  2.428509e-021
1045.200000  2.424856e-021
1045.400000  2.436152e-021
1045.600000  2.447466e-021
1045.800000  2.432823e-021
1046.000000  2.432150e-021
1046.200000  2.445488e-021
1046.400000  2.446824e-021
1046.600000  2.437128e-021
1046.800000  2.442469e-021
1047.000000  2.447818e-021
1047.200000  2.432052e-021
1047.400000  2.428335e-021
1047.600000  2.442747e-021
1047.800000  2.432975e-021
1048.000000  2.427221e-021
1048.200000  2.413368e-021
1048.400000  2.414659e-021
1048.600000  2.401775e-021
1048.800000  2.386837e-021
1049.000000  2.377954e-021
1049.200000  2.364990e-021
1049.400000  2.342851e-021
1049.600000  2.336945e-021
1049.800000  2.327971e-021
1050.000000  2.322034e-021
1050.200000  2.314044e-021
1050.400000  2.299907e-021
1050.600000  2.291875e-021
1050.800000  2.269500e-021
1051.000000  2.251177e-021
1051.200000  2.259471e-021
1051.400000  2.236994e-021
1051.600000  2.211390e-021
1051.800000  2.190875e-021
1052.000000  2.178552e-021
1052.200000  2.155903e-021
1052.400000  2.108463e-021
1052.600000  2.097051e-021
1052.800000  2.076318e-021
1053.000000  2.043136e-021
1053.200000  2.026447e-021
1053.400000  2.008689e-021
1053.600000  1.995043e-021
1053.800000  1.969952e-021
1054.000000  1.934422e-021
1054.200000  1.914420e-021
1054.400000  1.891256e-021
1054.600000  1.847209e-021
1054.800000  1.834361e-021
1055.000000  1.808961e-021
1055.200000  1.782466e-021
1055.400000  1.755919e-021
1055.600000  1.731414e-021
1055.800000  1.715242e-021
1056.000000  1.672818e-021
1056.200000  1.642909e-021
1056.400000  1.622399e-021
1056.600000  1.595538e-021
1056.800000  1.565465e-021
1057.000000  1.543764e-021
1057.200000  1.527294e-021
1057.400000  1.508680e-021
1057.600000  1.477348e-021
1057.800000  1.462879e-021
1058.000000  1.435676e-021
1058.200000  1.407360e-021
1058.400000  1.385354e-021
1058.600000  1.378169e-021
1058.800000  1.348651e-021
1059.000000  1.319076e-021
1059.200000  1.304351e-021
1059.400000  1.288530e-021
1059.600000  1.262010e-021
1059.800000  1.237575e-021
1060.000000  1.228055e-021
1060.200000  1.203538e-021
1060.400000  1.182187e-021
1060.600000  1.172584e-021
1060.800000  1.156524e-021
1061.000000  1.138285e-021
1061.200000  1.113562e-021
1061.400000  1.108156e-021
1061.600000  1.109201e-021
1061.800000  1.080065e-021
1062.000000  1.063819e-021
1062.200000  1.045815e-021
1062.400000  1.036098e-021
1062.600000  1.015650e-021
1062.800000  1.006751e-021
1063.000000  9.958833e-022
1063.200000  9.832576e-022
1063.400000  9.624616e-022
1063.600000  9.542356e-022
1063.800000  9.375059e-022
1064.000000  9.252092e-022
1064.200000  9.208464e-022
1064.400000  9.030530e-022
1064.600000  8.940719e-022
1064.800000  8.811374e-022
1065.000000  8.725547e-022
1065.200000  8.661455e-022
1065.400000  8.587366e-022
1065.600000  8.416564e-022
1065.800000  8.426662e-022
1066.000000  8.305942e-022
1066.200000  8.120061e-022
1066.400000  8.019737e-022
1066.600000  7.948983e-022
1066.800000  7.891330e-022
1067.000000  7.788274e-022
1067.200000  7.696072e-022
1067.400000  7.631355e-022
1067.600000  7.498940e-022
1067.800000  7.298638e-022
1068.000000  7.420890e-022
1068.200000  7.250115e-022
1068.400000  7.200201e-022
1068.600000  7.038900e-022
1068.800000  6.997591e-022
1069.000000  6.856967e-022
1069.200000  6.766292e-022
1069.400000  6.765920e-022
1069.600000  6.639197e-022
1069.800000  6.553638e-022
1070.000000  6.513839e-022
1070.200000  6.438079e-022
1070.400000  6.463176e-022
1070.600000  6.236689e-022
1070.800000  6.198666e-022
1071.000000  6.198830e-022
1071.200000  6.099857e-022
1071.400000  6.046923e-022
1071.600000  5.961154e-022
1071.800000  5.841330e-022
1072.000000  5.816253e-022
1072.200000  5.744722e-022
1072.400000  5.697973e-022
1072.600000  5.629588e-022
1072.800000  5.537236e-022
1073.000000  5.446978e-022
1073.200000  5.452056e-022
1073.400000  5.392267e-022
1073.600000  5.257177e-022
1073.800000  5.213047e-022
1074.000000  5.181383e-022
1074.200000  5.070833e-022
1074.400000  4.966932e-022
1074.600000  4.985290e-022
1074.800000  4.834139e-022
1075.000000  4.843225e-022
1075.200000  4.675582e-022
1075.400000  4.707502e-022
1075.600000  4.601500e-022
1075.800000  4.571254e-022
1076.000000  4.471830e-022
1076.200000  4.451774e-022
1076.400000  4.436293e-022
1076.600000  4.306418e-022
1076.800000  4.236421e-022
1077.000000  4.278548e-022
1077.200000  4.119191e-022
1077.400000  4.117219e-022
1077.600000  4.018915e-022
1077.800000  4.000575e-022
1078.000000  3.932202e-022
1078.200000  3.833440e-022
1078.400000  3.878931e-022
1078.600000  3.740286e-022
1078.800000  3.697075e-022
1079.000000  3.689991e-022
1079.200000  3.622092e-022
1079.400000  3.580980e-022
1079.600000  3.510504e-022
1079.800000  3.434032e-022
1080.000000  3.376191e-022
1080.200000  3.287700e-022
1080.400000  3.202568e-022
1080.600000  3.157286e-022
1080.800000  3.095426e-022
1081.000000  3.087681e-022
1081.200000  3.083458e-022
1081.400000  3.082767e-022
1081.600000  2.974489e-022
1081.800000  2.900325e-022
1082.000000  2.974072e-022
1082.200000  2.852343e-022
1082.400000  2.820568e-022
1082.600000  2.783980e-022
1082.800000  2.762777e-022
1083.000000  2.710594e-022
1083.200000  2.715479e-022
1083.400000  2.657190e-022
1083.600000  2.678735e-022
1083.800000  2.596412e-022
1084.000000  2.598809e-022
1084.200000  2.469591e-022
1084.400000  2.476661e-022
1084.600000  2.444183e-022
1084.800000  2.428440e-022
1085.000000  2.457099e-022
1085.200000  2.305504e-022
1085.400000  2.299208e-022
1085.600000  2.291693e-022
1085.800000  2.287778e-022
1086.000000  2.246452e-022
1086.200000  2.186935e-022
1086.400000  2.203453e-022
1086.600000  2.155880e-022
1086.800000  2.096108e-022
1087.000000  2.044708e-022
1087.200000  2.051442e-022
1087.400000  2.005973e-022
1087.600000  2.024834e-022
1087.800000  1.992634e-022
1088.000000  1.889751e-022
1088.200000  1.934145e-022
1088.400000  1.866390e-022
1088.600000  1.886421e-022
1088.800000  1.878377e-022
1089.000000  1.795700e-022
1089.200000  1.849997e-022
1089.400000  1.751207e-022
1089.600000  1.733189e-022
1089.800000  1.706543e-022
1090.000000  1.716711e-022
1090.200000  1.634648e-022
1090.400000  1.586904e-022
1090.600000  1.613004e-022
1090.800000  1.665052e-022
1091.000000  1.664110e-022
1091.200000  1.561843e-022
1091.400000  1.548433e-022
1091.600000  1.512715e-022
1091.800000  1.504189e-022
1092.000000  1.500607e-022
1092.200000  1.473432e-022
1092.400000  1.494660e-022
1092.600000  1.499760e-022
1092.800000  1.414002e-022
1093.000000  1.420280e-022
1093.200000  1.310597e-022
1093.400000  1.364218e-022
1093.600000  1.295507e-022
1093.800000  1.320450e-022
1094.000000  1.332922e-022
1094.200000  1.296559e-022
1094.400000  1.352914e-022
1094.600000  1.302696e-022
1094.800000  1.230778e-022
1095.000000  1.276160e-022
1095.200000  1.168092e-022
1095.400000  1.187675e-022
1095.600000  1.152955e-022
1095.800000  1.130157e-022
1096.000000  1.144451e-022
1096.200000  1.116293e-022
1096.400000  1.117311e-022
1096.600000  1.081349e-022
1096.800000  1.063700e-022
1097.000000  1.042086e-022
1097.200000  9.889346e-023
1097.400000  1.054919e-022
1097.600000  1.029289e-022
1097.800000  9.757233e-023
1098.000000  9.676901e-023
1098.200000  9.500730e-023
1098.400000  1.010699e-022
1098.600000  1.005357e-022
1098.800000  9.291326e-023
1099.000000  9.033455e-023
1099.200000  8.555952e-023
1099.400000  8.603504e-023
1099.600000  8.891230e-023
1099.800000  8.107697e-023
1100.000000  8.261706e-023
1100.200000  8.303981e-023
1100.400000  7.991956e-023
1100.600000  7.808334e-023
1100.800000  7.948399e-023
1101.000000  7.539558e-023
1101.200000  7.678325e-023
1101.400000  7.699539e-023
1101.600000  7.435741e-023
1101.800000  7.548833e-023
1102.000000  7.259742e-023
1102.200000  6.948032e-023
1102.400000  7.454978e-023
1102.600000  7.076486e-023
1102.800000  6.430242e-023
1103.000000  6.144001e-023
1103.200000  6.625930e-023
1103.400000  6.631938e-023
1103.600000  6.596112e-023
1103.800000  5.806438e-023
1104.000000  6.144396e-023
1104.200000  5.816966e-023
1104.400000  6.564942e-023
1104.600000  6.079681e-023
1104.800000  6.045749e-023
1105.000000  5.785438e-023
1105.200000  5.697172e-023
1105.400000  6.113592e-023
1105.600000  6.450280e-023
1105.800000  5.633421e-023
1106.000000  5.719143e-023
1106.200000  5.856609e-023
1106.400000  5.610321e-023
1106.600000  5.284063e-023
1106.800000  4.920067e-023
1107.000000  5.452946e-023
1107.200000  4.917003e-023
1107.400000  5.464135e-023
1107.600000  4.782109e-023
1107.800000  4.879705e-023
1108.000000  5.149523e-023
1108.200000  5.088761e-023
1108.400000  5.252355e-023
1108.600000  4.609821e-023
1108.800000  4.812086e-023
1109.000000  4.674413e-023
1109.200000  4.863683e-023
1109.400000  4.421125e-023
1109.600000  4.147031e-023
1109.800000  5.024757e-023
1110.000000  3.881312e-023
1110.200000  4.189237e-023
1110.400000  4.486927e-023
1110.600000  4.345229e-023
1110.800000  4.296467e-023
1111.000000  3.902883e-023
1111.200000  4.109362e-023
1111.400000  3.610609e-023
1111.600000  4.394648e-023
1111.800000  3.899317e-023
1112.000000  4.022327e-023
1112.200000  3.906336e-023
1112.400000  3.490840e-023
1112.600000  3.850730e-023
1112.800000  3.895079e-023
1113.000000  3.328389e-023
1113.200000  3.866586e-023
1113.400000  3.975284e-023
1113.600000  3.792839e-023
1113.800000  3.046032e-023
1114.000000  3.394067e-023
1114.200000  3.184538e-023
1114.400000  3.656858e-023
1114.600000  3.024013e-023
1114.800000  3.398020e-023
1115.000000  2.909697e-023
1115.200000  3.251204e-023
1115.400000  3.027987e-023
1115.600000  2.365493e-023
1115.800000  3.066572e-023
1116.000000  2.736120e-023
1116.200000  3.271342e-023
1116.400000  3.598377e-023
1116.600000  3.123329e-023
1116.800000  2.873595e-023
1117.000000  2.822006e-023
1117.200000  2.951026e-023
1117.400000  2.594720e-023
1117.600000  2.237774e-023
1117.800000  2.752682e-023
1118.000000  1.863734e-023
1118.200000  2.997767e-023
1118.400000  2.980884e-023
1118.600000  2.956974e-023
1118.800000  2.132213e-023
1119.000000  2.054248e-023
1119.200000  2.798014e-023
1119.400000  2.999849e-023
1119.600000  2.602099e-023
1119.800000  2.119259e-023
1120.000000  2.520891e-023
1120.200000  2.456930e-023
1120.400000  1.830242e-023
1120.600000  2.387931e-023
1120.800000  2.925426e-023
1121.000000  2.112258e-023
1121.200000  1.940087e-023
1121.400000  2.016885e-023
1121.600000  1.297118e-023
1121.800000  2.234736e-023
1122.000000  1.790803e-023
1122.200000  2.086632e-023
1122.400000  2.155358e-023
1122.600000  2.197149e-023
1122.800000  1.914064e-023
1123.000000  1.915769e-023
1123.200000  2.037407e-023
1123.400000  1.556211e-023
1123.600000  2.344261e-023
1123.800000  2.333464e-023
1124.000000  1.664969e-023
1124.200000  1.692265e-023
1124.400000  1.462671e-023
1124.600000  1.692404e-023
1124.800000  1.760055e-023
1125.000000  1.022287e-023
1125.200000  1.222419e-023
1125.400000  1.492256e-023
1125.600000  1.910631e-023
1125.800000  1.427747e-023
1126.000000  1.493347e-023
1126.200000  1.063490e-023
1126.400000  1.037498e-023
1126.600000  1.321651e-023
1126.800000  1.158160e-023
1127.000000  1.454976e-023
1127.200000  1.767286e-023
1127.400000  1.077750e-023
1127.600000  1.307872e-023
1127.800000  1.349543e-023
1128.000000  1.702099e-023
1128.200000  1.470037e-023
1128.400000  1.201473e-023
1128.600000  1.108067e-023
1128.800000  1.176672e-023
1129.000000  1.201887e-023
1129.200000  1.703840e-023
1129.400000  1.244670e-023
1129.600000  1.259287e-023
1129.800000  8.653594e-024
1130.000000  8.661256e-024
1130.200000  7.044421e-024
1130.400000  1.301489e-023
1130.600000  8.665095e-024
1130.800000  9.484956e-024
1131.000000  6.510695e-024
1131.200000  1.398116e-023
1131.400000  7.049324e-024
1131.600000  1.031140e-023
1131.800000  1.167769e-023
1132.000000  9.627433e-024
1132.200000  1.153638e-023
1132.400000  9.509120e-024
1132.600000  1.278033e-023
1132.800000  1.045409e-023
1133.000000  3.532507e-024
1133.200000  1.387237e-023
1133.400000  4.355840e-024
1133.600000  4.078608e-024
1133.800000  9.252304e-024
1134.000000  9.667850e-024
1134.200000  1.144826e-023
1134.400000  6.396094e-024
1134.600000  7.355312e-024
1134.800000  6.544153e-024
1135.000000  8.732728e-024
1135.200000  9.265904e-024
1135.400000  1.350271e-023
1135.600000  5.597399e-024
1135.800000  7.788310e-024
1136.000000  4.502734e-024
1136.200000  7.374049e-024
1136.400000  6.013719e-024
1136.600000  8.480853e-024
1136.800000  6.693004e-024
1137.000000  9.843458e-024
1137.200000  8.073390e-024
1137.400000  0.000000e+000
1137.600000  9.300358e-024
1137.800000  9.034398e-024
1138.000000  8.220725e-024
1138.200000  5.472587e-024
1138.400000  5.339966e-024
1138.600000  1.178668e-023
1138.800000  1.535817e-023
1139.000000  4.383372e-024
1139.200000  1.685625e-023
1139.400000  5.900267e-024
1139.600000  3.845372e-024
1139.800000  1.028484e-023
1140.000000  4.804008e-024
1140.200000  3.022839e-024
1140.400000  9.761985e-024
1140.600000  9.358881e-024
1140.800000  7.438117e-024
1141.000000  5.376512e-024
1141.200000  8.417345e-024
1141.400000  5.110534e-024
1141.600000  1.036630e-023
1141.800000  1.106822e-023
1142.000000  6.785435e-024
1142.200000  1.205804e-023
1142.400000  2.773943e-024
1142.600000  4.582181e-024
1142.800000  0.000000e+000
1143.000000  5.702702e-024
1143.200000  8.212216e-024
1143.400000  1.532592e-024
1143.600000  2.788543e-024
1143.800000  9.350182e-024
1144.000000  0.000000e+000
1144.200000  2.517063e-024
1144.400000  3.497496e-024
1144.600000  5.742727e-024
1144.800000  8.009155e-024
1145.000000  9.000097e-024
1145.200000  8.163169e-024
1145.400000  0.000000e+000
1145.600000  5.640208e-025
1145.800000  5.220841e-024
1146.000000  7.343975e-024
1146.200000  3.392364e-024
1146.400000  5.093778e-024
1146.600000  7.646543e-024
1146.800000  5.527233e-024
1147.000000  9.078975e-024
1147.200000  4.118143e-024
1147.400000  1.421085e-025
1147.600000  3.271647e-024
1147.800000  4.270532e-024
1148.000000  4.986099e-024
1148.200000  1.055150e-023
1148.400000  0.000000e+000
1148.600000  5.428644e-024
1148.800000  0.000000e+000
1149.000000  7.870855e-024
1149.200000  7.877708e-024
1149.400000  0.000000e+000
1149.600000  0.000000e+000
1149.800000  6.188950e-024
1150.000000  0.000000e+000
