800.000000  -1.642282e-023
800.200000  -4.247575e-023
800.400000  -1.936353e-023
800.600000  -4.045469e-024
800.800000  -4.990490e-023
801.000000  -4.746211e-023
801.200000  -1.930428e-023
801.400000  -2.789318e-023
801.600000  -5.720121e-023
801.800000  -3.869919e-023
802.000000  -1.145878e-023
802.200000  -4.161992e-023
802.400000  -5.345951e-023
802.600000  -2.205798e-023
802.800000  -1.961749e-023
803.000000  -5.950838e-023
803.200000  -5.845751e-023
803.400000  -3.762475e-023
803.600000  -5.173089e-023
803.800000  -7.006262e-023
804.000000  -5.701322e-023
804.200000  -2.645829e-023
804.400000  -4.799713e-023
804.600000  -5.662355e-023
804.800000  -2.048260e-023
805.000000  -1.713639e-023
805.200000  -5.068897e-023
805.400000  -4.179342e-023
805.600000  -8.855595e-024
805.800000  -1.011883e-023
806.000000  -4.692426e-023
806.200000  -1.774594e-023
806.400000  3.111294e-024
806.600000  -2.448218e-023
806.800000  -3.402707e-023
807.000000  -6.778580e-024
807.200000  2.283871e-024
807.400000  -3.447633e-023
807.600000  -2.648995e-023
807.800000  7.371522e-024
808.000000  -1.790670e-023
808.200000  -5.381491e-023
808.400000  -3.293394e-023
808.600000  -1.101382e-023
808.800000  -4.049362e-023
809.000000  -4.038607e-023
809.200000  -3.338406e-024
809.400000  -1.470529e-023
809.600000  -4.967311e-023
809.800000  -3.519925e-023
810.000000  -2.212119e-023
810.200000  -4.048656e-023
810.400000  -5.376853e-023
810.600000  -2.317063e-023
810.800000  8.345029e-024
811.000000  -2.615251e-023
811.200000  -2.095164e-023
811.400000  8.687676e-024
811.600000  -5.488965e-024
811.800000  -2.935267e-023
812.000000  -1.637330e-023
812.200000  7.767762e-024
812.400000  -2.114600e-023
812.600000  -4.172085e-023
812.800000  -3.818147e-024
813.000000  5.967944e-024
813.200000  -2.293694e-023
813.400000  -4.031270e-023
813.600000  -2.820032e-023
813.800000  -3.954404e-023
814.000000  -7.964975e-023
814.200000  -4.068039e-023
814.400000  -1.472806e-023
814.600000  -3.812906e-023
814.800000  -4.998574e-023
815.000000  -9.734343e-024
815.200000  -3.147915e-024
815.400000  -3.249821e-023
815.600000  -2.825083e-023
815.800000  1.015512e-023
816.000000  7.963222e-024
816.200000  -3.432975e-023
816.400000  -9.412831e-024
816.600000  1.456045e-023
816.800000  -1.865253e-024
817.000000  -9.946685e-024
817.200000  2.236216e-023
817.400000  3.211498e-023
817.600000  -8.695208e-024
817.800000  -1.415039e-023
818.000000  9.920037e-024
818.200000  -7.382684e-024
818.400000  -4.258484e-023
818.600000  -2.225953e-023
818.800000  -1.339310e-023
819.000000  -3.990441e-023
819.200000  -6.550626e-023
819.400000  -3.460028e-023
819.600000  -2.165033e-023
819.800000  -3.940459e-023
820.000000  -3.515980e-023
820.200000  -8.479354e-024
820.400000  -1.422418e-023
820.600000  -3.798114e-023
820.800000  -1.218316e-024
821.000000  1.988989e-023
821.200000  -4.213096e-024
821.400000  -1.684507e-023
821.600000  1.945840e-023
821.800000  1.229867e-023
822.000000  -2.603647e-023
822.200000  -8.991619e-024
822.400000  2.546629e-023
822.600000  3.212742e-024
822.800000  -3.472640e-023
823.000000  -1.992192e-023
823.200000  -1.553769e-023
823.400000  -4.072273e-023
823.600000  -5.209087e-023
823.800000  -1.886177e-023
824.000000  -3.298324e-023
824.200000  -7.748341e-023
824.400000  -6.396253e-023
824.600000  -3.122324e-023
824.800000  -4.441285e-023
825.000000  -6.217150e-023
825.200000  -2.723119e-023
825.400000  4.034605e-024
825.600000  -1.689655e-023
825.800000  -1.541108e-023
826.000000  2.078269e-023
826.200000  2.081433e-023
826.400000  -2.415994e-023
826.600000  2.124116e-025
826.800000  3.606059e-023
827.000000  1.530227e-023
827.200000  -4.364976e-024
827.400000  -2.455295e-024
827.600000  -1.771640e-024
827.800000  -4.887794e-023
828.000000  -5.285656e-023
828.200000  -2.620092e-023
828.400000  -1.328714e-023
828.600000  -4.423606e-023
828.800000  -2.493451e-023
829.000000  -5.206507e-024
829.200000  -2.557710e-023
829.400000  -3.641866e-023
829.600000  -1.539918e-023
829.800000  6.846102e-025
830.000000  -4.104312e-023
830.200000  -3.229112e-023
830.400000  -5.779579e-024
830.600000  -7.450178e-024
830.800000  -2.684786e-023
831.000000  -5.310060e-024
831.200000  2.753074e-023
831.400000  -9.166682e-024
831.600000  -3.179182e-023
831.800000  -8.788179e-024
832.000000  -5.445300e-024
832.200000  -4.007149e-023
832.400000  -3.307358e-023
832.600000  1.549040e-023
832.800000  1.136561e-023
833.000000  -1.677108e-023
833.200000  5.566004e-024
833.400000  2.926075e-023
833.600000  -4.747256e-024
833.800000  -1.818974e-023
834.000000  4.160210e-024
834.200000  -1.117622e-024
834.400000  -4.588223e-023
834.600000  -4.257271e-023
834.800000  -1.361880e-023
835.000000  -2.431453e-023
835.200000  -2.602254e-023
835.400000  3.624601e-024
835.600000  2.340779e-023
835.800000  -5.198274e-024
836.000000  -1.699830e-024
836.200000  2.454082e-023
836.400000  1.349627e-023
836.600000  -1.840209e-023
836.800000  -4.677838e-024
837.000000  1.741430e-023
837.200000  -2.583679e-023
837.400000  -4.857694e-023
837.600000  -1.763045e-023
837.800000  7.641866e-024
838.000000  -2.393410e-023
838.200000  -3.352948e-023
838.400000  -1.086556e-024
838.600000  -4.932458e-024
838.800000  -3.002199e-023
839.000000  -1.254558e-023
839.200000  1.576423e-023
839.400000  -4.185042e-024
839.600000  -2.410282e-023
839.800000  6.025520e-024
840.000000  2.048785e-023
840.200000  -8.471141e-024
840.400000  -1.224071e-024
840.600000  3.476421e-023
840.800000  3.539704e-023
841.000000  -7.014082e-024
841.200000  8.408119e-024
841.400000  3.001171e-023
841.600000  6.381674e-024
841.800000  -9.212953e-024
842.000000  7.899861e-024
842.200000  1.515920e-023
842.400000  -2.720953e-023
842.600000  -2.842447e-023
842.800000  -1.559170e-024
843.000000  -1.212214e-023
843.200000  -3.650359e-023
843.400000  -2.080953e-023
843.600000  -2.896478e-024
843.800000  -2.989154e-023
844.000000  -3.642449e-023
844.200000  9.879219e-024
844.400000  3.581688e-023
844.600000  4.422053e-024
844.800000  3.186112e-024
845.000000  3.177492e-023
845.200000  1.681343e-023
845.400000  -1.685331e-023
845.600000  -3.893304e-024
845.800000  1.620242e-023
846.000000  -1.428790e-023
846.200000  -2.524826e-023
846.400000  9.755131e-024
846.600000  1.917706e-023
846.800000  -1.867969e-023
847.000000  -2.253257e-023
847.200000  3.227758e-024
847.400000  -1.478256e-023
847.600000  -3.274548e-023
847.800000  -7.461070e-024
848.000000  1.392969e-023
848.200000  -1.250897e-023
848.400000  -3.134302e-023
848.600000  5.584211e-026
848.800000  8.590453e-024
849.000000  -1.861547e-023
849.200000  -6.113038e-024
849.400000  2.491085e-023
849.600000  1.135189e-023
849.800000  -1.107084e-023
850.000000  2.204273e-023
850.200000  3.453552e-023
850.400000  2.456099e-024
850.600000  4.741998e-024
850.800000  2.458136e-023
851.000000  1.100046e-023
851.200000  -3.256987e-023
851.400000  -2.067351e-023
851.600000  1.808888e-023
851.800000  -8.741416e-025
852.000000  -2.812242e-023
852.200000  5.468189e-024
852.400000  2.862059e-023
852.600000  -8.618173e-024
852.800000  -2.067063e-023
853.000000  1.547191e-023
853.200000  1.045252e-023
853.400000  -2.027410e-023
853.600000  -8.432816e-024
853.800000  1.692286e-023
854.000000  -5.130276e-024
854.200000  -2.886603e-023
854.400000  3.689357e-024
854.600000  1.926835e-023
854.800000  4.054012e-025
855.000000  -3.415241e-024
855.200000  3.364725e-023
855.400000  3.295300e-023
855.600000  1.107428e-023
855.800000  2.366924e-023
856.000000  4.181295e-023
856.200000  1.307693e-023
856.400000  -1.842176e-023
856.600000  9.020372e-024
856.800000  2.318329e-023
857.000000  -5.721982e-024
857.200000  -5.048227e-025
857.400000  3.013257e-023
857.600000  1.544964e-023
857.800000  -2.010132e-023
858.000000  -1.402950e-023
858.200000  1.437880e-024
858.400000  -1.843686e-023
858.600000  -2.935289e-023
858.800000  1.241009e-023
859.000000  1.686430e-023
859.200000  -1.282235e-023
859.400000  -1.228192e-023
859.600000  2.724966e-023
859.800000  2.769992e-023
860.000000  -3.039039e-024
860.200000  2.239918e-023
860.400000  3.759312e-023
860.600000  1.660929e-023
860.800000  7.002483e-025
861.000000  2.897209e-023
861.200000  2.790213e-023
861.400000  -1.153122e-023
861.600000  -3.883188e-024
861.800000  2.507240e-023
862.000000  1.062122e-023
862.200000  -1.814703e-023
862.400000  5.399507e-024
862.600000  1.392856e-023
862.800000  -1.608696e-023
863.000000  -1.680542e-023
863.200000  2.048602e-023
863.400000  2.513940e-023
863.600000  -5.606415e-025
863.800000  1.121252e-023
864.000000  3.453386e-023
864.200000  2.598073e-023
864.400000  -3.839730e-024
864.600000  2.205756e-023
864.800000  3.344931e-023
865.000000  -5.583378e-024
865.200000  -1.955725e-023
865.400000  2.451509e-023
865.600000  3.329663e-023
865.800000  -7.574060e-024
866.000000  1.692021e-023
866.200000  4.648736e-023
866.400000  3.957119e-023
866.600000  1.189476e-023
866.800000  3.725443e-023
867.000000  6.266205e-023
867.200000  3.463807e-023
867.400000  3.189074e-023
867.600000  5.340892e-023
867.800000  3.948565e-023
868.000000  4.151065e-024
868.200000  6.272640e-024
868.400000  2.295451e-023
868.600000  3.281889e-024
868.800000  -3.000417e-023
869.000000  9.662838e-024
869.200000  2.826641e-023
869.400000  1.153547e-023
869.600000  1.327538e-023
869.800000  5.021537e-023
870.000000  4.878011e-023
870.200000  1.561769e-023
870.400000  2.873918e-023
870.600000  4.561251e-023
870.800000  1.954028e-023
871.000000  9.888450e-024
871.200000  4.091429e-023
871.400000  5.207728e-023
871.600000  2.573693e-023
871.800000  2.744711e-023
872.000000  6.351215e-023
872.200000  4.848885e-023
872.400000  2.532725e-023
872.600000  3.676488e-023
872.800000  6.478373e-023
873.000000  3.702264e-023
873.200000  1.802990e-023
873.400000  5.165088e-023
873.600000  7.091597e-023
873.800000  3.533430e-023
874.000000  4.670413e-023
874.200000  7.050138e-023
874.400000  5.032723e-023
874.600000  2.837145e-023
874.800000  4.807429e-023
875.000000  7.833261e-023
875.200000  4.736461e-023
875.400000  3.263285e-023
875.600000  4.359269e-023
875.800000  4.372151e-023
876.000000  1.068601e-023
876.200000  1.361295e-023
876.400000  5.189377e-023
876.600000  5.606761e-023
876.800000  3.725062e-023
877.000000  5.937620e-023
877.200000  6.934797e-023
877.400000  4.008730e-023
877.600000  3.467310e-023
877.800000  5.389766e-023
878.000000  5.902769e-023
878.200000  3.351579e-023
878.400000  6.007453e-023
878.600000  1.022733e-022
878.800000  8.233073e-023
879.000000  6.597125e-023
879.200000  9.080828e-023
879.400000  1.031477e-022
879.600000  6.935495e-023
879.800000  5.476211e-023
880.000000  8.035966e-023
880.200000  6.849127e-023
880.400000  3.495558e-023
880.600000  5.678560e-023
880.800000  9.077626e-023
881.000000  7.174974e-023
881.200000  5.291427e-023
881.400000  7.451253e-023
881.600000  9.362143e-023
881.800000  5.302202e-023
882.000000  5.590504e-023
882.200000  1.049498e-022
882.400000  1.090890e-022
882.600000  8.225641e-023
882.800000  9.859634e-023
883.000000  1.284213e-022
883.200000  1.030443e-022
883.400000  8.698525e-023
883.600000  1.196410e-022
883.800000  1.399355e-022
884.000000  1.079125e-022
884.200000  1.147497e-022
884.400000  1.470476e-022
884.600000  1.377366e-022
884.800000  9.861305e-023
885.000000  9.893554e-023
885.200000  1.123403e-022
885.400000  9.100467e-023
885.600000  8.167423e-023
885.800000  1.167366e-022
886.000000  1.277652e-022
886.200000  1.142645e-022
886.400000  1.240120e-022
886.600000  1.618460e-022
886.800000  1.687199e-022
887.000000  1.419936e-022
887.200000  1.623068e-022
887.400000  1.840065e-022
887.600000  1.585421e-022
887.800000  1.426212e-022
888.000000  1.736372e-022
888.200000  1.845208e-022
888.400000  1.550383e-022
888.600000  1.632816e-022
888.800000  1.983792e-022
889.000000  1.958167e-022
889.200000  1.703868e-022
889.400000  1.893771e-022
889.600000  2.096536e-022
889.800000  1.842177e-022
890.000000  1.870116e-022
890.200000  2.141010e-022
890.400000  2.250733e-022
890.600000  1.805743e-022
890.800000  1.915397e-022
891.000000  2.335425e-022
891.200000  2.134056e-022
891.400000  1.959742e-022
891.600000  2.285407e-022
891.800000  2.585261e-022
892.000000  2.423987e-022
892.200000  2.344281e-022
892.400000  2.670997e-022
892.600000  2.700449e-022
892.800000  2.307831e-022
893.000000  2.472064e-022
893.200000  2.840378e-022
893.400000  2.773614e-022
893.600000  2.694011e-022
893.800000  2.953504e-022
894.000000  3.227466e-022
894.200000  2.957810e-022
894.400000  2.781430e-022
894.600000  3.043063e-022
894.800000  2.979576e-022
895.000000  2.653553e-022
895.200000  2.819382e-022
895.400000  3.230921e-022
895.600000  3.080354e-022
895.800000  2.944514e-022
896.000000  3.176383e-022
896.200000  3.410042e-022
896.400000  3.015085e-022
896.600000  3.001964e-022
896.800000  3.279254e-022
897.000000  3.199547e-022
897.200000  2.967904e-022
897.400000  3.283106e-022
897.600000  3.830539e-022
897.800000  3.801688e-022
898.000000  3.719471e-022
898.200000  4.101374e-022
898.400000  4.228469e-022
898.600000  3.848636e-022
898.800000  3.754575e-022
899.000000  3.976890e-022
899.200000  3.814018e-022
899.400000  3.582527e-022
899.600000  3.813242e-022
899.800000  4.062195e-022
900.000000  3.807414e-022
900.200000  3.572791e-022
900.400000  3.851918e-022
900.600000  4.105704e-022
900.800000  3.942073e-022
901.000000  4.108270e-022
901.200000  4.473736e-022
901.400000  4.489048e-022
901.600000  4.380230e-022
901.800000  4.689003e-022
902.000000  4.849098e-022
902.200000  4.651914e-022
902.400000  4.618946e-022
902.600000  4.979904e-022
902.800000  5.091507e-022
903.000000  4.790888e-022
903.200000  5.002788e-022
903.400000  5.359238e-022
903.600000  5.301980e-022
903.800000  5.028288e-022
904.000000  5.327484e-022
904.200000  5.633205e-022
904.400000  5.415762e-022
904.600000  5.317897e-022
904.800000  5.586514e-022
905.000000  5.768664e-022
905.200000  5.480018e-022
905.400000  5.559732e-022
905.600000  5.972462e-022
905.800000  5.994999e-022
906.000000  5.775584e-022
906.200000  6.117258e-022
906.400000  6.362043e-022
906.600000  6.257025e-022
906.800000  6.400218e-022
907.000000  6.806396e-022
907.200000  6.972938e-022
907.400000  6.711470e-022
907.600000  6.851756e-022
907.800000  7.256241e-022
908.000000  7.159760e-022
908.200000  7.035920e-022
908.400000  7.368572e-022
908.600000  7.483722e-022
908.800000  7.095863e-022
909.000000  7.204617e-022
909.200000  7.760176e-022
909.400000  8.017118e-022
909.600000  7.788617e-022
909.800000  8.139255e-022
910.000000  8.715309e-022
910.200000  8.595112e-022
910.400000  8.632825e-022
910.600000  9.123865e-022
910.800000  9.308990e-022
911.000000  9.116106e-022
911.200000  9.242038e-022
911.400000  9.851634e-022
911.600000  1.009274e-021
911.800000  1.004984e-021
912.000000  1.042401e-021
912.200000  1.099511e-021
912.400000  1.111045e-021
912.600000  1.106246e-021
912.800000  1.156545e-021
913.000000  1.196966e-021
913.200000  1.193354e-021
913.400000  1.215404e-021
913.600000  1.278513e-021
913.800000  1.301197e-021
914.000000  1.307186e-021
914.200000  1.349528e-021
914.400000  1.407810e-021
914.600000  1.415265e-021
914.800000  1.436052e-021
915.000000  1.502358e-021
915.200000  1.544588e-021
915.400000  1.551913e-021
915.600000  1.589052e-021
915.800000  1.670839e-021
916.000000  1.714586e-021
916.200000  1.733691e-021
916.400000  1.796535e-021
916.600000  1.861634e-021
916.800000  1.882359e-021
917.000000  1.910792e-021
917.200000  1.994765e-021
917.400000  2.060815e-021
917.600000  2.090391e-021
917.800000  2.164812e-021
918.000000  2.253538e-021
918.200000  2.304742e-021
918.400000  2.326757e-021
918.600000  2.398260e-021
918.800000  2.479781e-021
919.000000  2.486394e-021
919.200000  2.510234e-021
919.400000  2.582984e-021
919.600000  2.622166e-021
919.800000  2.614866e-021
920.000000  2.639112e-021
920.200000  2.687005e-021
920.400000  2.692482e-021
920.600000  2.691801e-021
920.800000  2.729021e-021
921.000000  2.768479e-021
921.200000  2.743302e-021
921.400000  2.733377e-021
921.600000  2.768225e-021
921.800000  2.782915e-021
922.000000  2.751701e-021
922.200000  2.773093e-021
922.400000  2.808812e-021
922.600000  2.798397e-021
922.800000  2.761989e-021
923.000000  2.784985e-021
923.200000  2.779829e-021
923.400000  2.742121e-021
923.600000  2.724757e-021
923.800000  2.749492e-021
924.000000  2.726812e-021
924.200000  2.684318e-021
924.400000  2.669260e-021
924.600000  2.664017e-021
924.800000  2.617579e-021
925.000000  2.589148e-021
925.200000  2.606204e-021
925.400000  2.620981e-021
925.600000  2.567562e-021
925.800000  2.542141e-021
926.000000  2.560861e-021
926.200000  2.543805e-021
926.400000  2.491357e-021
926.600000  2.496581e-021
926.800000  2.503929e-021
927.000000  2.463934e-021
927.200000  2.433266e-021
927.400000  2.446796e-021
927.600000  2.435165e-021
927.800000  2.390055e-021
928.000000  2.371479e-021
928.200000  2.397361e-021
928.400000  2.373082e-021
928.600000  2.317000e-021
928.800000  2.310880e-021
929.000000  2.303329e-021
929.200000  2.260401e-021
929.400000  2.230442e-021
929.600000  2.254704e-021
929.800000  2.253361e-021
930.000000  2.215663e-021
930.200000  2.210573e-021
930.400000  2.233021e-021
930.600000  2.219078e-021
930.800000  2.194733e-021
931.000000  2.202697e-021
931.200000  2.207076e-021
931.400000  2.148355e-021
931.600000  2.111049e-021
931.800000  2.129806e-021
932.000000  2.127538e-021
932.200000  2.085836e-021
932.400000  2.077417e-021
932.600000  2.097057e-021
932.800000  2.073936e-021
933.000000  2.040989e-021
933.200000  2.053500e-021
933.400000  2.069104e-021
933.600000  2.038281e-021
933.800000  2.022176e-021
934.000000  2.042471e-021
934.200000  2.026404e-021
934.400000  1.992720e-021
934.600000  2.010564e-021
934.800000  2.021696e-021
935.000000  1.976656e-021
935.200000  1.932664e-021
935.400000  1.965125e-021
935.600000  1.985126e-021
935.800000  1.954908e-021
936.000000  1.940431e-021
936.200000  1.960394e-021
936.400000  1.941781e-021
936.600000  1.888400e-021
936.800000  1.898373e-021
937.000000  1.912604e-021
937.200000  1.892438e-021
937.400000  1.855347e-021
937.600000  1.875816e-021
937.800000  1.892540e-021
938.000000  1.870167e-021
938.200000  1.880389e-021
938.400000  1.899966e-021
938.600000  1.884300e-021
938.800000  1.849762e-021
939.000000  1.878104e-021
939.200000  1.923625e-021
939.400000  1.901176e-021
939.600000  1.886344e-021
939.800000  1.916139e-021
940.000000  1.934487e-021
940.200000  1.907124e-021
940.400000  1.919176e-021
940.600000  1.958312e-021
940.800000  1.955661e-021
941.000000  1.943365e-021
941.200000  1.973316e-021
941.400000  2.028408e-021
941.600000  2.028904e-021
941.800000  2.019816e-021
942.000000  2.069085e-021
942.200000  2.091139e-021
942.400000  2.050593e-021
942.600000  2.034964e-021
942.800000  2.065269e-021
943.000000  2.058764e-021
943.200000  2.039715e-021
943.400000  2.063497e-021
943.600000  2.074735e-021
943.800000  2.039366e-021
944.000000  2.027725e-021
944.200000  2.073019e-021
944.400000  2.095712e-021
944.600000  2.060571e-021
944.800000  2.050156e-021
945.000000  2.087844e-021
945.200000  2.082522e-021
945.400000  2.032842e-021
945.600000  2.040980e-021
945.800000  2.052366e-021
946.000000  2.023403e-021
946.200000  2.014626e-021
946.400000  2.046765e-021
946.600000  2.050190e-021
946.800000  2.013511e-021
947.000000  2.019611e-021
947.200000  2.057923e-021
947.400000  2.040276e-021
947.600000  2.008091e-021
947.800000  2.023880e-021
948.000000  2.045488e-021
948.200000  2.016697e-021
948.400000  2.006235e-021
948.600000  2.043879e-021
948.800000  2.039567e-021
949.000000  1.994588e-021
949.200000  2.008179e-021
949.400000  2.049438e-021
949.600000  2.028964e-021
949.800000  2.006902e-021
950.000000  2.041254e-021
950.200000  2.065277e-021
950.400000  2.034909e-021
950.600000  2.023005e-021
950.800000  2.056730e-021
951.000000  2.056851e-021
951.200000  2.022228e-021
951.400000  2.038325e-021
951.600000  2.088128e-021
951.800000  2.079891e-021
952.000000  2.069532e-021
952.200000  2.122404e-021
952.400000  2.155456e-021
952.600000  2.128093e-021
952.800000  2.134395e-021
953.000000  2.182169e-021
953.200000  2.178974e-021
953.400000  2.141384e-021
953.600000  2.156809e-021
953.800000  2.202520e-021
954.000000  2.198028e-021
954.200000  2.169986e-021
954.400000  2.204313e-021
954.600000  2.232944e-021
954.800000  2.199734e-021
955.000000  2.191795e-021
955.200000  2.227844e-021
955.400000  2.217667e-021
955.600000  2.201566e-021
955.800000  2.242105e-021
956.000000  2.279960e-021
956.200000  2.258288e-021
956.400000  2.257158e-021
956.600000  2.282583e-021
956.800000  2.279419e-021
957.000000  2.242967e-021
957.200000  2.264908e-021
957.400000  2.308673e-021
957.600000  2.307043e-021
957.800000  2.302888e-021
958.000000  2.347494e-021
958.200000  2.380008e-021
958.400000  2.360434e-021
958.600000  2.366085e-021
958.800000  2.425768e-021
959.000000  2.441355e-021
959.200000  2.410088e-021
959.400000  2.430605e-021
959.600000  2.471528e-021
959.800000  2.453187e-021
960.000000  2.440997e-021
960.200000  2.486650e-021
960.400000  2.518448e-021
960.600000  2.509321e-021
960.800000  2.531474e-021
961.000000  2.585184e-021
961.200000  2.596902e-021
961.400000  2.564982e-021
961.600000  2.586751e-021
961.800000  2.640952e-021
962.000000  2.641279e-021
962.200000  2.634325e-021
962.400000  2.686977e-021
962.600000  2.717480e-021
962.800000  2.704564e-021
963.000000  2.740569e-021
963.200000  2.827177e-021
963.400000  2.884805e-021
963.600000  2.954772e-021
963.800000  3.124307e-021
964.000000  3.358470e-021
964.200000  3.546600e-021
964.400000  3.694534e-021
964.600000  3.758050e-021
964.800000  3.668819e-021
965.000000  3.470767e-021
965.200000  3.306550e-021
965.400000  3.219675e-021
965.600000  3.128253e-021
965.800000  3.045288e-021
966.000000  3.034948e-021
966.200000  3.050083e-021
966.400000  3.010404e-021
966.600000  2.996074e-021
966.800000  3.029764e-021
967.000000  3.046724e-021
967.200000  3.014507e-021
967.400000  3.025622e-021
967.600000  3.055945e-021
967.800000  3.034741e-021
968.000000  3.005204e-021
968.200000  3.038799e-021
968.400000  3.079323e-021
968.600000  3.071812e-021
968.800000  3.070019e-021
969.000000  3.110057e-021
969.200000  3.112187e-021
969.400000  3.063852e-021
969.600000  3.056697e-021
969.800000  3.090528e-021
970.000000  3.071684e-021
970.200000  3.033879e-021
970.400000  3.066729e-021
970.600000  3.090042e-021
970.800000  3.049804e-021
971.000000  3.035172e-021
971.200000  3.067541e-021
971.400000  3.072157e-021
971.600000  3.040635e-021
971.800000  3.059628e-021
972.000000  3.098265e-021
972.200000  3.086236e-021
972.400000  3.080236e-021
972.600000  3.123067e-021
972.800000  3.162029e-021
973.000000  3.160174e-021
973.200000  3.187077e-021
973.400000  3.267122e-021
973.600000  3.306367e-021
973.800000  3.305061e-021
974.000000  3.363199e-021
974.200000  3.452559e-021
974.400000  3.489835e-021
974.600000  3.521395e-021
974.800000  3.612237e-021
975.000000  3.706813e-021
975.020000  3.685652e-021
975.040000  3.687543e-021
975.060000  3.692065e-021
975.080000  3.735826e-021
975.100000  3.721830e-021
975.120000  3.714481e-021
975.140000  3.719927e-021
975.160000  3.720079e-021
975.180000  3.755728e-021
975.200000  3.775549e-021
975.220000  3.784503e-021
975.240000  3.782249e-021
975.260000  3.764347e-021
975.280000  3.799741e-021
975.300000  3.794331e-021
975.320000  3.842206e-021
975.340000  3.836735e-021
975.360000  3.833085e-021
975.380000  3.837143e-021
975.400000  3.847563e-021
975.420000  3.853595e-021
975.440000  3.889438e-021
975.460000  3.888212e-021
975.480000  3.874566e-021
975.500000  3.862313e-021
975.520000  3.887287e-021
975.540000  3.903637e-021
975.560000  3.922413e-021
975.580000  3.936624e-021
975.600000  3.922321e-021
975.620000  3.931104e-021
975.640000  3.948846e-021
975.660000  3.961958e-021
975.680000  3.996990e-021
975.700000  3.972678e-021
975.720000  3.972126e-021
975.740000  3.988212e-021
975.760000  3.987189e-021
975.780000  4.032657e-021
975.800000  4.040819e-021
975.820000  4.032373e-021
975.840000  4.028282e-021
975.860000  4.046851e-021
975.880000  4.050471e-021
975.900000  4.098343e-021
975.920000  4.124049e-021
975.940000  4.088049e-021
975.960000  4.116127e-021
975.980000  4.127628e-021
976.000000  4.156922e-021
976.020000  4.166651e-021
976.040000  4.187337e-021
976.060000  4.188648e-021
976.080000  4.180011e-021
976.100000  4.182812e-021
976.120000  4.235619e-021
976.140000  4.229891e-021
976.160000  4.268021e-021
976.180000  4.251635e-021
976.200000  4.260517e-021
976.220000  4.268797e-021
976.240000  4.288292e-021
976.260000  4.324313e-021
976.280000  4.305548e-021
976.300000  4.325267e-021
976.320000  4.332703e-021
976.340000  4.346887e-021
976.360000  4.349194e-021
976.380000  4.373881e-021
976.400000  4.394542e-021
976.420000  4.393099e-021
976.440000  4.403211e-021
976.460000  4.413352e-021
976.480000  4.405584e-021
976.500000  4.428952e-021
976.520000  4.442353e-021
976.540000  4.452606e-021
976.560000  4.458617e-021
976.580000  4.476414e-021
976.600000  4.502377e-021
976.620000  4.539676e-021
976.640000  4.531989e-021
976.660000  4.543319e-021
976.680000  4.525871e-021
976.700000  4.555130e-021
976.720000  4.595561e-021
976.740000  4.616961e-021
976.760000  4.641789e-021
976.780000  4.631124e-021
976.800000  4.640436e-021
976.820000  4.673425e-021
976.840000  4.681924e-021
976.860000  4.712385e-021
976.880000  4.732834e-021
976.900000  4.722731e-021
976.920000  4.721688e-021
976.940000  4.734789e-021
976.960000  4.797078e-021
976.980000  4.819621e-021
977.000000  4.839369e-021
977.020000  4.841422e-021
977.040000  4.865600e-021
977.060000  4.843787e-021
977.080000  4.873810e-021
977.100000  4.916415e-021
977.120000  4.942178e-021
977.140000  4.927064e-021
977.160000  4.946932e-021
977.180000  4.962707e-021
977.200000  4.965388e-021
977.220000  4.985184e-021
977.240000  5.007482e-021
977.260000  5.025659e-021
977.280000  5.029351e-021
977.300000  5.025777e-021
977.320000  5.080050e-021
977.340000  5.109639e-021
977.360000  5.133844e-021
977.380000  5.121503e-021
977.400000  5.134583e-021
977.420000  5.161545e-021
977.440000  5.147995e-021
977.460000  5.226729e-021
977.480000  5.235146e-021
977.500000  5.218820e-021
977.520000  5.234835e-021
977.540000  5.264954e-021
977.560000  5.315940e-021
977.580000  5.334900e-021
977.600000  5.364398e-021
977.620000  5.320652e-021
977.640000  5.325722e-021
977.660000  5.351664e-021
977.680000  5.406177e-021
977.700000  5.426022e-021
977.720000  5.422623e-021
977.740000  5.444581e-021
977.760000  5.421811e-021
977.780000  5.467972e-021
977.800000  5.476693e-021
977.820000  5.521891e-021
977.840000  5.525690e-021
977.860000  5.528812e-021
977.880000  5.522348e-021
977.900000  5.539883e-021
977.920000  5.561658e-021
977.940000  5.598899e-021
977.960000  5.576343e-021
977.980000  5.587201e-021
978.000000  5.579961e-021
978.020000  5.625026e-021
978.040000  5.647855e-021
978.060000  5.677177e-021
978.080000  5.703093e-021
978.100000  5.720520e-021
978.120000  5.723621e-021
978.140000  5.731748e-021
978.160000  5.757189e-021
978.180000  5.761737e-021
978.200000  5.817227e-021
978.220000  5.793332e-021
978.240000  5.814696e-021
978.260000  5.833225e-021
978.280000  5.859222e-021
978.300000  5.903269e-021
978.320000  5.852231e-021
978.340000  5.897692e-021
978.360000  5.939122e-021
978.380000  5.911538e-021
978.400000  5.958394e-021
978.420000  5.975068e-021
978.440000  5.959873e-021
978.460000  5.957580e-021
978.480000  5.971241e-021
978.500000  5.981146e-021
978.520000  6.008742e-021
978.540000  6.048198e-021
978.560000  6.046690e-021
978.580000  6.045181e-021
978.600000  6.060815e-021
978.620000  6.071941e-021
978.640000  6.061164e-021
978.660000  6.122765e-021
978.680000  6.058387e-021
978.700000  6.090737e-021
978.720000  6.104341e-021
978.740000  6.117206e-021
978.760000  6.199941e-021
978.780000  6.161488e-021
978.800000  6.170537e-021
978.820000  6.187671e-021
978.840000  6.174195e-021
978.860000  6.216400e-021
978.880000  6.267176e-021
978.900000  6.258329e-021
978.920000  6.251961e-021
978.940000  6.256220e-021
978.960000  6.263748e-021
978.980000  6.283583e-021
979.000000  6.334112e-021
979.020000  6.312289e-021
979.040000  6.336018e-021
979.060000  6.361527e-021
979.080000  6.361219e-021
979.100000  6.390198e-021
979.120000  6.367276e-021
979.140000  6.402148e-021
979.160000  6.441514e-021
979.180000  6.434380e-021
979.200000  6.439110e-021
979.220000  6.439183e-021
979.240000  6.469026e-021
979.260000  6.481931e-021
979.280000  6.456395e-021
979.300000  6.439475e-021
979.320000  6.489036e-021
979.340000  6.477974e-021
979.360000  6.524554e-021
979.380000  6.526376e-021
979.400000  6.542964e-021
979.420000  6.530471e-021
979.440000  6.517160e-021
979.460000  6.535880e-021
979.480000  6.570382e-021
979.500000  6.584921e-021
979.520000  6.560089e-021
979.540000  6.542355e-021
979.560000  6.592635e-021
979.580000  6.600185e-021
979.600000  6.585789e-021
979.620000  6.595124e-021
979.640000  6.620350e-021
979.660000  6.575232e-021
979.680000  6.596826e-021
979.700000  6.613239e-021
979.720000  6.631489e-021
979.740000  6.628521e-021
979.760000  6.617600e-021
979.780000  6.607587e-021
979.800000  6.603753e-021
979.820000  6.607982e-021
979.840000  6.636976e-021
979.860000  6.631478e-021
979.880000  6.607459e-021
979.900000  6.579209e-021
979.920000  6.625634e-021
979.940000  6.603418e-021
979.960000  6.612044e-021
979.980000  6.589034e-021
980.000000  6.592368e-021
980.020000  6.597274e-021
980.040000  6.571577e-021
980.060000  6.576465e-021
980.080000  6.608480e-021
980.100000  6.591481e-021
980.120000  6.585893e-021
980.140000  6.560340e-021
980.160000  6.536690e-021
980.180000  6.583980e-021
980.200000  6.568870e-021
980.220000  6.579544e-021
980.240000  6.560757e-021
980.260000  6.542086e-021
980.280000  6.546668e-021
980.300000  6.519564e-021
980.320000  6.534385e-021
980.340000  6.528700e-021
980.360000  6.508582e-021
980.380000  6.511440e-021
980.400000  6.495674e-021
980.420000  6.495637e-021
980.440000  6.518446e-021
980.460000  6.476207e-021
980.480000  6.469469e-021
980.500000  6.446053e-021
980.520000  6.426098e-021
980.540000  6.455185e-021
980.560000  6.421941e-021
980.580000  6.431041e-021
980.600000  6.382432e-021
980.620000  6.358568e-021
980.640000  6.384579e-021
980.660000  6.336212e-021
980.680000  6.367028e-021
980.700000  6.300138e-021
980.720000  6.282162e-021
980.740000  6.294005e-021
980.760000  6.239938e-021
980.780000  6.228472e-021
980.800000  6.229760e-021
980.820000  6.212469e-021
980.840000  6.207134e-021
980.860000  6.132552e-021
980.880000  6.134311e-021
980.900000  6.129043e-021
980.920000  6.128459e-021
980.940000  6.096763e-021
980.960000  6.079156e-021
980.980000  6.054695e-021
981.000000  6.022730e-021
981.020000  6.058803e-021
981.040000  6.049696e-021
981.060000  5.988222e-021
981.080000  5.949315e-021
981.100000  5.955451e-021
981.120000  5.933235e-021
981.140000  5.949037e-021
981.160000  5.925400e-021
981.180000  5.924087e-021
981.200000  5.861787e-021
981.220000  5.823614e-021
981.240000  5.826825e-021
981.260000  5.830764e-021
981.280000  5.782784e-021
981.300000  5.795293e-021
981.320000  5.748389e-021
981.340000  5.713250e-021
981.360000  5.672088e-021
981.380000  5.652125e-021
981.400000  5.676817e-021
981.420000  5.610295e-021
981.440000  5.580181e-021
981.460000  5.537299e-021
981.480000  5.517715e-021
981.500000  5.564102e-021
981.520000  5.544383e-021
981.540000  5.470008e-021
981.560000  5.441247e-021
981.580000  5.425913e-021
981.600000  5.391405e-021
981.620000  5.395026e-021
981.640000  5.382134e-021
981.660000  5.313747e-021
981.680000  5.310146e-021
981.700000  5.267190e-021
981.720000  5.257843e-021
981.740000  5.244677e-021
981.760000  5.249425e-021
981.780000  5.201959e-021
981.800000  5.185788e-021
981.820000  5.108920e-021
981.840000  5.118844e-021
981.860000  5.114499e-021
981.880000  5.108915e-021
981.900000  5.092820e-021
981.920000  5.069395e-021
981.940000  5.013199e-021
981.960000  5.032022e-021
981.980000  4.986517e-021
982.000000  4.990101e-021
982.020000  4.973519e-021
982.040000  4.937877e-021
982.060000  4.897220e-021
982.080000  4.875128e-021
982.100000  4.890132e-021
982.120000  4.844690e-021
982.140000  4.835080e-021
982.160000  4.817374e-021
982.180000  4.768708e-021
982.200000  4.742739e-021
982.220000  4.778324e-021
982.240000  4.740199e-021
982.260000  4.731262e-021
982.280000  4.676723e-021
982.300000  4.664011e-021
982.320000  4.660814e-021
982.340000  4.655946e-021
982.360000  4.625000e-021
982.380000  4.595381e-021
982.400000  4.567061e-021
982.420000  4.561240e-021
982.440000  4.543483e-021
982.460000  4.534458e-021
982.480000  4.549814e-021
982.500000  4.490183e-021
982.520000  4.485567e-021
982.540000  4.449067e-021
982.560000  4.456161e-021
982.580000  4.458486e-021
982.600000  4.443340e-021
982.620000  4.419504e-021
982.640000  4.392146e-021
982.660000  4.367037e-021
982.680000  4.356544e-021
982.700000  4.372496e-021
982.720000  4.333576e-021
982.740000  4.315980e-021
982.760000  4.303054e-021
982.780000  4.284564e-021
982.800000  4.290040e-021
982.820000  4.238240e-021
982.840000  4.260360e-021
982.860000  4.220340e-021
982.880000  4.181115e-021
982.900000  4.182425e-021
982.920000  4.180240e-021
982.940000  4.151647e-021
982.960000  4.148946e-021
982.980000  4.113566e-021
983.000000  4.080859e-021
983.020000  4.074150e-021
983.040000  4.072335e-021
983.060000  4.073946e-021
983.080000  4.057465e-021
983.100000  4.011957e-021
983.120000  3.981261e-021
983.140000  3.956004e-021
983.160000  3.984343e-021
983.180000  3.962871e-021
983.200000  3.955793e-021
983.220000  3.916613e-021
983.240000  3.930609e-021
983.260000  3.878162e-021
983.280000  3.903308e-021
983.300000  3.929034e-021
983.320000  3.897309e-021
983.340000  3.875646e-021
983.360000  3.869904e-021
983.380000  3.875790e-021
983.400000  3.869593e-021
983.420000  3.864925e-021
983.440000  3.848245e-021
983.460000  3.825203e-021
983.480000  3.815091e-021
983.500000  3.808661e-021
983.520000  3.812294e-021
983.540000  3.824637e-021
983.560000  3.815446e-021
983.580000  3.767186e-021
983.600000  3.762643e-021
983.620000  3.763518e-021
983.640000  3.747688e-021
983.660000  3.758486e-021
983.680000  3.726480e-021
983.700000  3.720161e-021
983.720000  3.680852e-021
983.740000  3.668819e-021
983.760000  3.681630e-021
983.780000  3.686914e-021
983.800000  3.683744e-021
983.820000  3.649251e-021
983.840000  3.634364e-021
983.860000  3.653809e-021
983.880000  3.645076e-021
983.900000  3.664980e-021
983.920000  3.633826e-021
983.940000  3.626037e-021
983.960000  3.618273e-021
983.980000  3.599676e-021
984.000000  3.631544e-021
984.020000  3.625986e-021
984.040000  3.605227e-021
984.060000  3.575956e-021
984.080000  3.585998e-021
984.100000  3.577930e-021
984.120000  3.595316e-021
984.140000  3.617978e-021
984.160000  3.581321e-021
984.180000  3.574131e-021
984.200000  3.562238e-021
984.220000  3.553110e-021
984.240000  3.572689e-021
984.260000  3.571691e-021
984.280000  3.554410e-021
984.300000  3.541462e-021
984.320000  3.510743e-021
984.340000  3.528847e-021
984.360000  3.510054e-021
984.380000  3.530703e-021
984.400000  3.503871e-021
984.420000  3.500903e-021
984.440000  3.471840e-021
984.460000  3.495810e-021
984.480000  3.481041e-021
984.500000  3.479337e-021
984.520000  3.469224e-021
984.540000  3.434052e-021
984.560000  3.432346e-021
984.580000  3.447339e-021
984.600000  3.433101e-021
984.620000  3.451504e-021
984.640000  3.411521e-021
984.660000  3.409061e-021
984.680000  3.410745e-021
984.700000  3.400020e-021
984.720000  3.422405e-021
984.740000  3.428239e-021
984.760000  3.413335e-021
984.780000  3.398496e-021
984.800000  3.391940e-021
984.820000  3.383964e-021
984.840000  3.384209e-021
984.860000  3.396789e-021
984.880000  3.368305e-021
984.900000  3.364461e-021
984.920000  3.368793e-021
984.940000  3.352708e-021
984.960000  3.361109e-021
984.980000  3.361353e-021
985.000000  3.349369e-021
985.200000  3.279421e-021
985.400000  3.224482e-021
985.600000  3.209848e-021
985.800000  3.183798e-021
986.000000  3.129587e-021
986.200000  3.060345e-021
986.400000  3.029798e-021
986.600000  2.979333e-021
986.800000  2.891091e-021
987.000000  2.842141e-021
987.200000  2.795781e-021
987.400000  2.724947e-021
987.600000  2.659554e-021
987.800000  2.623932e-021
988.000000  2.596436e-021
988.200000  2.536098e-021
988.400000  2.473487e-021
988.600000  2.448482e-021
988.800000  2.424208e-021
989.000000  2.399792e-021
989.200000  2.387449e-021
989.400000  2.380790e-021
989.600000  2.337086e-021
989.800000  2.277400e-021
990.000000  2.253113e-021
990.200000  2.227666e-021
990.400000  2.145998e-021
990.600000  2.101599e-021
990.800000  2.092444e-021
991.000000  2.066965e-021
991.200000  2.006809e-021
991.400000  1.974369e-021
991.600000  1.951138e-021
991.800000  1.887376e-021
992.000000  1.823875e-021
992.200000  1.789915e-021
992.400000  1.732070e-021
992.600000  1.656192e-021
992.800000  1.620397e-021
993.000000  1.603937e-021
993.200000  1.556061e-021
993.400000  1.489752e-021
993.600000  1.444327e-021
993.800000  1.394808e-021
994.000000  1.327051e-021
994.200000  1.262814e-021
994.400000  1.251284e-021
994.600000  1.233909e-021
994.800000  1.181732e-021
995.000000  1.157845e-021
995.200000  1.164265e-021
995.400000  1.163544e-021
995.600000  1.127543e-021
995.800000  1.115327e-021
996.000000  1.118275e-021
996.200000  1.082264e-021
996.400000  1.053711e-021
996.600000  1.032508e-021
996.800000  1.013243e-021
997.000000  9.638485e-022
997.200000  9.566557e-022
997.400000  9.637546e-022
997.600000  9.439485e-022
997.800000  8.915763e-022
998.000000  8.775013e-022
998.200000  8.657187e-022
998.400000  8.203341e-022
998.600000  8.141830e-022
998.800000  8.360001e-022
999.000000  8.207436e-022
999.200000  7.764333e-022
999.400000  7.597736e-022
999.600000  7.599102e-022
999.800000  7.174638e-022
1000.000000  7.044698e-022
1000.200000  6.765072e-022
1000.400000  6.682557e-022
1000.600000  6.455843e-022
1000.800000  6.248661e-022
1001.000000  6.167431e-022
1001.200000  6.116913e-022
1001.400000  6.028584e-022
1001.600000  5.810120e-022
1001.800000  5.624241e-022
1002.000000  5.575198e-022
1002.200000  5.694903e-022
1002.400000  5.762529e-022
1002.600000  5.796687e-022
1002.800000  5.804533e-022
1003.000000  5.722030e-022
1003.200000  5.672771e-022
1003.400000  5.645038e-022
1003.600000  5.584789e-022
1003.800000  5.156696e-022
1004.000000  4.848405e-022
1004.200000  4.804897e-022
1004.400000  4.886167e-022
1004.600000  4.941870e-022
1004.800000  4.922255e-022
1005.000000  4.801494e-022
1005.200000  4.709415e-022
1005.400000  4.654723e-022
1005.600000  4.618640e-022
1005.800000  4.558390e-022
1006.000000  4.658052e-022
1006.200000  4.403632e-022
1006.400000  4.265472e-022
1006.600000  4.109674e-022
1006.800000  4.153340e-022
1007.000000  4.209142e-022
1007.200000  4.192783e-022
1007.400000  4.149908e-022
1007.600000  4.083908e-022
1007.800000  4.049590e-022
1008.000000  4.023479e-022
1008.200000  3.903239e-022
1008.400000  3.836174e-022
1008.600000  3.913582e-022
1008.800000  3.912791e-022
1009.000000  3.945666e-022
1009.200000  3.884849e-022
1009.400000  3.866324e-022
1009.600000  3.906323e-022
1009.800000  4.147221e-022
1010.000000  4.064748e-022
1010.200000  3.866615e-022
1010.400000  3.567568e-022
1010.600000  3.581701e-022
1010.800000  3.465105e-022
1011.000000  3.343773e-022
1011.200000  3.427329e-022
1011.400000  3.225071e-022
1011.600000  3.265209e-022
1011.800000  3.334967e-022
1012.000000  3.528351e-022
1012.200000  3.462012e-022
1012.400000  3.440769e-022
1012.600000  3.315912e-022
1012.800000  3.228018e-022
1013.000000  3.359177e-022
1013.200000  3.486621e-022
1013.400000  3.395477e-022
1013.600000  3.213365e-022
1013.800000  3.086722e-022
1014.000000  3.005520e-022
1014.200000  2.850356e-022
1014.400000  2.561931e-022
1014.600000  2.215506e-022
1014.800000  2.109636e-022
1015.000000  2.247295e-022
1015.200000  2.452445e-022
1015.400000  2.450295e-022
1015.600000  2.514552e-022
1015.800000  2.452476e-022
1016.000000  2.428443e-022
1016.200000  2.407694e-022
1016.400000  2.295842e-022
1016.600000  2.381192e-022
1016.800000  2.384089e-022
1017.000000  2.491448e-022
1017.200000  2.468747e-022
1017.400000  2.368412e-022
1017.600000  2.325264e-022
1017.800000  2.332635e-022
1018.000000  2.399216e-022
1018.200000  2.248398e-022
1018.400000  2.206167e-022
1018.600000  2.192084e-022
1018.800000  2.193984e-022
1019.000000  2.064482e-022
1019.200000  1.956134e-022
1019.400000  1.933645e-022
1019.600000  1.874352e-022
1019.800000  1.941732e-022
1020.000000  1.964361e-022
1020.200000  1.543978e-022
1020.400000  1.683211e-022
1020.600000  1.236711e-022
1020.800000  1.189431e-022
1021.000000  1.603289e-022
1021.200000  1.643935e-022
1021.400000  1.307563e-022
1021.600000  1.330448e-022
1021.800000  1.607055e-022
1022.000000  1.348191e-022
1022.200000  1.074067e-022
1022.400000  1.384238e-022
1022.600000  1.523400e-022
1022.800000  1.202032e-022
1023.000000  1.067590e-022
1023.200000  1.441328e-022
1023.400000  1.405642e-022
1023.600000  9.702077e-023
1023.800000  9.461390e-023
1024.000000  1.335628e-022
1024.200000  1.162423e-022
1024.400000  8.764457e-023
1024.600000  1.238607e-022
1024.800000  1.317312e-022
1025.000000  9.245119e-023
1025.200000  8.501039e-023
1025.400000  1.197244e-022
1025.600000  1.212093e-022
1025.800000  8.286295e-023
1026.000000  1.052037e-022
1026.200000  1.403162e-022
1026.400000  1.207601e-022
1026.600000  9.573109e-023
1026.800000  1.254418e-022
1027.000000  1.168493e-022
1027.200000  7.080310e-023
1027.400000  8.192594e-023
1027.600000  1.344808e-022
1027.800000  1.322707e-022
1028.000000  8.510968e-023
1028.200000  1.111851e-022
1028.400000  1.301307e-022
1028.600000  8.322674e-023
1028.800000  5.608289e-023
1029.000000  8.573912e-023
1029.200000  7.854325e-023
1029.400000  5.105461e-023
1029.600000  6.438527e-023
1029.800000  1.131244e-022
1030.000000  1.072599e-022
1030.200000  7.663972e-023
1030.400000  9.420959e-023
1030.600000  1.255139e-022
1030.800000  9.079883e-023
1031.000000  7.460875e-023
1031.200000  1.167547e-022
1031.400000  1.134211e-022
1031.600000  6.038075e-023
1031.800000  5.001971e-023
1032.000000  8.115198e-023
1032.200000  7.930614e-023
1032.400000  5.249734e-023
1032.600000  7.731312e-023
1032.800000  1.049137e-022
1033.000000  7.841875e-023
1033.200000  5.806474e-023
1033.400000  8.764585e-023
1033.600000  8.524487e-023
1033.800000  5.337794e-023
1034.000000  6.331414e-023
1034.200000  9.458807e-023
1034.400000  6.560349e-023
1034.600000  2.813420e-023
1034.800000  4.639917e-023
1035.000000  5.633991e-023
1035.200000  7.088265e-024
1035.400000  5.731639e-024
1035.600000  5.274386e-023
1035.800000  5.210126e-023
1036.000000  6.524009e-024
1036.200000  1.858186e-023
1036.400000  5.545775e-023
1036.600000  2.246117e-023
1036.800000  -8.727910e-024
1037.000000  2.742799e-023
1037.200000  5.408274e-023
1037.400000  1.718465e-023
1037.600000  1.543615e-023
1037.800000  4.904140e-023
1038.000000  3.280919e-023
1038.200000  -3.354348e-024
1038.400000  8.686427e-024
1038.600000  5.352671e-023
1038.800000  3.584789e-023
1039.000000  9.889125e-024
1039.200000  2.848703e-023
1039.400000  2.069773e-023
1039.600000  -1.388807e-023
1039.800000  -1.061604e-023
1040.000000  3.551784e-023
1040.200000  2.334554e-023
1040.400000  -1.789731e-023
1040.600000  -7.563694e-024
1040.800000  2.079143e-023
1041.000000  1.812951e-024
1041.200000  -1.995053e-023
1041.400000  -7.176386e-025
1041.600000  -9.934192e-024
1041.800000  -5.188958e-023
1042.000000  -4.457929e-023
1042.200000  -2.150890e-025
1042.400000  -1.587301e-024
1042.600000  -3.028432e-023
1042.800000  -4.341066e-024
1043.000000  1.734992e-023
1043.200000  -3.205491e-024
1043.400000  -3.339418e-023
1043.600000  9.399086e-024
1043.800000  1.356135e-023
1044.000000  -2.794612e-023
1044.200000  -2.934306e-023
1044.400000  6.704228e-024
1044.600000  -3.556500e-024
1044.800000  -3.207103e-023
1045.000000  3.897712e-024
1045.200000  1.378371e-023
1045.400000  -2.810350e-023
1045.600000  -4.385753e-023
1045.800000  3.617245e-025
1046.000000  6.011083e-024
1046.200000  -2.808732e-023
1046.400000  -1.762188e-023
1046.600000  2.001450e-023
1046.800000  -5.615412e-024
1047.000000  -4.555226e-023
1047.200000  -1.607103e-023
1047.400000  -1.452824e-024
1047.600000  -2.457351e-023
1047.800000  -2.904453e-023
1048.000000  1.495791e-023
1048.200000  1.400982e-023
1048.400000  -3.124883e-023
1048.600000  -3.008103e-023
1048.800000  -4.042523e-024
1049.000000  -2.466673e-023
1049.200000  -4.523238e-023
1049.400000  -1.293470e-023
1049.600000  -9.628252e-025
1049.800000  -3.708482e-023
1050.000000  -5.614053e-023
1050.200000  -2.028594e-023
1050.400000  -2.072697e-023
1050.600000  -4.844068e-023
1050.800000  -3.750602e-023
1051.000000  -7.044348e-024
1051.200000  -2.957988e-023
1051.400000  -5.255504e-023
1051.600000  -2.005770e-023
1051.800000  6.244485e-024
1052.000000  -3.060676e-023
1052.200000  -4.588639e-023
1052.400000  -9.189834e-024
1052.600000  -1.116641e-023
1052.800000  -4.603684e-023
1053.000000  -2.320286e-023
1053.200000  9.881567e-024
1053.400000  -1.836488e-023
1053.600000  -4.193208e-023
1053.800000  -1.963992e-023
1054.000000  -2.361967e-023
1054.200000  -7.402673e-023
1054.400000  -8.466457e-023
1054.600000  -4.130504e-023
1054.800000  -4.682893e-023
1055.000000  -9.106829e-023
1055.200000  -6.047967e-023
1055.400000  -1.975523e-023
1055.600000  -4.168534e-023
1055.800000  -6.570980e-023
1056.000000  -3.424508e-023
1056.200000  -3.618136e-023
1056.400000  -7.307151e-023
1056.600000  -7.051047e-023
1056.800000  -2.394753e-023
1057.000000  -4.132941e-023
1057.200000  -7.515252e-023
1057.400000  -4.364856e-023
1057.600000  -1.012755e-023
1057.800000  -3.466588e-023
1058.000000  -5.356763e-023
1058.200000  -1.744237e-023
1058.400000  -1.483917e-023
1058.600000  -5.001203e-023
1058.800000  -6.583917e-023
1059.000000  -2.005943e-023
1059.200000  -3.686549e-023
1059.400000  -5.931161e-023
1059.600000  -2.377434e-023
1059.800000  1.658061e-023
1060.000000  -1.679788e-023
1060.200000  -5.383616e-023
1060.400000  -2.526642e-023
1060.600000  -2.003431e-023
1060.800000  -5.494279e-023
1061.000000  -5.121752e-023
1061.200000  -2.788282e-023
1061.400000  -6.175773e-023
1061.600000  -9.830731e-023
1061.800000  -7.042664e-023
1062.000000  -4.338197e-023
1062.200000  -7.419259e-023
1062.400000  -8.444469e-023
1062.600000  -5.178195e-023
1062.800000  -4.961729e-023
1063.000000  -8.307341e-023
1063.200000  -8.355586e-023
1063.400000  -4.250524e-023
1063.600000  -6.037997e-023
1063.800000  -7.997415e-023
1064.000000  -4.007762e-023
1064.200000  -1.409229e-023
1064.400000  -4.500313e-023
1064.600000  -5.108058e-023
1064.800000  -1.476362e-023
1065.000000  -2.603253e-023
1065.200000  -6.713503e-023
1065.400000  -5.464627e-023
1065.600000  -2.051252e-023
1065.800000  -4.821188e-023
1066.000000  -8.019821e-023
1066.200000  -5.740992e-023
1066.400000  -4.531805e-023
1066.600000  -8.081966e-023
1066.800000  -9.173080e-023
1067.000000  -5.217025e-023
1067.200000  -4.788323e-023
1067.400000  -6.374638e-023
1067.600000  -2.903918e-023
1067.800000  -9.366779e-025
1068.000000  -3.033998e-023
1068.200000  -6.237992e-023
1068.400000  -3.320161e-023
1068.600000  -2.841345e-023
1068.800000  -6.503684e-023
1069.000000  -6.289164e-023
1069.200000  -1.971931e-023
1069.400000  -3.257595e-023
1069.600000  -7.334393e-023
1069.800000  -5.877574e-023
1070.000000  -2.080169e-023
1070.200000  -5.174440e-023
1070.400000  -7.444523e-023
1070.600000  -3.907160e-023
1070.800000  -3.429372e-023
1071.000000  -7.828459e-023
1071.200000  -8.200400e-023
1071.400000  -4.280220e-023
1071.600000  -7.027123e-023
1071.800000  -1.065965e-022
1072.000000  -8.512528e-023
1072.200000  -5.479394e-023
1072.400000  -7.902071e-023
1072.600000  -9.361529e-023
1072.800000  -4.556390e-023
1073.000000  -4.228169e-023
1073.200000  -7.128655e-023
1073.400000  -6.231590e-023
1073.600000  -2.267694e-023
1073.800000  -3.244677e-023
1074.000000  -6.370467e-023
1074.200000  -3.849983e-023
1074.400000  -2.008514e-023
1074.600000  -4.658148e-023
1074.800000  -5.635797e-023
1075.000000  -1.239466e-023
1075.200000  -2.432108e-024
1075.400000  -3.927044e-023
1075.600000  -3.550194e-023
1075.800000  -6.194318e-024
1076.000000  -3.367788e-023
1076.200000  -7.324111e-023
1076.400000  -4.395548e-023
1076.600000  -2.027144e-023
1076.800000  -5.351142e-023
1077.000000  -5.088958e-023
1077.200000  -1.518593e-023
1077.400000  -3.022597e-023
1077.600000  -7.499203e-023
1077.800000  -7.873846e-023
1078.000000  -5.186502e-023
1078.200000  -8.677229e-023
1078.400000  -1.094575e-022
1078.600000  -6.891265e-023
1078.800000  -5.354913e-023
1079.000000  -8.591049e-023
1079.200000  -9.272446e-023
1079.400000  -5.904279e-023
1079.600000  -6.198805e-023
1079.800000  -9.565907e-023
1080.000000  -6.660964e-023
1080.200000  -1.484358e-023
1080.400000  -3.259830e-023
1080.600000  -6.298380e-023
1080.800000  -2.498842e-023
1081.000000  9.015145e-025
1081.200000  -3.000825e-023
1081.400000  -3.620227e-023
1081.600000  -7.658557e-024
1081.800000  -2.067906e-023
1082.000000  -6.820801e-023
1082.200000  -4.924158e-023
1082.400000  -2.187910e-023
1082.600000  -4.956857e-023
1082.800000  -7.787726e-023
1083.000000  -4.199072e-023
1083.200000  -2.558671e-023
1083.400000  -4.540662e-023
1083.600000  -5.318870e-023
1083.800000  -1.679795e-023
1084.000000  -2.876248e-023
1084.200000  -6.073591e-023
1084.400000  -3.279458e-023
1084.600000  -1.206623e-023
1084.800000  -4.143311e-023
1085.000000  -6.654290e-023
1085.200000  -2.855687e-023
1085.400000  -2.788860e-023
1085.600000  -7.449286e-023
1085.800000  -8.029506e-023
1086.000000  -4.275206e-023
1086.200000  -4.834827e-023
1086.400000  -7.563010e-023
1086.600000  -5.190351e-023
1086.800000  -2.597040e-023
1087.000000  -5.472906e-023
1087.200000  -7.475187e-023
1087.400000  -3.245689e-023
1087.600000  -2.914644e-023
1087.800000  -7.172530e-023
1088.000000  -7.425273e-023
1088.200000  -2.932046e-023
1088.400000  -3.023846e-023
1088.600000  -5.594510e-023
1088.800000  -2.894615e-023
1089.000000  -6.724714e-024
1089.200000  -3.341462e-023
1089.400000  -5.280050e-023
1089.600000  -1.160370e-023
1089.800000  -1.253313e-023
1090.000000  -6.017291e-023
1090.200000  -4.907030e-023
1090.400000  -1.636452e-023
1090.600000  -3.517705e-023
1090.800000  -6.618833e-023
1091.000000  -4.296680e-023
1091.200000  -2.431154e-023
1091.400000  -6.214534e-023
1091.600000  -6.857779e-023
1091.800000  -1.708454e-023
1092.000000  -1.484187e-023
1092.200000  -5.899596e-023
1092.400000  -6.885627e-023
1092.600000  -3.656722e-023
1092.800000  -5.639100e-023
1093.000000  -8.808294e-023
1093.200000  -5.367580e-023
1093.400000  -3.663661e-023
1093.600000  -7.937421e-023
1093.800000  -9.358415e-023
1094.000000  -5.480475e-023
1094.200000  -5.305243e-023
1094.400000  -7.228067e-023
1094.600000  -4.163141e-023
1094.800000  -1.494892e-024
1095.000000  -1.876295e-023
1095.200000  -3.815854e-023
1095.400000  -1.060966e-023
1095.600000  2.701449e-024
1095.800000  -4.204464e-023
1096.000000  -5.313593e-023
1096.200000  -2.069004e-023
1096.400000  -1.684129e-023
1096.600000  -4.154612e-023
1096.800000  -1.766895e-023
1097.000000  -4.333102e-024
1097.200000  -4.220503e-023
1097.400000  -7.333400e-023
1097.600000  -4.150678e-023
1097.800000  -3.238481e-023
1098.000000  -6.928498e-023
1098.200000  -8.450444e-023
1098.400000  -5.206293e-023
1098.600000  -5.459389e-023
1098.800000  -7.145055e-023
1099.000000  -4.963547e-023
1099.200000  -3.047040e-023
1099.400000  -6.246569e-023
1099.600000  -8.297004e-023
1099.800000  -3.540611e-023
1100.000000  -3.632053e-023
1100.200000  -7.923747e-023
1100.400000  -7.275403e-023
1100.600000  -1.798873e-023
1100.800000  -2.207518e-023
1101.000000  -4.692949e-023
1101.200000  -2.503988e-023
1101.400000  -6.338203e-024
1101.600000  -4.492411e-023
1101.800000  -4.643136e-023
1102.000000  -2.228132e-024
1102.200000  -5.146486e-025
1102.400000  -5.055204e-023
1102.600000  -5.207717e-023
1102.800000  -4.376470e-024
1103.000000  -2.771583e-023
1103.200000  -5.542422e-023
1103.400000  -2.641533e-023
1103.600000  -5.488371e-024
1103.800000  -4.044834e-023
1104.000000  -6.912830e-023
1104.200000  -3.394461e-023
1104.400000  -3.591136e-023
1104.600000  -7.915038e-023
1104.800000  -6.313567e-023
1105.000000  -1.694977e-023
1105.200000  -3.075396e-023
1105.400000  -8.576345e-023
1105.600000  -6.418342e-023
1105.800000  -3.814604e-023
1106.000000  -5.889871e-023
1106.200000  -6.522803e-023
1106.400000  -1.989363e-023
1106.600000  -2.296147e-023
1106.800000  -5.632558e-023
1107.000000  -5.140408e-023
1107.200000  -2.537424e-023
1107.400000  -4.196945e-023
1107.600000  -6.527850e-023
1107.800000  -2.344475e-023
1108.000000  -7.054481e-024
1108.200000  -3.981367e-023
1108.400000  -4.948815e-023
1108.600000  -7.760310e-024
1108.800000  -1.626426e-023
1109.000000  -4.806834e-023
1109.200000  -3.120026e-023
1109.400000  -2.264631e-025
1109.600000  -2.882619e-023
1109.800000  -5.870571e-023
1110.000000  -3.189200e-023
1110.200000  -3.057836e-023
1110.400000  -6.730069e-023
1110.600000  -5.756188e-023
1110.800000  1.196220e-024
1111.000000  -3.569469e-024
1111.200000  -4.373667e-023
1111.400000  -2.889005e-023
1111.600000  3.318150e-024
1111.800000  -2.318789e-023
1112.000000  -4.660408e-023
1112.200000  -8.844249e-024
1112.400000  -8.719916e-024
1112.600000  -4.791903e-023
1112.800000  -5.498962e-023
1113.000000  -1.822191e-023
1113.200000  -4.330715e-023
1113.400000  -8.430704e-023
1113.600000  -5.790130e-023
1113.800000  -2.105622e-023
1114.000000  -6.355857e-023
1114.200000  -9.140152e-023
1114.400000  -4.043195e-023
1114.600000  -2.761954e-023
1114.800000  -4.718621e-023
1115.000000  -4.112460e-023
1115.200000  -2.072431e-024
1115.400000  -1.947569e-023
1115.600000  -5.875987e-023
1115.800000  -2.962100e-023
1116.000000  2.810138e-024
1116.200000  -2.328749e-023
1116.400000  -2.602511e-023
1116.600000  2.022676e-023
1116.800000  1.753442e-023
1117.000000  -3.757248e-023
1117.200000  -2.660415e-023
1117.400000  1.191523e-023
1117.600000  -1.261995e-023
1117.800000  -4.765873e-023
1118.000000  -1.134654e-023
1118.200000  2.019052e-023
1118.400000  -1.611359e-023
1118.600000  -3.262928e-023
1118.800000  4.579625e-024
1119.000000  4.703837e-024
1119.200000  -3.179566e-023
1119.400000  -1.001882e-023
1119.600000  1.725868e-023
1119.800000  -1.532800e-023
1120.000000  -4.590202e-023
1120.200000  -1.248279e-025
1120.400000  1.841891e-023
1120.600000  -3.325726e-023
1120.800000  -6.126176e-023
1121.000000  -2.371458e-024
1121.200000  5.519019e-024
1121.400000  -2.950014e-023
1121.600000  -1.768889e-023
1121.800000  1.317479e-023
1122.000000  -1.021840e-023
1122.200000  -3.760954e-023
1122.400000  6.738891e-025
1122.600000  4.332188e-023
1122.800000  2.617065e-024
1123.000000  -1.721558e-023
1123.200000  -4.405937e-025
1123.400000  2.439550e-024
1123.600000  -1.433490e-023
1123.800000  -1.294182e-024
1124.000000  1.007251e-023
1124.200000  -1.876348e-023
1124.400000  -3.713213e-023
1124.600000  3.734185e-024
1124.800000  7.200474e-024
1125.000000  -2.726574e-023
1125.200000  6.901376e-024
1125.400000  7.926721e-023
1125.600000  6.617584e-023
1125.800000  -3.457056e-024
1126.000000  9.662666e-024
1126.200000  4.426579e-023
1126.400000  8.208799e-024
1126.600000  -4.008958e-023
1126.800000  -3.102341e-023
1127.000000  -3.482767e-023
1127.200000  -7.489095e-023
1127.400000  -7.121932e-023
1127.600000  -1.040066e-023
1127.800000  -7.423631e-024
1128.000000  -2.540201e-023
1128.200000  -8.743107e-024
1128.400000  3.755191e-023
1128.600000  2.137512e-023
1128.800000  9.697439e-024
1129.000000  3.986571e-023
1129.200000  2.753083e-023
1129.400000  -1.946361e-023
1129.600000  1.077825e-023
1129.800000  4.585415e-023
1130.000000  9.884002e-024
1130.200000  -5.478926e-023
1130.400000  -2.961391e-023
1130.600000  -4.493095e-024
1130.800000  -3.441932e-023
1131.000000  -5.143061e-023
1131.200000  -6.440694e-024
1131.400000  -2.935093e-024
1131.600000  -3.766074e-023
1131.800000  -2.624008e-023
1132.000000  5.952318e-024
1132.200000  -2.151326e-023
1132.400000  -5.944441e-023
1132.600000  -3.682839e-023
1132.800000  -2.001707e-023
1133.000000  -3.769123e-023
1133.200000  -2.507336e-023
1133.400000  3.401660e-023
1133.600000  4.754771e-023
1133.800000  2.620918e-023
1134.000000  3.568161e-023
1134.200000  6.501182e-023
1134.400000  5.785777e-023
1134.600000  6.555818e-023
1134.800000  1.152375e-022
1135.000000  1.035060e-022
1135.200000  3.115689e-023
1135.400000  -7.584081e-024
1135.600000  9.314148e-024
1135.800000  1.465408e-023
1136.000000  -1.224147e-023
1136.200000  -1.801692e-023
1136.400000  -1.823746e-023
1136.600000  -5.679761e-023
1136.800000  -7.937248e-023
1137.000000  -3.972049e-023
1137.200000  -4.184888e-024
1137.400000  -4.085126e-023
1137.600000  -5.318661e-023
1137.800000  -1.508415e-023
1138.000000  -2.424507e-023
1138.200000  -5.425961e-023
1138.400000  -3.257781e-023
1138.600000  5.275538e-025
1138.800000  -3.799655e-023
1139.000000  -6.264737e-023
1139.200000  -1.730821e-023
1139.400000  3.413025e-024
1139.600000  -2.933679e-023
1139.800000  -1.594015e-023
1140.000000  3.209492e-023
1140.200000  1.977357e-023
1140.400000  -1.738129e-023
1140.600000  1.766109e-023
1140.800000  6.054601e-023
1141.000000  3.095468e-023
1141.200000  -6.294393e-024
1141.400000  3.360352e-023
1141.600000  4.556740e-023
1141.800000  7.135764e-024
1142.000000  4.290169e-024
1142.200000  4.177402e-023
1142.400000  2.113541e-023
1142.600000  -1.008279e-023
1142.800000  1.072199e-023
1143.000000  3.395192e-023
1143.200000  -1.451220e-024
1143.400000  -2.512447e-023
1143.600000  1.595341e-023
1143.800000  6.318140e-025
1144.000000  -4.155002e-023
1144.200000  -2.019849e-023
1144.400000  2.900828e-023
1144.600000  -7.292119e-024
1144.800000  -5.232229e-023
1145.000000  -2.250687e-023
1145.200000  -3.930477e-024
1145.400000  -3.768703e-023
1145.600000  -5.783160e-023
1145.800000  -2.616034e-023
1146.000000  -2.005365e-023
1146.200000  -5.520490e-023
1146.400000  -2.184491e-023
1146.600000  3.577884e-023
1146.800000  2.091261e-023
1147.000000  -1.827713e-023
1147.200000  2.473374e-023
1147.400000  4.754423e-023
1147.600000  2.897273e-024
1147.800000  -2.029666e-023
1148.000000  1.926665e-023
1148.200000  2.117918e-023
1148.400000  -3.769417e-024
1148.600000  2.442204e-023
1148.800000  6.818354e-023
1149.000000  3.002399e-023
1149.200000  -1.642989e-023
1149.400000  1.832433e-023
1149.600000  5.521975e-023
1149.800000  1.796398e-023
1150.000000  -1.721947e-024
