800.000000  1E-38
800.200000  1E-38
800.400000  1E-38
800.600000  6.950832e-028
800.800000  8.115588e-028
801.000000  -8.653258e-029
801.200000  1.048767e-027
801.400000  6.987232e-028
801.600000  6.789323e-028
801.800000  -5.001467e-028
802.000000  5.387394e-028
802.200000  9.386690e-028
802.400000  6.442647e-028
802.600000  4.522626e-028
802.800000  3.278659e-028
803.000000  5.749144e-028
803.200000  5.152690e-028
803.400000  4.687036e-028
803.600000  1.744817e-027
803.800000  1.002257e-027
804.000000  1.150741e-027
804.200000  7.482691e-028
804.400000  1.793128e-027
804.600000  1.269894e-027
804.800000  1.389572e-027
805.000000  1.530446e-027
805.200000  1.380245e-027
805.400000  1.667713e-027
805.600000  1.222257e-027
805.800000  8.582725e-028
806.000000  1.053448e-027
806.200000  2.121679e-027
806.400000  -1.880021e-029
806.600000  1.513003e-027
806.800000  7.053781e-028
807.000000  6.577356e-028
807.200000  -1.114437e-028
807.400000  8.609190e-028
807.600000  9.392463e-028
807.800000  3.002963e-028
808.000000  -6.088915e-028
808.200000  9.361957e-028
808.400000  8.171062e-029
808.600000  2.460064e-029
808.800000  6.855065e-028
809.000000  1.622009e-029
809.200000  3.133349e-028
809.400000  -5.352859e-028
809.600000  1.354749e-028
809.800000  -1.073983e-028
810.000000  -1.666164e-027
810.200000  -5.177510e-028
810.400000  -8.980554e-029
810.600000  1.711395e-027
810.800000  -9.284579e-028
811.000000  -9.496387e-028
811.200000  9.559475e-028
811.400000  -2.270334e-028
811.600000  6.138455e-028
811.800000  4.650925e-028
812.000000  1.479810e-027
812.200000  8.518738e-028
812.400000  6.089380e-029
812.600000  7.095360e-028
812.800000  2.908099e-027
813.000000  2.941528e-028
813.200000  -1.319458e-029
813.400000  -1.848811e-028
813.600000  2.135613e-027
813.800000  5.990097e-028
814.000000  5.410492e-028
814.200000  -1.525726e-028
814.400000  1.890197e-027
814.600000  1.723120e-027
814.800000  -2.076119e-027
815.000000  1.098607e-027
815.200000  1.181370e-027
815.400000  -8.345867e-028
815.600000  -1.804402e-027
815.800000  2.482386e-027
816.000000  2.383659e-027
816.200000  1.545775e-028
816.400000  6.858314e-028
816.600000  6.073488e-028
816.800000  6.489110e-028
817.000000  1.695328e-027
817.200000  1.063967e-027
817.400000  2.774741e-027
817.600000  -4.365538e-028
817.800000  -4.594621e-028
818.000000  -1.428137e-027
818.200000  9.862015e-028
818.400000  7.389031e-028
818.600000  -1.941700e-027
818.800000  2.697781e-029
819.000000  5.180293e-028
819.200000  7.163721e-028
819.400000  -2.810043e-027
819.600000  4.633731e-029
819.800000  6.122129e-028
820.000000  -3.730211e-028
820.200000  -5.107132e-028
820.400000  1.172675e-027
820.600000  2.554089e-027
820.800000  7.393257e-028
821.000000  -4.967221e-027
821.200000  -7.679377e-028
821.400000  6.705259e-028
821.600000  -8.697336e-028
821.800000  -2.292036e-027
822.000000  9.067031e-028
822.200000  -7.225971e-028
822.400000  1.259156e-028
822.600000  -2.167273e-028
822.800000  4.387702e-027
823.000000  2.664856e-027
823.200000  -3.099289e-027
823.400000  1.039994e-027
823.600000  3.411741e-027
823.800000  6.309342e-027
824.000000  7.390878e-028
824.200000  -1.703409e-028
824.400000  3.441992e-027
824.600000  1.332470e-027
824.800000  -2.014630e-027
825.000000  -1.936655e-027
825.200000  3.851257e-027
825.400000  -6.427213e-027
825.600000  -5.064633e-027
825.800000  -3.022866e-027
826.000000  8.611248e-028
826.200000  -1.262226e-028
826.400000  -2.165899e-027
826.600000  9.063070e-028
826.800000  4.591559e-027
827.000000  3.497086e-028
827.200000  3.306408e-027
827.400000  2.773336e-027
827.600000  1.752982e-027
827.800000  -2.273723e-027
828.000000  -3.797738e-029
828.200000  6.311508e-027
828.400000  -7.928761e-028
828.600000  -1.687523e-027
828.800000  3.171377e-027
829.000000  3.489186e-027
829.200000  -7.653563e-028
829.400000  9.065789e-028
829.600000  6.607382e-027
829.800000  1.835818e-027
830.000000  2.787694e-027
830.200000  -2.828046e-027
830.400000  4.074067e-028
830.600000  1.711213e-027
830.800000  -4.092731e-027
831.000000  -6.882749e-027
831.200000  -6.130302e-027
831.400000  -6.448503e-028
831.600000  -7.016859e-027
831.800000  -2.521340e-027
832.000000  -2.536471e-027
832.200000  1.966578e-027
832.400000  -2.410468e-027
832.600000  -6.334983e-027
832.800000  5.384215e-027
833.000000  -5.660090e-028
833.200000  3.731186e-027
833.400000  -3.383798e-027
833.600000  5.350942e-027
833.800000  2.238473e-027
834.000000  1.294678e-027
834.200000  -4.571071e-028
834.400000  2.567312e-027
834.600000  -2.069101e-028
834.800000  -6.500988e-027
835.000000  -8.967502e-028
835.200000  2.410834e-027
835.400000  -5.895790e-028
835.600000  -9.466336e-028
835.800000  6.541014e-028
836.000000  7.436597e-027
836.200000  1.073261e-027
836.400000  -1.630752e-028
836.600000  1.432232e-027
836.800000  4.747495e-027
837.000000  -6.852813e-028
837.200000  -1.467292e-027
837.400000  1.652627e-027
837.600000  1.827024e-027
837.800000  -4.357780e-027
838.000000  -1.206780e-026
838.200000  4.884338e-027
838.400000  -5.647928e-027
838.600000  -6.553208e-027
838.800000  -1.355672e-026
839.000000  1.700496e-027
839.200000  -8.059351e-027
839.400000  -8.833453e-027
839.600000  -5.516472e-027
839.800000  -9.349932e-028
840.000000  6.234680e-027
840.200000  3.101877e-027
840.400000  3.414362e-027
840.600000  6.966073e-027
840.800000  -2.033602e-027
841.000000  -9.254816e-027
841.200000  4.311834e-027
841.400000  2.974956e-027
841.600000  -6.425216e-027
841.800000  4.854327e-027
842.000000  -1.055066e-026
842.200000  2.198236e-027
842.400000  -1.254784e-026
842.600000  -2.759040e-027
842.800000  2.516433e-027
843.000000  -5.665351e-027
843.200000  -1.685032e-027
843.400000  -9.926663e-027
843.600000  4.910285e-027
843.800000  -2.096113e-026
844.000000  -2.237311e-026
844.200000  -1.194952e-026
844.400000  -1.647145e-026
844.600000  -2.388524e-026
844.800000  -1.694659e-026
845.000000  -1.166387e-026
845.200000  -1.294729e-026
845.400000  -8.672934e-027
845.600000  5.562092e-027
845.800000  -5.100727e-027
846.000000  5.258815e-027
846.200000  -5.250401e-027
846.400000  6.351359e-027
846.600000  1.218320e-026
846.800000  1.448834e-026
847.000000  8.268207e-027
847.200000  3.299472e-027
847.400000  9.339341e-027
847.600000  1.344724e-026
847.800000  -3.516094e-029
848.000000  -2.117036e-027
848.200000  2.145945e-027
848.400000  3.354079e-027
848.600000  -1.333209e-026
848.800000  -9.058403e-027
849.000000  -7.187406e-027
849.200000  -1.346397e-026
849.400000  -1.441228e-026
849.600000  -1.690304e-026
849.800000  -1.598309e-027
850.000000  -1.932148e-026
850.200000  -2.870220e-026
850.400000  -1.634315e-026
850.600000  -9.108221e-027
850.800000  -1.079496e-026
851.000000  -1.869508e-026
851.200000  6.607191e-027
851.400000  4.723953e-027
851.600000  -9.028991e-027
851.800000  -2.604466e-027
852.000000  2.955712e-027
852.200000  1.568585e-026
852.400000  4.081074e-027
852.600000  5.293779e-027
852.800000  1.759517e-026
853.000000  8.686017e-027
853.200000  -2.525217e-026
853.400000  -1.156674e-026
853.600000  5.090657e-027
853.800000  -4.930151e-027
854.000000  -1.292564e-026
854.200000  -1.693740e-027
854.400000  3.883333e-027
854.600000  -3.580471e-026
854.800000  -3.276257e-026
855.000000  -8.631664e-027
855.200000  -2.110954e-026
855.400000  -5.073296e-026
855.600000  -4.612449e-026
855.800000  -3.176798e-026
856.000000  -2.296499e-026
856.200000  -6.486175e-026
856.400000  -3.580532e-026
856.600000  -2.035523e-026
856.800000  4.066568e-027
857.000000  -1.857527e-026
857.200000  -1.003727e-026
857.400000  2.053178e-026
857.600000  7.391348e-027
857.800000  -9.690508e-027
858.000000  -3.934020e-027
858.200000  2.992004e-026
858.400000  -2.514622e-026
858.600000  -1.817189e-026
858.800000  -2.896636e-026
859.000000  -2.973675e-026
859.200000  -3.566095e-026
859.400000  -3.079750e-026
859.600000  -2.636576e-026
859.800000  -7.680772e-027
860.000000  -1.635221e-026
860.200000  -3.950883e-026
860.400000  9.770387e-029
860.600000  -2.871908e-026
860.800000  -3.869636e-027
861.000000  -1.886995e-026
861.200000  1.399303e-026
861.400000  4.959058e-027
861.600000  -2.832730e-026
861.800000  -1.802565e-027
862.000000  4.672634e-028
862.200000  8.237004e-027
862.400000  -3.630389e-026
862.600000  -4.296522e-027
862.800000  -8.430014e-029
863.000000  -1.167053e-026
863.200000  -2.610620e-026
863.400000  -4.012554e-026
863.600000  -4.575641e-027
863.800000  -2.504575e-026
864.000000  -7.588043e-027
864.200000  -1.996305e-026
864.400000  -6.446534e-027
864.600000  -4.182576e-027
864.800000  -3.733435e-026
865.000000  1.984322e-026
865.200000  -4.710457e-026
865.400000  5.532910e-027
865.600000  -9.479642e-027
865.800000  4.630519e-026
866.000000  2.828066e-026
866.200000  1.685699e-027
866.400000  2.749668e-026
866.600000  6.012892e-026
866.800000  1.706349e-026
867.000000  8.206751e-027
867.200000  -1.425120e-026
867.400000  2.093949e-026
867.600000  -1.175763e-026
867.800000  1.636905e-026
868.000000  1.572624e-026
868.200000  7.986245e-026
868.400000  -2.996552e-026
868.600000  -1.963420e-026
868.800000  9.282750e-027
869.000000  8.133875e-027
869.200000  2.315183e-026
869.400000  -6.592082e-026
869.600000  -9.748862e-027
869.800000  -2.988525e-026
870.000000  -1.743456e-026
870.200000  -6.473047e-026
870.400000  -2.949255e-026
870.600000  -1.454580e-026
870.800000  -8.464579e-026
871.000000  1.994684e-027
871.200000  3.857784e-026
871.400000  3.210560e-026
871.600000  -4.572760e-026
871.800000  3.603868e-026
872.000000  1.329211e-025
872.200000  -1.964707e-026
872.400000  1.781569e-026
872.600000  3.201537e-026
872.800000  1.329426e-026
873.000000  -2.373473e-026
873.200000  4.565241e-026
873.400000  -5.004598e-027
873.600000  5.267076e-026
873.800000  6.542880e-026
874.000000  -5.834771e-026
874.200000  1.765243e-026
874.400000  5.652506e-026
874.600000  -4.376615e-027
874.800000  4.836681e-027
875.000000  -3.424259e-026
875.200000  1.517087e-026
875.400000  -2.543791e-027
875.600000  3.121326e-026
875.800000  9.541758e-027
876.000000  -4.370992e-028
876.200000  -1.180470e-026
876.400000  5.312876e-026
876.600000  -2.592949e-026
876.800000  1.097779e-025
877.000000  -2.388610e-027
877.200000  -2.046191e-026
877.400000  7.991419e-026
877.600000  6.170516e-026
877.800000  2.669022e-026
878.000000  3.044127e-026
878.200000  1.184766e-025
878.400000  1.308167e-025
878.600000  1.456272e-025
878.800000  2.027317e-025
879.000000  2.620401e-025
879.200000  3.008117e-025
879.400000  2.545905e-025
879.600000  3.450754e-025
879.800000  4.471588e-025
880.000000  4.727880e-025
880.200000  4.337136e-025
880.400000  5.149943e-025
880.600000  4.761753e-025
880.800000  4.060655e-025
881.000000  4.713136e-025
881.200000  4.509916e-025
881.400000  4.487923e-025
881.600000  3.438281e-025
881.800000  3.761270e-025
882.000000  2.689987e-025
882.200000  2.996457e-025
882.400000  2.548630e-025
882.600000  3.412672e-025
882.800000  4.206114e-025
883.000000  3.630855e-025
883.200000  1.539118e-025
883.400000  3.966969e-025
883.600000  4.346119e-025
883.800000  2.923928e-025
884.000000  3.701484e-025
884.200000  4.975235e-025
884.400000  3.812453e-025
884.600000  4.925374e-025
884.800000  4.460602e-025
885.000000  7.638680e-025
885.200000  7.309740e-025
885.400000  5.809273e-025
885.600000  7.213566e-025
885.800000  9.402220e-025
886.000000  8.760685e-025
886.200000  8.552105e-025
886.400000  1.040587e-024
886.600000  1.120250e-024
886.800000  1.068100e-024
887.000000  1.049122e-024
887.200000  1.142224e-024
887.400000  1.319439e-024
887.600000  1.206538e-024
887.800000  1.056102e-024
888.000000  1.525023e-024
888.200000  1.375652e-024
888.400000  1.403987e-024
888.600000  1.314249e-024
888.800000  1.281820e-024
889.000000  1.452417e-024
889.200000  1.361558e-024
889.400000  1.266300e-024
889.600000  1.227940e-024
889.800000  1.429539e-024
890.000000  1.619740e-024
890.200000  1.331815e-024
890.400000  1.629840e-024
890.600000  1.584316e-024
890.800000  1.677236e-024
891.000000  1.582734e-024
891.200000  1.952798e-024
891.400000  2.141409e-024
891.600000  2.141260e-024
891.800000  2.335340e-024
892.000000  2.497949e-024
892.200000  2.593007e-024
892.400000  2.356411e-024
892.600000  2.530091e-024
892.800000  2.821062e-024
893.000000  3.115396e-024
893.200000  2.894201e-024
893.400000  2.754950e-024
893.600000  3.319516e-024
893.800000  3.172833e-024
894.000000  2.863204e-024
894.200000  3.086027e-024
894.400000  3.379264e-024
894.600000  3.203653e-024
894.800000  3.111359e-024
895.000000  3.662350e-024
895.200000  3.746507e-024
895.400000  3.717566e-024
895.600000  3.344194e-024
895.800000  3.833602e-024
896.000000  3.954510e-024
896.200000  3.635900e-024
896.400000  3.981558e-024
896.600000  4.133919e-024
896.800000  4.094905e-024
897.000000  4.024652e-024
897.200000  4.750453e-024
897.400000  4.891247e-024
897.600000  5.223211e-024
897.800000  5.033390e-024
898.000000  5.556143e-024
898.200000  5.921263e-024
898.400000  5.381726e-024
898.600000  5.790031e-024
898.800000  5.955490e-024
899.000000  6.346895e-024
899.200000  6.281223e-024
899.400000  5.806193e-024
899.600000  6.720695e-024
899.800000  6.209215e-024
900.000000  6.624231e-024
900.200000  6.745420e-024
900.400000  7.272750e-024
900.600000  6.752399e-024
900.800000  7.355330e-024
901.000000  7.363402e-024
901.200000  7.692204e-024
901.400000  7.854931e-024
901.600000  8.228667e-024
901.800000  8.179868e-024
902.000000  8.288086e-024
902.200000  8.759505e-024
902.400000  9.272038e-024
902.600000  9.212993e-024
902.800000  9.867789e-024
903.000000  1.041034e-023
903.200000  1.099385e-023
903.400000  1.088361e-023
903.600000  1.097298e-023
903.800000  1.210133e-023
904.000000  1.151156e-023
904.200000  1.163790e-023
904.400000  1.192715e-023
904.600000  1.283889e-023
904.800000  1.248705e-023
905.000000  1.280525e-023
905.200000  1.346523e-023
905.400000  1.397905e-023
905.600000  1.382807e-023
905.800000  1.401489e-023
906.000000  1.494791e-023
906.200000  1.504034e-023
906.400000  1.523890e-023
906.600000  1.651389e-023
906.800000  1.672934e-023
907.000000  1.682678e-023
907.200000  1.661725e-023
907.400000  1.793250e-023
907.600000  1.880212e-023
907.800000  1.877460e-023
908.000000  1.930712e-023
908.200000  2.144867e-023
908.400000  2.092866e-023
908.600000  2.117172e-023
908.800000  2.203565e-023
909.000000  2.336780e-023
909.200000  2.390381e-023
909.400000  2.311046e-023
909.600000  2.437068e-023
909.800000  2.545429e-023
910.000000  2.658907e-023
910.200000  2.546700e-023
910.400000  2.703666e-023
910.600000  2.835692e-023
910.800000  2.910888e-023
911.000000  2.927589e-023
911.200000  3.067926e-023
911.400000  3.197404e-023
911.600000  3.274444e-023
911.800000  3.351445e-023
912.000000  3.407131e-023
912.200000  3.565851e-023
912.400000  3.694670e-023
912.600000  3.711985e-023
912.800000  3.962989e-023
913.000000  3.989291e-023
913.200000  4.063273e-023
913.400000  4.380793e-023
913.600000  4.483629e-023
913.800000  4.567648e-023
914.000000  4.833527e-023
914.200000  4.911712e-023
914.400000  5.175206e-023
914.600000  5.298086e-023
914.800000  5.489508e-023
915.000000  5.646006e-023
915.200000  5.964766e-023
915.400000  6.091411e-023
915.600000  6.229797e-023
915.800000  6.356296e-023
916.000000  6.849302e-023
916.200000  7.053836e-023
916.400000  7.393230e-023
916.600000  7.514974e-023
916.800000  8.064898e-023
917.000000  7.988358e-023
917.200000  8.532744e-023
917.400000  8.839214e-023
917.600000  9.353136e-023
917.800000  9.449670e-023
918.000000  9.562758e-023
918.200000  9.902902e-023
918.400000  1.043062e-022
918.600000  1.010943e-022
918.800000  1.117042e-022
919.000000  1.118813e-022
919.200000  1.133940e-022
919.400000  1.167756e-022
919.600000  1.237882e-022
919.800000  1.280281e-022
920.000000  1.308534e-022
920.200000  1.319519e-022
920.400000  1.288920e-022
920.600000  1.386552e-022
920.800000  1.349714e-022
921.000000  1.344722e-022
921.200000  1.426739e-022
921.400000  1.475418e-022
921.600000  1.425084e-022
921.800000  1.464184e-022
922.000000  1.528117e-022
922.200000  1.502995e-022
922.400000  1.548518e-022
922.600000  1.514866e-022
922.800000  1.585354e-022
923.000000  1.566384e-022
923.200000  1.636042e-022
923.400000  1.559684e-022
923.600000  1.669785e-022
923.800000  1.616299e-022
924.000000  1.665495e-022
924.200000  1.647328e-022
924.400000  1.710722e-022
924.600000  1.672962e-022
924.800000  1.685470e-022
925.000000  1.730905e-022
925.200000  1.720253e-022
925.400000  1.745261e-022
925.600000  1.703966e-022
925.800000  1.781353e-022
926.000000  1.825117e-022
926.200000  1.778981e-022
926.400000  1.815934e-022
926.600000  1.792980e-022
926.800000  1.858574e-022
927.000000  1.801464e-022
927.200000  1.831471e-022
927.400000  1.913311e-022
927.600000  1.903766e-022
927.800000  1.883124e-022
928.000000  1.921583e-022
928.200000  1.895465e-022
928.400000  1.896919e-022
928.600000  1.837495e-022
928.800000  1.884561e-022
929.000000  1.865772e-022
929.200000  1.894958e-022
929.400000  1.854616e-022
929.600000  1.869338e-022
929.800000  1.902701e-022
930.000000  1.950230e-022
930.200000  1.950241e-022
930.400000  1.956010e-022
930.600000  2.018655e-022
930.800000  1.960201e-022
931.000000  1.982717e-022
931.200000  2.025774e-022
931.400000  1.990482e-022
931.600000  2.093127e-022
931.800000  2.014715e-022
932.000000  2.057420e-022
932.200000  2.054110e-022
932.400000  2.086270e-022
932.600000  2.074329e-022
932.800000  2.159604e-022
933.000000  2.153493e-022
933.200000  2.106459e-022
933.400000  2.154261e-022
933.600000  2.184436e-022
933.800000  2.180659e-022
934.000000  2.122284e-022
934.200000  2.227558e-022
934.400000  2.253788e-022
934.600000  2.257467e-022
934.800000  2.220217e-022
935.000000  2.256795e-022
935.200000  2.281243e-022
935.400000  2.262256e-022
935.600000  2.301040e-022
935.800000  2.290427e-022
936.000000  2.394486e-022
936.200000  2.271034e-022
936.400000  2.307145e-022
936.600000  2.314957e-022
936.800000  2.409007e-022
937.000000  2.348672e-022
937.200000  2.417239e-022
937.400000  2.490294e-022
937.600000  2.423720e-022
937.800000  2.421012e-022
938.000000  2.494839e-022
938.200000  2.522388e-022
938.400000  2.582461e-022
938.600000  2.541965e-022
938.800000  2.630549e-022
939.000000  2.678781e-022
939.200000  2.678494e-022
939.400000  2.744221e-022
939.600000  2.781030e-022
939.800000  2.814482e-022
940.000000  2.954406e-022
940.200000  2.852814e-022
940.400000  2.927980e-022
940.600000  2.987952e-022
940.800000  3.052223e-022
941.000000  3.023571e-022
941.200000  3.176153e-022
941.400000  3.154123e-022
941.600000  3.170249e-022
941.800000  3.271760e-022
942.000000  3.334643e-022
942.200000  3.386226e-022
942.400000  3.461934e-022
942.600000  3.473159e-022
942.800000  3.533744e-022
943.000000  3.513546e-022
943.200000  3.618671e-022
943.400000  3.553110e-022
943.600000  3.762765e-022
943.800000  3.653640e-022
944.000000  3.826547e-022
944.200000  3.753782e-022
944.400000  3.881617e-022
944.600000  3.886185e-022
944.800000  3.870286e-022
945.000000  3.905581e-022
945.200000  3.938847e-022
945.400000  4.010351e-022
945.600000  4.020500e-022
945.800000  4.144522e-022
946.000000  4.114672e-022
946.200000  4.140707e-022
946.400000  4.237339e-022
946.600000  4.206773e-022
946.800000  4.372214e-022
947.000000  4.311699e-022
947.200000  4.398880e-022
947.400000  4.495084e-022
947.600000  4.443605e-022
947.800000  4.608204e-022
948.000000  4.543658e-022
948.200000  4.730497e-022
948.400000  4.881512e-022
948.600000  4.852712e-022
948.800000  4.823458e-022
949.000000  4.994844e-022
949.200000  5.003982e-022
949.400000  5.086384e-022
949.600000  5.048620e-022
949.800000  5.257513e-022
950.000000  5.231848e-022
950.200000  5.357448e-022
950.400000  5.230116e-022
950.600000  5.304780e-022
950.800000  5.425610e-022
951.000000  5.447747e-022
951.200000  5.643042e-022
951.400000  5.778861e-022
951.600000  5.819500e-022
951.800000  5.911276e-022
952.000000  5.981403e-022
952.200000  5.883016e-022
952.400000  6.064553e-022
952.600000  6.253451e-022
952.800000  6.122392e-022
953.000000  6.284882e-022
953.200000  6.484011e-022
953.400000  6.478556e-022
953.600000  6.582240e-022
953.800000  6.601891e-022
954.000000  6.926432e-022
954.200000  6.665777e-022
954.400000  6.995862e-022
954.600000  7.028062e-022
954.800000  7.174940e-022
955.000000  7.363316e-022
955.200000  7.469814e-022
955.400000  7.382121e-022
955.600000  7.623785e-022
955.800000  7.758363e-022
956.000000  7.784186e-022
956.200000  8.054508e-022
956.400000  7.900295e-022
956.600000  7.846575e-022
956.800000  7.841460e-022
957.000000  8.372324e-022
957.200000  8.402417e-022
957.400000  8.389732e-022
957.600000  8.793685e-022
957.800000  8.770667e-022
958.000000  8.808139e-022
958.200000  8.883721e-022
958.400000  9.387436e-022
958.600000  9.279222e-022
958.800000  9.450504e-022
959.000000  9.863794e-022
959.200000  1.018365e-021
959.400000  1.011658e-021
959.600000  1.029552e-021
959.800000  1.041083e-021
960.000000  1.085538e-021
960.200000  1.076591e-021
960.400000  1.056713e-021
960.600000  1.123141e-021
960.800000  1.131088e-021
961.000000  1.174495e-021
961.200000  1.149401e-021
961.400000  1.215141e-021
961.600000  1.228146e-021
961.800000  1.277523e-021
962.000000  1.262021e-021
962.200000  1.308334e-021
962.400000  1.331908e-021
962.600000  1.371696e-021
962.800000  1.412692e-021
963.000000  1.426665e-021
963.200000  1.453203e-021
963.400000  1.488772e-021
963.600000  1.516493e-021
963.800000  1.604404e-021
964.000000  1.674456e-021
964.200000  1.764586e-021
964.400000  1.808874e-021
964.600000  1.935511e-021
964.800000  1.987997e-021
965.000000  2.007381e-021
965.200000  1.948906e-021
965.400000  1.936071e-021
965.600000  1.940021e-021
965.800000  1.927623e-021
966.000000  1.881121e-021
966.200000  1.924265e-021
966.400000  1.979940e-021
966.600000  1.961246e-021
966.800000  1.941552e-021
967.000000  2.033604e-021
967.200000  2.103387e-021
967.400000  2.068655e-021
967.600000  2.127275e-021
967.800000  2.158238e-021
968.000000  2.256065e-021
968.200000  2.211991e-021
968.400000  2.310796e-021
968.600000  2.298791e-021
968.800000  2.346613e-021
969.000000  2.360251e-021
969.200000  2.396422e-021
969.400000  2.436027e-021
969.600000  2.424432e-021
969.800000  2.493703e-021
970.000000  2.591294e-021
970.200000  2.624192e-021
970.400000  2.593879e-021
970.600000  2.762147e-021
970.800000  2.852398e-021
971.000000  2.828199e-021
971.200000  2.747931e-021
971.400000  2.818230e-021
971.600000  2.954241e-021
971.800000  2.934070e-021
972.000000  2.901159e-021
972.200000  2.983266e-021
972.400000  3.094603e-021
972.600000  3.006608e-021
972.800000  3.186481e-021
973.000000  3.329994e-021
973.200000  3.376860e-021
973.400000  3.344333e-021
973.600000  3.382158e-021
973.800000  3.532372e-021
974.000000  3.608427e-021
974.200000  3.685270e-021
974.400000  3.780844e-021
974.600000  3.931337e-021
974.800000  3.996557e-021
975.000000  4.086509e-021
975.200000  4.379959e-021
975.400000  4.527334e-021
975.600000  4.629756e-021
975.800000  4.774750e-021
976.000000  4.982364e-021
976.200000  5.192346e-021
976.400000  5.175490e-021
976.600000  5.355448e-021
976.800000  5.549336e-021
977.000000  5.740028e-021
977.200000  5.917169e-021
977.400000  6.144959e-021
977.600000  6.203634e-021
977.800000  6.413261e-021
978.000000  6.595409e-021
978.200000  6.788986e-021
978.400000  6.892177e-021
978.600000  7.187965e-021
978.800000  7.273776e-021
979.000000  7.356652e-021
979.200000  7.390186e-021
979.400000  7.618302e-021
979.600000  7.589199e-021
979.800000  7.576211e-021
980.000000  7.420942e-021
980.200000  7.712096e-021
980.400000  7.567658e-021
980.600000  7.476088e-021
980.800000  7.412282e-021
981.000000  7.599816e-021
981.200000  7.234049e-021
981.400000  7.093949e-021
981.600000  7.130474e-021
981.800000  7.062579e-021
982.000000  6.860318e-021
982.200000  6.549121e-021
982.400000  6.597194e-021
982.600000  6.470879e-021
982.800000  6.204880e-021
983.000000  6.072837e-021
983.200000  6.098595e-021
983.400000  5.885216e-021
983.600000  5.682998e-021
983.800000  5.695864e-021
984.000000  5.724624e-021
984.200000  5.492093e-021
984.400000  5.556321e-021
984.600000  5.562126e-021
984.800000  5.516982e-021
985.000000  5.308858e-021
985.200000  5.355766e-021
985.400000  5.447213e-021
985.600000  5.423696e-021
985.800000  5.300497e-021
986.000000  5.270794e-021
986.200000  5.355255e-021
986.400000  5.309485e-021
986.600000  5.159803e-021
986.800000  5.212538e-021
987.000000  5.234978e-021
987.200000  5.068307e-021
987.400000  5.031331e-021
987.600000  5.052440e-021
987.800000  5.019742e-021
988.000000  4.891798e-021
988.200000  4.823356e-021
988.400000  4.784452e-021
988.600000  4.766174e-021
988.800000  4.648255e-021
989.000000  4.672762e-021
989.200000  4.653010e-021
989.400000  4.621993e-021
989.600000  4.585179e-021
989.800000  4.534849e-021
990.000000  4.502054e-021
990.200000  4.500796e-021
990.400000  4.439807e-021
990.600000  4.431902e-021
990.800000  4.538028e-021
991.000000  4.506653e-021
991.200000  4.498694e-021
991.400000  4.356782e-021
991.600000  4.378015e-021
991.800000  4.259846e-021
992.000000  4.178621e-021
992.200000  4.152704e-021
992.400000  4.098653e-021
992.600000  4.111189e-021
992.800000  3.929039e-021
993.000000  3.951377e-021
993.200000  3.921671e-021
993.400000  3.858377e-021
993.600000  3.821436e-021
993.800000  3.731652e-021
994.000000  3.726175e-021
994.200000  3.609736e-021
994.400000  3.582228e-021
994.600000  3.553545e-021
994.800000  3.521163e-021
995.000000  3.475105e-021
995.200000  3.409722e-021
995.400000  3.416257e-021
995.600000  3.357258e-021
995.800000  3.311049e-021
996.000000  3.265152e-021
996.200000  3.220453e-021
996.400000  3.228410e-021
996.600000  3.177813e-021
996.800000  3.146877e-021
997.000000  3.133249e-021
997.200000  3.044824e-021
997.400000  3.019083e-021
997.600000  3.027112e-021
997.800000  3.037271e-021
998.000000  3.015528e-021
998.200000  2.972479e-021
998.400000  2.922729e-021
998.600000  2.896349e-021
998.800000  2.889876e-021
999.000000  2.757168e-021
999.200000  2.743661e-021
999.400000  2.724351e-021
999.600000  2.681657e-021
999.800000  2.693576e-021
1000.000000  2.656735e-021
1000.200000  2.649417e-021
1000.400000  2.636061e-021
1000.600000  2.634767e-021
1000.800000  2.632375e-021
1001.000000  2.630685e-021
1001.200000  2.646971e-021
1001.400000  2.613390e-021
1001.600000  2.596273e-021
1001.800000  2.603197e-021
1002.000000  2.591601e-021
1002.200000  2.595814e-021
1002.400000  2.574988e-021
1002.600000  2.594248e-021
1002.800000  2.573313e-021
1003.000000  2.609888e-021
1003.200000  2.581506e-021
1003.400000  2.620096e-021
1003.600000  2.617157e-021
1003.800000  2.574165e-021
1004.000000  2.589140e-021
1004.200000  2.604970e-021
1004.400000  2.576016e-021
1004.600000  2.583010e-021
1004.800000  2.573552e-021
1005.000000  2.584025e-021
1005.200000  2.571696e-021
1005.400000  2.559816e-021
1005.600000  2.587797e-021
1005.800000  2.577234e-021
1006.000000  2.560012e-021
1006.200000  2.540649e-021
1006.400000  2.574706e-021
1006.600000  2.562381e-021
1006.800000  2.554793e-021
1007.000000  2.569668e-021
1007.200000  2.574391e-021
1007.400000  2.552323e-021
1007.600000  2.536145e-021
1007.800000  2.577753e-021
1008.000000  2.586985e-021
1008.200000  2.572555e-021
1008.400000  2.575936e-021
1008.600000  2.626240e-021
1008.800000  2.606703e-021
1009.000000  2.604585e-021
1009.200000  2.609028e-021
1009.400000  2.665829e-021
1009.600000  2.630493e-021
1009.800000  2.595307e-021
1010.000000  2.661699e-021
1010.200000  2.671615e-021
1010.400000  2.670836e-021
1010.600000  2.671976e-021
1010.800000  2.673054e-021
1011.000000  2.676000e-021
1011.200000  2.652102e-021
1011.400000  2.725983e-021
1011.600000  2.750119e-021
1011.800000  2.741562e-021
1012.000000  2.758824e-021
1012.200000  2.716991e-021
1012.400000  2.765786e-021
1012.600000  2.748103e-021
1012.800000  2.725887e-021
1013.000000  2.731329e-021
1013.200000  2.759298e-021
1013.400000  2.772817e-021
1013.600000  2.784439e-021
1013.800000  2.785966e-021
1014.000000  2.786317e-021
1014.200000  2.787189e-021
1014.400000  2.811687e-021
1014.600000  2.797058e-021
1014.800000  2.794633e-021
1015.000000  2.805495e-021
1015.200000  2.802958e-021
1015.400000  2.783693e-021
1015.600000  2.801214e-021
1015.800000  2.814248e-021
1016.000000  2.790955e-021
1016.200000  2.766441e-021
1016.400000  2.759693e-021
1016.600000  2.751059e-021
1016.800000  2.724716e-021
1017.000000  2.711238e-021
1017.200000  2.736611e-021
1017.400000  2.729358e-021
1017.600000  2.691037e-021
1017.800000  2.685702e-021
1018.000000  2.712230e-021
1018.200000  2.699235e-021
1018.400000  2.685093e-021
1018.600000  2.700114e-021
1018.800000  2.693605e-021
1019.000000  2.676199e-021
1019.200000  2.644730e-021
1019.400000  2.626599e-021
1019.600000  2.643103e-021
1019.800000  2.601575e-021
1020.000000  2.579690e-021
1020.200000  2.573902e-021
1020.400000  2.552164e-021
1020.600000  2.505905e-021
1020.800000  2.497509e-021
1021.000000  2.507468e-021
1021.200000  2.490811e-021
1021.400000  2.458920e-021
1021.600000  2.450790e-021
1021.800000  2.472029e-021
1022.000000  2.425756e-021
1022.200000  2.430326e-021
1022.400000  2.434115e-021
1022.600000  2.444201e-021
1022.800000  2.443135e-021
1023.000000  2.423313e-021
1023.200000  2.445269e-021
1023.400000  2.459495e-021
1023.600000  2.428630e-021
1023.800000  2.467003e-021
1024.000000  2.474660e-021
1024.200000  2.466415e-021
1024.400000  2.476352e-021
1024.600000  2.486448e-021
1024.800000  2.507856e-021
1025.000000  2.498514e-021
1025.200000  2.511162e-021
1025.400000  2.510538e-021
1025.600000  2.491301e-021
1025.800000  2.524040e-021
1026.000000  2.525822e-021
1026.200000  2.525130e-021
1026.400000  2.523073e-021
1026.600000  2.521119e-021
1026.800000  2.515934e-021
1027.000000  2.531738e-021
1027.200000  2.505067e-021
1027.400000  2.544626e-021
1027.600000  2.541176e-021
1027.800000  2.535017e-021
1028.000000  2.550717e-021
1028.200000  2.567011e-021
1028.400000  2.569936e-021
1028.600000  2.579552e-021
1028.800000  2.585474e-021
1029.000000  2.594809e-021
1029.200000  2.578970e-021
1029.400000  2.555869e-021
1029.600000  2.556892e-021
1029.800000  2.570791e-021
1030.000000  2.528854e-021
1030.200000  2.521649e-021
1030.400000  2.523207e-021
1030.600000  2.512992e-021
1030.800000  2.484806e-021
1031.000000  2.503249e-021
1031.200000  2.522837e-021
1031.400000  2.488094e-021
1031.600000  2.487932e-021
1031.800000  2.505379e-021
1032.000000  2.506274e-021
1032.200000  2.472870e-021
1032.400000  2.476451e-021
1032.600000  2.484888e-021
1032.800000  2.486549e-021
1033.000000  2.461131e-021
1033.200000  2.453526e-021
1033.400000  2.467925e-021
1033.600000  2.431345e-021
1033.800000  2.416299e-021
1034.000000  2.443280e-021
1034.200000  2.422718e-021
1034.400000  2.383226e-021
1034.600000  2.372179e-021
1034.800000  2.400911e-021
1035.000000  2.390126e-021
1035.200000  2.353941e-021
1035.400000  2.355529e-021
1035.600000  2.327827e-021
1035.800000  2.345564e-021
1036.000000  2.311370e-021
1036.200000  2.314508e-021
1036.400000  2.288718e-021
1036.600000  2.290190e-021
1036.800000  2.251820e-021
1037.000000  2.249234e-021
1037.200000  2.223546e-021
1037.400000  2.194130e-021
1037.600000  2.196347e-021
1037.800000  2.190333e-021
1038.000000  2.160873e-021
1038.200000  2.133663e-021
1038.400000  2.128249e-021
1038.600000  2.123331e-021
1038.800000  2.110991e-021
1039.000000  2.082486e-021
1039.200000  2.069103e-021
1039.400000  2.077287e-021
1039.600000  2.053005e-021
1039.800000  2.030079e-021
1040.000000  2.025398e-021
1040.200000  2.015678e-021
1040.400000  1.997165e-021
1040.600000  2.006271e-021
1040.800000  1.988083e-021
1041.000000  2.008871e-021
1041.200000  1.992908e-021
1041.400000  1.972877e-021
1041.600000  1.957039e-021
1041.800000  1.976706e-021
1042.000000  1.971687e-021
1042.200000  1.936061e-021
1042.400000  1.953885e-021
1042.600000  1.966564e-021
1042.800000  1.948976e-021
1043.000000  1.951070e-021
1043.200000  1.912961e-021
1043.400000  1.936637e-021
1043.600000  1.937938e-021
1043.800000  1.948467e-021
1044.000000  1.937488e-021
1044.200000  1.944890e-021
1044.400000  1.948824e-021
1044.600000  1.932473e-021
1044.800000  1.956468e-021
1045.000000  1.954538e-021
1045.200000  1.947938e-021
1045.400000  1.920921e-021
1045.600000  1.954902e-021
1045.800000  1.948170e-021
1046.000000  1.949538e-021
1046.200000  1.929367e-021
1046.400000  1.973766e-021
1046.600000  1.953099e-021
1046.800000  1.962295e-021
1047.000000  1.961093e-021
1047.200000  1.979174e-021
1047.400000  1.979433e-021
1047.600000  1.958065e-021
1047.800000  1.997475e-021
1048.000000  1.992506e-021
1048.200000  1.969726e-021
1048.400000  1.978242e-021
1048.600000  1.958254e-021
1048.800000  1.953692e-021
1049.000000  1.941280e-021
1049.200000  1.902645e-021
1049.400000  1.904884e-021
1049.600000  1.886871e-021
1049.800000  1.869197e-021
1050.000000  1.844756e-021
1050.200000  1.873149e-021
1050.400000  1.853648e-021
1050.600000  1.822598e-021
1050.800000  1.809650e-021
1051.000000  1.803284e-021
1051.200000  1.785625e-021
1051.400000  1.743225e-021
1051.600000  1.741272e-021
1051.800000  1.729707e-021
1052.000000  1.707111e-021
1052.200000  1.669888e-021
1052.400000  1.664717e-021
1052.600000  1.635502e-021
1052.800000  1.607127e-021
1053.000000  1.594048e-021
1053.200000  1.581577e-021
1053.400000  1.554341e-021
1053.600000  1.523774e-021
1053.800000  1.507336e-021
1054.000000  1.490764e-021
1054.200000  1.458674e-021
1054.400000  1.441271e-021
1054.600000  1.438877e-021
1054.800000  1.436555e-021
1055.000000  1.412429e-021
1055.200000  1.408560e-021
1055.400000  1.411577e-021
1055.600000  1.396789e-021
1055.800000  1.375746e-021
1056.000000  1.354749e-021
1056.200000  1.362306e-021
1056.400000  1.328873e-021
1056.600000  1.292359e-021
1056.800000  1.303778e-021
1057.000000  1.290003e-021
1057.200000  1.248671e-021
1057.400000  1.230952e-021
1057.600000  1.223995e-021
1057.800000  1.203059e-021
1058.000000  1.170246e-021
1058.200000  1.169963e-021
1058.400000  1.149603e-021
1058.600000  1.128149e-021
1058.800000  1.106775e-021
1059.000000  1.086874e-021
1059.200000  1.078150e-021
1059.400000  1.057397e-021
1059.600000  1.044674e-021
1059.800000  1.032530e-021
1060.000000  1.017158e-021
1060.200000  1.001164e-021
1060.400000  9.956349e-022
1060.600000  9.854870e-022
1060.800000  9.816182e-022
1061.000000  9.530241e-022
1061.200000  9.603084e-022
1061.400000  9.641679e-022
1061.600000  9.458561e-022
1061.800000  9.342364e-022
1062.000000  9.230056e-022
1062.200000  9.096613e-022
1062.400000  9.072523e-022
1062.600000  8.818031e-022
1062.800000  8.773554e-022
1063.000000  8.718981e-022
1063.200000  8.501922e-022
1063.400000  8.447572e-022
1063.600000  8.380949e-022
1063.800000  8.180026e-022
1064.000000  8.403783e-022
1064.200000  8.343466e-022
1064.400000  8.074897e-022
1064.600000  8.070078e-022
1064.800000  8.085981e-022
1065.000000  7.819150e-022
1065.200000  7.721215e-022
1065.400000  7.649503e-022
1065.600000  7.735494e-022
1065.800000  7.519125e-022
1066.000000  7.305883e-022
1066.200000  7.356156e-022
1066.400000  7.238686e-022
1066.600000  7.040409e-022
1066.800000  6.987916e-022
1067.000000  6.988660e-022
1067.200000  6.910840e-022
1067.400000  6.768345e-022
1067.600000  6.791749e-022
1067.800000  6.651759e-022
1068.000000  6.544201e-022
1068.200000  6.537666e-022
1068.400000  6.393466e-022
1068.600000  6.378573e-022
1068.800000  6.324519e-022
1069.000000  6.183310e-022
1069.200000  6.223964e-022
1069.400000  6.169658e-022
1069.600000  6.032994e-022
1069.800000  5.880147e-022
1070.000000  5.818600e-022
1070.200000  5.931339e-022
1070.400000  5.752351e-022
1070.600000  5.555087e-022
1070.800000  5.488773e-022
1071.000000  5.436924e-022
1071.200000  5.415561e-022
1071.400000  5.368513e-022
1071.600000  5.341265e-022
1071.800000  5.207155e-022
1072.000000  5.113689e-022
1072.200000  5.256796e-022
1072.400000  5.116347e-022
1072.600000  4.991622e-022
1072.800000  4.993302e-022
1073.000000  4.981043e-022
1073.200000  4.896907e-022
1073.400000  4.850541e-022
1073.600000  4.794602e-022
1073.800000  4.584641e-022
1074.000000  4.635568e-022
1074.200000  4.634098e-022
1074.400000  4.596587e-022
1074.600000  4.626708e-022
1074.800000  4.456078e-022
1075.000000  4.528681e-022
1075.200000  4.413604e-022
1075.400000  4.417774e-022
1075.600000  4.269974e-022
1075.800000  4.162368e-022
1076.000000  4.132595e-022
1076.200000  4.179556e-022
1076.400000  4.110127e-022
1076.600000  3.999701e-022
1076.800000  3.902837e-022
1077.000000  3.810170e-022
1077.200000  3.781267e-022
1077.400000  3.793306e-022
1077.600000  3.754198e-022
1077.800000  3.703858e-022
1078.000000  3.760743e-022
1078.200000  3.587094e-022
1078.400000  3.673029e-022
1078.600000  3.651799e-022
1078.800000  3.482635e-022
1079.000000  3.471232e-022
1079.200000  3.308042e-022
1079.400000  3.439708e-022
1079.600000  3.390599e-022
1079.800000  3.259664e-022
1080.000000  3.229426e-022
1080.200000  3.213797e-022
1080.400000  3.109410e-022
1080.600000  3.251166e-022
1080.800000  3.210247e-022
1081.000000  3.101093e-022
1081.200000  3.090017e-022
1081.400000  3.033520e-022
1081.600000  2.968470e-022
1081.800000  2.926930e-022
1082.000000  2.833906e-022
1082.200000  2.889840e-022
1082.400000  2.805501e-022
1082.600000  2.906331e-022
1082.800000  2.659975e-022
1083.000000  2.800869e-022
1083.200000  2.636925e-022
1083.400000  2.716613e-022
1083.600000  2.560519e-022
1083.800000  2.560772e-022
1084.000000  2.566818e-022
1084.200000  2.373483e-022
1084.400000  2.497298e-022
1084.600000  2.468136e-022
1084.800000  2.488540e-022
1085.000000  2.393794e-022
1085.200000  2.207404e-022
1085.400000  2.366100e-022
1085.600000  2.304968e-022
1085.800000  2.126385e-022
1086.000000  2.176938e-022
1086.200000  2.059338e-022
1086.400000  2.039137e-022
1086.600000  1.989856e-022
1086.800000  2.051744e-022
1087.000000  1.985211e-022
1087.200000  1.924089e-022
1087.400000  1.923855e-022
1087.600000  1.870438e-022
1087.800000  1.963019e-022
1088.000000  1.845332e-022
1088.200000  1.833204e-022
1088.400000  1.928550e-022
1088.600000  1.778013e-022
1088.800000  1.700321e-022
1089.000000  1.760644e-022
1089.200000  1.625350e-022
1089.400000  1.710204e-022
1089.600000  1.638010e-022
1089.800000  1.671696e-022
1090.000000  1.632477e-022
1090.200000  1.651755e-022
1090.400000  1.544968e-022
1090.600000  1.577693e-022
1090.800000  1.626269e-022
1091.000000  1.585204e-022
1091.200000  1.435877e-022
1091.400000  1.540236e-022
1091.600000  1.430915e-022
1091.800000  1.594113e-022
1092.000000  1.580715e-022
1092.200000  1.424403e-022
1092.400000  1.386565e-022
1092.600000  1.357786e-022
1092.800000  1.423812e-022
1093.000000  1.382298e-022
1093.200000  1.465102e-022
1093.400000  1.356196e-022
1093.600000  1.287786e-022
1093.800000  1.426915e-022
1094.000000  1.352833e-022
1094.200000  1.242339e-022
1094.400000  1.201119e-022
1094.600000  1.253740e-022
1094.800000  1.342287e-022
1095.000000  1.105314e-022
1095.200000  1.324846e-022
1095.400000  1.112367e-022
1095.600000  1.133891e-022
1095.800000  1.083237e-022
1096.000000  9.974001e-023
1096.200000  1.100335e-022
1096.400000  1.020177e-022
1096.600000  1.015191e-022
1096.800000  9.665351e-023
1097.000000  9.571839e-023
1097.200000  9.917240e-023
1097.400000  9.131879e-023
1097.600000  9.752224e-023
1097.800000  1.009379e-022
1098.000000  8.557443e-023
1098.200000  8.198848e-023
1098.400000  8.752054e-023
1098.600000  8.440935e-023
1098.800000  8.904220e-023
1099.000000  8.170384e-023
1099.200000  7.756942e-023
1099.400000  8.167494e-023
1099.600000  8.823678e-023
1099.800000  7.678154e-023
1100.000000  6.387424e-023
