800.000000  7.245589e-024
800.200000  2.277034e-023
800.400000  2.717375e-023
800.600000  2.978256e-023
800.800000  3.425652e-023
801.000000  -3.598356e-024
801.200000  4.296431e-023
801.400000  2.819953e-023
801.600000  2.699443e-023
801.800000  -1.959112e-023
802.000000  2.079017e-023
802.200000  3.568720e-023
802.400000  2.413172e-023
802.600000  1.668944e-023
802.800000  1.192004e-023
803.000000  2.059293e-023
803.200000  1.818385e-023
803.400000  1.629634e-023
803.600000  5.977023e-023
803.800000  3.382679e-023
804.000000  3.826562e-023
804.200000  2.451556e-023
804.400000  5.788305e-023
804.600000  4.038934e-023
804.800000  4.354547e-023
805.000000  4.725477e-023
805.200000  4.199065e-023
805.400000  4.999078e-023
805.600000  3.609992e-023
805.800000  2.497741e-023
806.000000  3.020764e-023
806.200000  5.994713e-023
806.400000  -5.234069e-025
806.600000  4.150569e-023
806.800000  1.906708e-023
807.000000  1.751907e-023
807.200000  -2.924933e-024
807.400000  2.226520e-023
807.600000  2.393596e-023
807.800000  7.541046e-024
808.000000  -1.506728e-023
808.200000  2.282854e-023
808.400000  1.963404e-024
808.600000  5.825061e-025
808.800000  1.599527e-023
809.000000  3.729602e-025
809.200000  7.099867e-024
809.400000  -1.195261e-023
809.600000  2.981085e-024
809.800000  -2.328921e-024
810.000000  -3.560572e-023
810.200000  -1.090363e-023
810.400000  -1.863822e-024
810.600000  3.500305e-023
810.800000  -1.871437e-023
811.000000  -1.886392e-023
811.200000  1.871420e-023
811.400000  -4.380198e-024
811.600000  1.167167e-023
811.800000  8.715379e-024
812.000000  2.732934e-023
812.200000  1.550521e-023
812.400000  1.092340e-024
812.600000  1.254425e-023
812.800000  5.067200e-023
813.000000  5.051536e-024
813.200000  -2.233268e-025
813.400000  -3.084152e-024
813.600000  3.511290e-023
813.800000  9.706937e-024
814.000000  8.641562e-024
814.200000  -2.401830e-024
814.400000  2.932826e-023
814.600000  2.635186e-023
814.800000  -3.129446e-023
815.000000  1.632225e-023
815.200000  1.730013e-023
815.400000  -1.204658e-023
815.600000  -2.567186e-023
815.800000  3.481196e-023
816.000000  3.294892e-023
816.200000  2.106127e-024
816.400000  9.210849e-024
816.600000  8.040215e-024
816.800000  8.467689e-024
817.000000  2.180654e-023
817.200000  1.349018e-023
817.400000  3.467938e-023
817.600000  -5.378352e-024
817.800000  -5.579903e-024
818.000000  -1.709682e-023
818.200000  1.163812e-023
818.400000  8.595663e-024
818.600000  -2.226649e-023
818.800000  3.049699e-025
819.000000  5.772826e-024
819.200000  7.869727e-024
819.400000  -3.043153e-023
819.600000  4.946916e-025
819.800000  6.443208e-024
820.000000  -3.870188e-024
820.200000  -5.223694e-024
820.400000  1.182451e-023
820.600000  2.538924e-023
820.800000  7.245369e-024
821.000000  -4.799016e-023
821.200000  -7.314452e-024
821.400000  6.296387e-024
821.600000  -8.051656e-024
821.800000  -2.091927e-023
822.000000  8.158668e-024
822.200000  -6.410361e-024
822.400000  1.101288e-024
822.600000  -1.868844e-024
822.800000  3.730248e-023
823.000000  2.233667e-023
823.200000  -2.561261e-023
823.400000  8.473690e-024
823.600000  2.740759e-023
823.800000  4.997294e-023
824.000000  5.771729e-024
824.200000  -1.311568e-024
824.400000  2.613044e-023
824.600000  9.973839e-024
824.800000  -1.486863e-023
825.000000  -1.409295e-023
825.200000  2.763306e-023
825.400000  -4.547043e-023
825.600000  -3.532947e-023
825.800000  -2.079188e-023
826.000000  5.840227e-024
826.200000  -8.440973e-025
826.400000  -1.428197e-023
826.600000  5.892816e-024
826.800000  2.943800e-023
827.000000  2.210843e-024
827.200000  2.061173e-023
827.400000  1.704786e-023
827.600000  1.062569e-023
827.800000  -1.359041e-023
828.000000  -2.238403e-025
828.200000  3.668323e-023
828.400000  -4.544267e-024
828.600000  -9.537515e-024
828.800000  1.767516e-023
829.000000  1.917664e-023
829.200000  -4.148087e-024
829.400000  4.845388e-024
829.600000  3.482523e-023
829.800000  9.541986e-024
830.000000  1.428900e-023
830.200000  -1.429531e-023
830.400000  2.030900e-024
830.600000  8.412415e-024
830.800000  -1.984216e-023
831.000000  -3.290787e-023
831.200000  -2.890578e-023
831.400000  -2.998676e-024
831.600000  -3.217986e-023
831.800000  -1.140372e-023
832.000000  -1.131414e-023
832.200000  8.651319e-024
832.400000  -1.045815e-023
832.600000  -2.710717e-023
832.800000  2.272214e-023
833.000000  -2.355815e-024
833.200000  1.531647e-023
833.400000  -1.369976e-023
833.600000  2.136675e-023
833.800000  8.815817e-024
834.000000  5.028959e-024
834.200000  -1.751227e-024
834.400000  9.700949e-024
834.600000  -7.711365e-025
834.800000  -2.389714e-023
835.000000  -3.251306e-024
835.200000  8.621370e-024
835.400000  -2.079584e-024
835.600000  -3.293402e-024
835.800000  2.244601e-024
836.000000  2.517111e-023
836.200000  3.583195e-024
836.400000  -5.370229e-025
836.600000  4.652226e-024
836.800000  1.521099e-023
837.000000  -2.165759e-024
837.200000  -4.574135e-024
837.400000  5.081844e-024
837.600000  5.541756e-024
837.800000  -1.303852e-023
838.000000  -3.561670e-023
838.200000  1.421990e-023
838.400000  -1.621990e-023
838.600000  -1.856453e-023
838.800000  -3.788422e-023
839.000000  4.687661e-024
839.200000  -2.191594e-023
839.400000  -2.369588e-023
839.600000  -1.459785e-023
839.800000  -2.440753e-024
840.000000  1.605537e-023
840.200000  7.879964e-024
840.400000  8.556688e-024
840.600000  1.722199e-023
840.800000  -4.959791e-024
841.000000  -2.226742e-023
841.200000  1.023462e-023
841.400000  6.966276e-024
841.600000  -1.484298e-023
841.800000  1.106314e-023
842.000000  -2.372181e-023
842.200000  4.876005e-024
842.400000  -2.745889e-023
842.600000  -5.956613e-024
842.800000  5.359900e-024
843.000000  -1.190504e-023
843.200000  -3.493395e-024
843.400000  -2.030398e-023
843.600000  9.908906e-024
843.800000  -4.173281e-023
844.000000  -4.394768e-023
844.200000  -2.315845e-023
844.400000  -3.149510e-023
844.600000  -4.506047e-023
844.800000  -3.154323e-023
845.000000  -2.142037e-023
845.200000  -2.345991e-023
845.400000  -1.550528e-023
845.600000  9.811164e-024
845.800000  -8.877404e-024
846.000000  9.030589e-024
846.200000  -8.896060e-024
846.400000  1.061822e-023
846.600000  2.009690e-023
846.800000  2.358150e-023
847.000000  1.327860e-023
847.200000  5.228489e-024
847.400000  1.460298e-023
847.600000  2.074697e-023
847.800000  -5.352800e-026
848.000000  -3.180171e-024
848.200000  3.180865e-024
848.400000  4.905770e-024
848.600000  -1.924164e-023
848.800000  -1.290055e-023
849.000000  -1.010053e-023
849.200000  -1.867081e-023
849.400000  -1.972167e-023
849.600000  -2.282440e-023
849.800000  -2.129715e-024
850.000000  -2.540564e-023
850.200000  -3.724231e-023
850.400000  -2.092626e-023
850.600000  -1.150871e-023
850.800000  -1.346027e-023
851.000000  -2.300397e-023
851.200000  8.023015e-024
851.400000  5.660754e-024
851.600000  -1.067723e-023
851.800000  -3.039425e-024
852.000000  3.404011e-024
852.200000  1.782771e-023
852.400000  4.577449e-024
852.600000  5.859748e-024
852.800000  1.922089e-023
853.000000  9.364190e-024
853.200000  -2.686708e-023
853.400000  -1.214528e-023
853.600000  5.275311e-024
853.800000  -5.042138e-024
854.000000  -1.304636e-023
854.200000  -1.687213e-024
854.400000  3.817825e-024
854.600000  -3.474101e-023
854.800000  -3.137429e-023
855.000000  -8.158058e-024
855.200000  -1.969110e-023
855.400000  -4.670712e-023
855.600000  -4.191107e-023
855.800000  -2.849009e-023
856.000000  -2.032732e-023
856.200000  -5.666498e-023
856.400000  -3.087369e-023
856.600000  -1.732346e-023
856.800000  3.415914e-024
857.000000  -1.540057e-023
857.200000  -8.213780e-024
857.400000  1.658373e-023
857.600000  5.892641e-024
857.800000  -7.625466e-024
858.000000  -3.055572e-024
858.200000  2.293807e-023
858.400000  -1.902869e-023
858.600000  -1.357314e-023
858.800000  -2.135604e-023
859.000000  -2.164062e-023
859.200000  -2.561657e-023
859.400000  -2.183726e-023
859.600000  -1.845356e-023
859.800000  -5.306456e-024
860.000000  -1.115164e-023
860.200000  -2.659631e-023
860.400000  6.492421e-026
860.600000  -1.883804e-023
860.800000  -2.505580e-024
861.000000  -1.206103e-023
861.200000  8.828838e-024
861.400000  3.088672e-024
861.600000  -1.741651e-023
861.800000  -1.094039e-024
862.000000  2.799576e-025
862.200000  4.871817e-024
862.400000  -2.119672e-023
862.600000  -2.476446e-024
862.800000  -4.796662e-026
863.000000  -6.555458e-024
863.200000  -1.447639e-023
863.400000  -2.196566e-023
863.600000  -2.472775e-024
863.800000  -1.336222e-023
864.000000  -3.996584e-024
864.200000  -1.038014e-023
864.400000  -3.309194e-024
864.600000  -2.119640e-024
864.800000  -1.867892e-023
865.000000  9.801277e-024
865.200000  -2.297014e-023
865.400000  2.663709e-024
865.600000  -4.505679e-024
865.800000  2.172880e-023
866.000000  1.310195e-023
866.200000  7.710265e-025
866.400000  1.241695e-023
866.600000  2.680810e-023
866.800000  7.511056e-024
867.000000  3.566626e-024
867.200000  -6.114957e-024
867.400000  8.870872e-024
867.600000  -4.917911e-024
867.800000  6.760019e-024
868.000000  6.412322e-024
868.200000  3.215151e-023
868.400000  -1.191109e-023
868.600000  -7.705777e-024
868.800000  3.597129e-024
869.000000  3.112114e-024
869.200000  8.746304e-024
869.400000  -2.458926e-023
869.600000  -3.590567e-024
869.800000  -1.086813e-023
870.000000  -6.260372e-024
870.200000  -2.295048e-023
870.400000  -1.032504e-023
870.600000  -5.028240e-024
870.800000  -2.889250e-023
871.000000  6.722917e-025
871.200000  1.283891e-023
871.400000  1.055067e-023
871.600000  -1.483847e-023
871.800000  1.154765e-023
872.000000  4.205669e-023
872.200000  -6.138442e-024
872.400000  5.496481e-024
872.600000  9.753591e-024
872.800000  3.999418e-024
873.000000  -7.050925e-024
873.200000  1.339236e-023
873.400000  -1.449762e-024
873.600000  1.506724e-023
873.800000  1.848299e-023
874.000000  -1.627679e-023
874.200000  4.862879e-024
874.400000  1.537718e-023
874.600000  -1.175772e-024
874.800000  1.283169e-024
875.000000  -8.971335e-024
875.200000  3.925163e-024
875.400000  -6.499613e-025
875.600000  7.876020e-024
875.800000  2.377717e-024
876.000000  -1.075668e-025
876.200000  -2.868945e-024
876.400000  1.275171e-023
876.600000  -6.146199e-024
876.800000  2.569828e-023
877.000000  -5.522216e-025
877.200000  -4.671922e-024
877.400000  1.802010e-023
877.600000  1.374172e-023
877.800000  5.870304e-024
878.000000  6.612450e-024
878.200000  2.541710e-023
878.400000  2.771741e-023
878.600000  3.047408e-023
878.800000  4.189971e-023
879.000000  5.348853e-023
879.200000  6.064481e-023
879.400000  5.069317e-023
879.600000  6.786287e-023
879.800000  8.685472e-023
880.000000  9.070137e-023
880.200000  8.218050e-023
880.400000  9.638042e-023
880.600000  8.801900e-023
880.800000  7.413636e-023
881.000000  8.499104e-023
881.200000  8.032710e-023
881.400000  7.895361e-023
881.600000  5.974524e-023
881.800000  6.455563e-023
882.000000  4.560265e-023
882.200000  5.017537e-023
882.400000  4.215357e-023
882.600000  5.575318e-023
882.800000  6.787440e-023
883.000000  5.787436e-023
883.200000  2.423283e-023
883.400000  6.169473e-023
883.600000  6.676526e-023
883.800000  4.436879e-023
884.000000  5.548188e-023
884.200000  7.366409e-023
884.400000  5.575912e-023
884.600000  7.115777e-023
884.800000  6.365766e-023
885.000000  1.076842e-022
885.200000  1.017922e-022
885.400000  7.991268e-023
885.600000  9.802291e-023
885.800000  1.262101e-022
886.000000  1.161690e-022
886.200000  1.120253e-022
886.400000  1.346526e-022
886.600000  1.432013e-022
886.800000  1.348783e-022
887.000000  1.308750e-022
887.200000  1.407618e-022
887.400000  1.606305e-022
887.600000  1.451067e-022
887.800000  1.254764e-022
888.000000  1.789967e-022
888.200000  1.595115e-022
888.400000  1.608288e-022
888.600000  1.487298e-022
888.800000  1.433076e-022
889.000000  1.604197e-022
889.200000  1.485694e-022
889.400000  1.365082e-022
889.600000  1.307768e-022
889.800000  1.504123e-022
890.000000  1.683716e-022
890.200000  1.367747e-022
890.400000  1.653666e-022
890.600000  1.588137e-022
890.800000  1.661062e-022
891.000000  1.548630e-022
891.200000  1.887762e-022
891.400000  2.045230e-022
891.600000  2.020538e-022
891.800000  2.177234e-022
892.000000  2.300903e-022
892.200000  2.359829e-022
892.400000  2.118811e-022
892.600000  2.247730e-022
892.800000  2.476223e-022
893.000000  2.701853e-022
893.200000  2.479996e-022
893.400000  2.332449e-022
893.600000  2.776845e-022
893.800000  2.622436e-022
894.000000  2.338262e-022
894.200000  2.490153e-022
894.400000  2.694240e-022
894.600000  2.523770e-022
894.800000  2.421848e-022
895.000000  2.816770e-022
895.200000  2.847182e-022
895.400000  2.791559e-022
895.600000  2.481312e-022
895.800000  2.810613e-022
896.000000  2.864792e-022
896.200000  2.602682e-022
896.400000  2.816263e-022
896.600000  2.889319e-022
896.800000  2.828089e-022
897.000000  2.746601e-022
897.200000  3.203484e-022
897.400000  3.259340e-022
897.600000  3.439320e-022
897.800000  3.275087e-022
898.000000  3.572442e-022
898.200000  3.762166e-022
898.400000  3.378931e-022
898.600000  3.592320e-022
898.800000  3.651324e-022
899.000000  3.845344e-022
899.200000  3.760637e-022
899.400000  3.435218e-022
899.600000  3.929388e-022
899.800000  3.587547e-022
900.000000  3.782238e-022
900.200000  3.806073e-022
900.400000  4.055308e-022
900.600000  3.720854e-022
900.800000  4.005422e-022
901.000000  3.962676e-022
901.200000  4.090977e-022
901.400000  4.128450e-022
901.600000  4.274102e-022
901.800000  4.198892e-022
902.000000  4.204535e-022
902.200000  4.391580e-022
902.400000  4.594056e-022
902.600000  4.511323e-022
902.800000  4.775374e-022
903.000000  4.978963e-022
903.200000  5.196523e-022
903.400000  5.084253e-022
903.600000  5.066081e-022
903.800000  5.521747e-022
904.000000  5.191291e-022
904.200000  5.187000e-022
904.400000  5.253883e-022
904.600000  5.589541e-022
904.800000  5.372984e-022
905.000000  5.445690e-022
905.200000  5.659654e-022
905.400000  5.807212e-022
905.600000  5.677636e-022
905.800000  5.687401e-022
906.000000  5.995495e-022
906.200000  5.962453e-022
906.400000  5.970980e-022
906.600000  6.395412e-022
906.800000  6.403649e-022
907.000000  6.366214e-022
907.200000  6.214029e-022
907.400000  6.628130e-022
907.600000  6.869029e-022
907.800000  6.779536e-022
908.000000  6.891114e-022
908.200000  7.566889e-022
908.400000  7.298030e-022
908.600000  7.297429e-022
908.800000  7.507429e-022
909.000000  7.869319e-022
909.200000  7.956877e-022
909.400000  7.604005e-022
909.600000  7.926144e-022
909.800000  8.183105e-022
910.000000  8.449388e-022
910.200000  7.999579e-022
910.400000  8.394830e-022
910.600000  8.703412e-022
910.800000  8.831405e-022
911.000000  8.779919e-022
911.200000  9.095015e-022
911.400000  9.369936e-022
911.600000  9.485478e-022
911.800000  9.597071e-022
912.000000  9.644562e-022
912.200000  9.978059e-022
912.400000  1.021998e-021
912.600000  1.015019e-021
912.800000  1.071240e-021
913.000000  1.066001e-021
913.200000  1.073342e-021
913.400000  1.143977e-021
913.600000  1.157441e-021
913.800000  1.165651e-021
914.000000  1.219408e-021
914.200000  1.224980e-021
914.400000  1.275960e-021
914.600000  1.291350e-021
914.800000  1.322745e-021
915.000000  1.344943e-021
915.200000  1.404682e-021
915.400000  1.418165e-021
915.600000  1.433868e-021
915.800000  1.446332e-021
916.000000  1.540781e-021
916.200000  1.568747e-021
916.400000  1.625537e-021
916.600000  1.633531e-021
916.800000  1.733158e-021
917.000000  1.697221e-021
917.200000  1.792311e-021
917.400000  1.835626e-021
917.600000  1.920330e-021
917.800000  1.918163e-021
918.000000  1.919130e-021
918.200000  1.964890e-021
918.400000  2.046175e-021
918.600000  1.960731e-021
918.800000  2.142012e-021
919.000000  2.121157e-021
919.200000  2.125548e-021
919.400000  2.164215e-021
919.600000  2.268282e-021
919.800000  2.319502e-021
920.000000  2.343951e-021
920.200000  2.336980e-021
920.400000  2.257062e-021
920.600000  2.400678e-021
920.800000  2.310586e-021
921.000000  2.276132e-021
921.200000  2.387789e-021
921.400000  2.441493e-021
921.600000  2.331696e-021
921.800000  2.368755e-021
922.000000  2.444422e-021
922.200000  2.377248e-021
922.400000  2.421770e-021
922.600000  2.342569e-021
922.800000  2.424086e-021
923.000000  2.368241e-021
923.200000  2.445852e-021
923.400000  2.305591e-021
923.600000  2.440723e-021
923.800000  2.336114e-021
924.000000  2.380302e-021
924.200000  2.328023e-021
924.400000  2.390602e-021
924.600000  2.311728e-021
924.800000  2.303014e-021
925.000000  2.338707e-021
925.200000  2.298392e-021
925.400000  2.305809e-021
925.600000  2.226164e-021
925.800000  2.301344e-021
926.000000  2.331631e-021
926.200000  2.247398e-021
926.400000  2.268561e-021
926.600000  2.214979e-021
926.800000  2.270492e-021
927.000000  2.176275e-021
927.200000  2.187955e-021
927.400000  2.260352e-021
927.600000  2.224120e-021
927.800000  2.175605e-021
928.000000  2.195425e-021
928.200000  2.141588e-021
928.400000  2.119490e-021
928.600000  2.030362e-021
928.800000  2.059322e-021
929.000000  2.016237e-021
929.200000  2.025133e-021
929.400000  1.960113e-021
929.600000  1.953844e-021
929.800000  1.966753e-021
930.000000  1.993629e-021
930.200000  1.971643e-021
930.400000  1.955665e-021
930.600000  1.996047e-021
930.800000  1.916889e-021
931.000000  1.917550e-021
931.200000  1.937620e-021
931.400000  1.882910e-021
931.600000  1.958225e-021
931.800000  1.864140e-021
932.000000  1.882729e-021
932.200000  1.859048e-021
932.400000  1.867418e-021
932.600000  1.836347e-021
932.800000  1.890860e-021
933.000000  1.864828e-021
933.200000  1.804100e-021
933.400000  1.824821e-021
933.600000  1.830112e-021
933.800000  1.806943e-021
934.000000  1.739325e-021
934.200000  1.805630e-021
934.400000  1.806913e-021
934.600000  1.790079e-021
934.800000  1.741305e-021
935.000000  1.750662e-021
935.200000  1.750308e-021
935.400000  1.716799e-021
935.600000  1.727184e-021
935.800000  1.700473e-021
936.000000  1.758355e-021
936.200000  1.649532e-021
936.400000  1.657513e-021
936.600000  1.645023e-021
936.800000  1.693230e-021
937.000000  1.632869e-021
937.200000  1.662270e-021
937.400000  1.693900e-021
937.600000  1.630710e-021
937.800000  1.611203e-021
938.000000  1.642317e-021
938.200000  1.642440e-021
938.400000  1.663323e-021
938.600000  1.619495e-021
938.800000  1.657775e-021
939.000000  1.669889e-021
939.200000  1.651636e-021
939.400000  1.673856e-021
939.600000  1.677961e-021
939.800000  1.679786e-021
940.000000  1.744243e-021
940.200000  1.666071e-021
940.400000  1.691506e-021
940.600000  1.707522e-021
940.800000  1.725434e-021
941.000000  1.690805e-021
941.200000  1.756985e-021
941.400000  1.725999e-021
941.600000  1.716140e-021
941.800000  1.752024e-021
942.000000  1.766482e-021
942.200000  1.774513e-021
942.400000  1.794681e-021
942.600000  1.781150e-021
942.800000  1.792752e-021
943.000000  1.763364e-021
943.200000  1.796630e-021
943.400000  1.745153e-021
943.600000  1.828307e-021
943.800000  1.756253e-021
944.000000  1.819657e-021
944.200000  1.765935e-021
944.400000  1.806523e-021
944.600000  1.789293e-021
944.800000  1.762910e-021
945.000000  1.759964e-021
945.200000  1.755983e-021
945.400000  1.768759e-021
945.600000  1.754298e-021
945.800000  1.789109e-021
946.000000  1.757270e-021
946.200000  1.749527e-021
946.400000  1.771268e-021
946.600000  1.739751e-021
946.800000  1.788909e-021
947.000000  1.745364e-021
947.200000  1.761702e-021
947.400000  1.781078e-021
947.600000  1.741956e-021
947.800000  1.787278e-021
948.000000  1.743519e-021
948.200000  1.795934e-021
948.400000  1.833591e-021
948.600000  1.803429e-021
948.800000  1.773542e-021
949.000000  1.817085e-021
949.200000  1.801115e-021
949.400000  1.811378e-021
949.600000  1.778889e-021
949.800000  1.832883e-021
950.000000  1.804636e-021
950.200000  1.828414e-021
950.400000  1.766086e-021
950.600000  1.772368e-021
950.800000  1.793589e-021
951.000000  1.781891e-021
951.200000  1.826288e-021
951.400000  1.850512e-021
951.600000  1.843873e-021
951.800000  1.853208e-021
952.000000  1.855434e-021
952.200000  1.805693e-021
952.400000  1.841815e-021
952.600000  1.879197e-021
952.800000  1.820459e-021
953.000000  1.849124e-021
953.200000  1.887660e-021
953.400000  1.866256e-021
953.600000  1.876211e-021
953.800000  1.862058e-021
954.000000  1.933095e-021
954.200000  1.840836e-021
954.400000  1.911737e-021
954.600000  1.900409e-021
954.800000  1.919801e-021
955.000000  1.949574e-021
955.200000  1.957070e-021
955.400000  1.913859e-021
955.600000  1.955841e-021
955.800000  1.969559e-021
956.000000  1.955465e-021
956.200000  2.002238e-021
956.400000  1.943398e-021
956.600000  1.910039e-021
956.800000  1.888881e-021
957.000000  1.995727e-021
957.200000  1.982023e-021
957.400000  1.958411e-021
957.600000  2.031327e-021
957.800000  2.004918e-021
958.000000  1.992531e-021
958.200000  1.988725e-021
958.400000  2.079637e-021
958.600000  2.034299e-021
958.800000  2.050325e-021
959.000000  2.117767e-021
959.200000  2.163744e-021
959.400000  2.127190e-021
959.600000  2.142364e-021
959.800000  2.143898e-021
960.000000  2.212279e-021
960.200000  2.171317e-021
960.400000  2.109158e-021
960.600000  2.218544e-021
960.800000  2.211126e-021
961.000000  2.272236e-021
961.200000  2.200701e-021
961.400000  2.302529e-021
961.600000  2.303135e-021
961.800000  2.370996e-021
962.000000  2.318054e-021
962.200000  2.378329e-021
962.400000  2.396217e-021
962.600000  2.442362e-021
962.800000  2.489440e-021
963.000000  2.488171e-021
963.200000  2.508363e-021
963.400000  2.543314e-021
963.600000  2.564024e-021
963.800000  2.684768e-021
964.000000  2.773193e-021
964.200000  2.892440e-021
964.400000  2.934587e-021
964.600000  3.107801e-021
964.800000  3.159323e-021
965.000000  3.157409e-021
965.200000  3.034006e-021
965.400000  2.983137e-021
965.600000  2.958601e-021
965.800000  2.909593e-021
966.000000  2.810339e-021
966.200000  2.845382e-021
966.400000  2.897767e-021
966.600000  2.841063e-021
966.800000  2.783795e-021
967.000000  2.885995e-021
967.200000  2.954550e-021
967.400000  2.876108e-021
967.600000  2.927436e-021
967.800000  2.939758e-021
968.000000  3.041685e-021
968.200000  2.951876e-021
968.400000  3.052322e-021
968.600000  3.005552e-021
968.800000  3.036854e-021
969.000000  3.023431e-021
969.200000  3.038551e-021
969.400000  3.057374e-021
969.600000  3.011907e-021
969.800000  3.066501e-021
970.000000  3.154160e-021
970.200000  3.161791e-021
970.400000  3.093568e-021
970.600000  3.260850e-021
970.800000  3.333268e-021
971.000000  3.271507e-021
971.200000  3.146468e-021
971.400000  3.194298e-021
971.600000  3.314577e-021
971.800000  3.258650e-021
972.000000  3.189523e-021
972.200000  3.246646e-021
972.400000  3.333791e-021
972.600000  3.206288e-021
972.800000  3.363809e-021
973.000000  3.479841e-021
973.200000  3.493226e-021
973.400000  3.424702e-021
973.600000  3.428535e-021
973.800000  3.544739e-021
974.000000  3.584601e-021
974.200000  3.624090e-021
974.400000  3.680672e-021
974.600000  3.788689e-021
974.800000  3.812826e-021
975.000000  3.859468e-021
975.200000  4.095065e-021
975.400000  4.190356e-021
975.600000  4.242149e-021
975.800000  4.331115e-021
976.000000  4.474119e-021
976.200000  4.615943e-021
976.400000  4.554859e-021
976.600000  4.666031e-021
976.800000  4.786555e-021
977.000000  4.901488e-021
977.200000  5.002207e-021
977.400000  5.142831e-021
977.600000  5.140043e-021
977.800000  5.260640e-021
978.000000  5.356021e-021
978.200000  5.458184e-021
978.400000  5.485852e-021
978.600000  5.664217e-021
978.800000  5.674686e-021
979.000000  5.682140e-021
979.200000  5.651174e-021
979.400000  5.767596e-021
979.600000  5.688368e-021
979.800000  5.622128e-021
980.000000  5.452132e-021
980.200000  5.609707e-021
980.400000  5.449937e-021
980.600000  5.330505e-021
980.800000  5.232529e-021
981.000000  5.311660e-021
981.200000  5.005851e-021
981.400000  4.860216e-021
981.600000  4.836807e-021
981.800000  4.743274e-021
982.000000  4.561792e-021
982.200000  4.311738e-021
982.400000  4.300396e-021
982.600000  4.176323e-021
982.800000  3.965040e-021
983.000000  3.842297e-021
983.200000  3.820463e-021
983.400000  3.650373e-021
983.600000  3.490139e-021
983.800000  3.463514e-021
984.000000  3.446658e-021
984.200000  3.274046e-021
984.400000  3.279681e-021
984.600000  3.250755e-021
984.800000  3.192610e-021
985.000000  3.041922e-021
985.200000  3.038596e-021
985.400000  3.060073e-021
985.600000  3.016898e-021
985.800000  2.919386e-021
986.000000  2.874500e-021
986.200000  2.891875e-021
986.400000  2.839008e-021
986.600000  2.731894e-021
986.800000  2.732740e-021
987.000000  2.717590e-021
987.200000  2.605276e-021
987.400000  2.560927e-021
987.600000  2.546483e-021
987.800000  2.505232e-021
988.000000  2.417485e-021
988.200000  2.360342e-021
988.400000  2.318409e-021
988.600000  2.286976e-021
988.800000  2.208601e-021
989.000000  2.198560e-021
989.200000  2.167892e-021
989.400000  2.132425e-021
989.600000  2.094803e-021
989.800000  2.051606e-021
990.000000  2.016916e-021
990.200000  1.996706e-021
990.400000  1.950465e-021
990.600000  1.928037e-021
990.800000  1.954993e-021
991.000000  1.922590e-021
991.200000  1.900532e-021
991.400000  1.822689e-021
991.600000  1.813776e-021
991.800000  1.747679e-021
992.000000  1.697711e-021
992.200000  1.670808e-021
992.400000  1.633064e-021
992.600000  1.622175e-021
992.800000  1.535276e-021
993.000000  1.529045e-021
993.200000  1.502852e-021
993.400000  1.464282e-021
993.600000  1.436228e-021
993.800000  1.388917e-021
994.000000  1.373468e-021
994.200000  1.317688e-021
994.400000  1.295012e-021
994.600000  1.272236e-021
994.800000  1.248472e-021
995.000000  1.220251e-021
995.200000  1.185743e-021
995.400000  1.176560e-021
995.600000  1.145096e-021
995.800000  1.118454e-021
996.000000  1.092328e-021
996.200000  1.067002e-021
996.400000  1.059345e-021
996.600000  1.032712e-021
996.800000  1.012825e-021
997.000000  9.987459e-022
997.200000  9.612346e-022
997.400000  9.439546e-022
997.600000  9.373786e-022
997.800000  9.314989e-022
998.000000  9.159590e-022
998.200000  8.942255e-022
998.400000  8.708313e-022
998.600000  8.547029e-022
998.800000  8.446254e-022
999.000000  8.152695e-022
999.200000  8.018932e-022
999.400000  7.889109e-022
999.600000  7.591158e-022
999.800000  7.611161e-022
1000.000000  7.371089e-022
1000.200000  7.378571e-022
1000.400000  7.191554e-022
1000.600000  7.156669e-022
1000.800000  7.140255e-022
1001.000000  7.095075e-022
1001.200000  7.068552e-022
1001.400000  6.893547e-022
1001.600000  6.785501e-022
1001.800000  6.743659e-022
1002.000000  6.613756e-022
1002.200000  6.577759e-022
1002.400000  6.488775e-022
1002.600000  6.495264e-022
1002.800000  6.333853e-022
1003.000000  6.531894e-022
1003.200000  6.330159e-022
1003.400000  6.385709e-022
1003.600000  6.346549e-022
1003.800000  6.148821e-022
1004.000000  6.139277e-022
1004.200000  6.108105e-022
1004.400000  5.969069e-022
1004.600000  5.979970e-022
1004.800000  5.846378e-022
1005.000000  5.849892e-022
1005.200000  5.804268e-022
1005.400000  5.720617e-022
1005.600000  5.747499e-022
1005.800000  5.651330e-022
1006.000000  5.595503e-022
1006.200000  5.470876e-022
1006.400000  5.519696e-022
1006.600000  5.428695e-022
1006.800000  5.341233e-022
1007.000000  5.329480e-022
1007.200000  5.240309e-022
1007.400000  5.107284e-022
1007.600000  4.981513e-022
1007.800000  5.026183e-022
1008.000000  4.984634e-022
1008.200000  4.856800e-022
1008.400000  4.815988e-022
1008.600000  4.895992e-022
1008.800000  4.729389e-022
1009.000000  4.671901e-022
1009.200000  4.622234e-022
1009.400000  4.745328e-022
1009.600000  4.566445e-022
1009.800000  4.412253e-022
1010.000000  4.559575e-022
1010.200000  4.549093e-022
1010.400000  4.523241e-022
1010.600000  4.465480e-022
1010.800000  4.411755e-022
1011.000000  4.363862e-022
1011.200000  4.227629e-022
1011.400000  4.399709e-022
1011.600000  4.432163e-022
1011.800000  4.348757e-022
1012.000000  4.350431e-022
1012.200000  4.169295e-022
1012.400000  4.236405e-022
1012.600000  4.155465e-022
1012.800000  4.068847e-022
1013.000000  4.005125e-022
1013.200000  4.001883e-022
1013.400000  3.965912e-022
1013.600000  3.857571e-022
1013.800000  3.907352e-022
1014.000000  3.788565e-022
1014.200000  3.796827e-022
1014.400000  3.617054e-022
1014.600000  3.647621e-022
1014.800000  3.554516e-022
1015.000000  3.586041e-022
1015.200000  3.483783e-022
1015.400000  3.479884e-022
1015.600000  3.419402e-022
1015.800000  3.444663e-022
1016.000000  3.358711e-022
1016.200000  3.352213e-022
1016.400000  3.244072e-022
1016.600000  3.251966e-022
1016.800000  3.007147e-022
1017.000000  3.056706e-022
1017.200000  3.092869e-022
1017.400000  2.941206e-022
1017.600000  2.928354e-022
1017.800000  2.830618e-022
1018.000000  2.780979e-022
1018.200000  2.758358e-022
1018.400000  2.642877e-022
1018.600000  2.641603e-022
1018.800000  2.495626e-022
1019.000000  2.600353e-022
1019.200000  2.443881e-022
1019.400000  2.520789e-022
1019.600000  2.512942e-022
1019.800000  2.378806e-022
1020.000000  2.436486e-022
1020.200000  2.334271e-022
1020.400000  2.350594e-022
1020.600000  2.148378e-022
1020.800000  2.323148e-022
1021.000000  2.324950e-022
1021.200000  2.242146e-022
1021.400000  2.336599e-022
1021.600000  2.339827e-022
1021.800000  2.252460e-022
1022.000000  2.266723e-022
1022.200000  2.165760e-022
1022.400000  2.225192e-022
1022.600000  2.065987e-022
1022.800000  2.078281e-022
1023.000000  1.960384e-022
1023.200000  1.892083e-022
1023.400000  1.947269e-022
1023.600000  1.934376e-022
1023.800000  1.999296e-022
1024.000000  1.930367e-022
1024.200000  1.870687e-022
1024.400000  1.865762e-022
1024.600000  1.807896e-022
1024.800000  1.772199e-022
1025.000000  1.730546e-022
1025.200000  1.610735e-022
1025.400000  1.638151e-022
1025.600000  1.549293e-022
1025.800000  1.528579e-022
1026.000000  1.530962e-022
1026.200000  1.652021e-022
1026.400000  1.613214e-022
1026.600000  1.579506e-022
1026.800000  1.600539e-022
1027.000000  1.674894e-022
1027.200000  1.597353e-022
1027.400000  1.620880e-022
1027.600000  1.668283e-022
1027.800000  1.548074e-022
1028.000000  1.464123e-022
1028.200000  1.609880e-022
1028.400000  1.502623e-022
1028.600000  1.416383e-022
1028.800000  1.363939e-022
1029.000000  1.404637e-022
1029.200000  1.478355e-022
1029.400000  1.535086e-022
1029.600000  1.639052e-022
1029.800000  1.542550e-022
1030.000000  1.493091e-022
1030.200000  1.474137e-022
1030.400000  1.417472e-022
1030.600000  1.330781e-022
1030.800000  1.334715e-022
1031.000000  1.309505e-022
1031.200000  1.278036e-022
1031.400000  1.164892e-022
1031.600000  1.208150e-022
1031.800000  1.046837e-022
1032.000000  1.161122e-022
1032.200000  1.142503e-022
1032.400000  1.108148e-022
1032.600000  1.082274e-022
1032.800000  1.056328e-022
1033.000000  1.030313e-022
1033.200000  1.041342e-022
1033.400000  9.319346e-023
1033.600000  8.172823e-023
1033.800000  8.828083e-023
1034.000000  8.048147e-023
1034.200000  9.010440e-023
1034.400000  9.962741e-023
1034.600000  8.912295e-023
1034.800000  9.456008e-023
1035.000000  8.359972e-023
1035.200000  8.742592e-023
1035.400000  8.580093e-023
1035.600000  8.948662e-023
1035.800000  8.942162e-023
1036.000000  8.577535e-023
1036.200000  9.586584e-023
1036.400000  9.096366e-023
1036.600000  8.396164e-023
1036.800000  8.567700e-023
1037.000000  8.046406e-023
1037.200000  9.601316e-023
1037.400000  7.261040e-023
1037.600000  7.528825e-023
1037.800000  8.111300e-023
1038.000000  7.654621e-023
1038.200000  7.534094e-023
1038.400000  8.010432e-023
1038.600000  6.942934e-023
1038.800000  6.918723e-023
1039.000000  6.593244e-023
1039.200000  6.894260e-023
1039.400000  7.046135e-023
1039.600000  6.695210e-023
1039.800000  6.967159e-023
1040.000000  7.842270e-023
1040.200000  6.759810e-023
1040.400000  6.360488e-023
1040.600000  5.421600e-023
1040.800000  4.844264e-023
1041.000000  4.115000e-023
1041.200000  4.762052e-023
1041.400000  3.855888e-023
1041.600000  4.217848e-023
1041.800000  3.135980e-023
1042.000000  3.053881e-023
1042.200000  1.556826e-023
1042.400000  2.227490e-023
1042.600000  2.452328e-023
1042.800000  2.266055e-023
1043.000000  2.368221e-023
1043.200000  1.350681e-023
1043.400000  1.795432e-023
1043.600000  1.822595e-023
1043.800000  1.493700e-023
1044.000000  1.991158e-023
1044.200000  1.281003e-023
1044.400000  1.884787e-023
1044.600000  7.266106e-024
1044.800000  4.684098e-024
1045.000000  1.345604e-023
1045.200000  1.754781e-023
1045.400000  1.626175e-023
1045.600000  1.242385e-023
1045.800000  1.311016e-023
1046.000000  1.393823e-023
1046.200000  1.207424e-023
1046.400000  4.834307e-024
1046.600000  -8.424152e-024
1046.800000  -1.096621e-023
1047.000000  -3.108782e-023
1047.200000  -1.038469e-023
1047.400000  -2.081250e-023
1047.600000  -1.613735e-023
1047.800000  -3.063005e-023
1048.000000  -2.144647e-023
1048.200000  -3.162548e-023
1048.400000  -2.271558e-023
1048.600000  -2.053673e-023
1048.800000  -2.034757e-023
1049.000000  -2.989960e-023
1049.200000  -3.113367e-023
1049.400000  -2.139307e-023
1049.600000  -1.917154e-023
1049.800000  -2.550587e-023
1050.000000  -1.545354e-023
1050.200000  -3.534616e-023
1050.400000  -2.844670e-023
1050.600000  -2.270882e-023
1050.800000  -2.231562e-023
1051.000000  -1.788039e-023
1051.200000  -1.969446e-023
1051.400000  -2.323329e-023
1051.600000  -1.210426e-023
1051.800000  -2.291572e-023
1052.000000  -2.400928e-023
1052.200000  -3.480055e-023
1052.400000  -1.770887e-023
1052.600000  -8.398107e-024
1052.800000  -2.121968e-023
1053.000000  -1.785426e-023
1053.200000  -1.265982e-023
1053.400000  -9.724175e-024
1053.600000  -1.638139e-023
1053.800000  -5.841773e-024
1054.000000  -1.047399e-023
1054.200000  -9.351519e-024
1054.400000  -1.039782e-023
1054.600000  -7.356188e-024
1054.800000  -9.042520e-024
1055.000000  -1.000841e-023
1055.200000  -9.566683e-024
1055.400000  -1.575654e-023
1055.600000  -1.672109e-024
1055.800000  -1.311753e-023
1056.000000  -1.411819e-023
1056.200000  -1.083812e-023
1056.400000  -1.420722e-023
1056.600000  -2.256981e-023
1056.800000  -1.411320e-023
1057.000000  -1.278847e-023
1057.200000  -1.829939e-023
1057.400000  -2.104073e-023
1057.600000  -2.383963e-023
1057.800000  -2.643896e-023
1058.000000  -3.109278e-023
1058.200000  -2.703800e-023
1058.400000  -2.995901e-023
1058.600000  -3.166142e-023
1058.800000  -4.274821e-023
1059.000000  -2.471983e-023
1059.200000  -2.124757e-023
1059.400000  -1.797017e-023
1059.600000  -1.892112e-023
1059.800000  -6.917297e-024
1060.000000  -1.132600e-023
1060.200000  -1.078453e-023
1060.400000  -7.337104e-024
1060.600000  -4.529827e-024
1060.800000  -7.149726e-024
1061.000000  -4.418424e-024
1061.200000  1.296654e-024
1061.400000  8.438875e-024
1061.600000  1.847144e-024
1061.800000  1.224836e-024
1062.000000  5.946134e-024
1062.200000  7.282625e-024
1062.400000  3.571615e-024
1062.600000  8.911397e-024
1062.800000  1.360053e-023
1063.000000  3.178566e-024
1063.200000  -1.202266e-023
1063.400000  -5.227651e-024
1063.600000  -9.634995e-024
1063.800000  -7.869144e-024
1064.000000  -1.000736e-023
1064.200000  -7.687508e-024
1064.400000  -1.619172e-023
1064.600000  -1.531028e-023
1064.800000  -1.727165e-023
1065.000000  -1.165583e-023
1065.200000  -1.894062e-023
1065.400000  -1.919697e-023
1065.600000  -1.679675e-023
1065.800000  -2.152807e-023
1066.000000  -3.192318e-023
1066.200000  -2.404843e-023
1066.400000  -2.812220e-023
1066.600000  -2.836648e-023
1066.800000  -3.474163e-023
1067.000000  -2.249708e-023
1067.200000  -2.928048e-023
1067.400000  -3.372141e-023
1067.600000  -3.542914e-023
1067.800000  -2.606671e-023
1068.000000  -2.342285e-023
1068.200000  -4.014354e-023
1068.400000  -1.980758e-023
1068.600000  -2.686833e-023
1068.800000  -3.533890e-023
1069.000000  -3.830660e-023
1069.200000  -4.404292e-023
1069.400000  -3.524188e-023
1069.600000  -4.945882e-023
1069.800000  -4.367014e-023
1070.000000  -3.841177e-023
1070.200000  -3.392607e-023
1070.400000  -2.996525e-023
1070.600000  -2.641829e-023
1070.800000  -2.364351e-023
1071.000000  -3.333738e-023
1071.200000  -4.012180e-023
1071.400000  -2.982314e-023
1071.600000  -2.581698e-023
1071.800000  -2.415032e-023
1072.000000  -2.536146e-023
1072.200000  -2.058115e-023
1072.400000  -1.919302e-023
1072.600000  -2.450304e-023
1072.800000  -1.423746e-023
1073.000000  -1.245850e-023
1073.200000  -8.652366e-024
1073.400000  -1.207190e-023
1073.600000  -4.267274e-024
1073.800000  -1.214141e-023
1074.000000  -1.321319e-023
1074.200000  -5.182641e-024
1074.400000  -1.552000e-023
1074.600000  -2.653309e-023
1074.800000  -2.336473e-023
1075.000000  -2.040905e-023
1075.200000  -1.574781e-023
1075.400000  -2.150268e-023
1075.600000  -1.350824e-023
1075.800000  -1.390476e-023
1076.000000  -4.919856e-024
1076.200000  -1.402134e-023
1076.400000  -9.161506e-024
1076.600000  1.805470e-024
1076.800000  -1.052816e-023
1077.000000  -2.211249e-023
1077.200000  -1.469164e-023
1077.400000  -2.136701e-023
1077.600000  -2.910582e-023
1077.800000  -4.153679e-023
1078.000000  -3.592139e-023
1078.200000  -3.158752e-023
1078.400000  -3.082616e-023
1078.600000  -3.767960e-023
1078.800000  -2.770672e-023
1079.000000  -4.034917e-023
1079.200000  -4.192933e-023
1079.400000  -4.702821e-023
1079.600000  -4.244351e-023
1079.800000  -4.645910e-023
1080.000000  -4.845128e-023
1080.200000  -5.211683e-023
1080.400000  -4.124763e-023
1080.600000  -4.206565e-023
1080.800000  -3.913012e-023
1081.000000  -4.818245e-023
1081.200000  -3.778810e-023
1081.400000  -5.097094e-023
1081.600000  -3.998856e-023
1081.800000  -4.078682e-023
1082.000000  -4.375113e-023
1082.200000  -4.047837e-023
1082.400000  -4.900105e-023
1082.600000  -5.398499e-023
1082.800000  -5.510888e-023
1083.000000  -5.711884e-023
1083.200000  -4.875895e-023
1083.400000  -5.472999e-023
1083.600000  -4.694553e-023
1083.800000  -4.047520e-023
1084.000000  -3.116760e-023
1084.200000  -3.295518e-023
1084.400000  -3.931575e-023
1084.600000  -2.330027e-023
1084.800000  -2.555477e-023
1085.000000  -2.597282e-023
1085.200000  -2.221443e-023
1085.400000  -2.201435e-023
1085.600000  -2.135819e-023
1085.800000  -1.767343e-023
1086.000000  -1.194011e-023
1086.200000  -1.108165e-023
1086.400000  -6.782787e-024
1086.600000  -3.421119e-024
1086.800000  7.814091e-024
1087.000000  2.121666e-023
1087.200000  1.106452e-023
1087.400000  1.856791e-023
1087.600000  2.971025e-023
1087.800000  2.114959e-023
1088.000000  1.750586e-023
1088.200000  2.396548e-023
1088.400000  2.097710e-023
1088.600000  2.194158e-023
1088.800000  1.784376e-023
1089.000000  2.761663e-023
1089.200000  2.306390e-023
1089.400000  1.908867e-023
1089.600000  2.369403e-023
1089.800000  2.137057e-023
1090.000000  1.819982e-023
1090.200000  1.128342e-023
1090.400000  4.477320e-024
1090.600000  3.407181e-024
1090.800000  -3.643347e-024
1091.000000  -7.482831e-024
1091.200000  -2.339438e-024
1091.400000  -1.724399e-023
1091.600000  -1.915028e-023
1091.800000  -1.615617e-023
1092.000000  -9.011802e-024
1092.200000  -1.292685e-023
1092.400000  -9.103541e-024
1092.600000  -1.689866e-024
1092.800000  -4.410501e-024
1093.000000  -4.969160e-024
1093.200000  3.537925e-024
1093.400000  1.266561e-023
1093.600000  8.861690e-024
1093.800000  6.063400e-024
1094.000000  1.955585e-023
1094.200000  2.210958e-023
1094.400000  1.965061e-023
1094.600000  1.856804e-023
1094.800000  2.909801e-023
1095.000000  2.753270e-023
1095.200000  2.390800e-023
1095.400000  4.459507e-023
1095.600000  3.242569e-023
1095.800000  3.223376e-023
1096.000000  3.113507e-023
1096.200000  3.486028e-023
1096.400000  4.882598e-023
1096.600000  3.889768e-023
1096.800000  3.786912e-023
1097.000000  4.171179e-023
1097.200000  4.594946e-023
1097.400000  4.625604e-023
1097.600000  4.526568e-023
1097.800000  3.007180e-023
1098.000000  2.907268e-023
1098.200000  2.489067e-023
1098.400000  3.085783e-023
1098.600000  2.638855e-023
1098.800000  2.369412e-023
1099.000000  2.285922e-023
1099.200000  2.176151e-023
1099.400000  2.250610e-023
1099.600000  2.073124e-023
1099.800000  2.746361e-023
1100.000000  1.739011e-023
