800.000000  -3.967238e-023
800.200000  -4.913549e-023
800.400000  -2.697066e-023
800.600000  -2.409537e-023
800.800000  -5.602227e-023
801.000000  -4.531716e-023
801.200000  -1.808384e-023
801.400000  -3.216588e-023
801.600000  -4.899990e-023
801.800000  -2.588287e-023
802.000000  -1.292160e-023
802.200000  -3.797572e-023
802.400000  -3.966020e-023
802.600000  -1.608325e-023
802.800000  -1.915846e-023
803.000000  -5.025054e-023
803.200000  -3.905179e-023
803.400000  -3.155527e-023
803.600000  -5.533150e-023
803.800000  -7.037938e-023
804.000000  -4.719680e-023
804.200000  -3.324427e-023
804.400000  -5.148826e-023
804.600000  -4.904307e-023
804.800000  -1.847388e-023
805.000000  -2.526691e-023
805.200000  -4.675448e-023
805.400000  -2.907077e-023
805.600000  -9.102206e-024
805.800000  -1.820077e-023
806.000000  -3.182695e-023
806.200000  5.262717e-024
806.400000  1.593119e-023
806.600000  -6.550470e-024
806.800000  -5.446405e-024
807.000000  9.809796e-024
807.200000  -1.038969e-024
807.400000  -4.002363e-023
807.600000  -3.342221e-023
807.800000  -1.257681e-023
808.000000  -4.187410e-023
808.200000  -5.785240e-023
808.400000  -2.821418e-023
808.600000  -2.298536e-023
808.800000  -3.804398e-023
809.000000  -2.128297e-023
809.200000  6.987906e-024
809.400000  -8.989343e-024
809.600000  -2.958313e-023
809.800000  -1.414143e-023
810.000000  -5.214910e-024
810.200000  -2.588129e-023
810.400000  -2.803719e-023
810.600000  2.884788e-025
810.800000  1.233028e-023
811.000000  -1.701680e-023
811.200000  -1.608824e-024
811.400000  1.552489e-023
811.600000  -3.705539e-024
811.800000  -2.104844e-023
812.000000  3.967944e-024
812.200000  3.129907e-024
812.400000  -2.614906e-023
812.600000  -4.117254e-023
812.800000  -9.795248e-025
813.000000  -6.419457e-024
813.200000  -2.876649e-023
813.400000  -3.826308e-023
813.600000  -2.937879e-023
813.800000  -6.280007e-023
814.000000  -7.432583e-023
814.200000  -2.889691e-023
814.400000  -1.171792e-023
814.600000  -3.091276e-023
814.800000  -3.813301e-023
815.000000  7.340374e-025
815.200000  -2.380271e-024
815.400000  -2.290951e-023
815.600000  -2.903256e-024
815.800000  2.301584e-023
816.000000  1.018734e-023
816.200000  -1.587270e-023
816.400000  1.369233e-023
816.600000  2.288876e-023
816.800000  -3.628571e-024
817.000000  -8.013368e-024
817.200000  1.826082e-023
817.400000  1.280522e-023
817.600000  -1.953748e-023
817.800000  -5.196257e-024
818.000000  2.281262e-024
818.200000  -1.679318e-023
818.400000  -3.679722e-023
818.600000  -1.001270e-023
818.800000  -1.079998e-023
819.000000  -4.046882e-023
819.200000  -4.492762e-023
819.400000  -2.088688e-023
819.600000  -2.306427e-023
819.800000  -2.839926e-023
820.000000  -1.219604e-023
820.200000  2.098596e-024
820.400000  -1.374739e-023
820.600000  -1.679826e-023
820.800000  1.539990e-023
821.000000  2.593758e-023
821.200000  2.798973e-024
821.400000  1.213220e-024
821.600000  3.616119e-023
821.800000  5.544984e-024
822.000000  -1.757113e-023
822.200000  1.790313e-024
822.400000  2.427347e-023
822.600000  2.066513e-024
822.800000  -1.240106e-023
823.000000  3.362282e-024
823.200000  -6.977170e-024
823.400000  -3.027651e-023
823.600000  -2.460015e-023
823.800000  -1.574755e-023
824.000000  -3.165963e-023
824.200000  -5.363415e-023
824.400000  -3.734231e-023
824.600000  -3.716049e-023
824.800000  -3.243943e-023
825.000000  -4.741560e-023
825.200000  -1.703627e-023
825.400000  1.376443e-023
825.600000  -6.211781e-024
825.800000  -1.494029e-024
826.000000  2.230688e-023
826.200000  2.238143e-023
826.400000  -1.613421e-023
826.600000  8.993685e-025
826.800000  2.703943e-023
827.000000  8.590976e-024
827.200000  -9.133687e-024
827.400000  -3.518466e-024
827.600000  -1.019492e-024
827.800000  -3.246175e-023
828.000000  -4.600108e-023
828.200000  -2.027042e-023
828.400000  -1.328692e-023
828.600000  -4.234647e-023
828.800000  -2.712399e-023
829.000000  -1.016657e-024
829.200000  -1.815859e-023
829.400000  -2.621792e-023
829.600000  -6.996236e-024
829.800000  1.456324e-023
830.000000  -1.848031e-023
830.200000  -2.289228e-023
830.400000  -4.589980e-024
830.600000  -5.790079e-024
830.800000  -3.607141e-023
831.000000  -8.650501e-024
831.200000  1.549573e-023
831.400000  -1.472072e-023
831.600000  -2.319895e-023
831.800000  -5.705073e-024
832.000000  -2.062089e-023
832.200000  -4.419738e-023
832.400000  -3.310728e-023
832.600000  3.514366e-024
832.800000  -2.772696e-024
833.000000  -1.851193e-023
833.200000  1.660061e-023
833.400000  3.026146e-023
833.600000  1.364669e-024
833.800000  -2.975254e-024
834.000000  1.438285e-023
834.200000  -3.596642e-024
834.400000  -3.962197e-023
834.600000  -2.816226e-023
834.800000  -1.810832e-023
835.000000  -3.410311e-023
835.200000  -3.748325e-023
835.400000  -2.056082e-024
835.600000  2.054612e-024
835.800000  -1.828125e-023
836.000000  -4.430338e-024
836.200000  1.575522e-023
836.400000  -9.145418e-024
836.600000  -2.295711e-023
836.800000  9.144287e-024
837.000000  2.111346e-023
837.200000  -1.945161e-023
837.400000  -2.942015e-023
837.600000  -2.858529e-024
837.800000  1.219866e-024
838.000000  -2.502704e-023
838.200000  -2.046943e-023
838.400000  5.318441e-024
838.600000  -1.045401e-023
838.800000  -2.445881e-023
839.000000  4.125983e-024
839.200000  1.945778e-023
839.400000  -3.557953e-024
839.600000  -8.715392e-024
839.800000  2.456989e-023
840.000000  1.882276e-023
840.200000  -3.790318e-024
840.400000  1.648209e-023
840.600000  3.852073e-023
840.800000  2.702179e-023
841.000000  -4.963917e-024
841.200000  1.133257e-023
841.400000  1.451641e-023
841.600000  -9.898749e-024
841.800000  -1.734193e-023
842.000000  -2.023892e-024
842.200000  -1.094529e-025
842.400000  -2.224214e-023
842.600000  -1.227934e-023
842.800000  8.347008e-024
843.000000  -1.688113e-023
843.200000  -3.049979e-023
843.400000  -1.124923e-023
843.600000  -7.114458e-024
843.800000  -2.248831e-023
844.000000  -1.835075e-023
844.200000  2.217684e-023
844.400000  1.780295e-023
844.600000  -4.152542e-024
844.800000  -4.609557e-025
845.000000  2.005405e-023
845.200000  2.724409e-025
845.400000  -1.906879e-023
845.600000  7.674381e-024
845.800000  1.443293e-023
846.000000  -7.985835e-024
846.200000  -2.961148e-024
846.400000  2.319521e-023
846.600000  1.623814e-023
846.800000  -1.225592e-023
847.000000  -5.037296e-024
847.200000  2.151804e-024
847.400000  -2.456083e-023
847.600000  -3.191408e-023
847.800000  -7.543919e-024
848.000000  -4.314279e-024
848.200000  -2.614603e-023
848.400000  -3.040808e-023
848.600000  -8.021592e-025
848.800000  -1.339073e-023
849.000000  -1.984157e-023
849.200000  -2.528875e-024
849.400000  2.138465e-023
849.600000  2.596061e-024
849.800000  -6.055291e-024
850.000000  2.262270e-023
850.200000  2.010762e-023
850.400000  -3.868207e-024
850.600000  2.403284e-024
850.800000  2.310364e-023
851.000000  3.087721e-024
851.200000  -2.204087e-023
851.400000  -6.636459e-024
851.600000  1.342430e-023
851.800000  -4.178921e-024
852.000000  -2.226250e-023
852.200000  6.095435e-024
852.400000  6.204031e-024
852.600000  -2.694549e-023
852.800000  -2.892271e-023
853.000000  2.756814e-024
853.200000  -7.465610e-024
853.400000  -2.030099e-023
853.600000  1.989386e-025
853.800000  5.537295e-024
854.000000  -2.285335e-023
854.200000  -3.180398e-023
854.400000  7.604448e-025
854.600000  8.188534e-024
854.800000  -1.313506e-023
855.000000  -3.548937e-024
855.200000  2.914467e-023
855.400000  1.986279e-023
855.600000  1.014872e-023
855.800000  1.971464e-023
856.000000  2.452223e-023
856.200000  1.165993e-024
856.400000  -1.744763e-023
856.600000  1.084051e-023
856.800000  -2.228383e-024
857.000000  -2.453528e-023
857.200000  -8.289140e-024
857.400000  1.299934e-023
857.600000  -8.824315e-024
857.800000  -3.537736e-023
858.000000  -2.039364e-023
858.200000  -2.108945e-023
858.400000  -4.336246e-023
858.600000  -4.147420e-023
858.800000  -7.507985e-024
859.000000  -1.244132e-023
859.200000  -3.260069e-023
859.400000  -1.933578e-023
859.600000  8.289454e-024
859.800000  -3.372203e-024
860.000000  -1.250412e-023
860.200000  2.305564e-023
860.400000  2.183675e-023
860.600000  -6.762715e-025
860.800000  -4.716422e-024
861.000000  2.265514e-023
861.200000  8.562625e-024
861.400000  -2.098501e-023
861.600000  -4.945789e-024
861.800000  7.288244e-024
862.000000  -1.962463e-023
862.200000  -3.581606e-023
862.400000  -1.224923e-023
862.600000  -1.209987e-023
862.800000  -4.610314e-023
863.000000  -3.424508e-023
863.200000  2.918411e-024
863.400000  -4.815933e-024
863.600000  -2.626098e-023
863.800000  -6.182972e-024
864.000000  8.874077e-024
864.200000  -1.205522e-023
864.400000  -2.519592e-023
864.600000  4.780103e-024
864.800000  7.825456e-024
865.000000  -2.260013e-023
865.200000  -2.825287e-023
865.400000  7.429110e-024
865.600000  -4.369347e-024
865.800000  -2.854495e-023
866.000000  -4.070789e-024
866.200000  1.294134e-023
866.400000  1.986256e-024
866.600000  -4.850771e-024
866.800000  2.038352e-023
867.000000  2.090803e-023
867.200000  -6.852494e-024
867.400000  2.732506e-024
867.600000  2.422229e-023
867.800000  6.312433e-024
868.000000  -1.655673e-023
868.200000  -2.006315e-024
868.400000  -1.857102e-024
868.600000  -2.551309e-023
868.800000  -4.219461e-023
869.000000  -6.731233e-024
869.200000  -8.584160e-024
869.400000  -2.111089e-023
869.600000  -1.115039e-023
869.800000  1.348138e-023
870.000000  3.861870e-024
870.200000  -1.268083e-023
870.400000  1.270182e-023
870.600000  1.730693e-023
870.800000  -8.508408e-024
871.000000  -9.999017e-024
871.200000  2.502899e-023
871.400000  7.744136e-024
871.600000  -6.275884e-024
871.800000  -4.533923e-025
872.000000  2.722306e-023
872.200000  4.299465e-024
872.400000  -6.452175e-024
872.600000  2.116257e-023
872.800000  2.487245e-023
873.000000  -2.751460e-024
873.200000  -1.346669e-023
873.400000  1.605180e-023
873.600000  1.499024e-023
873.800000  -4.126355e-024
874.000000  2.332835e-023
874.200000  3.905548e-023
874.400000  1.915231e-023
874.600000  1.311637e-024
874.800000  2.903655e-023
875.000000  3.910882e-023
875.200000  1.651890e-023
875.400000  1.388456e-023
875.600000  2.478860e-023
875.800000  9.009351e-024
876.000000  -1.198188e-023
876.200000  -5.054556e-024
876.400000  9.057362e-024
876.600000  9.206359e-024
876.800000  2.586276e-024
877.000000  2.861315e-023
877.200000  2.671414e-023
877.400000  1.376531e-023
877.600000  2.026699e-023
877.800000  4.342397e-023
878.000000  2.851404e-023
878.200000  7.229406e-024
878.400000  3.781496e-023
878.600000  5.600107e-023
878.800000  3.245873e-023
879.000000  2.400174e-023
879.200000  5.675603e-023
879.400000  5.721193e-023
879.600000  2.756550e-023
879.800000  2.890660e-023
880.000000  4.638808e-023
880.200000  2.682193e-023
880.400000  1.322616e-023
880.600000  3.893770e-023
880.800000  5.310307e-023
881.000000  3.016106e-023
881.200000  1.539295e-023
881.400000  3.678786e-023
881.600000  2.822917e-023
881.800000  3.653667e-024
882.000000  1.048516e-023
882.200000  5.535331e-023
882.400000  5.156283e-023
882.600000  3.683373e-023
882.800000  6.886107e-023
883.000000  7.870273e-023
883.200000  6.155800e-023
883.400000  5.351338e-023
883.600000  9.003503e-023
883.800000  9.832984e-023
884.000000  7.455324e-023
884.200000  8.530145e-023
884.400000  1.054422e-022
884.600000  8.831436e-023
884.800000  6.123088e-023
885.000000  6.956780e-023
885.200000  6.304595e-023
885.400000  4.985922e-023
885.600000  6.030505e-023
885.800000  8.324419e-023
886.000000  8.243058e-023
886.200000  6.106035e-023
886.400000  8.272807e-023
886.600000  1.122860e-022
886.800000  1.072273e-022
887.000000  1.007101e-022
887.200000  1.327694e-022
887.400000  1.384922e-022
887.600000  1.251251e-022
887.800000  1.213086e-022
888.000000  1.481567e-022
888.200000  1.430560e-022
888.400000  1.177932e-022
888.600000  1.419249e-022
888.800000  1.569747e-022
889.000000  1.385788e-022
889.200000  1.252462e-022
889.400000  1.482144e-022
889.600000  1.523246e-022
889.800000  1.231854e-022
890.000000  1.297986e-022
890.200000  1.605805e-022
890.400000  1.473892e-022
890.600000  1.271665e-022
890.800000  1.540803e-022
891.000000  1.838064e-022
891.200000  1.678847e-022
891.400000  1.585176e-022
891.600000  1.988981e-022
891.800000  2.084521e-022
892.000000  2.005171e-022
892.200000  2.046438e-022
892.400000  2.371320e-022
892.600000  2.238070e-022
892.800000  2.010083e-022
893.000000  2.254439e-022
893.200000  2.417752e-022
893.400000  2.351820e-022
893.600000  2.312907e-022
893.800000  2.652149e-022
894.000000  2.679778e-022
894.200000  2.371306e-022
894.400000  2.440549e-022
894.600000  2.577306e-022
894.800000  2.349007e-022
895.000000  2.065466e-022
895.200000  2.311384e-022
895.400000  2.556779e-022
895.600000  2.327811e-022
895.800000  2.356432e-022
896.000000  2.669188e-022
896.200000  2.696864e-022
896.400000  2.428402e-022
896.600000  2.619700e-022
896.800000  2.729808e-022
897.000000  2.446487e-022
897.200000  2.299096e-022
897.400000  2.652618e-022
897.600000  2.990549e-022
897.800000  2.964001e-022
898.000000  3.047050e-022
898.200000  3.384629e-022
898.400000  3.304311e-022
898.600000  2.969938e-022
898.800000  2.917890e-022
899.000000  3.095313e-022
899.200000  2.894067e-022
899.400000  2.747491e-022
899.600000  3.018121e-022
899.800000  3.140578e-022
900.000000  2.887131e-022
900.200000  2.902575e-022
900.400000  3.217626e-022
900.600000  3.301390e-022
900.800000  3.140015e-022
901.000000  3.386799e-022
901.200000  3.634074e-022
901.400000  3.538246e-022
901.600000  3.583441e-022
901.800000  3.923369e-022
902.000000  3.927904e-022
902.200000  3.688111e-022
902.400000  3.731242e-022
902.600000  3.980307e-022
902.800000  3.886275e-022
903.000000  3.588762e-022
903.200000  3.880248e-022
903.400000  4.157409e-022
903.600000  4.113409e-022
903.800000  4.010634e-022
904.000000  4.354368e-022
904.200000  4.409850e-022
904.400000  4.168342e-022
904.600000  4.154811e-022
904.800000  4.408349e-022
905.000000  4.433952e-022
905.200000  4.228537e-022
905.400000  4.450906e-022
905.600000  4.665592e-022
905.800000  4.545742e-022
906.000000  4.463977e-022
906.200000  4.801646e-022
906.400000  4.897973e-022
906.600000  4.797365e-022
906.800000  4.995875e-022
907.000000  5.348923e-022
907.200000  5.347039e-022
907.400000  5.245499e-022
907.600000  5.427917e-022
907.800000  5.594883e-022
908.000000  5.472316e-022
908.200000  5.444444e-022
908.400000  5.832987e-022
908.600000  5.734097e-022
908.800000  5.439297e-022
909.000000  5.613353e-022
909.200000  6.152483e-022
909.400000  6.268139e-022
909.600000  6.144933e-022
909.800000  6.605334e-022
910.000000  6.899037e-022
910.200000  6.887300e-022
910.400000  7.044588e-022
910.600000  7.599235e-022
910.800000  7.705885e-022
911.000000  7.630042e-022
911.200000  7.946046e-022
911.400000  8.458689e-022
911.600000  8.621496e-022
911.800000  8.666881e-022
912.000000  9.169545e-022
912.200000  9.622394e-022
912.400000  9.783797e-022
912.600000  9.923582e-022
912.800000  1.047829e-021
913.000000  1.071649e-021
913.200000  1.089132e-021
913.400000  1.129565e-021
913.600000  1.190612e-021
913.800000  1.210717e-021
914.000000  1.233384e-021
914.200000  1.297922e-021
914.400000  1.357896e-021
914.600000  1.383780e-021
914.800000  1.431073e-021
915.000000  1.517920e-021
915.200000  1.572015e-021
915.400000  1.608485e-021
915.600000  1.689609e-021
915.800000  1.805884e-021
916.000000  1.883038e-021
916.200000  1.963332e-021
916.400000  2.090434e-021
916.600000  2.201191e-021
916.800000  2.290354e-021
917.000000  2.406798e-021
917.200000  2.567129e-021
917.400000  2.690458e-021
917.600000  2.815415e-021
917.800000  2.971285e-021
918.000000  3.113349e-021
918.200000  3.211087e-021
918.400000  3.289626e-021
918.600000  3.398588e-021
918.800000  3.487258e-021
919.000000  3.505755e-021
919.200000  3.543868e-021
919.400000  3.590240e-021
919.600000  3.595659e-021
919.800000  3.571333e-021
920.000000  3.579354e-021
920.200000  3.570939e-021
920.400000  3.541679e-021
920.600000  3.526200e-021
920.800000  3.553294e-021
921.000000  3.555283e-021
921.200000  3.531852e-021
921.400000  3.530117e-021
921.600000  3.567586e-021
921.800000  3.579124e-021
922.000000  3.599161e-021
922.200000  3.641283e-021
922.400000  3.672918e-021
922.600000  3.631020e-021
922.800000  3.576405e-021
923.000000  3.543267e-021
923.200000  3.475708e-021
923.400000  3.396380e-021
923.600000  3.350846e-021
923.800000  3.331560e-021
924.000000  3.264637e-021
924.200000  3.209375e-021
924.400000  3.182881e-021
924.600000  3.128538e-021
924.800000  3.061491e-021
925.000000  3.015017e-021
925.200000  3.022712e-021
925.400000  2.997783e-021
925.600000  2.929183e-021
925.800000  2.898050e-021
926.000000  2.890629e-021
926.200000  2.839809e-021
926.400000  2.791646e-021
926.600000  2.806622e-021
926.800000  2.790257e-021
927.000000  2.761550e-021
927.200000  2.744398e-021
927.400000  2.757963e-021
927.600000  2.731470e-021
927.800000  2.686825e-021
928.000000  2.696632e-021
928.200000  2.719455e-021
928.400000  2.694619e-021
928.600000  2.669732e-021
928.800000  2.687379e-021
929.000000  2.672768e-021
929.200000  2.642764e-021
929.400000  2.632149e-021
929.600000  2.669172e-021
929.800000  2.663763e-021
930.000000  2.647275e-021
930.200000  2.657125e-021
930.400000  2.673442e-021
930.600000  2.662115e-021
930.800000  2.653658e-021
931.000000  2.678634e-021
931.200000  2.673384e-021
931.400000  2.614655e-021
931.600000  2.593331e-021
931.800000  2.607901e-021
932.000000  2.602050e-021
932.200000  2.574053e-021
932.400000  2.592588e-021
932.600000  2.595726e-021
932.800000  2.563145e-021
933.000000  2.547292e-021
933.200000  2.570428e-021
933.400000  2.583397e-021
933.600000  2.562891e-021
933.800000  2.562561e-021
934.000000  2.587809e-021
934.200000  2.567015e-021
934.400000  2.548078e-021
934.600000  2.552761e-021
934.800000  2.542629e-021
935.000000  2.480760e-021
935.200000  2.425760e-021
935.400000  2.443674e-021
935.600000  2.423449e-021
935.800000  2.364919e-021
936.000000  2.329534e-021
936.200000  2.316687e-021
936.400000  2.252111e-021
936.600000  2.182653e-021
936.800000  2.158467e-021
937.000000  2.123649e-021
937.200000  2.061633e-021
937.400000  2.012798e-021
937.600000  2.003286e-021
937.800000  1.993736e-021
938.000000  1.984977e-021
938.200000  2.017437e-021
938.400000  2.051124e-021
938.600000  2.056416e-021
938.800000  2.069582e-021
939.000000  2.158739e-021
939.200000  2.237709e-021
939.400000  2.279559e-021
939.600000  2.344410e-021
939.800000  2.439297e-021
940.000000  2.499223e-021
940.200000  2.546108e-021
940.400000  2.616242e-021
940.600000  2.697190e-021
940.800000  2.727536e-021
941.000000  2.754473e-021
941.200000  2.805242e-021
941.400000  2.853707e-021
941.600000  2.857610e-021
941.800000  2.859849e-021
942.000000  2.896730e-021
942.200000  2.897878e-021
942.400000  2.848938e-021
942.600000  2.845102e-021
942.800000  2.865185e-021
943.000000  2.839718e-021
943.200000  2.822233e-021
943.400000  2.837295e-021
943.600000  2.822033e-021
943.800000  2.769353e-021
944.000000  2.752156e-021
944.200000  2.775195e-021
944.400000  2.755187e-021
944.600000  2.714798e-021
944.800000  2.720651e-021
945.000000  2.748114e-021
945.200000  2.740300e-021
945.400000  2.720597e-021
945.600000  2.744310e-021
945.800000  2.735404e-021
946.000000  2.701510e-021
946.200000  2.682256e-021
946.400000  2.681640e-021
946.600000  2.644844e-021
946.800000  2.594449e-021
947.000000  2.592527e-021
947.200000  2.608413e-021
947.400000  2.574423e-021
947.600000  2.543968e-021
947.800000  2.565375e-021
948.000000  2.570215e-021
948.200000  2.540649e-021
948.400000  2.539913e-021
948.600000  2.569968e-021
948.800000  2.545932e-021
949.000000  2.511572e-021
949.200000  2.537928e-021
949.400000  2.556046e-021
949.600000  2.532645e-021
949.800000  2.520162e-021
950.000000  2.550363e-021
950.200000  2.548334e-021
950.400000  2.519558e-021
950.600000  2.520465e-021
950.800000  2.556190e-021
951.000000  2.550723e-021
951.200000  2.520259e-021
951.400000  2.545896e-021
951.600000  2.560675e-021
951.800000  2.542737e-021
952.000000  2.550234e-021
952.200000  2.601850e-021
952.400000  2.622448e-021
952.600000  2.609215e-021
952.800000  2.639246e-021
953.000000  2.679646e-021
953.200000  2.669715e-021
953.400000  2.646786e-021
953.600000  2.669346e-021
953.800000  2.708962e-021
954.000000  2.703640e-021
954.200000  2.707788e-021
954.400000  2.753681e-021
954.600000  2.769926e-021
954.800000  2.749123e-021
955.000000  2.761302e-021
955.200000  2.779962e-021
955.400000  2.779864e-021
955.600000  2.795979e-021
955.800000  2.827953e-021
956.000000  2.844198e-021
956.200000  2.840600e-021
956.400000  2.860567e-021
956.600000  2.874182e-021
956.800000  2.874738e-021
957.000000  2.875157e-021
957.200000  2.907358e-021
957.400000  2.924054e-021
957.600000  2.942669e-021
957.800000  2.971822e-021
958.000000  3.017777e-021
958.200000  3.038385e-021
958.400000  3.045147e-021
958.600000  3.073526e-021
958.800000  3.114965e-021
959.000000  3.126069e-021
959.200000  3.132195e-021
959.400000  3.160757e-021
959.600000  3.175174e-021
959.800000  3.174490e-021
960.000000  3.182156e-021
960.200000  3.203712e-021
960.400000  3.198955e-021
960.600000  3.186596e-021
960.800000  3.197282e-021
961.000000  3.188467e-021
961.200000  3.156379e-021
961.400000  3.102158e-021
961.600000  3.087529e-021
961.800000  3.058760e-021
962.000000  3.016028e-021
962.200000  2.989876e-021
962.400000  2.983741e-021
962.600000  2.965474e-021
962.800000  2.948755e-021
963.000000  3.105491e-021
963.200000  3.721170e-021
963.400000  4.498748e-021
963.600000  4.907491e-021
963.800000  4.345142e-021
964.000000  3.556140e-021
964.200000  3.037324e-021
964.400000  2.785780e-021
964.600000  2.698944e-021
964.800000  2.652489e-021
965.000000  2.620037e-021
965.200000  2.607319e-021
965.400000  2.592570e-021
965.600000  2.563047e-021
965.800000  2.541903e-021
966.000000  2.542495e-021
966.200000  2.515370e-021
966.400000  2.477313e-021
966.600000  2.455231e-021
966.800000  2.439959e-021
967.000000  2.417534e-021
967.200000  2.373734e-021
967.400000  2.345571e-021
967.600000  2.307053e-021
967.800000  2.255575e-021
968.000000  2.223103e-021
968.200000  2.215868e-021
968.400000  2.187317e-021
968.600000  2.137580e-021
968.800000  2.083117e-021
969.000000  2.036930e-021
969.200000  1.962656e-021
969.400000  1.888563e-021
969.600000  1.844226e-021
969.800000  1.805866e-021
970.000000  1.748077e-021
970.200000  1.698911e-021
970.400000  1.682653e-021
970.600000  1.645343e-021
970.800000  1.590118e-021
971.000000  1.565483e-021
971.200000  1.542494e-021
971.400000  1.517401e-021
971.600000  1.495433e-021
971.800000  1.502974e-021
972.000000  1.487916e-021
972.200000  1.455707e-021
972.400000  1.441043e-021
972.600000  1.447264e-021
972.800000  1.447018e-021
973.000000  1.450991e-021
973.200000  1.486804e-021
973.400000  1.526238e-021
973.600000  1.524854e-021
973.800000  1.510820e-021
974.000000  1.522294e-021
974.200000  1.530716e-021
974.400000  1.534934e-021
974.600000  1.572586e-021
974.800000  1.646229e-021
975.000000  1.722065e-021
975.020000  1.704431e-021
975.040000  1.725118e-021
975.060000  1.707546e-021
975.080000  1.720041e-021
975.100000  1.716135e-021
975.120000  1.731410e-021
975.140000  1.752267e-021
975.160000  1.751096e-021
975.180000  1.760981e-021
975.200000  1.754278e-021
975.220000  1.752402e-021
975.240000  1.786570e-021
975.260000  1.795819e-021
975.280000  1.802289e-021
975.300000  1.797593e-021
975.320000  1.790119e-021
975.340000  1.804950e-021
975.360000  1.822631e-021
975.380000  1.837564e-021
975.400000  1.852544e-021
975.420000  1.837288e-021
975.440000  1.833306e-021
975.460000  1.840599e-021
975.480000  1.856420e-021
975.500000  1.869481e-021
975.520000  1.862637e-021
975.540000  1.858636e-021
975.560000  1.866032e-021
975.580000  1.884917e-021
975.600000  1.883775e-021
975.620000  1.918829e-021
975.640000  1.910597e-021
975.660000  1.902372e-021
975.680000  1.905710e-021
975.700000  1.914852e-021
975.720000  1.950287e-021
975.740000  1.941987e-021
975.760000  1.960049e-021
975.780000  1.957597e-021
975.800000  1.955143e-021
975.820000  1.965656e-021
975.840000  1.973237e-021
975.860000  2.022355e-021
975.880000  2.018086e-021
975.900000  2.004917e-021
975.920000  2.021462e-021
975.940000  2.029107e-021
975.960000  2.051712e-021
975.980000  2.068403e-021
976.000000  2.055083e-021
976.020000  2.074409e-021
976.040000  2.075722e-021
976.060000  2.083056e-021
976.080000  2.114605e-021
976.100000  2.121990e-021
976.120000  2.138524e-021
976.140000  2.139835e-021
976.160000  2.159484e-021
976.180000  2.169994e-021
976.200000  2.195934e-021
976.220000  2.193589e-021
976.240000  2.209810e-021
976.260000  2.222998e-021
976.280000  2.211321e-021
976.300000  2.233892e-021
976.320000  2.250328e-021
976.340000  2.257401e-021
976.360000  2.273961e-021
976.380000  2.265291e-021
976.400000  2.278738e-021
976.420000  2.287332e-021
976.440000  2.305501e-021
976.460000  2.339800e-021
976.480000  2.348539e-021
976.500000  2.357300e-021
976.520000  2.349929e-021
976.540000  2.378134e-021
976.560000  2.396743e-021
976.580000  2.422003e-021
976.600000  2.437529e-021
976.620000  2.448978e-021
976.640000  2.470394e-021
976.660000  2.475265e-021
976.680000  2.506811e-021
976.700000  2.538571e-021
976.720000  2.560382e-021
976.740000  2.568707e-021
976.760000  2.607715e-021
976.780000  2.619537e-021
976.800000  2.641709e-021
976.820000  2.677529e-021
976.840000  2.710134e-021
976.860000  2.714857e-021
976.880000  2.737148e-021
976.900000  2.763083e-021
976.920000  2.799864e-021
976.940000  2.833347e-021
976.960000  2.838166e-021
976.980000  2.861050e-021
977.000000  2.865891e-021
977.020000  2.899520e-021
977.040000  2.926052e-021
977.060000  2.949045e-021
977.080000  2.990758e-021
977.100000  2.995382e-021
977.120000  3.022482e-021
977.140000  3.053525e-021
977.160000  3.080977e-021
977.180000  3.112430e-021
977.200000  3.113323e-021
977.220000  3.159641e-021
977.240000  3.171346e-021
977.260000  3.179188e-021
977.280000  3.226236e-021
977.300000  3.257915e-021
977.320000  3.265917e-021
977.340000  3.289893e-021
977.360000  3.350341e-021
977.380000  3.387053e-021
977.400000  3.424086e-021
977.420000  3.474692e-021
977.440000  3.483851e-021
977.460000  3.523314e-021
977.480000  3.575509e-021
977.500000  3.626608e-021
977.520000  3.659968e-021
977.540000  3.715601e-021
977.560000  3.768824e-021
977.580000  3.814566e-021
977.600000  3.871309e-021
977.620000  3.934769e-021
977.640000  4.003515e-021
977.660000  4.024211e-021
977.680000  4.116864e-021
977.700000  4.139180e-021
977.720000  4.167051e-021
977.740000  4.270208e-021
977.760000  4.324566e-021
977.780000  4.382801e-021
977.800000  4.434015e-021
977.820000  4.459091e-021
977.840000  4.533633e-021
977.860000  4.585514e-021
977.880000  4.651948e-021
977.900000  4.686929e-021
977.920000  4.733553e-021
977.940000  4.775597e-021
977.960000  4.832015e-021
977.980000  4.893973e-021
978.000000  4.945571e-021
978.020000  4.982718e-021
978.040000  4.998367e-021
978.060000  5.056044e-021
978.080000  5.108879e-021
978.100000  5.191870e-021
978.120000  5.199304e-021
978.140000  5.271742e-021
978.160000  5.288919e-021
978.180000  5.349700e-021
978.200000  5.375011e-021
978.220000  5.412162e-021
978.240000  5.458341e-021
978.260000  5.504348e-021
978.280000  5.554284e-021
978.300000  5.562716e-021
978.320000  5.607787e-021
978.340000  5.688563e-021
978.360000  5.718578e-021
978.380000  5.731621e-021
978.400000  5.767702e-021
978.420000  5.792132e-021
978.440000  5.825511e-021
978.460000  5.865114e-021
978.480000  5.929111e-021
978.500000  5.983518e-021
978.520000  5.988081e-021
978.540000  6.038746e-021
978.560000  6.119149e-021
978.580000  6.147716e-021
978.600000  6.166137e-021
978.620000  6.250987e-021
978.640000  6.267552e-021
978.660000  6.321310e-021
978.680000  6.400214e-021
978.700000  6.445523e-021
978.720000  6.499998e-021
978.740000  6.542963e-021
978.760000  6.593474e-021
978.780000  6.659893e-021
978.800000  6.724677e-021
978.820000  6.807557e-021
978.840000  6.886298e-021
978.860000  6.950050e-021
978.880000  7.013723e-021
978.900000  7.095160e-021
978.920000  7.176068e-021
978.940000  7.241970e-021
978.960000  7.379368e-021
978.980000  7.459128e-021
979.000000  7.537019e-021
979.020000  7.620343e-021
979.040000  7.696111e-021
979.060000  7.852959e-021
979.080000  7.887256e-021
979.100000  8.049993e-021
979.120000  8.133545e-021
979.140000  8.294117e-021
979.160000  8.361098e-021
979.180000  8.441284e-021
979.200000  8.603926e-021
979.220000  8.739256e-021
979.240000  8.882134e-021
979.260000  9.014497e-021
979.280000  9.117602e-021
979.300000  9.299175e-021
979.320000  9.442246e-021
979.340000  9.588609e-021
979.360000  9.721846e-021
979.380000  9.890009e-021
979.400000  9.995905e-021
979.420000  1.017380e-020
979.440000  1.046993e-020
979.460000  1.069224e-020
979.480000  1.080621e-020
979.500000  1.113875e-020
979.520000  1.115302e-020
979.540000  1.127208e-020
979.560000  1.169412e-020
979.580000  1.193042e-020
979.600000  1.202576e-020
979.620000  1.216386e-020
979.640000  1.246178e-020
979.660000  1.255019e-020
979.680000  1.275565e-020
979.700000  1.309634e-020
979.720000  1.320352e-020
979.740000  1.361919e-020
979.760000  1.389432e-020
979.780000  1.392768e-020
979.800000  1.429822e-020
979.820000  1.409544e-020
979.840000  1.447477e-020
979.860000  1.470754e-020
979.880000  1.487533e-020
979.900000  1.520514e-020
979.920000  1.531829e-020
979.940000  1.542459e-020
979.960000  1.581212e-020
979.980000  1.619176e-020
980.000000  1.640755e-020
980.020000  1.650925e-020
980.040000  1.675726e-020
980.060000  1.689448e-020
980.080000  1.715153e-020
980.100000  1.718368e-020
980.120000  1.749118e-020
980.140000  1.704298e-020
980.160000  1.747964e-020
980.180000  1.780965e-020
980.200000  1.789704e-020
980.220000  1.768148e-020
980.240000  1.874858e-020
980.260000  1.801452e-020
980.280000  1.865079e-020
980.300000  1.835507e-020
980.320000  1.940258e-020
980.340000  1.883099e-020
980.360000  1.958613e-020
980.380000  1.919828e-020
980.400000  1.910910e-020
980.420000  1.869587e-020
980.440000  1.880175e-020
980.460000  1.922920e-020
980.480000  1.970448e-020
980.500000  1.907085e-020
980.520000  1.928250e-020
980.540000  1.963142e-020
980.560000  1.903143e-020
980.580000  1.928744e-020
980.600000  1.990288e-020
980.620000  1.887639e-020
980.640000  1.851854e-020
980.660000  1.871768e-020
980.680000  1.881970e-020
980.700000  1.819832e-020
980.720000  1.796073e-020
980.740000  1.839834e-020
980.760000  1.758245e-020
980.780000  1.722532e-020
980.800000  1.717189e-020
980.820000  1.659920e-020
980.840000  1.602772e-020
980.860000  1.580993e-020
980.880000  1.543520e-020
980.900000  1.517218e-020
980.920000  1.457847e-020
980.940000  1.405825e-020
980.960000  1.388578e-020
980.980000  1.354363e-020
981.000000  1.310160e-020
981.020000  1.292114e-020
981.040000  1.229573e-020
981.060000  1.202550e-020
981.080000  1.157815e-020
981.100000  1.124400e-020
981.120000  1.093955e-020
981.140000  1.074526e-020
981.160000  1.044611e-020
981.180000  1.012892e-020
981.200000  9.852909e-021
981.220000  9.615300e-021
981.240000  9.396955e-021
981.260000  9.083377e-021
981.280000  8.959223e-021
981.300000  8.616156e-021
981.320000  8.429097e-021
981.340000  8.246039e-021
981.360000  8.070499e-021
981.380000  7.868931e-021
981.400000  7.771614e-021
981.420000  7.576124e-021
981.440000  7.447005e-021
981.460000  7.328721e-021
981.480000  7.204389e-021
981.500000  7.128617e-021
981.520000  6.976980e-021
981.540000  6.880458e-021
981.560000  6.776786e-021
981.580000  6.699542e-021
981.600000  6.596315e-021
981.620000  6.527565e-021
981.640000  6.411819e-021
981.660000  6.321215e-021
981.680000  6.284245e-021
981.700000  6.193849e-021
981.720000  6.113118e-021
981.740000  6.045395e-021
981.760000  5.986295e-021
981.780000  5.860374e-021
981.800000  5.827063e-021
981.820000  5.734658e-021
981.840000  5.635780e-021
981.860000  5.500311e-021
981.880000  5.478795e-021
981.900000  5.344809e-021
981.920000  5.242849e-021
981.940000  5.148850e-021
981.960000  5.050741e-021
981.980000  4.916804e-021
982.000000  4.834770e-021
982.020000  4.697575e-021
982.040000  4.605158e-021
982.060000  4.470360e-021
982.080000  4.348009e-021
982.100000  4.206582e-021
982.120000  4.123289e-021
982.140000  4.011945e-021
982.160000  3.898367e-021
982.180000  3.803638e-021
982.200000  3.696816e-021
982.220000  3.594233e-021
982.240000  3.476414e-021
982.260000  3.405766e-021
982.280000  3.320066e-021
982.300000  3.216289e-021
982.320000  3.126590e-021
982.340000  3.001076e-021
982.360000  2.934229e-021
982.380000  2.872066e-021
982.400000  2.803644e-021
982.420000  2.733911e-021
982.440000  2.641183e-021
982.460000  2.563999e-021
982.480000  2.521561e-021
982.500000  2.449881e-021
982.520000  2.411883e-021
982.540000  2.374247e-021
982.560000  2.314641e-021
982.580000  2.252765e-021
982.600000  2.204189e-021
982.620000  2.176285e-021
982.640000  2.136354e-021
982.660000  2.111918e-021
982.680000  2.072585e-021
982.700000  2.036588e-021
982.720000  1.983220e-021
982.740000  1.971354e-021
982.760000  1.947844e-021
982.780000  1.924464e-021
982.800000  1.881076e-021
982.820000  1.851170e-021
982.840000  1.815749e-021
982.860000  1.800272e-021
982.880000  1.793277e-021
982.900000  1.763782e-021
982.920000  1.726079e-021
982.940000  1.699693e-021
982.960000  1.678929e-021
982.980000  1.674736e-021
983.000000  1.665027e-021
983.020000  1.646727e-021
983.040000  1.636694e-021
983.060000  1.618489e-021
983.080000  1.586786e-021
983.100000  1.574155e-021
983.120000  1.583155e-021
983.140000  1.575927e-021
983.160000  1.563307e-021
983.180000  1.545337e-021
983.200000  1.530105e-021
983.220000  1.541735e-021
983.240000  1.545319e-021
983.260000  1.546218e-021
983.280000  1.547116e-021
983.300000  1.537312e-021
983.320000  1.532878e-021
983.340000  1.533781e-021
983.360000  1.548020e-021
983.380000  1.564962e-021
983.400000  1.565844e-021
983.420000  1.552908e-021
983.440000  1.553342e-021
983.460000  1.580559e-021
983.480000  1.580993e-021
983.500000  1.589496e-021
983.520000  1.584549e-021
983.540000  1.582296e-021
983.560000  1.598882e-021
983.580000  1.618238e-021
983.600000  1.629523e-021
983.620000  1.639018e-021
983.640000  1.637634e-021
983.660000  1.641700e-021
983.680000  1.659446e-021
983.700000  1.669031e-021
983.720000  1.692435e-021
983.740000  1.715984e-021
983.760000  1.717377e-021
983.780000  1.721555e-021
983.800000  1.731320e-021
983.820000  1.756437e-021
983.840000  1.784495e-021
983.860000  1.795695e-021
983.880000  1.806910e-021
983.900000  1.823826e-021
983.920000  1.852219e-021
983.940000  1.883648e-021
983.960000  1.921078e-021
983.980000  1.935425e-021
984.000000  1.958575e-021
984.020000  1.980105e-021
984.040000  2.001735e-021
984.060000  2.041327e-021
984.080000  2.084286e-021
984.100000  2.100366e-021
984.120000  2.119536e-021
984.140000  2.160187e-021
984.160000  2.188854e-021
984.180000  2.223920e-021
984.200000  2.252996e-021
984.220000  2.281565e-021
984.240000  2.300814e-021
984.260000  2.332891e-021
984.280000  2.358785e-021
984.300000  2.394535e-021
984.320000  2.437119e-021
984.340000  2.457074e-021
984.360000  2.477122e-021
984.380000  2.497262e-021
984.400000  2.530843e-021
984.420000  2.555966e-021
984.440000  2.588034e-021
984.460000  2.606725e-021
984.480000  2.611842e-021
984.500000  2.644402e-021
984.520000  2.659935e-021
984.540000  2.689434e-021
984.560000  2.708661e-021
984.580000  2.720967e-021
984.600000  2.715755e-021
984.620000  2.731489e-021
984.640000  2.743743e-021
984.660000  2.759558e-021
984.680000  2.782527e-021
984.700000  2.794894e-021
984.720000  2.793015e-021
984.740000  2.791139e-021
984.760000  2.782159e-021
984.780000  2.812338e-021
984.800000  2.796188e-021
984.820000  2.792876e-021
984.840000  2.789568e-021
984.860000  2.793369e-021
984.880000  2.786509e-021
984.900000  2.783206e-021
984.920000  2.779907e-021
984.940000  2.769534e-021
984.960000  2.755663e-021
984.980000  2.759434e-021
985.000000  2.745598e-021
985.200000  2.578818e-021
985.400000  2.503410e-021
985.600000  2.491920e-021
985.800000  2.462031e-021
986.000000  2.423724e-021
986.200000  2.397924e-021
986.400000  2.348481e-021
986.600000  2.228372e-021
986.800000  2.083976e-021
987.000000  1.991630e-021
987.200000  1.865472e-021
987.400000  1.717957e-021
987.600000  1.619470e-021
987.800000  1.564501e-021
988.000000  1.459927e-021
988.200000  1.363259e-021
988.400000  1.310354e-021
988.600000  1.282128e-021
988.800000  1.222672e-021
989.000000  1.218706e-021
989.200000  1.243532e-021
989.400000  1.241820e-021
989.600000  1.201711e-021
989.800000  1.209568e-021
990.000000  1.245987e-021
990.200000  1.240069e-021
990.400000  1.223795e-021
990.600000  1.268528e-021
990.800000  1.307136e-021
991.000000  1.288389e-021
991.200000  1.269695e-021
991.400000  1.272428e-021
991.600000  1.216374e-021
991.800000  1.114036e-021
992.000000  1.058052e-021
992.200000  1.011229e-021
992.400000  9.013955e-022
992.600000  7.998958e-022
992.800000  7.618903e-022
993.000000  7.186012e-022
993.200000  6.223713e-022
993.400000  5.529404e-022
993.600000  5.190936e-022
993.800000  4.463906e-022
994.000000  3.660248e-022
994.200000  3.266668e-022
994.400000  3.314374e-022
994.600000  2.872697e-022
994.800000  2.476216e-022
995.000000  2.661665e-022
995.200000  2.822830e-022
995.400000  2.704226e-022
995.600000  2.729263e-022
995.800000  3.022901e-022
996.000000  2.922709e-022
996.200000  2.531522e-022
996.400000  2.661924e-022
996.600000  2.579661e-022
996.800000  2.076595e-022
997.000000  1.741728e-022
997.200000  2.148211e-022
997.400000  2.293866e-022
997.600000  1.960749e-022
997.800000  1.753292e-022
998.000000  1.856434e-022
998.200000  1.531849e-022
998.400000  1.000898e-022
998.600000  1.302817e-022
998.800000  1.608520e-022
999.000000  1.237280e-022
999.200000  9.562890e-023
999.400000  1.226221e-022
999.600000  1.162688e-022
999.800000  5.962972e-023
1000.000000  -2.300609e-023
1000.200000  -3.715058e-024
1000.400000  -4.308411e-024
1000.600000  -5.552972e-023
1000.800000  -6.815904e-023
1001.000000  -3.307725e-023
1001.200000  -4.157950e-023
1001.400000  -6.424363e-023
1001.600000  -4.948990e-023
1001.800000  -3.166644e-023
1002.000000  -6.083318e-023
1002.200000  -4.884335e-023
1002.400000  -4.396228e-024
1002.600000  9.525838e-024
1002.800000  -1.983479e-023
1003.000000  -1.591904e-023
1003.200000  1.577621e-023
1003.400000  -7.183541e-024
1003.600000  -3.069635e-023
1003.800000  -4.067791e-023
1004.000000  -4.096755e-023
1004.200000  -7.529466e-023
1004.400000  -6.905909e-023
1004.600000  -2.908807e-023
1004.800000  -2.007695e-023
1005.000000  -6.844288e-023
1005.200000  -6.368453e-023
1005.400000  -3.552034e-023
1005.600000  -5.788610e-023
1005.800000  -8.463373e-023
1006.000000  -4.064285e-023
1006.200000  -4.345449e-023
1006.400000  -8.379420e-023
1006.600000  -9.400680e-023
1006.800000  -6.015648e-023
1007.000000  -5.891230e-023
1007.200000  -8.172048e-023
1007.400000  -6.990311e-023
1007.600000  -5.532438e-023
1007.800000  -8.216512e-023
1008.000000  -1.024909e-022
1008.200000  -8.024720e-023
1008.400000  -6.184746e-023
1008.600000  -8.741656e-023
1008.800000  -8.658245e-023
1009.000000  -4.612715e-023
1009.200000  -5.037330e-023
1009.400000  -7.821429e-023
1009.600000  -5.166268e-023
1009.800000  7.236956e-025
1010.000000  -3.396539e-023
1010.200000  -6.073035e-023
1010.400000  -6.376817e-023
1010.600000  -4.759961e-023
1010.800000  -8.789502e-023
1011.000000  -9.410876e-023
1011.200000  -4.876415e-023
1011.400000  -7.974985e-023
1011.600000  -9.725146e-023
1011.800000  -7.411449e-023
1012.000000  -2.982523e-023
1012.200000  -6.597522e-023
1012.400000  -8.956277e-023
1012.600000  -6.866425e-023
1012.800000  -6.433589e-023
1013.000000  -7.695599e-023
1013.200000  -6.303155e-023
1013.400000  -3.569167e-023
1013.600000  -5.806336e-023
1013.800000  -8.838756e-023
1014.000000  -6.906412e-023
1014.200000  -5.902479e-023
1014.400000  -1.054519e-022
1014.600000  -1.390562e-022
1014.800000  -1.238860e-022
1015.000000  -1.148259e-022
1015.200000  -1.266563e-022
1015.400000  -1.220306e-022
1015.600000  -7.987007e-023
1015.800000  -1.014605e-022
1016.000000  -1.293285e-022
1016.200000  -1.090201e-022
1016.400000  -8.814966e-023
1016.600000  -1.050590e-022
1016.800000  -1.000114e-022
1017.000000  -6.012140e-023
1017.200000  -4.881626e-023
1017.400000  -8.802451e-023
1017.600000  -7.983766e-023
1017.800000  -4.711819e-023
1018.000000  -4.791817e-023
1018.200000  -9.435778e-023
1018.400000  -6.208409e-023
1018.600000  -5.016510e-023
1018.800000  -8.653058e-023
1019.000000  -9.829690e-023
1019.200000  -7.983695e-023
1019.400000  -6.822725e-023
1019.600000  -1.028786e-022
1019.800000  -8.095472e-023
1020.000000  -4.678134e-023
1020.200000  -9.646282e-023
1020.400000  -1.035580e-022
1020.600000  -1.185417e-022
1020.800000  -1.089515e-022
1021.000000  -9.589811e-023
1021.200000  -9.451198e-023
1021.400000  -1.072236e-022
1021.600000  -1.093078e-022
1021.800000  -1.028433e-022
1022.000000  -1.102377e-022
1022.200000  -1.060555e-022
1022.400000  -9.391582e-023
1022.600000  -8.715721e-023
1022.800000  -9.362532e-023
1023.000000  -9.252985e-023
1023.200000  -9.114045e-023
1023.400000  -9.792054e-023
1023.600000  -1.022104e-022
1023.800000  -1.080735e-022
1024.000000  -9.055954e-023
1024.200000  -1.039584e-022
1024.400000  -1.076378e-022
1024.600000  -9.673695e-023
1024.800000  -9.533147e-023
1025.000000  -1.017958e-022
1025.200000  -1.022921e-022
1025.400000  -1.102851e-022
1025.600000  -1.085561e-022
1025.800000  -1.113071e-022
1026.000000  -1.001294e-022
1026.200000  -9.994933e-023
1026.400000  -9.793143e-023
1026.600000  -9.181541e-023
1026.800000  -8.063539e-023
1027.000000  -9.593957e-023
1027.200000  -1.201555e-022
1027.400000  -1.026329e-022
1027.600000  -8.257408e-023
1027.800000  -8.433440e-023
1028.000000  -9.553822e-023
1028.200000  -9.128203e-023
1028.400000  -9.334780e-023
1028.600000  -1.074049e-022
1028.800000  -1.095147e-022
1029.000000  -1.156400e-022
1029.200000  -1.258701e-022
1029.400000  -1.252544e-022
1029.600000  -1.058324e-022
1029.800000  -8.979989e-023
1030.000000  -8.807475e-023
1030.200000  -7.904017e-023
1030.400000  -6.527720e-023
1030.600000  -6.240946e-023
1030.800000  -8.243642e-023
1031.000000  -8.448708e-023
1031.200000  -7.517526e-023
1031.400000  -6.745442e-023
1031.600000  -8.754183e-023
1031.800000  -9.819749e-023
1032.000000  -9.581207e-023
1032.200000  -8.299521e-023
1032.400000  -7.394915e-023
1032.600000  -6.368187e-023
1032.800000  -5.733009e-023
1033.000000  -6.163568e-023
1033.200000  -7.180063e-023
1033.400000  -7.802445e-023
1033.600000  -9.084132e-023
1033.800000  -1.008186e-022
1034.000000  -8.422163e-023
1034.200000  -8.126025e-023
1034.400000  -9.151608e-023
1034.600000  -1.043709e-022
1034.800000  -1.007476e-022
1035.000000  -1.084918e-022
1035.200000  -1.217408e-022
1035.400000  -1.057835e-022
1035.600000  -9.828197e-023
1035.800000  -9.842802e-023
1036.000000  -1.081693e-022
1036.200000  -1.035957e-022
1036.400000  -9.581099e-023
1036.600000  -1.067957e-022
1036.800000  -1.096133e-022
1037.000000  -9.157739e-023
1037.200000  -7.903631e-023
1037.400000  -9.064319e-023
1037.600000  -8.572493e-023
1037.800000  -7.379678e-023
1038.000000  -7.845679e-023
1038.200000  -8.975499e-023
1038.400000  -9.216289e-023
1038.600000  -8.309856e-023
1038.800000  -7.883422e-023
1039.000000  -7.292764e-023
1039.200000  -7.216841e-023
1039.400000  -8.632627e-023
1039.600000  -9.254542e-023
1039.800000  -7.902760e-023
1040.000000  -6.844247e-023
1040.200000  -7.336791e-023
1040.400000  -9.326886e-023
1040.600000  -8.642045e-023
1040.800000  -9.357055e-023
1041.000000  -9.437074e-023
1041.200000  -9.874987e-023
1041.400000  -1.011625e-022
1041.600000  -1.168697e-022
1041.800000  -1.267456e-022
1042.000000  -1.196066e-022
1042.200000  -1.145717e-022
1042.400000  -1.090595e-022
1042.600000  -1.058295e-022
1042.800000  -8.740955e-023
1043.000000  -1.009484e-022
1043.200000  -1.103552e-022
1043.400000  -1.122797e-022
1043.600000  -9.445691e-023
1043.800000  -8.665391e-023
1044.000000  -9.577637e-023
1044.200000  -9.724384e-023
1044.400000  -9.671538e-023
1044.600000  -9.939585e-023
1044.800000  -8.562270e-023
1045.000000  -6.410637e-023
1045.200000  -7.194715e-023
1045.400000  -8.869880e-023
1045.600000  -7.961222e-023
1045.800000  -6.765602e-023
1046.000000  -7.583069e-023
1046.200000  -9.579695e-023
1046.400000  -9.280383e-023
1046.600000  -9.417946e-023
1046.800000  -1.016977e-022
1047.000000  -1.096753e-022
1047.200000  -9.830798e-023
1047.400000  -1.051866e-022
1047.600000  -9.964084e-023
1047.800000  -9.379041e-023
1048.000000  -8.204070e-023
1048.200000  -8.988934e-023
1048.400000  -1.065296e-022
1048.600000  -1.089674e-022
1048.800000  -1.116459e-022
1049.000000  -1.140806e-022
1049.200000  -1.099327e-022
1049.400000  -9.589021e-023
1049.600000  -9.792420e-023
1049.800000  -1.052645e-022
1050.000000  -1.136001e-022
1050.200000  -1.096942e-022
1050.400000  -1.062769e-022
1050.600000  -1.016720e-022
1050.800000  -9.095291e-023
1051.000000  -8.530316e-023
1051.200000  -8.962139e-023
1051.400000  -8.794472e-023
1051.600000  -7.687474e-023
1051.800000  -6.490304e-023
1052.000000  -6.953308e-023
1052.200000  -7.065296e-023
1052.400000  -6.633850e-023
1052.600000  -7.166315e-023
1052.800000  -7.794311e-023
1053.000000  -7.683373e-023
1053.200000  -7.219382e-023
1053.400000  -7.878535e-023
1053.600000  -8.444140e-023
1053.800000  -9.069027e-023
1054.000000  -1.053103e-022
1054.200000  -1.232429e-022
1054.400000  -1.160576e-022
1054.600000  -1.083929e-022
1054.800000  -1.101211e-022
1055.000000  -1.189362e-022
1055.200000  -9.550710e-023
1055.400000  -8.307696e-023
1055.600000  -7.654873e-023
1055.800000  -7.931576e-023
1056.000000  -7.659521e-023
1056.200000  -8.895692e-023
1056.400000  -9.722140e-023
1056.600000  -9.491208e-023
1056.800000  -8.757184e-023
1057.000000  -9.379488e-023
1057.200000  -9.922622e-023
1057.400000  -8.199425e-023
1057.600000  -7.350088e-023
1057.800000  -8.009217e-023
1058.000000  -8.479770e-023
1058.200000  -7.371187e-023
1058.400000  -7.419464e-023
1058.600000  -7.373749e-023
1058.800000  -7.906956e-023
1059.000000  -8.303840e-023
1059.200000  -8.194301e-023
1059.400000  -8.312205e-023
1059.600000  -6.917364e-023
1059.800000  -5.780775e-023
1060.000000  -6.952545e-023
1060.200000  -8.521946e-023
1060.400000  -8.535992e-023
1060.600000  -7.968469e-023
1060.800000  -8.602690e-023
1061.000000  -8.588260e-023
1061.200000  -9.470386e-023
1061.400000  -1.032477e-022
1061.600000  -1.113613e-022
1061.800000  -9.799097e-023
1062.000000  -9.576223e-023
1062.200000  -9.441321e-023
1062.400000  -9.400961e-023
1062.600000  -8.635837e-023
1062.800000  -8.784748e-023
1063.000000  -9.617517e-023
1063.200000  -9.672949e-023
1063.400000  -8.768802e-023
1063.600000  -9.460820e-023
1063.800000  -8.944837e-023
1064.000000  -7.826054e-023
1064.200000  -7.036428e-023
1064.400000  -7.604799e-023
1064.600000  -6.782160e-023
1064.800000  -6.025073e-023
1065.000000  -7.106332e-023
1065.200000  -7.998247e-023
1065.400000  -7.466550e-023
1065.600000  -7.607853e-023
1065.800000  -9.302192e-023
1066.000000  -1.037060e-022
1066.200000  -1.026178e-022
1066.400000  -1.010529e-022
1066.600000  -1.112924e-022
1066.800000  -1.045625e-022
1067.000000  -9.708373e-023
1067.200000  -8.562890e-023
1067.400000  -7.292117e-023
1067.600000  -4.559305e-023
1067.800000  -4.643302e-023
1068.000000  -5.404093e-023
1068.200000  -6.099888e-023
1068.400000  -5.697487e-023
1068.600000  -6.267502e-023
1068.800000  -7.776997e-023
1069.000000  -8.282732e-023
1069.200000  -7.584721e-023
1069.400000  -8.117800e-023
1069.600000  -8.239504e-023
1069.800000  -7.512091e-023
1070.000000  -7.297467e-023
1070.200000  -7.156628e-023
1070.400000  -7.632703e-023
1070.600000  -6.964999e-023
1070.800000  -7.209947e-023
1071.000000  -9.441832e-023
1071.200000  -9.473886e-023
1071.400000  -8.795714e-023
1071.600000  -9.731060e-023
1071.800000  -1.048067e-022
1072.000000  -1.084469e-022
1072.200000  -1.068378e-022
1072.400000  -1.128581e-022
1072.600000  -9.539875e-023
1072.800000  -8.338243e-023
1073.000000  -8.350679e-023
1073.200000  -8.378589e-023
1073.400000  -6.768202e-023
1073.600000  -6.069106e-023
1073.800000  -6.673044e-023
1074.000000  -7.645201e-023
1074.200000  -6.941497e-023
1074.400000  -6.890487e-023
1074.600000  -7.010016e-023
1074.800000  -5.819230e-023
1075.000000  -5.414025e-023
1075.200000  -4.394452e-023
1075.400000  -5.188523e-023
1075.600000  -4.814437e-023
1075.800000  -4.772123e-023
1076.000000  -6.059299e-023
1076.200000  -7.486854e-023
1076.400000  -7.112770e-023
1076.600000  -6.179406e-023
1076.800000  -6.590082e-023
1077.000000  -5.988678e-023
1077.200000  -5.320112e-023
1077.400000  -6.808515e-023
1077.600000  -7.648700e-023
1077.800000  -8.396968e-023
1078.000000  -9.318378e-023
1078.200000  -1.133620e-022
1078.400000  -1.181481e-022
1078.600000  -9.947368e-023
1078.800000  -9.500685e-023
1079.000000  -1.054221e-022
1079.200000  -1.050730e-022
1079.400000  -1.041844e-022
1079.600000  -9.970768e-023
1079.800000  -9.720748e-023
1080.000000  -7.558665e-023
1080.200000  -5.660152e-023
1080.400000  -5.974957e-023
1080.600000  -6.094180e-023
1080.800000  -4.859710e-023
1081.000000  -4.815372e-023
1081.200000  -5.720386e-023
1081.400000  -5.607263e-023
1081.600000  -6.378747e-023
1081.800000  -6.199694e-023
1082.000000  -6.582687e-023
1082.200000  -5.779094e-023
1082.400000  -6.681233e-023
1082.600000  -7.621397e-023
1082.800000  -7.552373e-023
1083.000000  -6.510802e-023
1083.200000  -6.691655e-023
1083.400000  -6.482052e-023
1083.600000  -6.535599e-023
1083.800000  -6.911603e-023
1084.000000  -6.994464e-023
1084.200000  -6.922806e-023
1084.400000  -6.349962e-023
1084.600000  -6.825274e-023
1084.800000  -6.810903e-023
1085.000000  -7.129708e-023
1085.200000  -6.254867e-023
1085.400000  -7.253862e-023
1085.600000  -8.628366e-023
1085.800000  -8.131448e-023
1086.000000  -6.919543e-023
1086.200000  -6.378539e-023
1086.400000  -6.206263e-023
1086.600000  -6.388206e-023
1086.800000  -6.335437e-023
1087.000000  -7.014078e-023
1087.200000  -6.482178e-023
1087.400000  -5.538564e-023
1087.600000  -6.277975e-023
1087.800000  -7.263150e-023
1088.000000  -6.788128e-023
1088.200000  -5.941390e-023
1088.400000  -5.301613e-023
1088.600000  -6.048251e-023
1088.800000  -5.536453e-023
1089.000000  -5.486745e-023
1089.200000  -5.244166e-023
1089.400000  -5.363155e-023
1089.600000  -5.247453e-023
1089.800000  -6.052192e-023
1090.000000  -7.159566e-023
1090.200000  -6.423054e-023
1090.400000  -6.437534e-023
1090.600000  -7.213377e-023
1090.800000  -7.772377e-023
1091.000000  -7.298609e-023
1091.200000  -7.601376e-023
1091.400000  -8.091160e-023
1091.600000  -7.299724e-023
1091.800000  -5.092017e-023
1092.000000  -5.570459e-023
1092.200000  -5.956327e-023
1092.400000  -6.932907e-023
1092.600000  -6.612022e-023
1092.800000  -6.764392e-023
1093.000000  -6.302287e-023
1093.200000  -5.422491e-023
1093.400000  -5.900012e-023
1093.600000  -7.617565e-023
1093.800000  -7.213025e-023
1094.000000  -6.622829e-023
1094.200000  -6.440968e-023
1094.400000  -6.161565e-023
1094.600000  -4.923163e-023
1094.800000  -4.578861e-023
1095.000000  -4.827914e-023
1095.200000  -4.583509e-023
1095.400000  -4.040549e-023
1095.600000  -4.159316e-023
1095.800000  -5.698046e-023
1096.000000  -6.087072e-023
1096.200000  -6.130350e-023
1096.400000  -5.714456e-023
1096.600000  -4.913543e-023
1096.800000  -3.641207e-023
1097.000000  -4.849607e-023
1097.200000  -7.145122e-023
1097.400000  -7.708413e-023
1097.600000  -6.727723e-023
1097.800000  -6.908031e-023
1098.000000  -7.665394e-023
1098.200000  -8.087328e-023
1098.400000  -8.119633e-023
1098.600000  -6.921583e-023
1098.800000  -6.054256e-023
1099.000000  -5.340021e-023
1099.200000  -6.347630e-023
1099.400000  -7.323937e-023
1099.600000  -7.187288e-023
1099.800000  -5.745341e-023
1100.000000  -6.918460e-023
1100.200000  -8.284814e-023
1100.400000  -6.909083e-023
1100.600000  -5.126568e-023
1100.800000  -4.414347e-023
1101.000000  -4.335076e-023
1101.200000  -4.718592e-023
1101.400000  -5.757583e-023
1101.600000  -7.770464e-023
1101.800000  -5.740834e-023
1102.000000  -3.930364e-023
1102.200000  -4.115331e-023
1102.400000  -6.543105e-023
1102.600000  -5.964192e-023
1102.800000  -4.173389e-023
1103.000000  -4.625911e-023
1103.200000  -5.185206e-023
1103.400000  -4.497610e-023
1103.600000  -4.980029e-023
1103.800000  -5.498993e-023
1104.000000  -6.526803e-023
1104.200000  -6.708655e-023
1104.400000  -7.254899e-023
1104.600000  -8.634657e-023
1104.800000  -7.421789e-023
1105.000000  -5.792292e-023
1105.200000  -6.046737e-023
1105.400000  -8.590125e-023
1105.600000  -7.933646e-023
1105.800000  -7.572717e-023
1106.000000  -6.276328e-023
1106.200000  -5.420769e-023
1106.400000  -4.254847e-023
1106.600000  -4.541951e-023
1106.800000  -5.648998e-023
1107.000000  -5.534637e-023
1107.200000  -5.549158e-023
1107.400000  -6.447112e-023
1107.600000  -5.806932e-023
1107.800000  -5.005119e-023
1108.000000  -4.479406e-023
1108.200000  -4.735754e-023
1108.400000  -3.844033e-023
1108.600000  -3.422843e-023
1108.800000  -4.252421e-023
1109.000000  -4.445845e-023
1109.200000  -3.141874e-023
1109.400000  -2.687383e-023
1109.600000  -4.029866e-023
1109.800000  -4.770735e-023
1110.000000  -4.716457e-023
1110.200000  -5.305623e-023
1110.400000  -6.352316e-023
1110.600000  -5.391225e-023
1110.800000  -4.045345e-023
1111.000000  -4.132218e-023
1111.200000  -5.146659e-023
1111.400000  -3.664841e-023
1111.600000  -3.445224e-023
1111.800000  -4.213983e-023
1112.000000  -5.435353e-023
1112.200000  -4.700431e-023
1112.400000  -5.060826e-023
1112.600000  -5.565967e-023
1112.800000  -5.523492e-023
1113.000000  -5.638191e-023
1113.200000  -6.998355e-023
1113.400000  -8.065454e-023
1113.600000  -6.569088e-023
1113.800000  -5.176730e-023
1114.000000  -5.988724e-023
1114.200000  -6.500754e-023
1114.400000  -5.206377e-023
1114.600000  -5.047255e-023
1114.800000  -4.351485e-023
1115.000000  -3.754718e-023
1115.200000  -4.047816e-023
1115.400000  -4.990063e-023
1115.600000  -5.497631e-023
1115.800000  -3.730033e-023
1116.000000  -3.131573e-023
1116.200000  -3.459772e-023
1116.400000  -1.863598e-023
1116.600000  -6.847885e-024
1116.800000  -9.194291e-024
1117.000000  -2.614456e-023
1117.200000  -1.151417e-023
1117.400000  -1.110743e-023
1117.600000  -2.022686e-023
1117.800000  -2.486598e-023
1118.000000  -7.792229e-024
1118.200000  -3.194218e-024
1118.400000  -1.263684e-023
1118.600000  -2.148714e-023
1118.800000  -2.656398e-023
1119.000000  -2.642110e-023
1119.200000  -2.835976e-023
1119.400000  -1.430918e-023
1119.600000  -2.149945e-023
1119.800000  -4.250046e-023
1120.000000  -3.478732e-023
1120.200000  -9.779022e-025
1120.400000  2.180212e-024
1120.600000  -1.826886e-023
1120.800000  -3.837615e-023
1121.000000  -1.421886e-023
1121.200000  -6.415438e-024
1121.400000  -1.838237e-023
1121.600000  -1.437947e-023
1121.800000  -1.461746e-023
1122.000000  -2.636505e-023
1122.200000  -3.045214e-023
1122.400000  -1.168305e-023
1122.600000  1.919860e-023
1122.800000  9.901994e-024
1123.000000  9.601739e-024
1123.200000  -8.155860e-024
1123.400000  -9.342736e-024
1123.600000  -7.227079e-024
1123.800000  -1.379152e-023
1124.000000  -3.681265e-023
1124.200000  -4.947345e-023
1124.400000  -4.493269e-023
1124.600000  -2.345886e-023
1124.800000  -1.983954e-023
1125.000000  -1.966886e-023
1125.200000  2.564067e-023
1125.400000  6.185190e-023
1125.600000  4.901915e-023
1125.800000  3.637438e-024
1126.000000  8.783166e-024
1126.200000  2.366690e-023
1126.400000  7.542541e-024
1126.600000  -2.096442e-023
1126.800000  -4.307838e-023
1127.000000  -5.454776e-023
1127.200000  -5.568463e-023
1127.400000  -4.823304e-023
1127.600000  -2.701447e-023
1127.800000  -1.617312e-023
1128.000000  -1.033027e-023
1128.200000  -1.388560e-024
1128.400000  9.827053e-024
1128.600000  1.321339e-023
1128.800000  2.098503e-023
1129.000000  1.940203e-023
1129.200000  3.234808e-024
1129.400000  -8.252540e-024
1129.600000  2.170648e-023
1129.800000  2.470208e-023
1130.000000  -2.808088e-024
1130.200000  -3.553299e-023
1130.400000  -3.390580e-023
1130.600000  -2.839439e-023
1130.800000  -3.857895e-023
1131.000000  -2.817526e-023
1131.200000  -1.874308e-023
1131.400000  -2.715945e-023
1131.600000  -2.634495e-023
1131.800000  -1.111197e-023
1132.000000  -1.096940e-023
1132.200000  -2.235171e-023
1132.400000  -4.429054e-023
1132.600000  -4.154233e-023
1132.800000  -4.458065e-023
1133.000000  -3.440736e-023
1133.200000  -1.005691e-023
1133.400000  1.655306e-023
1133.600000  2.985489e-023
1133.800000  4.084928e-023
1134.000000  4.618949e-023
1134.200000  4.693637e-023
1134.400000  5.573341e-023
1134.600000  7.947131e-023
1134.800000  9.968869e-023
1135.000000  8.064735e-023
1135.200000  4.589575e-023
1135.400000  2.357915e-023
1135.600000  8.335645e-024
1135.800000  1.739934e-023
1136.000000  1.056284e-023
1136.200000  -1.147559e-023
1136.400000  -4.349358e-023
1136.600000  -6.143437e-023
1136.800000  -5.999974e-023
1137.000000  -4.043131e-023
1137.200000  -2.098831e-023
1137.400000  -2.565933e-023
1137.600000  -2.189651e-023
1137.800000  -2.025908e-023
1138.000000  -2.121013e-023
1138.200000  -1.891567e-023
1138.400000  -1.370474e-024
1138.600000  -9.203915e-025
1138.800000  -2.693723e-023
1139.000000  -3.128980e-023
1139.200000  -1.855849e-023
1139.400000  -9.953800e-024
1139.600000  -1.016423e-023
1139.800000  7.097329e-024
1140.000000  2.204500e-023
1140.200000  2.218738e-023
1140.400000  1.389983e-023
1140.600000  4.057915e-023
1140.800000  5.435354e-023
1141.000000  4.562516e-023
1141.200000  2.499637e-023
1141.400000  3.174155e-023
1141.600000  2.728389e-023
1141.800000  1.786566e-023
1142.000000  2.738670e-023
1142.200000  3.181490e-023
1142.400000  1.556502e-023
1142.600000  1.319022e-023
1142.800000  2.154457e-023
1143.000000  2.828013e-023
1143.200000  9.517104e-024
1143.400000  6.402495e-024
1143.600000  1.434404e-023
1143.800000  -9.009485e-024
1144.000000  -1.821969e-023
1144.200000  7.103624e-024
1144.400000  1.879588e-023
1144.600000  -4.692837e-024
1144.800000  -2.886957e-023
1145.000000  -1.973692e-023
1145.200000  -2.591181e-023
1145.400000  -3.474720e-023
1145.600000  -3.430481e-023
1145.800000  -3.964826e-023
1146.000000  -3.760722e-023
1146.200000  -4.399493e-023
1146.400000  -6.772068e-024
1146.600000  2.151038e-023
1146.800000  2.349108e-023
1147.000000  1.351836e-023
1147.200000  3.570762e-023
1147.400000  3.766706e-023
1147.600000  2.636573e-023
1147.800000  1.567232e-023
1148.000000  2.204621e-023
1148.200000  1.577802e-023
1148.400000  1.565735e-023
1148.600000  3.953405e-023
1148.800000  5.405667e-023
1149.000000  4.112751e-023
1149.200000  1.966858e-023
1149.400000  2.511870e-023
1149.600000  5.210525e-023
1149.800000  4.141268e-023
1150.000000  3.436394e-023
