800.000000  6.934599e-023
800.200000  6.864514e-023
800.400000  5.351672e-023
800.600000  8.295354e-023
800.800000  8.159047e-023
801.000000  2.286425e-023
801.200000  9.022729e-023
801.400000  9.095650e-023
801.600000  5.435247e-023
801.800000  6.664532e-024
802.000000  3.425789e-023
802.200000  9.184940e-023
802.400000  9.199427e-023
802.600000  5.250257e-023
802.800000  4.222194e-023
803.000000  6.741195e-023
803.200000  6.273095e-023
803.400000  6.207309e-023
803.600000  1.021150e-022
803.800000  7.370964e-023
804.000000  7.579446e-023
804.200000  6.150968e-023
804.400000  1.186267e-022
804.600000  5.469385e-023
804.800000  7.824879e-023
805.000000  9.808579e-023
805.200000  1.144707e-022
805.400000  9.531043e-023
805.600000  6.494998e-023
805.800000  7.671414e-023
806.000000  3.985621e-023
806.200000  7.190869e-023
806.400000  4.954687e-023
806.600000  6.824381e-023
806.800000  2.342208e-023
807.000000  -6.921821e-024
807.200000  -6.774056e-024
807.400000  1.786229e-023
807.600000  4.452824e-023
807.800000  -5.710708e-025
808.000000  4.043135e-024
808.200000  5.612184e-023
808.400000  2.175757e-023
808.600000  3.699810e-025
808.800000  8.644934e-023
809.000000  5.562429e-023
809.200000  4.332910e-023
809.400000  6.461228e-023
809.600000  7.739266e-023
809.800000  7.135000e-023
810.000000  3.560032e-023
810.200000  6.203155e-023
810.400000  5.242560e-023
810.600000  8.082515e-023
810.800000  3.876609e-023
811.000000  3.520101e-023
811.200000  6.538879e-023
811.400000  4.100333e-023
811.600000  5.858675e-023
811.800000  4.360498e-023
812.000000  2.323058e-023
812.200000  7.060351e-023
812.400000  1.609345e-023
812.600000  4.199862e-023
812.800000  7.934827e-023
813.000000  3.721276e-023
813.200000  2.997393e-023
813.400000  2.539517e-023
813.600000  7.260638e-023
813.800000  1.933627e-023
814.000000  2.712314e-023
814.200000  5.809634e-024
814.400000  4.401219e-023
814.600000  1.315963e-023
814.800000  -3.692350e-023
815.000000  1.942920e-023
815.200000  4.561148e-023
815.400000  6.528552e-024
815.600000  -9.060523e-024
815.800000  7.158285e-023
816.000000  6.333449e-023
816.200000  2.928854e-023
816.400000  2.228460e-023
816.600000  4.172941e-023
816.800000  4.290134e-023
817.000000  2.296104e-023
817.200000  -8.413291e-024
817.400000  4.409407e-023
817.600000  2.076459e-024
817.800000  -3.376559e-023
818.000000  1.932082e-023
818.200000  1.326794e-023
818.400000  1.854016e-023
818.600000  -1.536713e-023
818.800000  8.263778e-024
819.000000  2.388750e-023
819.200000  7.699209e-024
819.400000  -2.568214e-023
819.600000  3.432620e-023
819.800000  2.017638e-023
820.000000  -4.648868e-024
820.200000  2.330659e-024
820.400000  3.453889e-023
820.600000  3.778242e-023
820.800000  3.215342e-023
821.000000  -4.869909e-023
821.200000  -2.332001e-023
821.400000  1.247380e-023
821.600000  -2.147219e-023
821.800000  -1.573967e-023
822.000000  3.685646e-023
822.200000  1.596503e-023
822.400000  4.605154e-023
822.600000  3.283209e-023
822.800000  6.393991e-023
823.000000  1.713839e-023
823.200000  -3.357869e-023
823.400000  2.251853e-023
823.600000  4.410409e-023
823.800000  5.916618e-023
824.000000  4.758904e-024
824.200000  2.156673e-023
824.400000  1.356938e-023
824.600000  3.934359e-023
824.800000  -9.199463e-024
825.000000  1.660736e-024
825.200000  4.218262e-023
825.400000  -3.555224e-023
825.600000  -1.299917e-023
825.800000  -1.317123e-023
826.000000  9.136124e-024
826.200000  3.554335e-023
826.400000  5.548221e-024
826.600000  5.623077e-024
826.800000  5.002539e-023
827.000000  2.549305e-023
827.200000  1.812295e-023
827.400000  1.258450e-023
827.600000  2.423882e-023
827.800000  -1.701599e-023
828.000000  -6.117087e-024
828.200000  3.999880e-023
828.400000  1.720138e-023
828.600000  -2.751508e-023
828.800000  4.362541e-023
829.000000  2.860159e-023
829.200000  2.051656e-023
829.400000  1.035027e-023
829.600000  4.530069e-023
829.800000  2.268640e-023
830.000000  2.677600e-023
830.200000  -3.277461e-023
830.400000  9.482049e-024
830.600000  2.870666e-023
830.800000  1.073792e-023
831.000000  -4.049077e-023
831.200000  -1.453541e-023
831.400000  1.560658e-023
831.600000  -3.728479e-023
831.800000  -1.745125e-023
832.000000  -4.956926e-025
832.200000  3.932388e-023
832.400000  -1.400080e-023
832.600000  -4.861862e-023
832.800000  3.350179e-023
833.000000  2.776358e-023
833.200000  -5.486579e-024
833.400000  -3.062907e-024
833.600000  6.105187e-023
833.800000  4.491725e-024
834.000000  3.739370e-024
834.200000  2.059883e-024
834.400000  7.414001e-026
834.600000  -2.514497e-023
834.800000  -3.565128e-023
835.000000  -3.560423e-024
835.200000  1.338397e-023
835.400000  -1.313241e-023
835.600000  -1.122158e-023
835.800000  3.119440e-023
836.000000  2.221800e-023
836.200000  -3.679048e-024
836.400000  5.063035e-024
836.600000  1.898766e-023
836.800000  1.164361e-023
837.000000  1.100646e-023
837.200000  -3.135252e-024
837.400000  3.087765e-023
837.600000  3.219092e-023
837.800000  -1.701859e-023
838.000000  -3.202135e-023
838.200000  1.658037e-023
838.400000  -1.351920e-023
838.600000  -3.903560e-023
838.800000  -3.173628e-023
839.000000  -1.100795e-023
839.200000  -5.429294e-023
839.400000  -2.251619e-023
839.600000  -3.030618e-023
839.800000  -3.483731e-024
840.000000  3.452208e-024
840.200000  -5.572728e-024
840.400000  -1.182055e-023
840.600000  -2.479506e-023
840.800000  -7.468668e-024
841.000000  -6.090534e-023
841.200000  -1.168966e-023
841.400000  -1.374221e-023
841.600000  -2.036339e-023
841.800000  9.839412e-024
842.000000  -2.866980e-023
842.200000  1.847024e-023
842.400000  -7.297561e-024
842.600000  2.205834e-023
842.800000  4.556046e-024
843.000000  2.030986e-023
843.200000  1.998386e-023
843.400000  1.491772e-023
843.600000  1.708829e-023
843.800000  -2.713143e-023
844.000000  -3.163001e-023
844.200000  2.360533e-023
844.400000  -2.740025e-023
844.600000  -3.801534e-023
844.800000  3.460198e-024
845.000000  -1.415635e-023
845.200000  -2.581440e-023
845.400000  1.303146e-024
845.600000  6.955828e-024
845.800000  -7.057705e-024
846.000000  2.887091e-025
846.200000  -1.174343e-023
846.400000  -1.505821e-023
846.600000  9.635258e-024
846.800000  -1.036177e-023
847.000000  2.501014e-023
847.200000  9.643765e-024
847.400000  4.349785e-023
847.600000  1.193692e-023
847.800000  1.083923e-023
848.000000  1.739701e-023
848.200000  1.134070e-023
848.400000  1.477954e-023
848.600000  -2.069142e-023
848.800000  1.056673e-023
849.000000  4.891668e-024
849.200000  -7.517147e-024
849.400000  1.012142e-023
849.600000  -9.224275e-024
849.800000  -1.190115e-023
850.000000  -3.034010e-023
850.200000  -2.683958e-023
850.400000  -1.523204e-023
850.600000  -2.742372e-023
850.800000  -3.400743e-023
851.000000  -3.019700e-023
851.200000  -1.269531e-023
851.400000  -3.622906e-023
851.600000  -1.147690e-023
851.800000  -6.894668e-024
852.000000  -1.149283e-023
852.200000  -2.312421e-023
852.400000  -1.305052e-023
852.600000  -3.131519e-024
852.800000  -2.712546e-023
853.000000  -2.116505e-023
853.200000  -4.556728e-023
853.400000  -3.353463e-023
853.600000  -3.674446e-023
853.800000  -2.617900e-023
854.000000  -1.705659e-023
854.200000  -9.997167e-024
854.400000  -3.364269e-024
854.600000  -1.689698e-023
854.800000  -5.966468e-024
855.000000  6.372062e-024
855.200000  -2.802777e-025
855.400000  -2.553221e-023
855.600000  -1.061561e-023
855.800000  5.796086e-024
856.000000  4.908002e-024
856.200000  -4.848942e-023
856.400000  2.202003e-024
856.600000  -3.946760e-023
856.800000  -2.684889e-023
857.000000  5.913685e-024
857.200000  -2.889702e-023
857.400000  -1.253962e-023
857.600000  -6.019641e-024
857.800000  1.290746e-025
858.000000  -3.690977e-024
858.200000  3.067042e-024
858.400000  -3.032632e-023
858.600000  -2.334255e-023
858.800000  -1.392662e-023
859.000000  -4.557905e-023
859.200000  -4.701076e-023
859.400000  -1.213528e-023
859.600000  -2.026997e-023
859.800000  2.730611e-025
860.000000  1.740290e-023
860.200000  -2.931068e-024
860.400000  2.249361e-023
860.600000  -7.554489e-024
860.800000  3.386085e-023
861.000000  2.028284e-023
861.200000  -3.545340e-024
861.400000  1.255221e-023
861.600000  -2.557709e-023
861.800000  -6.722998e-024
862.000000  -2.391169e-023
862.200000  -1.870580e-023
862.400000  -6.003858e-023
862.600000  -1.001880e-023
862.800000  -1.910260e-023
863.000000  -2.580678e-023
863.200000  -3.238809e-023
863.400000  -4.408771e-023
863.600000  -2.678066e-023
863.800000  -2.410727e-023
864.000000  8.229785e-024
864.200000  -6.885592e-024
864.400000  -1.687332e-023
864.600000  -2.405630e-024
864.800000  8.891944e-024
865.000000  1.326635e-023
865.200000  1.461372e-023
865.400000  8.207039e-024
865.600000  -1.640752e-024
865.800000  2.619686e-023
866.000000  2.398259e-023
866.200000  2.213436e-023
866.400000  2.372589e-023
866.600000  4.973026e-023
866.800000  -4.519162e-024
867.000000  3.240636e-023
867.200000  6.342380e-024
867.400000  -1.468916e-024
867.600000  -1.202244e-023
867.800000  2.967245e-023
868.000000  1.027856e-024
868.200000  9.413094e-024
868.400000  -2.552278e-023
868.600000  4.858014e-024
868.800000  6.256854e-024
869.000000  -1.103509e-023
869.200000  1.643826e-023
869.400000  -8.891959e-024
869.600000  -8.813916e-024
869.800000  7.497224e-024
870.000000  -3.841909e-024
870.200000  -1.471786e-023
870.400000  -1.067416e-023
870.600000  -5.236927e-024
870.800000  -7.495792e-024
871.000000  2.011594e-023
871.200000  3.876387e-023
871.400000  1.346547e-023
871.600000  2.762794e-023
871.800000  3.423056e-023
872.000000  6.495937e-023
872.200000  2.957801e-023
872.400000  4.876939e-023
872.600000  4.333213e-023
872.800000  9.177456e-024
873.000000  1.068176e-023
873.200000  5.449845e-023
873.400000  3.786680e-024
873.600000  4.948314e-023
873.800000  3.726580e-023
874.000000  1.171540e-023
874.200000  1.376520e-023
874.400000  2.983660e-023
874.600000  1.261091e-023
874.800000  5.610913e-024
875.000000  1.968043e-023
875.200000  1.828169e-023
875.400000  3.175764e-024
875.600000  2.092919e-023
875.800000  3.038086e-023
876.000000  7.997972e-026
876.200000  1.084094e-023
876.400000  5.162491e-023
876.600000  6.920219e-024
876.800000  4.182342e-023
877.000000  4.958089e-023
877.200000  4.436378e-023
877.400000  5.122054e-023
877.600000  4.574555e-023
877.800000  8.581572e-023
878.000000  4.153143e-023
878.200000  7.067666e-023
878.400000  9.151052e-023
878.600000  6.943244e-023
878.800000  6.953047e-023
879.000000  9.953741e-023
879.200000  9.076280e-023
879.400000  1.102983e-022
879.600000  9.602218e-023
879.800000  1.254016e-022
880.000000  1.477926e-022
880.200000  1.420392e-022
880.400000  1.576981e-022
880.600000  1.310153e-022
880.800000  1.328888e-022
881.000000  1.509784e-022
881.200000  1.406788e-022
881.400000  1.180434e-022
881.600000  1.181826e-022
881.800000  1.303997e-022
882.000000  8.177528e-023
882.200000  7.932739e-023
882.400000  9.284896e-023
882.600000  1.067535e-022
882.800000  1.129128e-022
883.000000  1.215798e-022
883.200000  9.440432e-023
883.400000  1.265450e-022
883.600000  1.132936e-022
883.800000  1.199016e-022
884.000000  1.413673e-022
884.200000  1.589052e-022
884.400000  1.032831e-022
884.600000  1.336852e-022
884.800000  1.119914e-022
885.000000  1.545369e-022
885.200000  1.473924e-022
885.400000  1.345477e-022
885.600000  1.429372e-022
885.800000  1.549868e-022
886.000000  1.696161e-022
886.200000  1.553962e-022
886.400000  1.633579e-022
886.600000  1.634857e-022
886.800000  1.815113e-022
887.000000  1.841181e-022
887.200000  1.916283e-022
887.400000  1.802406e-022
887.600000  1.808018e-022
887.800000  1.540387e-022
888.000000  2.158872e-022
888.200000  1.949912e-022
888.400000  1.900471e-022
888.600000  1.788397e-022
888.800000  1.951742e-022
889.000000  2.125025e-022
889.200000  1.891415e-022
889.400000  1.679570e-022
889.600000  1.889367e-022
889.800000  2.132484e-022
890.000000  2.287909e-022
890.200000  1.988939e-022
890.400000  2.344856e-022
890.600000  2.083974e-022
890.800000  2.226501e-022
891.000000  2.216103e-022
891.200000  2.803644e-022
891.400000  2.866280e-022
891.600000  2.595142e-022
891.800000  2.862228e-022
892.000000  3.089716e-022
892.200000  3.364180e-022
892.400000  3.115048e-022
892.600000  3.215274e-022
892.800000  3.484840e-022
893.000000  3.637152e-022
893.200000  3.255916e-022
893.400000  3.564731e-022
893.600000  3.742322e-022
893.800000  3.680580e-022
894.000000  3.259415e-022
894.200000  3.635651e-022
894.400000  3.835411e-022
894.600000  3.473901e-022
894.800000  3.691634e-022
895.000000  3.942398e-022
895.200000  4.110277e-022
895.400000  4.034159e-022
895.600000  3.870943e-022
895.800000  4.163749e-022
896.000000  4.094503e-022
896.200000  3.924146e-022
896.400000  4.217802e-022
896.600000  4.301693e-022
896.800000  4.129718e-022
897.000000  4.054430e-022
897.200000  4.564519e-022
897.400000  4.713964e-022
897.600000  4.781857e-022
897.800000  4.802805e-022
898.000000  5.202089e-022
898.200000  5.059301e-022
898.400000  4.793424e-022
898.600000  5.124347e-022
898.800000  5.313872e-022
899.000000  5.610544e-022
899.200000  5.511606e-022
899.400000  5.396961e-022
899.600000  6.031249e-022
899.800000  5.769893e-022
900.000000  6.108358e-022
900.200000  6.329053e-022
900.400000  6.616246e-022
900.600000  6.417444e-022
900.800000  6.762062e-022
901.000000  6.543726e-022
901.200000  6.685438e-022
901.400000  6.732468e-022
901.600000  7.221430e-022
901.800000  6.860857e-022
902.000000  7.064860e-022
902.200000  7.429874e-022
902.400000  7.685013e-022
902.600000  7.703453e-022
902.800000  8.064429e-022
903.000000  8.188498e-022
903.200000  8.421423e-022
903.400000  8.375202e-022
903.600000  8.492615e-022
903.800000  9.224867e-022
904.000000  9.135800e-022
904.200000  9.103497e-022
904.400000  9.092154e-022
904.600000  9.499089e-022
904.800000  9.843641e-022
905.000000  9.371619e-022
905.200000  1.028853e-021
905.400000  1.020530e-021
905.600000  1.017700e-021
905.800000  1.067372e-021
906.000000  1.066808e-021
906.200000  1.099282e-021
906.400000  1.121552e-021
906.600000  1.142984e-021
906.800000  1.127405e-021
907.000000  1.155224e-021
907.200000  1.131849e-021
907.400000  1.157639e-021
907.600000  1.156551e-021
907.800000  1.185272e-021
908.000000  1.240670e-021
908.200000  1.214198e-021
908.400000  1.264365e-021
908.600000  1.289214e-021
908.800000  1.309490e-021
909.000000  1.302104e-021
909.200000  1.349943e-021
909.400000  1.335933e-021
909.600000  1.386322e-021
909.800000  1.433004e-021
910.000000  1.395676e-021
910.200000  1.401377e-021
910.400000  1.467182e-021
910.600000  1.525977e-021
910.800000  1.502452e-021
911.000000  1.533817e-021
911.200000  1.613798e-021
911.400000  1.600204e-021
911.600000  1.638234e-021
911.800000  1.686604e-021
912.000000  1.636538e-021
912.200000  1.676049e-021
912.400000  1.753432e-021
912.600000  1.737810e-021
912.800000  1.713216e-021
913.000000  1.701346e-021
913.200000  1.832919e-021
913.400000  1.854141e-021
913.600000  1.838427e-021
913.800000  1.935967e-021
914.000000  1.943952e-021
914.200000  1.951388e-021
914.400000  1.953069e-021
914.600000  2.093321e-021
914.800000  2.120695e-021
915.000000  2.161362e-021
915.200000  2.228567e-021
915.400000  2.155059e-021
915.600000  2.188689e-021
915.800000  2.229070e-021
916.000000  2.305051e-021
916.200000  2.312587e-021
916.400000  2.323191e-021
916.600000  2.366090e-021
916.800000  2.380317e-021
917.000000  2.379888e-021
917.200000  2.459489e-021
917.400000  2.494403e-021
917.600000  2.506578e-021
917.800000  2.455448e-021
918.000000  2.577870e-021
918.200000  2.597393e-021
918.400000  2.650976e-021
918.600000  2.540780e-021
918.800000  2.639366e-021
919.000000  2.661310e-021
919.200000  2.648734e-021
919.400000  2.630643e-021
919.600000  2.772525e-021
919.800000  2.768637e-021
920.000000  2.815681e-021
920.200000  2.793261e-021
920.400000  2.792545e-021
920.600000  2.827826e-021
920.800000  2.868025e-021
921.000000  2.864531e-021
921.200000  3.025821e-021
921.400000  3.029860e-021
921.600000  3.012621e-021
921.800000  3.051920e-021
922.000000  3.125548e-021
922.200000  3.019147e-021
922.400000  3.021600e-021
922.600000  3.019137e-021
922.800000  3.101366e-021
923.000000  3.113006e-021
923.200000  3.028396e-021
923.400000  3.074743e-021
923.600000  3.134782e-021
923.800000  3.049846e-021
924.000000  3.175920e-021
924.200000  3.121954e-021
924.400000  3.322511e-021
924.600000  3.058465e-021
924.800000  3.173964e-021
925.000000  3.268934e-021
925.200000  3.159780e-021
925.400000  3.181931e-021
925.600000  3.123847e-021
925.800000  3.330948e-021
926.000000  3.229074e-021
926.200000  3.152224e-021
926.400000  3.264175e-021
926.600000  3.347225e-021
926.800000  3.289810e-021
927.000000  3.172483e-021
927.200000  3.203440e-021
927.400000  3.333657e-021
927.600000  3.296883e-021
927.800000  3.201023e-021
928.000000  3.219820e-021
928.200000  3.287923e-021
928.400000  3.322551e-021
928.600000  3.174301e-021
928.800000  3.283945e-021
929.000000  3.233780e-021
929.200000  3.119247e-021
929.400000  3.240096e-021
929.600000  3.196320e-021
929.800000  3.282648e-021
930.000000  3.215794e-021
930.200000  3.224835e-021
930.400000  3.253660e-021
930.600000  3.247464e-021
930.800000  3.140597e-021
931.000000  3.185259e-021
931.200000  3.255638e-021
931.400000  3.228186e-021
931.600000  3.058852e-021
931.800000  3.155623e-021
932.000000  3.076548e-021
932.200000  3.205627e-021
932.400000  3.107890e-021
932.600000  3.212631e-021
932.800000  3.167231e-021
933.000000  3.249958e-021
933.200000  3.107406e-021
933.400000  3.185682e-021
933.600000  3.236868e-021
933.800000  3.156654e-021
934.000000  3.214768e-021
934.200000  3.147252e-021
934.400000  3.268485e-021
934.600000  3.251093e-021
934.800000  3.156510e-021
935.000000  3.199202e-021
935.200000  3.198690e-021
935.400000  3.137544e-021
935.600000  3.128119e-021
935.800000  3.223658e-021
936.000000  3.315908e-021
936.200000  3.131601e-021
936.400000  3.121871e-021
936.600000  3.269068e-021
936.800000  3.218742e-021
937.000000  3.269695e-021
937.200000  3.355806e-021
937.400000  3.242768e-021
937.600000  3.235664e-021
937.800000  3.140113e-021
938.000000  3.259044e-021
938.200000  3.274546e-021
938.400000  3.275952e-021
938.600000  3.191273e-021
938.800000  3.228836e-021
939.000000  3.322046e-021
939.200000  3.198955e-021
939.400000  3.334529e-021
939.600000  3.300373e-021
939.800000  3.364687e-021
940.000000  3.218227e-021
940.200000  3.268340e-021
940.400000  3.335017e-021
940.600000  3.356292e-021
940.800000  3.253684e-021
941.000000  3.255085e-021
941.200000  3.347520e-021
941.400000  3.355661e-021
941.600000  3.303937e-021
941.800000  3.401200e-021
942.000000  3.423523e-021
942.200000  3.434435e-021
942.400000  3.350792e-021
942.600000  3.438200e-021
942.800000  3.416979e-021
943.000000  3.409407e-021
943.200000  3.515708e-021
943.400000  3.487240e-021
943.600000  3.534018e-021
943.800000  3.535989e-021
944.000000  3.481798e-021
944.200000  3.487846e-021
944.400000  3.569218e-021
944.600000  3.498952e-021
944.800000  3.633589e-021
945.000000  3.565297e-021
945.200000  3.505406e-021
945.400000  3.573481e-021
945.600000  3.607473e-021
945.800000  3.639158e-021
946.000000  3.569194e-021
946.200000  3.538811e-021
946.400000  3.623253e-021
946.600000  3.643315e-021
946.800000  3.582550e-021
947.000000  3.620335e-021
947.200000  3.684928e-021
947.400000  3.744649e-021
947.600000  3.696042e-021
947.800000  3.665555e-021
948.000000  3.592490e-021
948.200000  3.751338e-021
948.400000  3.756380e-021
948.600000  3.685748e-021
948.800000  3.748660e-021
949.000000  3.780567e-021
949.200000  3.742157e-021
949.400000  3.725750e-021
949.600000  3.802626e-021
949.800000  3.789816e-021
950.000000  3.690240e-021
950.200000  3.716890e-021
950.400000  3.756826e-021
950.600000  3.745094e-021
950.800000  3.780295e-021
951.000000  3.840080e-021
951.200000  3.786304e-021
951.400000  3.861908e-021
951.600000  3.828590e-021
951.800000  3.909633e-021
952.000000  3.767425e-021
952.200000  3.781815e-021
952.400000  3.879139e-021
952.600000  3.839419e-021
952.800000  3.818483e-021
953.000000  3.872142e-021
953.200000  3.833310e-021
953.400000  3.798065e-021
953.600000  3.826481e-021
953.800000  3.903504e-021
954.000000  3.888132e-021
954.200000  3.835254e-021
954.400000  3.777698e-021
954.600000  3.810194e-021
954.800000  3.878623e-021
955.000000  3.832669e-021
955.200000  3.814425e-021
955.400000  3.977594e-021
955.600000  3.882781e-021
955.800000  3.867102e-021
956.000000  3.865377e-021
956.200000  4.016686e-021
956.400000  3.879781e-021
956.600000  3.785636e-021
956.800000  3.811851e-021
957.000000  3.934631e-021
957.200000  3.755856e-021
957.400000  3.817366e-021
957.600000  3.845406e-021
957.800000  3.823423e-021
958.000000  3.810077e-021
958.200000  3.706101e-021
958.400000  3.755587e-021
958.600000  3.867984e-021
958.800000  3.707600e-021
959.000000  3.709765e-021
959.200000  3.754866e-021
959.400000  3.687727e-021
959.600000  3.689233e-021
959.800000  3.689525e-021
960.000000  3.699195e-021
960.200000  3.682200e-021
960.400000  3.575149e-021
960.600000  3.603488e-021
960.800000  3.669091e-021
961.000000  3.685424e-021
961.200000  3.574211e-021
961.400000  3.637308e-021
961.600000  3.586319e-021
961.800000  3.589596e-021
962.000000  3.521077e-021
962.200000  3.550550e-021
962.400000  3.603413e-021
962.600000  3.477411e-021
962.800000  3.602415e-021
963.000000  3.501100e-021
963.200000  3.535863e-021
963.400000  3.480719e-021
963.600000  3.468215e-021
963.800000  3.431827e-021
964.000000  3.436415e-021
964.200000  3.409844e-021
964.400000  3.474915e-021
964.600000  3.479586e-021
964.800000  3.495691e-021
965.000000  3.456088e-021
965.200000  3.445705e-021
965.400000  3.440540e-021
965.600000  3.472422e-021
965.800000  3.410389e-021
966.000000  3.442990e-021
966.200000  3.418673e-021
966.400000  3.438958e-021
966.600000  3.382158e-021
966.800000  3.408102e-021
967.000000  3.469045e-021
967.200000  3.457516e-021
967.400000  3.451466e-021
967.600000  3.498188e-021
967.800000  3.526310e-021
968.000000  3.526368e-021
968.200000  3.528219e-021
968.400000  3.609325e-021
968.600000  3.593979e-021
968.800000  3.744023e-021
969.000000  3.652871e-021
969.200000  3.753763e-021
969.400000  3.936229e-021
969.600000  3.928766e-021
969.800000  3.936089e-021
970.000000  4.200878e-021
970.200000  4.400405e-021
970.400000  4.531424e-021
970.600000  4.755194e-021
970.800000  4.987799e-021
971.000000  5.221255e-021
971.200000  5.527352e-021
971.400000  5.882489e-021
971.600000  6.308856e-021
971.800000  6.770394e-021
972.000000  7.316156e-021
972.200000  7.951024e-021
972.400000  8.634836e-021
972.600000  9.405781e-021
972.800000  1.026296e-020
973.000000  1.117997e-020
973.200000  1.212223e-020
973.400000  1.316903e-020
973.600000  1.420376e-020
973.800000  1.525839e-020
974.000000  1.626826e-020
974.200000  1.716174e-020
974.400000  1.774201e-020
974.600000  1.820586e-020
974.800000  1.858629e-020
975.000000  1.871144e-020
975.200000  1.869521e-020
975.400000  1.861972e-020
975.600000  1.830951e-020
975.800000  1.770562e-020
976.000000  1.709943e-020
976.200000  1.644218e-020
976.400000  1.565373e-020
976.600000  1.490769e-020
976.800000  1.417639e-020
977.000000  1.344355e-020
977.200000  1.267478e-020
977.400000  1.199340e-020
977.600000  1.129190e-020
977.800000  1.063136e-020
978.000000  1.001333e-020
978.200000  9.431742e-021
978.400000  8.887081e-021
978.600000  8.367337e-021
978.800000  7.897859e-021
979.000000  7.446304e-021
979.200000  6.993499e-021
979.400000  6.602388e-021
979.600000  6.223335e-021
979.800000  5.882409e-021
980.000000  5.542209e-021
980.200000  5.259794e-021
980.400000  4.960861e-021
980.600000  4.710859e-021
980.800000  4.447186e-021
981.000000  4.267357e-021
981.200000  4.053696e-021
981.400000  3.864837e-021
981.600000  3.703671e-021
981.800000  3.541328e-021
982.000000  3.383238e-021
982.200000  3.231902e-021
982.400000  3.105951e-021
982.600000  2.950486e-021
982.800000  2.880714e-021
983.000000  2.765435e-021
983.200000  2.680081e-021
983.400000  2.562734e-021
983.600000  2.499298e-021
983.800000  2.462879e-021
984.000000  2.385318e-021
984.200000  2.310226e-021
984.400000  2.262617e-021
984.600000  2.222906e-021
984.800000  2.161227e-021
985.000000  2.103770e-021
985.200000  2.062414e-021
985.400000  2.056417e-021
985.600000  1.977750e-021
985.800000  1.998091e-021
986.000000  1.967753e-021
986.200000  1.921974e-021
986.400000  1.926161e-021
986.600000  1.848558e-021
986.800000  1.843370e-021
987.000000  1.834072e-021
987.200000  1.771700e-021
987.400000  1.757698e-021
987.600000  1.775913e-021
987.800000  1.691736e-021
988.000000  1.694868e-021
988.200000  1.666989e-021
988.400000  1.684632e-021
988.600000  1.620373e-021
988.800000  1.578563e-021
989.000000  1.604268e-021
989.200000  1.594741e-021
989.400000  1.595082e-021
989.600000  1.565328e-021
989.800000  1.587988e-021
990.000000  1.571359e-021
990.200000  1.547190e-021
990.400000  1.538208e-021
990.600000  1.556415e-021
990.800000  1.586816e-021
991.000000  1.539185e-021
991.200000  1.537021e-021
991.400000  1.564139e-021
991.600000  1.532564e-021
991.800000  1.532659e-021
992.000000  1.525061e-021
992.200000  1.546605e-021
992.400000  1.516336e-021
992.600000  1.528599e-021
992.800000  1.497670e-021
993.000000  1.515827e-021
993.200000  1.514469e-021
993.400000  1.487360e-021
993.600000  1.484731e-021
993.800000  1.477478e-021
994.000000  1.453780e-021
994.200000  1.434388e-021
994.400000  1.415263e-021
994.600000  1.413179e-021
994.800000  1.392408e-021
995.000000  1.350025e-021
995.200000  1.364963e-021
995.400000  1.336740e-021
995.600000  1.320030e-021
995.800000  1.303848e-021
996.000000  1.307080e-021
996.200000  1.285892e-021
996.400000  1.256944e-021
996.600000  1.267487e-021
996.800000  1.245771e-021
997.000000  1.248733e-021
997.200000  1.190861e-021
997.400000  1.201251e-021
997.600000  1.198127e-021
997.800000  1.194918e-021
998.000000  1.174969e-021
998.200000  1.177386e-021
998.400000  1.155176e-021
998.600000  1.167266e-021
998.800000  1.124594e-021
999.000000  1.112894e-021
999.200000  1.105669e-021
999.400000  1.082062e-021
999.600000  1.060545e-021
999.800000  1.055824e-021
1000.000000  1.037845e-021
1000.200000  1.051694e-021
1000.400000  1.017505e-021
1000.600000  1.007433e-021
1000.800000  1.012564e-021
1001.000000  9.781323e-022
1001.200000  9.647532e-022
1001.400000  9.666890e-022
1001.600000  9.233177e-022
1001.800000  9.184168e-022
1002.000000  9.074167e-022
1002.200000  9.024833e-022
1002.400000  8.822907e-022
1002.600000  8.638455e-022
1002.800000  8.451504e-022
1003.000000  8.624284e-022
1003.200000  8.334051e-022
1003.400000  8.299989e-022
1003.600000  8.079727e-022
1003.800000  8.186570e-022
1004.000000  8.115012e-022
1004.200000  7.636635e-022
1004.400000  7.681916e-022
1004.600000  7.577334e-022
1004.800000  7.246276e-022
1005.000000  7.059636e-022
1005.200000  7.038130e-022
1005.400000  7.019548e-022
1005.600000  6.702737e-022
1005.800000  6.761262e-022
1006.000000  6.652636e-022
1006.200000  6.362342e-022
1006.400000  6.217834e-022
1006.600000  6.124665e-022
1006.800000  6.135457e-022
1007.000000  6.046032e-022
1007.200000  5.766770e-022
1007.400000  5.563352e-022
1007.600000  5.533664e-022
1007.800000  5.231937e-022
1008.000000  5.161333e-022
1008.200000  5.223347e-022
1008.400000  5.243777e-022
1008.600000  5.042688e-022
1008.800000  4.783889e-022
1009.000000  4.929561e-022
1009.200000  4.650939e-022
1009.400000  4.697823e-022
1009.600000  4.480107e-022
1009.800000  4.493128e-022
1010.000000  4.434547e-022
1010.200000  4.363939e-022
1010.400000  4.247472e-022
1010.600000  4.264395e-022
1010.800000  4.236564e-022
1011.000000  4.143912e-022
1011.200000  4.111870e-022
1011.400000  4.306378e-022
1011.600000  4.234916e-022
1011.800000  4.006104e-022
1012.000000  4.079451e-022
1012.200000  3.969259e-022
1012.400000  3.910080e-022
1012.600000  3.743636e-022
1012.800000  3.480122e-022
1013.000000  3.593224e-022
1013.200000  3.528929e-022
1013.400000  3.273502e-022
1013.600000  3.249834e-022
1013.800000  3.305732e-022
1014.000000  3.198721e-022
1014.200000  3.069344e-022
1014.400000  3.015065e-022
1014.600000  2.877502e-022
1014.800000  2.842375e-022
1015.000000  2.890744e-022
1015.200000  2.995607e-022
1015.400000  2.909813e-022
1015.600000  2.697002e-022
1015.800000  2.758379e-022
1016.000000  2.749677e-022
1016.200000  2.747663e-022
1016.400000  2.714032e-022
1016.600000  2.647523e-022
1016.800000  2.550168e-022
1017.000000  2.459019e-022
1017.200000  2.287072e-022
1017.400000  2.189167e-022
1017.600000  2.134465e-022
1017.800000  2.025879e-022
1018.000000  1.859977e-022
1018.200000  1.773766e-022
1018.400000  1.801098e-022
1018.600000  1.638834e-022
1018.800000  1.612559e-022
1019.000000  1.685668e-022
1019.200000  1.572205e-022
1019.400000  1.492371e-022
1019.600000  1.337285e-022
1019.800000  1.389742e-022
1020.000000  1.489785e-022
1020.200000  1.277646e-022
1020.400000  1.264944e-022
1020.600000  1.299538e-022
1020.800000  1.336083e-022
1021.000000  1.109439e-022
1021.200000  1.108239e-022
1021.400000  1.416936e-022
1021.600000  1.381432e-022
1021.800000  1.046361e-022
1022.000000  1.129790e-022
1022.200000  1.327764e-022
1022.400000  1.156361e-022
1022.600000  1.014047e-022
1022.800000  1.064085e-022
1023.000000  1.193768e-022
1023.200000  1.146298e-022
1023.400000  8.379372e-023
1023.600000  1.070251e-022
1023.800000  1.182536e-022
1024.000000  1.097307e-022
1024.200000  1.048054e-022
1024.400000  1.059230e-022
1024.600000  1.052352e-022
1024.800000  9.267226e-023
1025.000000  9.857643e-023
1025.200000  1.017709e-022
1025.400000  9.491679e-023
1025.600000  9.282864e-023
1025.800000  8.662554e-023
1026.000000  1.019616e-022
1026.200000  1.049732e-022
1026.400000  9.474896e-023
1026.600000  9.035295e-023
1026.800000  1.040317e-022
1027.000000  8.952751e-023
1027.200000  7.698607e-023
1027.400000  9.685378e-023
1027.600000  9.936867e-023
1027.800000  8.886004e-023
1028.000000  8.037242e-023
1028.200000  8.102854e-023
1028.400000  8.153981e-023
1028.600000  6.263971e-023
1028.800000  6.057218e-023
1029.000000  5.299845e-023
1029.200000  6.216911e-023
1029.400000  5.453045e-023
1029.600000  4.904362e-023
1029.800000  4.477910e-023
1030.000000  3.665437e-023
1030.200000  2.430711e-023
1030.400000  1.902526e-023
1030.600000  6.679762e-024
1030.800000  1.470914e-023
1031.000000  7.473960e-024
1031.200000  9.352756e-024
1031.400000  1.462709e-023
1031.600000  1.174509e-023
1031.800000  3.069461e-024
1032.000000  1.857656e-023
1032.200000  2.573567e-023
1032.400000  6.522416e-024
1032.600000  -3.061612e-024
1032.800000  2.343113e-023
1033.000000  9.881013e-024
1033.200000  8.611548e-024
1033.400000  5.445700e-025
1033.600000  1.207720e-024
1033.800000  1.148907e-023
1034.000000  -7.223438e-024
1034.200000  -3.797747e-024
1034.400000  5.890311e-024
1034.600000  5.067496e-024
1034.800000  -1.010412e-024
1035.000000  -5.206706e-024
1035.200000  -3.017795e-024
1035.400000  2.950897e-024
1035.600000  -1.131915e-023
1035.800000  -6.286206e-024
1036.000000  4.653552e-024
1036.200000  -2.120932e-024
1036.400000  -2.529652e-023
1036.600000  -9.379874e-024
1036.800000  6.376441e-024
1037.000000  1.068992e-023
1037.200000  2.606896e-023
1037.400000  6.929054e-024
1037.600000  1.513692e-023
1037.800000  1.253190e-023
1038.000000  -3.494771e-024
1038.200000  5.008594e-024
1038.400000  -5.745138e-024
1038.600000  -1.333106e-023
1038.800000  -1.596597e-023
1039.000000  -1.345693e-023
1039.200000  -2.150349e-023
1039.400000  -2.728707e-023
1039.600000  -4.470973e-023
1039.800000  -1.711523e-023
1040.000000  -1.568568e-023
1040.200000  -2.917109e-023
1040.400000  -2.171904e-023
1040.600000  -9.191239e-024
1040.800000  -2.424306e-023
1041.000000  -4.489499e-023
1041.200000  -3.617064e-023
1041.400000  -4.593792e-023
1041.600000  -5.731507e-023
1041.800000  -7.740536e-023
1042.000000  -4.727229e-023
1042.200000  -5.862689e-023
1042.400000  -6.853291e-023
1042.600000  -7.349240e-023
1042.800000  -6.251188e-023
1043.000000  -6.484826e-023
1043.200000  -8.300321e-023
1043.400000  -9.871721e-023
1043.600000  -9.179765e-023
1043.800000  -8.938054e-023
1044.000000  -1.040774e-022
1044.200000  -1.038766e-022
1044.400000  -1.021906e-022
1044.600000  -1.157412e-022
1044.800000  -1.169082e-022
1045.000000  -1.097680e-022
1045.200000  -1.082498e-022
1045.400000  -1.179564e-022
1045.600000  -9.650019e-023
1045.800000  -9.051444e-023
1046.000000  -9.674710e-023
1046.200000  -9.640468e-023
1046.400000  -1.078389e-022
1046.600000  -1.052740e-022
1046.800000  -9.828590e-023
1047.000000  -1.208183e-022
1047.200000  -1.064637e-022
1047.400000  -1.328254e-022
1047.600000  -1.274737e-022
1047.800000  -1.263537e-022
1048.000000  -1.315337e-022
1048.200000  -1.256835e-022
1048.400000  -1.139449e-022
1048.600000  -1.331101e-022
1048.800000  -1.156422e-022
1049.000000  -1.138573e-022
1049.200000  -1.170777e-022
1049.400000  -9.981149e-023
1049.600000  -7.475293e-023
1049.800000  -8.395522e-023
1050.000000  -7.469867e-023
1050.200000  -2.999314e-023
1050.400000  -1.711087e-023
1050.600000  -2.367323e-023
1050.800000  -7.072699e-024
1051.000000  -1.101566e-023
1051.200000  -1.182710e-023
1051.400000  -1.129149e-023
1051.600000  -1.147924e-023
1051.800000  -2.792195e-023
1052.000000  -2.965773e-023
1052.200000  -5.201568e-023
1052.400000  -3.658546e-023
1052.600000  -3.503939e-023
1052.800000  -4.300986e-023
1053.000000  -3.673402e-023
1053.200000  -2.056707e-023
1053.400000  -2.821821e-023
1053.600000  -2.314833e-023
1053.800000  -1.888822e-023
1054.000000  -2.070700e-023
1054.200000  -1.677414e-023
1054.400000  -2.376292e-023
1054.600000  -2.507313e-023
1054.800000  -3.335722e-023
1055.000000  -3.580278e-023
1055.200000  -3.528595e-023
1055.400000  -4.937686e-023
1055.600000  -2.195707e-023
1055.800000  -3.358200e-023
1056.000000  -4.801386e-023
1056.200000  -5.226685e-023
1056.400000  -3.519327e-023
1056.600000  -4.567831e-023
1056.800000  -4.361746e-023
1057.000000  -4.924080e-023
1057.200000  -5.667075e-023
1057.400000  -4.818179e-023
1057.600000  -5.742308e-023
1057.800000  -7.515441e-023
1058.000000  -7.080460e-023
1058.200000  -7.772502e-023
1058.400000  -8.578298e-023
1058.600000  -9.508797e-023
1058.800000  -9.338803e-023
1059.000000  -8.324896e-023
1059.200000  -6.952478e-023
1059.400000  -6.211003e-023
1059.600000  -7.570007e-023
1059.800000  -6.522419e-023
1060.000000  -6.402887e-023
1060.200000  -6.688455e-023
1060.400000  -4.798096e-023
1060.600000  -4.381641e-023
1060.800000  -4.881055e-023
1061.000000  -4.954346e-023
1061.200000  -4.403531e-023
1061.400000  -3.161183e-023
1061.600000  -3.697827e-023
1061.800000  -1.771005e-023
1062.000000  -1.214151e-023
1062.200000  -9.823176e-024
1062.400000  -1.671168e-023
1062.600000  7.939315e-025
1062.800000  -6.530872e-025
1063.000000  -1.907761e-024
1063.200000  -3.445451e-024
1063.400000  -2.066589e-025
1063.600000  -8.564234e-024
1063.800000  -7.793107e-024
1064.000000  -2.454606e-023
1064.200000  -1.235272e-023
1064.400000  -2.625727e-023
1064.600000  -1.802639e-023
1064.800000  -2.813531e-023
1065.000000  -2.294007e-023
1065.200000  -2.697673e-023
1065.400000  -3.593585e-023
1065.600000  -2.340887e-023
1065.800000  -3.568249e-023
1066.000000  -3.860609e-023
1066.200000  -4.124405e-023
1066.400000  -3.080649e-023
1066.600000  -3.518816e-023
1066.800000  -5.185553e-023
1067.000000  -2.801179e-023
1067.200000  -2.685560e-023
1067.400000  -3.861859e-023
1067.600000  -4.015085e-023
1067.800000  -3.741279e-023
1068.000000  -2.050038e-023
1068.200000  -4.264068e-023
1068.400000  -5.433479e-023
1068.600000  -4.956998e-023
1068.800000  -5.334656e-023
1069.000000  -5.772842e-023
1069.200000  -7.503518e-023
1069.400000  -6.875334e-023
1069.600000  -6.216525e-023
1069.800000  -6.637565e-023
1070.000000  -7.038481e-023
1070.200000  -5.666152e-023
1070.400000  -5.302207e-023
1070.600000  -6.542042e-023
1070.800000  -6.111596e-023
1071.000000  -7.417709e-023
1071.200000  -7.966607e-023
1071.400000  -7.243923e-023
1071.600000  -8.265853e-023
1071.800000  -7.204213e-023
1072.000000  -7.222503e-023
1072.200000  -6.927843e-023
1072.400000  -5.568438e-023
1072.600000  -4.945634e-023
1072.800000  -4.982986e-023
1073.000000  -3.728445e-023
1073.200000  -2.530340e-023
1073.400000  -2.131340e-023
1073.600000  -2.413346e-023
1073.800000  -1.691972e-023
1074.000000  -1.775386e-023
1074.200000  -1.274513e-023
1074.400000  -2.449261e-023
1074.600000  -3.262373e-023
1074.800000  -3.120328e-023
1075.000000  -3.389720e-023
1075.200000  -1.617361e-023
1075.400000  -9.975261e-024
1075.600000  -1.056195e-023
1075.800000  7.593053e-024
1076.000000  -5.918502e-026
1076.200000  -1.126046e-023
1076.400000  -7.464597e-024
1076.600000  -1.251997e-023
1076.800000  -2.022280e-023
1077.000000  -2.421646e-023
1077.200000  -1.029223e-023
1077.400000  -3.394440e-023
1077.600000  -3.311362e-023
1077.800000  -4.489710e-023
1078.000000  -3.346621e-023
1078.200000  -4.397543e-023
1078.400000  -4.178287e-023
1078.600000  -4.529785e-023
1078.800000  -3.396759e-023
1079.000000  -4.257534e-023
1079.200000  -3.215363e-023
1079.400000  -4.378265e-023
1079.600000  -2.443662e-023
1079.800000  -3.898598e-023
1080.000000  -3.950967e-023
1080.200000  -2.638292e-023
1080.400000  -1.557125e-023
1080.600000  -3.450108e-023
1080.800000  -3.344149e-023
1081.000000  -2.100966e-023
1081.200000  -1.303032e-023
1081.400000  -1.759457e-023
1081.600000  -2.978706e-023
1081.800000  -2.318196e-023
1082.000000  -2.044816e-023
1082.200000  -1.923386e-023
1082.400000  -4.242071e-023
1082.600000  -3.264242e-023
1082.800000  -4.121029e-023
1083.000000  -4.906525e-023
1083.200000  -6.047667e-023
1083.400000  -4.516235e-023
1083.600000  -4.182709e-023
1083.800000  -5.545984e-023
1084.000000  -5.456593e-023
1084.200000  -4.833217e-023
1084.400000  -5.620968e-023
1084.600000  -4.936411e-023
1084.800000  -4.906649e-023
1085.000000  -4.424750e-023
1085.200000  -4.318995e-023
1085.400000  -6.798859e-023
1085.600000  -5.651497e-023
1085.800000  -5.220442e-023
1086.000000  -5.009633e-023
1086.200000  -4.973170e-023
1086.400000  -4.177441e-023
1086.600000  -3.545599e-023
1086.800000  -6.478044e-024
1087.000000  1.053091e-023
1087.200000  1.408340e-023
1087.400000  2.082912e-023
1087.600000  2.240739e-023
1087.800000  2.561871e-023
1088.000000  1.606943e-023
1088.200000  2.229452e-023
1088.400000  1.619254e-023
1088.600000  2.068927e-023
1088.800000  2.289593e-023
1089.000000  2.414997e-023
1089.200000  2.736374e-023
1089.400000  3.026601e-023
1089.600000  3.844516e-023
1089.800000  2.270878e-023
1090.000000  1.840802e-023
1090.200000  2.058248e-023
1090.400000  3.546065e-023
1090.600000  1.292688e-023
1090.800000  1.194203e-023
1091.000000  9.220931e-024
1091.200000  2.287939e-024
1091.400000  -1.442302e-023
1091.600000  -7.379047e-024
1091.800000  5.762839e-024
1092.000000  7.234037e-024
1092.200000  -7.359605e-024
1092.400000  -2.541410e-024
1092.600000  2.223056e-024
1092.800000  7.887453e-024
1093.000000  3.402623e-024
1093.200000  4.867663e-025
1093.400000  6.712252e-024
1093.600000  2.853021e-023
1093.800000  3.940129e-024
1094.000000  1.029316e-023
1094.200000  1.996467e-023
1094.400000  2.932214e-023
1094.600000  2.483227e-023
1094.800000  2.125120e-023
1095.000000  1.683127e-023
1095.200000  2.632676e-023
1095.400000  2.401072e-023
1095.600000  3.158877e-023
1095.800000  3.644803e-023
1096.000000  3.331154e-023
1096.200000  3.269683e-023
1096.400000  3.932541e-023
1096.600000  2.454034e-023
1096.800000  2.872766e-023
1097.000000  1.508756e-023
1097.200000  3.121687e-023
1097.400000  2.692818e-023
1097.600000  1.638756e-023
1097.800000  1.576878e-023
1098.000000  7.908676e-024
1098.200000  1.260697e-024
1098.400000  6.162494e-024
1098.600000  -9.163631e-024
1098.800000  -8.209460e-024
1099.000000  -1.431890e-023
1099.200000  -2.310640e-025
1099.400000  -1.215779e-023
1099.600000  -1.444781e-023
1099.800000  -1.335726e-023
1100.000000  -4.393754e-024
