800.000000  NaN
800.200000  NaN
800.400000  NaN
800.600000  1.548420e-028
800.800000  1.551747e-028
801.000000  4.430593e-029
801.200000  1.781403e-028
801.400000  1.829672e-028
801.600000  1.113961e-028
801.800000  1.391643e-029
802.000000  7.288228e-029
802.200000  1.990842e-028
802.400000  2.031498e-028
802.600000  1.181210e-028
802.800000  9.677695e-029
803.000000  1.574177e-028
803.200000  1.492374e-028
803.400000  1.504437e-028
803.600000  2.521339e-028
803.800000  1.854099e-028
804.000000  1.942267e-028
804.200000  1.605735e-028
804.400000  3.154771e-028
804.600000  1.481749e-028
804.800000  2.159538e-028
805.000000  2.757606e-028
805.200000  3.278380e-028
805.400000  2.780612e-028
805.600000  1.930233e-028
805.800000  2.322379e-028
806.000000  1.229070e-028
806.200000  2.258817e-028
806.400000  1.585371e-028
806.600000  2.224278e-028
806.800000  7.776035e-029
807.000000  -2.340756e-029
807.200000  -2.333371e-029
807.400000  6.267109e-029
807.600000  1.591317e-028
807.800000  -2.078732e-030
808.000000  1.499029e-029
808.200000  2.119352e-028
808.400000  8.368679e-029
808.600000  1.449430e-030
808.800000  3.449428e-028
809.000000  2.260547e-028
809.200000  1.793446e-028
809.400000  2.723826e-028
809.600000  3.322889e-028
809.800000  3.120024e-028
810.000000  1.585483e-028
810.200000  2.813587e-028
810.400000  2.421739e-028
810.600000  3.802441e-028
810.800000  1.857361e-028
811.000000  1.717606e-028
811.200000  3.249318e-028
811.400000  2.075031e-028
811.600000  3.019378e-028
811.800000  2.288563e-028
812.000000  1.241628e-028
812.200000  3.842898e-028
812.400000  8.920284e-029
812.600000  2.370597e-028
812.800000  4.560888e-028
813.000000  2.178157e-028
813.200000  1.786580e-028
813.400000  1.541372e-028
813.600000  4.487505e-028
813.800000  1.216950e-028
814.000000  1.738225e-028
814.200000  3.791203e-029
814.400000  2.924553e-028
814.600000  8.903989e-029
814.800000  -2.543867e-028
815.000000  1.362992e-028
815.200000  3.258031e-028
815.400000  4.748287e-029
815.600000  -6.709784e-029
815.800000  5.397537e-028
816.000000  4.862442e-028
816.200000  2.289473e-028
816.400000  1.773628e-028
816.600000  3.381550e-028
816.800000  3.539620e-028
817.000000  1.928793e-028
817.200000  -7.195559e-029
817.400000  3.839543e-028
817.600000  1.840855e-029
817.800000  -3.047640e-028
818.000000  1.775432e-028
818.200000  1.241274e-028
818.400000  1.765872e-028
818.600000  -1.490103e-028
818.800000  8.157859e-029
819.000000  2.400703e-028
819.200000  7.877354e-029
819.400000  -2.675027e-028
819.600000  3.639834e-028
819.800000  2.177981e-028
820.000000  -5.108688e-029
820.200000  2.607285e-029
820.400000  3.933343e-028
820.600000  4.380092e-028
820.800000  3.794520e-028
821.000000  -5.850364e-028
821.200000  -2.851803e-028
821.400000  1.552796e-028
821.600000  -2.720903e-028
821.800000  -2.030251e-028
822.000000  4.839287e-028
822.200000  2.133769e-028
822.400000  6.265099e-028
822.600000  4.546579e-028
822.800000  9.012740e-028
823.000000  2.458950e-028
823.200000  -4.903821e-028
823.400000  3.347328e-028
823.600000  6.672995e-028
823.800000  9.111617e-028
824.000000  7.459420e-029
824.200000  3.440764e-028
824.400000  2.203431e-028
824.600000  6.502472e-028
824.800000  -1.547492e-028
825.000000  2.843309e-029
825.200000  7.350399e-028
825.400000  -6.305137e-028
825.600000  -2.346333e-028
825.800000  -2.419598e-028
826.000000  1.708118e-028
826.200000  6.763160e-028
826.400000  1.074427e-028
826.600000  1.108218e-028
826.800000  1.003381e-027
827.000000  5.203766e-028
827.200000  3.764799e-028
827.400000  2.660493e-028
827.600000  5.214915e-028
827.800000  -3.725623e-028
828.000000  -1.362977e-028
828.200000  9.069627e-028
828.400000  3.969178e-028
828.600000  -6.460994e-028
828.800000  1.042451e-027
829.000000  6.954889e-028
829.200000  5.076738e-028
829.400000  2.606205e-028
829.600000  1.160739e-027
829.800000  5.915134e-028
830.000000  7.104121e-028
830.200000  -8.848389e-028
830.400000  2.604877e-028
830.600000  8.024581e-028
830.800000  3.054295e-028
831.000000  -1.171910e-027
831.200000  -4.280646e-028
831.400000  4.676597e-028
831.600000  -1.136817e-027
831.800000  -5.413999e-028
832.000000  -1.564708e-029
832.200000  1.262999e-027
832.400000  -4.575320e-028
832.600000  -1.616552e-027
832.800000  1.133365e-027
833.000000  9.556275e-028
833.200000  -1.921421e-028
833.400000  -1.091336e-028
833.600000  2.213218e-027
833.800000  1.656667e-028
834.000000  1.403181e-028
834.200000  7.864072e-029
834.400000  2.879676e-030
834.600000  -9.936296e-028
834.800000  -1.433268e-027
835.000000  -1.456227e-028
835.200000  5.569090e-028
835.400000  -5.559194e-028
835.600000  -4.832657e-028
835.800000  1.366689e-027
836.000000  9.902738e-028
836.200000  -1.668167e-028
836.400000  2.335422e-028
836.600000  8.909896e-028
836.800000  5.558172e-028
837.000000  5.344802e-028
837.200000  -1.548790e-028
837.400000  1.551661e-027
837.600000  1.645564e-027
837.800000  -8.849737e-028
838.000000  -1.693824e-027
838.200000  8.921568e-028
838.400000  -7.399676e-028
838.600000  -2.173371e-027
838.800000  -1.797367e-027
839.000000  -6.341490e-028
839.200000  -3.181477e-027
839.400000  -1.342077e-027
839.600000  -1.837416e-027
839.800000  -2.148379e-028
840.000000  2.165458e-028
840.200000  -3.555524e-028
840.400000  -7.671019e-028
840.600000  -1.636653e-027
840.800000  -5.014262e-028
841.000000  -4.158993e-027
841.200000  -8.118956e-028
841.400000  -9.707712e-028
841.600000  -1.463083e-027
841.800000  7.190232e-028
842.000000  -2.130836e-027
842.200000  1.396194e-027
842.400000  -5.610422e-028
842.600000  1.724772e-027
842.800000  3.623135e-028
843.000000  1.642621e-027
843.200000  1.643768e-027
843.400000  1.247931e-027
843.600000  1.453819e-027
843.800000  -2.347495e-027
844.000000  -2.783223e-027
844.200000  2.112379e-027
844.400000  -2.493596e-027
844.600000  -3.518332e-027
844.800000  3.256729e-028
845.000000  -1.354975e-027
845.200000  -2.512685e-027
845.400000  1.289916e-028
845.600000  7.001746e-028
845.800000  -7.224480e-028
846.000000  3.005285e-029
846.200000  -1.243079e-027
846.400000  -1.620886e-027
846.600000  1.054665e-027
846.800000  -1.153329e-027
847.000000  2.830743e-027
847.200000  1.109922e-027
847.400000  5.090632e-027
847.600000  1.420532e-027
847.800000  1.311621e-027
848.000000  2.140584e-027
848.200000  1.418868e-027
848.400000  1.880200e-027
848.600000  -2.676523e-027
848.800000  1.389810e-027
849.000000  6.541879e-028
849.200000  -1.022177e-027
849.400000  1.399388e-027
849.600000  -1.296730e-027
849.800000  -1.701075e-027
850.000000  -4.409256e-027
850.200000  -3.965832e-027
850.400000  -2.288356e-027
850.600000  -4.188857e-027
850.800000  -5.281328e-027
851.000000  -4.767931e-027
851.200000  -2.037994e-027
851.400000  -5.912984e-027
851.600000  -1.904412e-027
851.800000  -1.163143e-027
852.000000  -1.971181e-027
852.200000  -4.032208e-027
852.400000  -2.313540e-027
852.600000  -5.643832e-028
852.800000  -4.970071e-027
853.000000  -3.942465e-027
853.200000  -8.629019e-027
853.400000  -6.455921e-027
853.600000  -7.191336e-027
853.800000  -5.208593e-027
854.000000  -3.449895e-027
854.200000  -2.055576e-027
854.400000  -7.032132e-028
854.600000  -3.590390e-027
854.800000  -1.288792e-027
855.000000  1.399185e-027
855.200000  -6.256191e-029
855.400000  -5.793390e-027
855.600000  -2.448550e-027
855.800000  1.358986e-027
856.000000  1.169763e-027
856.200000  -1.174762e-026
856.400000  5.422844e-028
856.600000  -9.879909e-027
856.800000  -6.831849e-027
857.000000  1.529560e-027
857.200000  -7.597215e-027
857.400000  -3.351008e-027
857.600000  -1.635114e-027
857.800000  3.563703e-029
858.000000  -1.035814e-027
858.200000  8.748564e-028
858.400000  -8.792452e-027
858.600000  -6.878734e-027
858.800000  -4.171312e-027
859.000000  -1.387572e-026
859.200000  -1.454613e-026
859.400000  -3.816427e-027
859.600000  -6.479086e-027
859.800000  8.870961e-029
860.000000  5.746183e-027
860.200000  -9.836200e-028
860.400000  7.671866e-027
860.600000  -2.618690e-027
860.800000  1.192918e-026
861.000000  7.262266e-027
861.200000  -1.290116e-027
861.400000  4.642105e-027
861.600000  -9.613172e-027
861.800000  -2.568006e-027
862.000000  -9.282344e-027
862.200000  -7.379632e-027
862.400000  -2.407114e-026
862.600000  -4.082126e-027
862.800000  -7.909781e-027
863.000000  -1.085935e-026
863.200000  -1.385001e-026
863.400000  -1.915905e-026
863.600000  -1.182676e-026
863.800000  -1.081877e-026
864.000000  3.753186e-027
864.200000  -3.191034e-027
864.400000  -7.946320e-027
864.600000  -1.151242e-027
864.800000  4.324176e-027
865.000000  6.555771e-027
865.200000  7.338302e-027
865.400000  4.187748e-027
865.600000  -8.507325e-028
865.800000  1.380232e-026
866.000000  1.283952e-026
866.200000  1.204109e-026
866.400000  1.311489e-026
866.600000  2.793206e-026
866.800000  -2.579152e-027
867.000000  1.879242e-026
867.200000  3.737104e-027
867.400000  -8.794419e-028
867.600000  -7.313526e-027
867.800000  1.834038e-026
868.000000  6.455129e-028
868.200000  6.006472e-027
868.400000  -1.654727e-026
868.600000  3.200112e-027
868.800000  4.187621e-027
869.000000  -7.503932e-027
869.200000  1.135710e-026
869.400000  -6.241721e-027
869.600000  -6.285908e-027
869.800000  5.432361e-027
870.000000  -2.828271e-027
870.200000  -1.100782e-026
870.400000  -8.110916e-027
870.600000  -4.042864e-027
870.800000  -5.878998e-027
871.000000  1.602862e-026
871.200000  3.137978e-026
871.400000  1.107409e-026
871.600000  2.308318e-026
871.800000  2.905484e-026
872.000000  5.601452e-026
872.200000  2.591069e-026
872.400000  4.340156e-026
872.600000  3.917535e-026
872.800000  8.428823e-027
873.000000  9.966119e-027
873.200000  5.165387e-026
873.400000  3.645941e-027
873.600000  4.839913e-026
873.800000  3.702686e-026
874.000000  1.182460e-026
874.200000  1.411340e-026
874.400000  3.107529e-026
874.600000  1.334215e-026
874.800000  6.030087e-027
875.000000  2.148483e-026
875.200000  2.027300e-026
875.400000  3.577264e-027
875.600000  2.394712e-026
875.800000  3.530985e-026
876.000000  9.442077e-029
876.200000  1.300000e-026
876.400000  6.288128e-026
876.600000  8.561787e-027
876.800000  5.255857e-026
877.000000  6.328703e-026
877.200000  5.751779e-026
877.400000  6.745094e-026
877.600000  6.118709e-026
877.800000  1.165848e-025
878.000000  5.730767e-026
878.200000  9.905349e-026
878.400000  1.302625e-025
878.600000  1.003836e-025
878.800000  1.020996e-025
879.000000  1.484502e-025
879.200000  1.374817e-025
879.400000  1.696857e-025
879.600000  1.500321e-025
879.800000  1.989982e-025
880.000000  2.381929e-025
880.200000  2.324939e-025
880.400000  2.621525e-025
880.600000  2.211926e-025
880.800000  2.278531e-025
881.000000  2.629035e-025
881.200000  2.487838e-025
881.400000  2.120040e-025
881.600000  2.155568e-025
881.800000  2.415391e-025
882.000000  1.538270e-025
882.200000  1.515411e-025
882.400000  1.801267e-025
882.600000  2.103167e-025
882.800000  2.259032e-025
883.000000  2.470161e-025
883.200000  1.947768e-025
883.400000  2.651361e-025
883.600000  2.410487e-025
883.800000  2.590579e-025
884.000000  3.101632e-025
884.200000  3.540347e-025
884.400000  2.336686e-025
884.600000  3.071248e-025
884.800000  2.612604e-025
885.000000  3.660796e-025
885.200000  3.545438e-025
885.400000  3.286392e-025
885.600000  3.545143e-025
885.800000  3.903243e-025
886.000000  4.337479e-025
886.200000  4.035033e-025
886.400000  4.307053e-025
886.600000  4.376734e-025
886.800000  4.934027e-025
887.000000  5.081814e-025
887.200000  5.370359e-025
887.400000  5.128788e-025
887.600000  5.223725e-025
887.800000  4.518766e-025
888.000000  6.430229e-025
888.200000  5.896864e-025
888.400000  5.835403e-025
888.600000  5.575375e-025
888.800000  6.177748e-025
889.000000  6.829147e-025
889.200000  6.171361e-025
889.400000  5.563920e-025
889.600000  6.354551e-025
889.800000  7.281773e-025
890.000000  7.931766e-025
890.200000  7.000507e-025
890.400000  8.379114e-025
890.600000  7.560407e-025
890.800000  8.200565e-025
891.000000  8.286591e-025
891.200000  1.064317e-024
891.400000  1.104653e-024
891.600000  1.015371e-024
891.800000  1.136897e-024
892.000000  1.245907e-024
892.200000  1.377190e-024
892.400000  1.294565e-024
892.600000  1.356496e-024
892.800000  1.492526e-024
893.000000  1.581380e-024
893.200000  1.437079e-024
893.400000  1.597218e-024
893.600000  1.702180e-024
893.800000  1.699435e-024
894.000000  1.527739e-024
894.200000  1.729855e-024
894.400000  1.852485e-024
894.600000  1.703227e-024
894.800000  1.837313e-024
895.000000  1.991735e-024
895.200000  2.107879e-024
895.400000  2.100044e-024
895.600000  2.045455e-024
895.800000  2.233328e-024
896.000000  2.229262e-024
896.200000  2.168674e-024
896.400000  2.366037e-024
896.600000  2.449390e-024
896.800000  2.386818e-024
897.000000  2.378517e-024
897.200000  2.717979e-024
897.400000  2.849109e-024
897.600000  2.933515e-024
897.800000  2.990561e-024
898.000000  3.287748e-024
898.200000  3.245425e-024
898.400000  3.120931e-024
898.600000  3.386346e-024
898.800000  3.564146e-024
899.000000  3.819426e-024
899.200000  3.808177e-024
899.400000  3.784698e-024
899.600000  4.292689e-024
899.800000  4.167995e-024
900.000000  4.478352e-024
900.200000  4.709383e-024
900.400000  4.996497e-024
900.600000  4.918605e-024
900.800000  5.259954e-024
901.000000  5.165924e-024
901.200000  5.356364e-024
901.400000  5.474304e-024
901.600000  5.959220e-024
901.800000  5.745837e-024
902.000000  6.004605e-024
902.200000  6.408633e-024
902.400000  6.727113e-024
902.600000  6.843322e-024
902.800000  7.270256e-024
903.000000  7.491556e-024
903.200000  7.818837e-024
903.400000  7.891108e-024
903.600000  8.120212e-024
903.800000  8.950895e-024
904.000000  8.995608e-024
904.200000  9.096345e-024
904.400000  9.219289e-024
904.600000  9.774211e-024
904.800000  1.027831e-023
905.000000  9.929884e-024
905.200000  1.106225e-023
905.400000  1.113458e-023
905.600000  1.126738e-023
905.800000  1.199144e-023
906.000000  1.216161e-023
906.200000  1.271630e-023
906.400000  1.316482e-023
906.600000  1.361371e-023
906.800000  1.362557e-023
907.000000  1.416695e-023
907.200000  1.408417e-023
907.400000  1.461658e-023
907.600000  1.481714e-023
907.800000  1.540785e-023
908.000000  1.636447e-023
908.200000  1.625002e-023
908.400000  1.716930e-023
908.600000  1.776308e-023
908.800000  1.830653e-023
909.000000  1.846958e-023
909.200000  1.942816e-023
909.400000  1.950756e-023
909.600000  2.053911e-023
909.800000  2.154078e-023
910.000000  2.128592e-023
910.200000  2.168472e-023
910.400000  2.303409e-023
910.600000  2.430639e-023
910.800000  2.428039e-023
911.000000  2.514830e-023
911.200000  2.684488e-023
911.400000  2.700611e-023
911.600000  2.805009e-023
911.800000  2.929816e-023
912.000000  2.884161e-023
912.200000  2.996702e-023
912.400000  3.180581e-023
912.600000  3.197995e-023
912.800000  3.198474e-023
913.000000  3.222373e-023
913.200000  3.521893e-023
913.400000  3.614286e-023
913.600000  3.635553e-023
913.800000  3.883859e-023
914.000000  3.956306e-023
914.200000  4.028877e-023
914.400000  4.090640e-023
914.600000  4.447747e-023
914.800000  4.570991e-023
915.000000  4.725903e-023
915.200000  4.943168e-023
915.400000  4.849071e-023
915.600000  4.995747e-023
915.800000  5.161244e-023
916.000000  5.414056e-023
916.200000  5.509969e-023
916.400000  5.614901e-023
916.600000  5.800854e-023
916.800000  5.919652e-023
917.000000  6.003657e-023
917.200000  6.293606e-023
917.400000  6.474615e-023
917.600000  6.599613e-023
917.800000  6.557755e-023
918.000000  6.983449e-023
918.200000  7.137210e-023
918.400000  7.388831e-023
918.600000  7.183125e-023
918.800000  7.568673e-023
919.000000  7.740814e-023
919.200000  7.814441e-023
919.400000  7.872038e-023
919.600000  8.415186e-023
919.800000  8.523434e-023
920.000000  8.792041e-023
920.200000  8.846526e-023
920.400000  8.970439e-023
920.600000  9.213314e-023
920.800000  9.477484e-023
921.000000  9.600812e-023
921.200000  1.028583e-022
921.400000  1.044618e-022
921.600000  1.053455e-022
921.800000  1.082376e-022
922.000000  1.124248e-022
922.200000  1.101409e-022
922.400000  1.117961e-022
922.600000  1.132911e-022
922.800000  1.180283e-022
923.000000  1.201520e-022
923.200000  1.185437e-022
923.400000  1.220639e-022
923.600000  1.262105e-022
923.800000  1.245297e-022
924.000000  1.315131e-022
924.200000  1.311076e-022
924.400000  1.415034e-022
924.600000  1.320993e-022
924.800000  1.390250e-022
925.000000  1.452073e-022
925.200000  1.423403e-022
925.400000  1.453609e-022
925.600000  1.447205e-022
925.800000  1.564908e-022
926.000000  1.538428e-022
926.200000  1.522971e-022
926.400000  1.599267e-022
926.600000  1.663040e-022
926.800000  1.657510e-022
927.000000  1.620875e-022
927.200000  1.659699e-022
927.400000  1.751432e-022
927.600000  1.756439e-022
927.800000  1.729310e-022
928.000000  1.763875e-022
928.200000  1.826447e-022
928.400000  1.871560e-022
928.600000  1.813111e-022
928.800000  1.902014e-022
929.000000  1.899185e-022
929.200000  1.857560e-022
929.400000  1.956521e-022
929.600000  1.957078e-022
929.800000  2.038030e-022
930.000000  2.024419e-022
930.200000  2.058463e-022
930.400000  2.105855e-022
930.600000  2.131174e-022
930.800000  2.089788e-022
931.000000  2.149057e-022
931.200000  2.227151e-022
931.400000  2.239133e-022
931.600000  2.151221e-022
931.800000  2.250165e-022
932.000000  2.224298e-022
932.200000  2.349849e-022
932.400000  2.309870e-022
932.600000  2.420890e-022
932.800000  2.419824e-022
933.000000  2.517497e-022
933.200000  2.440473e-022
933.400000  2.536649e-022
933.600000  2.613139e-022
933.800000  2.583697e-022
934.000000  2.667710e-022
934.200000  2.647844e-022
934.400000  2.787896e-022
934.600000  2.811424e-022
934.800000  2.767377e-022
935.000000  2.843573e-022
935.200000  2.882398e-022
935.400000  2.866343e-022
935.600000  2.897181e-022
935.800000  3.026863e-022
936.000000  3.156423e-022
936.200000  3.022077e-022
936.400000  3.054203e-022
936.600000  3.242263e-022
936.800000  3.236303e-022
937.000000  3.332779e-022
937.200000  3.467606e-022
937.400000  3.396878e-022
937.600000  3.436024e-022
937.800000  3.380369e-022
938.000000  3.556580e-022
938.200000  3.622551e-022
938.400000  3.673834e-022
938.600000  3.627955e-022
938.800000  3.720981e-022
939.000000  3.880861e-022
939.200000  3.788253e-022
939.400000  4.002868e-022
939.600000  4.016088e-022
939.800000  4.150360e-022
940.000000  4.023983e-022
940.200000  4.142501e-022
940.400000  4.284763e-022
940.600000  4.370985e-022
940.800000  4.295199e-022
941.000000  4.355682e-022
941.200000  4.540465e-022
941.400000  4.613559e-022
941.600000  4.604348e-022
941.800000  4.804458e-022
942.000000  4.901837e-022
942.200000  4.984387e-022
942.400000  4.929153e-022
942.600000  5.126511e-022
942.800000  5.164122e-022
943.000000  5.222686e-022
943.200000  5.458663e-022
943.400000  5.487964e-022
943.600000  5.637047e-022
943.800000  5.716692e-022
944.000000  5.705398e-022
944.200000  5.792762e-022
944.400000  6.008209e-022
944.600000  5.969680e-022
944.800000  6.283295e-022
945.000000  6.248611e-022
945.200000  6.226726e-022
945.400000  6.433453e-022
945.600000  6.582403e-022
945.800000  6.729899e-022
946.000000  6.689622e-022
946.200000  6.722180e-022
946.400000  6.975419e-022
946.600000  7.108611e-022
946.800000  7.084256e-022
947.000000  7.255415e-022
947.200000  7.484306e-022
947.400000  7.707974e-022
947.600000  7.710281e-022
947.800000  7.749519e-022
948.000000  7.697147e-022
948.200000  8.145490e-022
948.400000  8.265991e-022
948.600000  8.219453e-022
948.800000  8.471939e-022
949.000000  8.658661e-022
949.200000  8.685611e-022
949.400000  8.763433e-022
949.600000  9.064083e-022
949.800000  9.154522e-022
950.000000  9.033312e-022
950.200000  9.220289e-022
950.400000  9.443998e-022
950.600000  9.540367e-022
950.800000  9.758728e-022
951.000000  1.004548e-021
951.200000  1.003705e-021
951.400000  1.037410e-021
951.600000  1.042180e-021
951.800000  1.078432e-021
952.000000  1.053058e-021
952.200000  1.071164e-021
952.400000  1.113363e-021
952.600000  1.116633e-021
952.800000  1.125322e-021
953.000000  1.156314e-021
953.200000  1.159937e-021
953.400000  1.164546e-021
953.600000  1.188845e-021
953.800000  1.228879e-021
954.000000  1.240286e-021
954.200000  1.239650e-021
954.400000  1.237240e-021
954.600000  1.264425e-021
954.800000  1.304189e-021
955.000000  1.305807e-021
955.200000  1.316797e-021
955.400000  1.391297e-021
955.600000  1.376099e-021
955.800000  1.388665e-021
956.000000  1.406392e-021
956.200000  1.480753e-021
956.400000  1.449171e-021
956.600000  1.432672e-021
956.800000  1.461628e-021
957.000000  1.528606e-021
957.200000  1.478389e-021
957.400000  1.522403e-021
957.600000  1.553787e-021
957.800000  1.565247e-021
958.000000  1.580313e-021
958.200000  1.557410e-021
958.400000  1.598960e-021
958.600000  1.668461e-021
958.800000  1.620293e-021
959.000000  1.642533e-021
959.200000  1.684329e-021
959.400000  1.675920e-021
959.600000  1.698598e-021
959.800000  1.721006e-021
960.000000  1.748133e-021
960.200000  1.762899e-021
960.400000  1.734062e-021
960.600000  1.770686e-021
960.800000  1.826513e-021
961.000000  1.858639e-021
961.200000  1.826118e-021
961.400000  1.882641e-021
961.600000  1.880497e-021
961.800000  1.906792e-021
962.000000  1.894807e-021
962.200000  1.935594e-021
962.400000  1.990031e-021
962.600000  1.945478e-021
962.800000  2.041674e-021
963.000000  2.010098e-021
963.200000  2.056486e-021
963.400000  2.050759e-021
963.600000  2.069972e-021
963.800000  2.074888e-021
964.000000  2.104666e-021
964.200000  2.115524e-021
964.400000  2.183893e-021
964.600000  2.215216e-021
964.800000  2.254346e-021
965.000000  2.257715e-021
965.200000  2.280115e-021
965.400000  2.306202e-021
965.600000  2.357724e-021
965.800000  2.345588e-021
966.000000  2.398660e-021
966.200000  2.412534e-021
966.400000  2.458234e-021
966.600000  2.448885e-021
966.800000  2.499556e-021
967.000000  2.577115e-021
967.200000  2.601713e-021
967.400000  2.630678e-021
967.600000  2.700685e-021
967.800000  2.757501e-021
968.000000  2.793090e-021
968.200000  2.830561e-021
968.400000  2.932922e-021
968.600000  2.958048e-021
968.800000  3.121196e-021
969.000000  3.084377e-021
969.200000  3.210319e-021
969.400000  3.409634e-021
969.600000  3.446889e-021
969.800000  3.497659e-021
970.000000  3.780870e-021
970.200000  4.011264e-021
970.400000  4.183674e-021
970.600000  4.446555e-021
970.800000  4.723831e-021
971.000000  5.008274e-021
971.200000  5.369771e-021
971.400000  5.787926e-021
971.600000  6.286854e-021
971.800000  6.833062e-021
972.000000  7.478263e-021
972.200000  8.231044e-021
972.400000  9.053110e-021
972.600000  9.987301e-021
972.800000  1.103655e-020
973.000000  1.217605e-020
973.200000  1.337060e-020
973.400000  1.471034e-020
973.600000  1.606832e-020
973.800000  1.748122e-020
974.000000  1.887548e-020
974.200000  2.016553e-020
974.400000  2.111254e-020
974.600000  2.193996e-020
974.800000  2.268308e-020
975.000000  2.312592e-020
975.200000  2.339927e-020
975.400000  2.360060e-020
975.600000  2.350187e-020
975.800000  2.301497e-020
976.000000  2.250879e-020
976.200000  2.191789e-020
976.400000  2.113119e-020
976.600000  2.037892e-020
976.800000  1.962450e-020
977.000000  1.884547e-020
977.200000  1.799249e-020
977.400000  1.724046e-020
977.600000  1.643716e-020
977.800000  1.567111e-020
978.000000  1.494646e-020
978.200000  1.425602e-020
978.400000  1.360223e-020
978.600000  1.296822e-020
978.800000  1.239488e-020
979.000000  1.183346e-020
979.200000  1.125384e-020
979.400000  1.075823e-020
979.600000  1.026819e-020
979.800000  9.827768e-021
980.000000  9.375819e-021
980.200000  9.009891e-021
980.400000  8.604588e-021
980.600000  8.273574e-021
980.800000  7.908537e-021
981.000000  7.683966e-021
981.200000  7.390793e-021
981.400000  7.134807e-021
981.600000  6.922970e-021
981.800000  6.702441e-021
982.000000  6.483417e-021
982.200000  6.270931e-021
982.400000  6.101949e-021
982.600000  5.869019e-021
982.800000  5.801869e-021
983.000000  5.639295e-021
983.200000  5.533510e-021
983.400000  5.357294e-021
983.600000  5.289894e-021
983.800000  5.277848e-021
984.000000  5.175386e-021
984.200000  5.074945e-021
984.400000  5.032296e-021
984.600000  5.005556e-021
984.800000  4.927260e-021
985.000000  4.855960e-021
985.200000  4.819724e-021
985.400000  4.865471e-021
985.600000  4.737511e-021
985.800000  4.845706e-021
986.000000  4.831403e-021
986.200000  4.777589e-021
986.400000  4.847417e-021
986.600000  4.709829e-021
986.800000  4.754849e-021
987.000000  4.789504e-021
987.200000  4.683949e-021
987.400000  4.704482e-021
987.600000  4.812079e-021
987.800000  4.640715e-021
988.000000  4.706817e-021
988.200000  4.686635e-021
988.400000  4.794775e-021
988.600000  4.668860e-021
988.800000  4.604562e-021
989.000000  4.737308e-021
989.200000  4.767284e-021
989.400000  4.827118e-021
989.600000  4.795481e-021
989.800000  4.924859e-021
990.000000  4.933323e-021
990.200000  4.917260e-021
990.400000  4.948891e-021
990.600000  5.069083e-021
990.800000  5.231660e-021
991.000000  5.137013e-021
991.200000  5.192833e-021
991.400000  5.349368e-021
991.600000  5.305742e-021
991.800000  5.371201e-021
992.000000  5.410149e-021
992.200000  5.553866e-021
992.400000  5.511926e-021
992.600000  5.624595e-021
992.800000  5.578294e-021
993.000000  5.715055e-021
993.200000  5.779823e-021
993.400000  5.745813e-021
993.600000  5.805803e-021
993.800000  5.848069e-021
994.000000  5.824586e-021
994.200000  5.817089e-021
994.400000  5.809609e-021
994.600000  5.871856e-021
994.800000  5.856135e-021
995.000000  5.747125e-021
995.200000  5.881551e-021
995.400000  5.830127e-021
995.600000  5.827372e-021
995.800000  5.826017e-021
996.000000  5.911540e-021
996.200000  5.886465e-021
996.400000  5.823921e-021
996.600000  5.944159e-021
996.800000  5.913307e-021
997.000000  5.999360e-021
997.200000  5.790786e-021
997.400000  5.912200e-021
997.600000  5.968361e-021
997.800000  6.024557e-021
998.000000  5.995785e-021
998.200000  6.080917e-021
998.400000  6.038469e-021
998.600000  6.175540e-021
998.800000  6.021783e-021
999.000000  6.031222e-021
999.200000  6.064525e-021
999.400000  6.006781e-021
999.600000  5.958469e-021
999.800000  6.003589e-021
1000.000000  5.972603e-021
1000.200000  6.125340e-021
1000.400000  5.997703e-021
1000.600000  6.009939e-021
1000.800000  6.113358e-021
1001.000000  5.976629e-021
1001.200000  5.965875e-021
1001.400000  6.049812e-021
1001.600000  5.847920e-021
1001.800000  5.886852e-021
1002.000000  5.886281e-021
1002.200000  5.924644e-021
1002.400000  5.861674e-021
1002.600000  5.808056e-021
1002.800000  5.750576e-021
1003.000000  5.938559e-021
1003.200000  5.807546e-021
1003.400000  5.853162e-021
1003.600000  5.766126e-021
1003.800000  5.912373e-021
1004.000000  5.930882e-021
1004.200000  5.648074e-021
1004.400000  5.749553e-021
1004.600000  5.739117e-021
1004.800000  5.553996e-021
1005.000000  5.497055e-021
1005.200000  5.510660e-021
1005.400000  5.522744e-021
1005.600000  5.421688e-021
1005.800000  5.477806e-021
1006.000000  5.451260e-021
1006.200000  5.383390e-021
1006.400000  5.380319e-021
1006.600000  5.400240e-021
1006.800000  5.339030e-021
1007.000000  5.324145e-021
1007.200000  5.346355e-021
1007.400000  5.342187e-021
1007.600000  5.292673e-021
1007.800000  5.296438e-021
1008.000000  5.311054e-021
1008.200000  5.290557e-021
1008.400000  5.243576e-021
1008.600000  5.236744e-021
1008.800000  5.227029e-021
1009.000000  5.186007e-021
1009.200000  5.166558e-021
1009.400000  5.162580e-021
1009.600000  5.133261e-021
1009.800000  5.067546e-021
1010.000000  5.046084e-021
1010.200000  5.039681e-021
1010.400000  4.990696e-021
1010.600000  4.934054e-021
1010.800000  4.918180e-021
1011.000000  4.904913e-021
1011.200000  4.858868e-021
1011.400000  4.847289e-021
1011.600000  4.861936e-021
1011.800000  4.847734e-021
1012.000000  4.798096e-021
1012.200000  4.811983e-021
1012.400000  4.844307e-021
1012.600000  4.833195e-021
1012.800000  4.808900e-021
1013.000000  4.823308e-021
1013.200000  4.831197e-021
1013.400000  4.803982e-021
1013.600000  4.814912e-021
1013.800000  4.832664e-021
1014.000000  4.845215e-021
1014.200000  4.815172e-021
1014.400000  4.807090e-021
1014.600000  4.825017e-021
1014.800000  4.804520e-021
1015.000000  4.786141e-021
1015.200000  4.797636e-021
1015.400000  4.798303e-021
1015.600000  4.773965e-021
1015.800000  4.769866e-021
1016.000000  4.786773e-021
1016.200000  4.775001e-021
1016.400000  4.742003e-021
1016.600000  4.752950e-021
1016.800000  4.756131e-021
1017.000000  4.758151e-021
1017.200000  4.753607e-021
1017.400000  4.774568e-021
1017.600000  4.773944e-021
1017.800000  4.749043e-021
1018.000000  4.759291e-021
1018.200000  4.770866e-021
1018.400000  4.763893e-021
1018.600000  4.728936e-021
1018.800000  4.737503e-021
1019.000000  4.744493e-021
1019.200000  4.683294e-021
1019.400000  4.663994e-021
1019.600000  4.671289e-021
1019.800000  4.673592e-021
1020.000000  4.624311e-021
1020.200000  4.617184e-021
1020.400000  4.622729e-021
1020.600000  4.599997e-021
1020.800000  4.555049e-021
1021.000000  4.564461e-021
1021.200000  4.565732e-021
1021.400000  4.526311e-021
1021.600000  4.511636e-021
1021.800000  4.518817e-021
1022.000000  4.497868e-021
1022.200000  4.444465e-021
1022.400000  4.437934e-021
1022.600000  4.445391e-021
1022.800000  4.411978e-021
1023.000000  4.367635e-021
1023.200000  4.359808e-021
1023.400000  4.375811e-021
1023.600000  4.328587e-021
1023.800000  4.299820e-021
1024.000000  4.296024e-021
1024.200000  4.279414e-021
1024.400000  4.211339e-021
1024.600000  4.196516e-021
1024.800000  4.189886e-021
1025.000000  4.166979e-021
1025.200000  4.122141e-021
1025.400000  4.116743e-021
1025.600000  4.103883e-021
1025.800000  4.067114e-021
1026.000000  4.031852e-021
1026.200000  4.020794e-021
1026.400000  4.012947e-021
1026.600000  3.955825e-021
1026.800000  3.945173e-021
1027.000000  3.932591e-021
1027.200000  3.902666e-021
1027.400000  3.867038e-021
1027.600000  3.861169e-021
1027.800000  3.832299e-021
1028.000000  3.796506e-021
1028.200000  3.779938e-021
1028.400000  3.784517e-021
1028.600000  3.757367e-021
1028.800000  3.727813e-021
1029.000000  3.727878e-021
1029.200000  3.726024e-021
1029.400000  3.703678e-021
1029.600000  3.668476e-021
1029.800000  3.670259e-021
1030.000000  3.660459e-021
1030.200000  3.634624e-021
1030.400000  3.614223e-021
1030.600000  3.604754e-021
1030.800000  3.589079e-021
1031.000000  3.560150e-021
1031.200000  3.535600e-021
1031.400000  3.524170e-021
1031.600000  3.487366e-021
1031.800000  3.450096e-021
1032.000000  3.455860e-021
1032.200000  3.424779e-021
1032.400000  3.378240e-021
1032.600000  3.363794e-021
1032.800000  3.362837e-021
1033.000000  3.324855e-021
1033.200000  3.289262e-021
1033.400000  3.285793e-021
1033.600000  3.280193e-021
1033.800000  3.246755e-021
1034.000000  3.240877e-021
1034.200000  3.241799e-021
1034.400000  3.228230e-021
1034.600000  3.186945e-021
1034.800000  3.183994e-021
1035.000000  3.176946e-021
1035.200000  3.161056e-021
1035.400000  3.123105e-021
1035.600000  3.136839e-021
1035.800000  3.143110e-021
1036.000000  3.117459e-021
1036.200000  3.105445e-021
1036.400000  3.114739e-021
1036.600000  3.099216e-021
1036.800000  3.064193e-021
1037.000000  3.051822e-021
1037.200000  3.034535e-021
1037.400000  3.011907e-021
1037.600000  2.997411e-021
1037.800000  2.988917e-021
1038.000000  2.991466e-021
1038.200000  2.978447e-021
1038.400000  2.956358e-021
1038.600000  2.957113e-021
1038.800000  2.952970e-021
1039.000000  2.927204e-021
1039.200000  2.923960e-021
1039.400000  2.941137e-021
1039.600000  2.915944e-021
1039.800000  2.894966e-021
1040.000000  2.898685e-021
1040.200000  2.898759e-021
1040.400000  2.857992e-021
1040.600000  2.840053e-021
1040.800000  2.851230e-021
1041.000000  2.843792e-021
1041.200000  2.824779e-021
1041.400000  2.827882e-021
1041.600000  2.812563e-021
1041.800000  2.774094e-021
1042.000000  2.761179e-021
1042.200000  2.754019e-021
1042.400000  2.752356e-021
1042.600000  2.739873e-021
1042.800000  2.729057e-021
1043.000000  2.732007e-021
1043.200000  2.736799e-021
1043.400000  2.695174e-021
1043.600000  2.687556e-021
1043.800000  2.692851e-021
1044.000000  2.683174e-021
1044.200000  2.658111e-021
1044.400000  2.665857e-021
1044.600000  2.659294e-021
1044.800000  2.631374e-021
1045.000000  2.624938e-021
1045.200000  2.601240e-021
1045.400000  2.584426e-021
1045.600000  2.560768e-021
1045.800000  2.561910e-021
1046.000000  2.551614e-021
1046.200000  2.532366e-021
1046.400000  2.526242e-021
1046.600000  2.524388e-021
1046.800000  2.515015e-021
1047.000000  2.525764e-021
1047.200000  2.510436e-021
1047.400000  2.494107e-021
1047.600000  2.484724e-021
1047.800000  2.480631e-021
1048.000000  2.466109e-021
1048.200000  2.446001e-021
1048.400000  2.428661e-021
1048.600000  2.406319e-021
1048.800000  2.388175e-021
1049.000000  2.358386e-021
1049.200000  2.340546e-021
1049.400000  2.297887e-021
1049.600000  2.254586e-021
1049.800000  2.235833e-021
1050.000000  2.225282e-021
1050.200000  2.177435e-021
1050.400000  2.145164e-021
1050.600000  2.123693e-021
1050.800000  2.125810e-021
1051.000000  2.098822e-021
1051.200000  2.072080e-021
1051.400000  2.077653e-021
1051.600000  2.087822e-021
1051.800000  2.069011e-021
1052.000000  2.044268e-021
1052.200000  2.047797e-021
1052.400000  2.034530e-021
1052.600000  2.009842e-021
1052.800000  1.991009e-021
1053.000000  1.988276e-021
1053.200000  1.965630e-021
1053.400000  1.938052e-021
1053.600000  1.923475e-021
1053.800000  1.914028e-021
1054.000000  1.890686e-021
1054.200000  1.867996e-021
1054.400000  1.866100e-021
1054.600000  1.842947e-021
1054.800000  1.815003e-021
1055.000000  1.810442e-021
1055.200000  1.810108e-021
1055.400000  1.792466e-021
1055.600000  1.780808e-021
1055.800000  1.778198e-021
1056.000000  1.767044e-021
1056.200000  1.742434e-021
1056.400000  1.725616e-021
1056.600000  1.730225e-021
1056.800000  1.715197e-021
1057.000000  1.690399e-021
1057.200000  1.672949e-021
1057.400000  1.670999e-021
1057.600000  1.658588e-021
1057.800000  1.641225e-021
1058.000000  1.637409e-021
1058.200000  1.622284e-021
1058.400000  1.605489e-021
1058.600000  1.582317e-021
1058.800000  1.580131e-021
1059.000000  1.561353e-021
1059.200000  1.541670e-021
1059.400000  1.520733e-021
1059.600000  1.496091e-021
1059.800000  1.484325e-021
1060.000000  1.473836e-021
1060.200000  1.455697e-021
1060.400000  1.438861e-021
1060.600000  1.424858e-021
1060.800000  1.414584e-021
1061.000000  1.395158e-021
1061.200000  1.378677e-021
1061.400000  1.367303e-021
1061.600000  1.348609e-021
1061.800000  1.327370e-021
1062.000000  1.319161e-021
1062.200000  1.308489e-021
1062.400000  1.283451e-021
1062.600000  1.274143e-021
1062.800000  1.267506e-021
1063.000000  1.257805e-021
1063.200000  1.233452e-021
1063.400000  1.227857e-021
1063.600000  1.221533e-021
1063.800000  1.212686e-021
1064.000000  1.197461e-021
1064.200000  1.196885e-021
1064.400000  1.191856e-021
1064.600000  1.174789e-021
1064.800000  1.160546e-021
1065.000000  1.157925e-021
1065.200000  1.145523e-021
1065.400000  1.132104e-021
1065.600000  1.123519e-021
1065.800000  1.109428e-021
1066.000000  1.093454e-021
1066.200000  1.083574e-021
1066.400000  1.081069e-021
1066.600000  1.059216e-021
1066.800000  1.042241e-021
1067.000000  1.034654e-021
1067.200000  1.025160e-021
1067.400000  1.009643e-021
1067.600000  9.897534e-022
1067.800000  9.843557e-022
1068.000000  9.799208e-022
1068.200000  9.553216e-022
1068.400000  9.434150e-022
1068.600000  9.381561e-022
1068.800000  9.280391e-022
1069.000000  9.078542e-022
1069.200000  9.006060e-022
1069.400000  8.965776e-022
1069.600000  8.874814e-022
1069.800000  8.650889e-022
1070.000000  8.666796e-022
1070.200000  8.643694e-022
1070.400000  8.494375e-022
1070.600000  8.337882e-022
1070.800000  8.355715e-022
1071.000000  8.227434e-022
1071.200000  8.071000e-022
1071.400000  7.985690e-022
1071.600000  7.973508e-022
1071.800000  7.854465e-022
1072.000000  7.614612e-022
1072.200000  7.602438e-022
1072.400000  7.508106e-022
1072.600000  7.316965e-022
1072.800000  7.187948e-022
1073.000000  7.126413e-022
1073.200000  6.999379e-022
1073.400000  6.864902e-022
1073.600000  6.794273e-022
1073.800000  6.735442e-022
1074.000000  6.587918e-022
1074.200000  6.463098e-022
1074.400000  6.382626e-022
1074.600000  6.352201e-022
1074.800000  6.206669e-022
1075.000000  6.162300e-022
1075.200000  6.144253e-022
1075.400000  6.099641e-022
1075.600000  6.049888e-022
1075.800000  5.913012e-022
1076.000000  5.808455e-022
1076.200000  5.789450e-022
1076.400000  5.667285e-022
1076.600000  5.680567e-022
1076.800000  5.619638e-022
1077.000000  5.560675e-022
1077.200000  5.491625e-022
1077.400000  5.473499e-022
1077.600000  5.410488e-022
1077.800000  5.366844e-022
1078.000000  5.270296e-022
1078.200000  5.281766e-022
1078.400000  5.224367e-022
1078.600000  5.124690e-022
1078.800000  5.095637e-022
1079.000000  5.042785e-022
1079.200000  4.951605e-022
1079.400000  4.942248e-022
1079.600000  4.899182e-022
1079.800000  4.847824e-022
1080.000000  4.757174e-022
1080.200000  4.744695e-022
1080.400000  4.686849e-022
1080.600000  4.636454e-022
1080.800000  4.519652e-022
1081.000000  4.542854e-022
1081.200000  4.466760e-022
1081.400000  4.374686e-022
1081.600000  4.370949e-022
1081.800000  4.291991e-022
1082.000000  4.279540e-022
1082.200000  4.180843e-022
1082.400000  4.138206e-022
1082.600000  4.096464e-022
1082.800000  4.039505e-022
1083.000000  3.974177e-022
1083.200000  3.944112e-022
1083.400000  3.968893e-022
1083.600000  3.852813e-022
1083.800000  3.794686e-022
1084.000000  3.820561e-022
1084.200000  3.760486e-022
1084.400000  3.679777e-022
1084.600000  3.670394e-022
1084.800000  3.647048e-022
1085.000000  3.554031e-022
1085.200000  3.501894e-022
1085.400000  3.500448e-022
1085.600000  3.476850e-022
1085.800000  3.416839e-022
1086.000000  3.350388e-022
1086.200000  3.228894e-022
1086.400000  3.221801e-022
1086.600000  3.131032e-022
1086.800000  3.108615e-022
1087.000000  3.159243e-022
1087.200000  3.116363e-022
1087.400000  3.019149e-022
1087.600000  3.045588e-022
1087.800000  3.019129e-022
1088.000000  2.965924e-022
1088.200000  2.907953e-022
1088.400000  2.852105e-022
1088.600000  2.897515e-022
1088.800000  2.772197e-022
1089.000000  2.742253e-022
1089.200000  2.752997e-022
1089.400000  2.716395e-022
1089.600000  2.671231e-022
1089.800000  2.623701e-022
1090.000000  2.624999e-022
1090.200000  2.573009e-022
1090.400000  2.516978e-022
1090.600000  2.498041e-022
1090.800000  2.508072e-022
1091.000000  2.451747e-022
1091.200000  2.412568e-022
1091.400000  2.391419e-022
1091.600000  2.354414e-022
1091.800000  2.307426e-022
1092.000000  2.364350e-022
1092.200000  2.320262e-022
1092.400000  2.292615e-022
1092.600000  2.245440e-022
1092.800000  2.245498e-022
1093.000000  2.235181e-022
1093.200000  2.181894e-022
1093.400000  2.153278e-022
1093.600000  2.215988e-022
1093.800000  2.129909e-022
1094.000000  2.066179e-022
1094.200000  2.098568e-022
1094.400000  2.068342e-022
1094.600000  2.061783e-022
1094.800000  2.047175e-022
1095.000000  2.014650e-022
1095.200000  1.983049e-022
1095.400000  1.946910e-022
1095.600000  1.896840e-022
1095.800000  1.889877e-022
1096.000000  1.862691e-022
1096.200000  1.836520e-022
1096.400000  1.813675e-022
1096.600000  1.795965e-022
1096.800000  1.689792e-022
1097.000000  1.693130e-022
1097.200000  1.672241e-022
1097.400000  1.667918e-022
1097.600000  1.592798e-022
1097.800000  1.566616e-022
1098.000000  1.562140e-022
1098.200000  1.515685e-022
1098.400000  1.499533e-022
1098.600000  1.508224e-022
1098.800000  1.474875e-022
1099.000000  1.406524e-022
1099.200000  1.361587e-022
1099.400000  1.407931e-022
1099.600000  1.406485e-022
1099.800000  1.324973e-022
1100.000000  1.308876e-022
