800.000000  5.563796e-023
800.200000  2.728211e-023
800.400000  4.295049e-023
800.600000  3.664927e-023
800.800000  7.552854e-023
801.000000  3.308689e-023
801.200000  5.135663e-023
801.400000  2.091922e-023
801.600000  3.685921e-023
801.800000  2.344819e-023
802.000000  4.343766e-023
802.200000  5.439724e-023
802.400000  4.977037e-023
802.600000  4.180399e-023
802.800000  3.065377e-023
803.000000  3.941977e-023
803.200000  5.563107e-023
803.400000  3.601073e-023
803.600000  8.013038e-023
803.800000  4.964529e-023
804.000000  5.740114e-023
804.200000  4.672506e-023
804.400000  8.877155e-023
804.600000  4.022415e-023
804.800000  8.766145e-023
805.000000  8.230118e-023
805.200000  6.935469e-023
805.400000  8.624488e-023
805.600000  4.384037e-023
805.800000  3.982830e-023
806.000000  1.802838e-023
806.200000  5.029915e-023
806.400000  2.098095e-023
806.600000  7.352613e-023
806.800000  1.274580e-023
807.000000  1.629405e-023
807.200000  3.255154e-023
807.400000  7.031791e-025
807.600000  7.254585e-024
807.800000  -9.083017e-024
808.000000  -2.517460e-024
808.200000  4.838687e-023
808.400000  -2.509660e-024
808.600000  1.036164e-023
808.800000  6.648933e-023
809.000000  5.973780e-023
809.200000  4.861687e-023
809.400000  5.092218e-023
809.600000  4.878867e-023
809.800000  4.042052e-023
810.000000  -2.786766e-023
810.200000  3.865420e-023
810.400000  4.700288e-023
810.600000  7.107441e-023
810.800000  2.429218e-023
811.000000  3.179894e-024
811.200000  2.455037e-023
811.400000  1.070282e-023
811.600000  -1.704830e-023
811.800000  2.577534e-023
812.000000  3.243075e-023
812.200000  1.098784e-023
812.400000  -1.133051e-024
812.600000  6.538936e-023
812.800000  3.859867e-023
813.000000  7.226150e-024
813.200000  2.017347e-023
813.400000  8.309365e-024
813.600000  4.555035e-023
813.800000  -2.883193e-023
814.000000  2.692267e-023
814.200000  -1.262508e-023
814.400000  1.792879e-023
814.600000  1.355253e-023
814.800000  -2.168761e-023
815.000000  1.911404e-023
815.200000  1.123032e-023
815.400000  2.655766e-024
815.600000  4.712138e-024
815.800000  4.662611e-023
816.000000  2.995470e-023
816.200000  4.646377e-024
816.400000  3.281492e-023
816.600000  -1.289471e-024
816.800000  -9.854308e-024
817.000000  4.175705e-023
817.200000  5.941480e-024
817.400000  2.548031e-024
817.600000  -3.184995e-023
817.800000  -1.728281e-023
818.000000  -1.473018e-023
818.200000  -3.097784e-023
818.400000  -1.898349e-023
818.600000  2.219908e-024
818.800000  -2.521091e-023
819.000000  6.633825e-025
819.200000  -1.745291e-023
819.400000  -4.707546e-023
819.600000  -1.128178e-023
819.800000  -1.426966e-023
820.000000  -2.794263e-025
820.200000  -1.003723e-023
820.400000  1.633316e-023
820.600000  4.220508e-023
820.800000  4.228467e-023
821.000000  -5.757696e-023
821.200000  -2.002737e-023
821.400000  9.064023e-026
821.600000  -3.130438e-023
821.800000  -1.904061e-023
822.000000  2.164898e-023
822.200000  -4.276046e-024
822.400000  3.744615e-023
822.600000  3.320709e-023
822.800000  6.069504e-023
823.000000  1.788113e-023
823.200000  -5.255102e-023
823.400000  4.250925e-024
823.600000  3.266579e-023
823.800000  3.617163e-023
824.000000  -2.922462e-024
824.200000  3.638393e-023
824.400000  4.679548e-024
824.600000  2.388233e-023
824.800000  -1.118885e-023
825.000000  6.745471e-024
825.200000  2.574289e-023
825.400000  -6.130139e-023
825.600000  -1.987180e-023
825.800000  -1.020672e-023
826.000000  -4.468043e-024
826.200000  1.150859e-023
826.400000  5.772704e-024
826.600000  9.982265e-024
826.800000  3.273922e-023
827.000000  -1.041988e-023
827.200000  2.314313e-023
827.400000  1.653147e-023
827.600000  -2.365501e-024
827.800000  -5.563463e-024
828.000000  1.740610e-023
828.200000  1.622305e-023
828.400000  -1.707118e-024
828.600000  -3.420976e-023
828.800000  4.381127e-023
829.000000  -1.758013e-023
829.200000  -7.927597e-024
829.400000  2.524425e-023
829.600000  1.824071e-023
829.800000  8.830872e-024
830.000000  7.362992e-024
830.200000  -2.468230e-023
830.400000  1.996666e-023
830.600000  1.202856e-023
830.800000  -2.294377e-024
831.000000  -2.677172e-023
831.200000  -5.259968e-023
831.400000  -2.904751e-023
831.600000  -1.156019e-023
831.800000  -1.227442e-023
832.000000  -1.533172e-023
832.200000  1.707831e-023
832.400000  -1.641834e-024
832.600000  -2.323054e-023
832.800000  1.991761e-023
833.000000  -1.334329e-024
833.200000  3.537002e-023
833.400000  -1.332332e-023
833.600000  6.758013e-024
833.800000  4.691508e-024
834.000000  1.033627e-023
834.200000  -5.156757e-024
834.400000  2.828007e-024
834.600000  -3.250536e-023
834.800000  -3.649786e-023
835.000000  -9.696792e-024
835.200000  1.075759e-023
835.400000  -2.154700e-023
835.600000  9.367299e-024
835.800000  3.090920e-023
836.000000  1.812883e-023
836.200000  4.378258e-024
836.400000  1.678547e-024
836.600000  -8.196926e-024
836.800000  1.195826e-023
837.000000  -1.908264e-023
837.200000  8.068094e-024
837.400000  2.674241e-023
837.600000  -2.431534e-023
837.800000  -2.697463e-023
838.000000  -3.065772e-023
838.200000  -2.524153e-024
838.400000  -2.004151e-023
838.600000  -3.039567e-023
838.800000  -4.713221e-023
839.000000  5.132887e-024
839.200000  -6.267592e-023
839.400000  -4.934565e-023
839.600000  -3.608062e-023
839.800000  -3.153458e-023
840.000000  -2.178782e-023
840.200000  5.955935e-024
840.400000  -2.390136e-023
840.600000  -1.350884e-023
840.800000  -6.912665e-024
841.000000  -5.242339e-023
841.200000  3.969877e-024
841.400000  -1.795489e-023
841.600000  -2.908355e-023
841.800000  3.343913e-023
842.000000  -3.518150e-023
842.200000  -2.346789e-024
842.400000  -1.022451e-023
842.600000  8.142340e-024
842.800000  1.074343e-023
843.000000  8.074573e-024
843.200000  3.023354e-023
843.400000  2.804674e-023
843.600000  2.163828e-023
843.800000  -4.197442e-023
844.000000  -1.465312e-023
844.200000  1.236177e-023
844.400000  -3.072734e-023
844.600000  -3.018756e-023
844.800000  -6.156842e-024
845.000000  -2.089235e-023
845.200000  -3.427070e-023
845.400000  -2.237931e-024
845.600000  2.989057e-023
845.800000  -3.121663e-023
846.000000  -6.791970e-024
846.200000  -8.356750e-024
846.400000  -2.001079e-023
846.600000  2.930130e-025
846.800000  -2.612011e-024
847.000000  2.299882e-024
847.200000  1.107743e-023
847.400000  2.066725e-023
847.600000  3.455305e-023
847.800000  1.330392e-023
848.000000  3.974769e-024
848.200000  -1.179866e-023
848.400000  7.802661e-024
848.600000  -1.374869e-023
848.800000  -1.637102e-026
849.000000  -3.321658e-023
849.200000  -4.493891e-024
849.400000  5.736901e-024
849.600000  -2.342535e-023
849.800000  1.565457e-024
850.000000  -3.836923e-023
850.200000  -2.538563e-023
850.400000  -9.531582e-024
850.600000  -3.069430e-023
850.800000  -4.098490e-023
851.000000  -3.585878e-023
851.200000  -1.790847e-023
851.400000  -2.947082e-023
851.600000  -3.676588e-023
851.800000  -7.988965e-024
852.000000  -1.388244e-023
852.200000  -1.902111e-023
852.400000  -5.701906e-025
852.600000  -1.482820e-023
852.800000  -1.600205e-023
853.000000  -1.988823e-023
853.200000  -5.557178e-023
853.400000  -4.369673e-024
853.600000  -1.513154e-023
853.800000  -2.776199e-023
854.000000  -2.127872e-023
854.200000  2.096908e-023
854.400000  -5.741612e-024
854.600000  -4.524615e-023
854.800000  -2.051823e-024
855.000000  -4.666294e-024
855.200000  -5.006710e-024
855.400000  -5.485616e-023
855.600000  1.336788e-023
855.800000  -2.042168e-023
856.000000  -1.782208e-023
856.200000  -2.072281e-023
856.400000  6.377262e-024
856.600000  -8.391172e-024
856.800000  -2.751771e-023
857.000000  -8.738404e-024
857.200000  -2.532538e-023
857.400000  6.761891e-024
857.600000  -2.323359e-023
857.800000  8.636482e-024
858.000000  -2.303190e-023
858.200000  -1.954762e-023
858.400000  -5.475160e-023
858.600000  -3.263469e-023
858.800000  -3.184769e-023
859.000000  -4.414054e-023
859.200000  -3.769069e-023
859.400000  2.722894e-024
859.600000  -2.508721e-023
859.800000  -1.135056e-023
860.000000  3.028087e-024
860.200000  2.724209e-024
860.400000  5.541145e-024
860.600000  -2.103787e-023
860.800000  1.960044e-023
861.000000  -8.108653e-024
861.200000  1.179770e-023
861.400000  5.317007e-025
861.600000  -1.993594e-023
861.800000  -9.774839e-024
862.000000  -2.413719e-023
862.200000  -2.284311e-023
862.400000  -3.926052e-023
862.600000  -1.056488e-023
862.800000  -1.388853e-023
863.000000  -3.057547e-023
863.200000  -3.671704e-023
863.400000  -4.981975e-023
863.600000  -1.526971e-023
863.800000  -2.237980e-023
864.000000  1.217838e-023
864.200000  -3.385344e-025
864.400000  1.494310e-023
864.600000  1.510385e-023
864.800000  -1.027756e-023
865.000000  2.028722e-023
865.200000  -1.922743e-024
865.400000  -2.476511e-025
865.600000  1.505579e-023
865.800000  2.984143e-023
866.000000  3.833561e-023
866.200000  2.866979e-023
866.400000  3.215083e-023
866.600000  3.015327e-023
866.800000  1.413327e-023
867.000000  2.793475e-023
867.200000  7.222787e-024
867.400000  2.271742e-023
867.600000  -1.162898e-023
867.800000  1.550965e-023
868.000000  -9.361216e-024
868.200000  2.299050e-023
868.400000  -4.130741e-023
868.600000  -5.321795e-024
868.800000  2.522005e-024
869.000000  -1.835761e-023
869.200000  3.430883e-024
869.400000  -1.328165e-023
869.600000  1.614345e-023
869.800000  -1.682031e-023
870.000000  -5.756927e-024
870.200000  1.356014e-023
870.400000  -1.132839e-024
870.600000  4.278390e-025
870.800000  1.268574e-024
871.000000  3.292717e-023
871.200000  4.448741e-023
871.400000  2.105974e-023
871.600000  3.543761e-023
871.800000  5.088077e-023
872.000000  7.246898e-023
872.200000  1.417890e-023
872.400000  4.694886e-023
872.600000  4.821644e-023
872.800000  1.911497e-024
873.000000  3.536127e-024
873.200000  3.377054e-023
873.400000  1.346259e-023
873.600000  2.177907e-023
873.800000  4.860372e-023
874.000000  3.074622e-023
874.200000  2.290718e-023
874.400000  2.564970e-023
874.600000  1.601129e-023
874.800000  2.895380e-023
875.000000  4.639389e-024
875.200000  4.362316e-024
875.400000  9.819732e-024
875.600000  3.436006e-023
875.800000  1.468494e-023
876.000000  1.737576e-023
876.200000  3.792397e-023
876.400000  5.187583e-023
876.600000  2.334696e-023
876.800000  7.085427e-023
877.000000  4.236224e-023
877.200000  3.918092e-023
877.400000  5.405958e-023
877.600000  6.386438e-023
877.800000  7.449184e-023
878.000000  5.113518e-023
878.200000  8.882178e-023
878.400000  7.489333e-023
878.600000  9.107057e-023
878.800000  8.180917e-023
879.000000  1.065947e-022
879.200000  1.130603e-022
879.400000  1.190610e-022
879.600000  9.978868e-023
879.800000  1.357413e-022
880.000000  1.503466e-022
880.200000  1.511468e-022
880.400000  1.678557e-022
880.600000  1.306098e-022
880.800000  1.239627e-022
881.000000  1.468024e-022
881.200000  1.441544e-022
881.400000  1.253238e-022
881.600000  1.071246e-022
881.800000  1.362752e-022
882.000000  7.183807e-023
882.200000  1.001016e-022
882.400000  1.378851e-022
882.600000  1.080388e-022
882.800000  1.394105e-022
883.000000  1.423553e-022
883.200000  1.105881e-022
883.400000  1.339525e-022
883.600000  1.198064e-022
883.800000  9.428495e-023
884.000000  1.305018e-022
884.200000  1.465617e-022
884.400000  1.067443e-022
884.600000  1.345326e-022
884.800000  1.410316e-022
885.000000  1.613763e-022
885.200000  1.477826e-022
885.400000  1.514267e-022
885.600000  1.883756e-022
885.800000  1.510144e-022
886.000000  1.485763e-022
886.200000  1.543985e-022
886.400000  1.938840e-022
886.600000  1.776386e-022
886.800000  1.729790e-022
887.000000  1.901964e-022
887.200000  1.930397e-022
887.400000  1.838933e-022
887.600000  1.931500e-022
887.800000  2.002273e-022
888.000000  2.377953e-022
888.200000  1.806928e-022
888.400000  1.965103e-022
888.600000  1.981615e-022
888.800000  2.177796e-022
889.000000  2.425936e-022
889.200000  1.864623e-022
889.400000  2.046584e-022
889.600000  2.024687e-022
889.800000  2.139966e-022
890.000000  2.397628e-022
890.200000  2.284048e-022
890.400000  2.498268e-022
890.600000  1.952769e-022
890.800000  2.471350e-022
891.000000  2.261068e-022
891.200000  2.799134e-022
891.400000  2.598299e-022
891.600000  2.956262e-022
891.800000  2.994253e-022
892.000000  3.149875e-022
892.200000  3.351970e-022
892.400000  3.184355e-022
892.600000  3.349551e-022
892.800000  3.438115e-022
893.000000  3.767703e-022
893.200000  3.741169e-022
893.400000  3.737577e-022
893.600000  3.717703e-022
893.800000  3.971344e-022
894.000000  3.717986e-022
894.200000  3.716885e-022
894.400000  3.812699e-022
894.600000  3.735048e-022
894.800000  3.865889e-022
895.000000  3.956549e-022
895.200000  4.162555e-022
895.400000  4.045953e-022
895.600000  3.996515e-022
895.800000  4.331129e-022
896.000000  4.475805e-022
896.200000  4.001838e-022
896.400000  4.384382e-022
896.600000  4.514628e-022
896.800000  4.375188e-022
897.000000  4.276104e-022
897.200000  4.509057e-022
897.400000  4.660647e-022
897.600000  5.107910e-022
897.800000  4.644482e-022
898.000000  5.320715e-022
898.200000  5.171084e-022
898.400000  5.122616e-022
898.600000  5.418294e-022
898.800000  5.437185e-022
899.000000  5.916801e-022
899.200000  5.615699e-022
899.400000  5.425342e-022
899.600000  6.189918e-022
899.800000  5.955165e-022
900.000000  6.113415e-022
900.200000  6.287968e-022
900.400000  6.587898e-022
900.600000  5.951958e-022
900.800000  6.630736e-022
901.000000  6.631992e-022
901.200000  6.524884e-022
901.400000  6.973597e-022
901.600000  6.924939e-022
901.800000  6.891852e-022
902.000000  7.258326e-022
902.200000  7.507723e-022
902.400000  7.577535e-022
902.600000  7.946050e-022
902.800000  7.816996e-022
903.000000  8.098913e-022
903.200000  8.160579e-022
903.400000  8.464987e-022
903.600000  8.353722e-022
903.800000  8.952076e-022
904.000000  8.985499e-022
904.200000  8.826569e-022
904.400000  9.143592e-022
904.600000  9.549775e-022
904.800000  9.721189e-022
905.000000  9.342051e-022
905.200000  1.028456e-021
905.400000  1.030374e-021
905.600000  1.044999e-021
905.800000  1.052715e-021
906.000000  1.029197e-021
906.200000  1.071510e-021
906.400000  1.053831e-021
906.600000  1.090338e-021
906.800000  1.088208e-021
907.000000  1.182657e-021
907.200000  1.137273e-021
907.400000  1.109879e-021
907.600000  1.157480e-021
907.800000  1.201024e-021
908.000000  1.187717e-021
908.200000  1.237901e-021
908.400000  1.190533e-021
908.600000  1.243614e-021
908.800000  1.231548e-021
909.000000  1.270047e-021
909.200000  1.349898e-021
909.400000  1.313112e-021
909.600000  1.340499e-021
909.800000  1.358450e-021
910.000000  1.372599e-021
910.200000  1.415706e-021
910.400000  1.479146e-021
910.600000  1.470373e-021
910.800000  1.514959e-021
911.000000  1.530177e-021
911.200000  1.544748e-021
911.400000  1.555071e-021
911.600000  1.586392e-021
911.800000  1.587369e-021
912.000000  1.536883e-021
912.200000  1.666935e-021
912.400000  1.613244e-021
912.600000  1.645858e-021
912.800000  1.679915e-021
913.000000  1.681758e-021
913.200000  1.715057e-021
913.400000  1.799736e-021
913.600000  1.753355e-021
913.800000  1.844545e-021
914.000000  1.817260e-021
914.200000  1.847269e-021
914.400000  1.858345e-021
914.600000  1.947981e-021
914.800000  1.905109e-021
915.000000  1.971321e-021
915.200000  2.050489e-021
915.400000  1.993765e-021
915.600000  1.989562e-021
915.800000  2.114252e-021
916.000000  1.983217e-021
916.200000  2.188742e-021
916.400000  2.206572e-021
916.600000  2.229697e-021
916.800000  2.277541e-021
917.000000  2.212917e-021
917.200000  2.255907e-021
917.400000  2.265449e-021
917.600000  2.359395e-021
917.800000  2.351046e-021
918.000000  2.349500e-021
918.200000  2.420239e-021
918.400000  2.437143e-021
918.600000  2.408282e-021
918.800000  2.488522e-021
919.000000  2.485717e-021
919.200000  2.445713e-021
919.400000  2.560142e-021
919.600000  2.537007e-021
919.800000  2.592900e-021
920.000000  2.618696e-021
920.200000  2.567692e-021
920.400000  2.558917e-021
920.600000  2.622275e-021
920.800000  2.591933e-021
921.000000  2.550593e-021
921.200000  2.665952e-021
921.400000  2.719955e-021
921.600000  2.654591e-021
921.800000  2.655050e-021
922.000000  2.720450e-021
922.200000  2.712596e-021
922.400000  2.775640e-021
922.600000  2.693595e-021
922.800000  2.797543e-021
923.000000  2.713865e-021
923.200000  2.797680e-021
923.400000  2.723286e-021
923.600000  2.801708e-021
923.800000  2.745877e-021
924.000000  2.850885e-021
924.200000  2.825413e-021
924.400000  2.814494e-021
924.600000  2.798711e-021
924.800000  2.884323e-021
925.000000  2.835703e-021
925.200000  2.866691e-021
925.400000  2.866534e-021
925.600000  2.844502e-021
925.800000  2.865910e-021
926.000000  2.865285e-021
926.200000  2.845853e-021
926.400000  2.880347e-021
926.600000  2.898156e-021
926.800000  2.872870e-021
927.000000  2.892552e-021
927.200000  2.895546e-021
927.400000  3.002935e-021
927.600000  3.006541e-021
927.800000  3.024197e-021
928.000000  2.929965e-021
928.200000  3.009746e-021
928.400000  2.882407e-021
928.600000  2.844595e-021
928.800000  2.890281e-021
929.000000  2.881198e-021
929.200000  2.837701e-021
929.400000  3.000826e-021
929.600000  2.826299e-021
929.800000  2.872120e-021
930.000000  2.824044e-021
930.200000  2.868673e-021
930.400000  2.852253e-021
930.600000  3.041408e-021
930.800000  2.867038e-021
931.000000  2.878674e-021
931.200000  2.841043e-021
931.400000  2.876769e-021
931.600000  2.876983e-021
931.800000  2.905143e-021
932.000000  2.810180e-021
932.200000  3.020877e-021
932.400000  2.898231e-021
932.600000  2.880066e-021
932.800000  2.883057e-021
933.000000  3.023732e-021
933.200000  2.886313e-021
933.400000  2.831931e-021
933.600000  3.041201e-021
933.800000  2.847571e-021
934.000000  3.003077e-021
934.200000  2.888159e-021
934.400000  2.910881e-021
934.600000  3.066569e-021
934.800000  2.916794e-021
935.000000  2.876507e-021
935.200000  3.050220e-021
935.400000  2.901413e-021
935.600000  3.021113e-021
935.800000  2.861004e-021
936.000000  3.114450e-021
936.200000  2.863339e-021
936.400000  2.901282e-021
936.600000  3.027980e-021
936.800000  3.046320e-021
937.000000  3.041840e-021
937.200000  3.044729e-021
937.400000  3.032855e-021
937.600000  3.002144e-021
937.800000  2.885193e-021
938.000000  3.054320e-021
938.200000  3.097082e-021
938.400000  3.036094e-021
938.600000  3.059474e-021
938.800000  3.128027e-021
939.000000  3.013269e-021
939.200000  3.118307e-021
939.400000  3.085419e-021
939.600000  3.111387e-021
939.800000  3.123388e-021
940.000000  3.116879e-021
940.200000  3.112915e-021
940.400000  3.085405e-021
940.600000  3.159377e-021
940.800000  3.179109e-021
941.000000  3.099299e-021
941.200000  3.167070e-021
941.400000  3.165094e-021
941.600000  3.161721e-021
941.800000  3.162294e-021
942.000000  3.209586e-021
942.200000  3.158106e-021
942.400000  3.302915e-021
942.600000  3.177304e-021
942.800000  3.194296e-021
943.000000  3.352016e-021
943.200000  3.330981e-021
943.400000  3.237212e-021
943.600000  3.276654e-021
943.800000  3.328097e-021
944.000000  3.352395e-021
944.200000  3.246694e-021
944.400000  3.331931e-021
944.600000  3.343343e-021
944.800000  3.354634e-021
945.000000  3.323192e-021
945.200000  3.402123e-021
945.400000  3.397733e-021
945.600000  3.418357e-021
945.800000  3.350267e-021
946.000000  3.483574e-021
946.200000  3.386491e-021
946.400000  3.391207e-021
946.600000  3.427428e-021
946.800000  3.436345e-021
947.000000  3.444906e-021
947.200000  3.412165e-021
947.400000  3.451590e-021
947.600000  3.440007e-021
947.800000  3.470505e-021
948.000000  3.441872e-021
948.200000  3.515695e-021
948.400000  3.530346e-021
948.600000  3.517929e-021
948.800000  3.526470e-021
949.000000  3.502762e-021
949.200000  3.578572e-021
949.400000  3.533833e-021
949.600000  3.540890e-021
949.800000  3.570289e-021
950.000000  3.547930e-021
950.200000  3.554222e-021
950.400000  3.473319e-021
950.600000  3.598596e-021
950.800000  3.500897e-021
951.000000  3.576242e-021
951.200000  3.530576e-021
951.400000  3.623069e-021
951.600000  3.535878e-021
951.800000  3.545621e-021
952.000000  3.533388e-021
952.200000  3.676031e-021
952.400000  3.562539e-021
952.600000  3.609036e-021
952.800000  3.597858e-021
953.000000  3.619291e-021
953.200000  3.729418e-021
953.400000  3.642186e-021
953.600000  3.583656e-021
953.800000  3.696547e-021
954.000000  3.687198e-021
954.200000  3.566042e-021
954.400000  3.649675e-021
954.600000  3.719015e-021
954.800000  3.659874e-021
955.000000  3.605868e-021
955.200000  3.651683e-021
955.400000  3.762728e-021
955.600000  3.694313e-021
955.800000  3.602819e-021
956.000000  3.665857e-021
956.200000  3.763288e-021
956.400000  3.647198e-021
956.600000  3.592358e-021
956.800000  3.737979e-021
957.000000  3.660078e-021
957.200000  3.649577e-021
957.400000  3.631846e-021
957.600000  3.681366e-021
957.800000  3.697373e-021
958.000000  3.579683e-021
958.200000  3.652954e-021
958.400000  3.714794e-021
958.600000  3.675026e-021
958.800000  3.649654e-021
959.000000  3.666724e-021
959.200000  3.667499e-021
959.400000  3.630786e-021
959.600000  3.609239e-021
959.800000  3.641413e-021
960.000000  3.647937e-021
960.200000  3.531627e-021
960.400000  3.491046e-021
960.600000  3.617506e-021
960.800000  3.643083e-021
961.000000  3.521552e-021
961.200000  3.567854e-021
961.400000  3.664546e-021
961.600000  3.692736e-021
961.800000  3.595223e-021
962.000000  3.620637e-021
962.200000  3.633164e-021
962.400000  3.603173e-021
962.600000  3.603682e-021
962.800000  3.688759e-021
963.000000  3.628840e-021
963.200000  3.611133e-021
963.400000  3.536667e-021
963.600000  3.633835e-021
963.800000  3.609762e-021
964.000000  3.671938e-021
964.200000  3.635985e-021
964.400000  3.649416e-021
964.600000  3.659906e-021
964.800000  3.666256e-021
965.000000  3.653183e-021
965.200000  3.714390e-021
965.400000  3.691581e-021
965.600000  3.668930e-021
965.800000  3.637771e-021
966.000000  3.711379e-021
966.200000  3.683969e-021
966.400000  3.678409e-021
966.600000  3.718773e-021
966.800000  3.726101e-021
967.000000  3.813599e-021
967.200000  3.827969e-021
967.400000  3.769090e-021
967.600000  3.847218e-021
967.800000  3.938164e-021
968.000000  3.931121e-021
968.200000  4.005177e-021
968.400000  4.010255e-021
968.600000  4.127500e-021
968.800000  4.124421e-021
969.000000  4.164990e-021
969.200000  4.227569e-021
969.400000  4.397170e-021
969.600000  4.432344e-021
969.800000  4.641385e-021
970.000000  4.894644e-021
970.200000  4.855064e-021
970.400000  4.989136e-021
970.600000  5.213322e-021
970.800000  5.442222e-021
971.000000  5.668192e-021
971.200000  5.961872e-021
971.400000  6.291905e-021
971.600000  6.681940e-021
971.800000  7.095763e-021
972.000000  7.575687e-021
972.200000  8.124814e-021
972.400000  8.703128e-021
972.600000  9.341303e-021
972.800000  1.003653e-020
973.000000  1.076977e-020
973.200000  1.148446e-020
973.400000  1.224531e-020
973.600000  1.297633e-020
973.800000  1.372954e-020
974.000000  1.438941e-020
974.200000  1.498792e-020
974.400000  1.547800e-020
974.600000  1.583137e-020
974.800000  1.605099e-020
975.000000  1.609212e-020
975.200000  1.603100e-020
975.400000  1.583289e-020
975.600000  1.554396e-020
975.800000  1.515632e-020
976.000000  1.471063e-020
976.200000  1.421688e-020
976.400000  1.363569e-020
976.600000  1.307082e-020
976.800000  1.249005e-020
977.000000  1.190377e-020
977.200000  1.130630e-020
977.400000  1.077516e-020
977.600000  1.022509e-020
977.800000  9.710995e-021
978.000000  9.222061e-021
978.200000  8.756985e-021
978.400000  8.319788e-021
978.600000  7.905820e-021
978.800000  7.533478e-021
979.000000  7.171581e-021
979.200000  6.803744e-021
979.400000  6.489370e-021
979.600000  6.176892e-021
979.800000  5.894650e-021
980.000000  5.607683e-021
980.200000  5.373223e-021
980.400000  5.117118e-021
980.600000  4.906847e-021
980.800000  4.679922e-021
981.000000  4.531378e-021
981.200000  4.343596e-021
981.400000  4.178540e-021
981.600000  4.041946e-021
981.800000  3.898585e-021
982.000000  3.757185e-021
982.200000  3.621927e-021
982.400000  3.511195e-021
982.600000  3.399093e-021
982.800000  3.289406e-021
983.000000  3.190980e-021
983.200000  3.112589e-021
983.400000  3.004265e-021
983.600000  2.951515e-021
983.800000  2.880568e-021
984.000000  2.851243e-021
984.200000  2.785893e-021
984.400000  2.724946e-021
984.600000  2.675877e-021
984.800000  2.618933e-021
985.000000  2.583555e-021
985.200000  2.563520e-021
985.400000  2.525836e-021
985.600000  2.416060e-021
985.800000  2.397759e-021
986.000000  2.353061e-021
986.200000  2.327561e-021
986.400000  2.302106e-021
986.600000  2.231944e-021
986.800000  2.233465e-021
987.000000  2.206580e-021
987.200000  2.161504e-021
987.400000  2.138150e-021
987.600000  2.112292e-021
987.800000  2.100205e-021
988.000000  2.042674e-021
988.200000  2.046043e-021
988.400000  2.020092e-021
988.600000  1.969137e-021
988.800000  1.969833e-021
989.000000  1.975338e-021
989.200000  1.919525e-021
989.400000  1.945856e-021
989.600000  1.921617e-021
989.800000  1.909560e-021
990.000000  1.895800e-021
990.200000  1.897466e-021
990.400000  1.903273e-021
990.600000  1.871504e-021
990.800000  1.891332e-021
991.000000  1.902423e-021
991.200000  1.857640e-021
991.400000  1.846042e-021
991.600000  1.849326e-021
991.800000  1.837979e-021
992.000000  1.856062e-021
992.200000  1.827908e-021
992.400000  1.802334e-021
992.600000  1.807401e-021
992.800000  1.832457e-021
993.000000  1.791285e-021
993.200000  1.801744e-021
993.400000  1.781002e-021
993.600000  1.784254e-021
993.800000  1.735815e-021
994.000000  1.732691e-021
994.200000  1.722043e-021
994.400000  1.681473e-021
994.600000  1.645612e-021
994.800000  1.671277e-021
995.000000  1.627282e-021
995.200000  1.599546e-021
995.400000  1.601934e-021
995.600000  1.599925e-021
995.800000  1.583196e-021
996.000000  1.566387e-021
996.200000  1.555297e-021
996.400000  1.538459e-021
996.600000  1.530178e-021
996.800000  1.512300e-021
997.000000  1.505964e-021
997.200000  1.487828e-021
997.400000  1.447929e-021
997.600000  1.427016e-021
997.800000  1.449323e-021
998.000000  1.443658e-021
998.200000  1.432597e-021
998.400000  1.397686e-021
998.600000  1.396225e-021
998.800000  1.386990e-021
999.000000  1.375538e-021
999.200000  1.319827e-021
999.400000  1.335832e-021
999.600000  1.322885e-021
999.800000  1.302693e-021
1000.000000  1.288724e-021
1000.200000  1.292462e-021
1000.400000  1.280048e-021
1000.600000  1.259490e-021
1000.800000  1.229870e-021
1001.000000  1.250881e-021
1001.200000  1.230994e-021
1001.400000  1.220512e-021
1001.600000  1.181877e-021
1001.800000  1.174396e-021
1002.000000  1.149431e-021
1002.200000  1.153841e-021
1002.400000  1.116506e-021
1002.600000  1.133524e-021
1002.800000  1.092566e-021
1003.000000  1.111481e-021
1003.200000  1.061950e-021
1003.400000  1.101420e-021
1003.600000  1.056952e-021
1003.800000  1.062022e-021
1004.000000  1.062046e-021
1004.200000  1.049028e-021
1004.400000  1.009157e-021
1004.600000  9.921692e-022
1004.800000  9.827093e-022
1005.000000  9.613293e-022
1005.200000  9.531286e-022
1005.400000  9.258362e-022
1005.600000  9.194151e-022
1005.800000  9.047704e-022
1006.000000  8.892465e-022
1006.200000  8.861341e-022
1006.400000  8.786229e-022
1006.600000  8.619068e-022
1006.800000  8.560335e-022
1007.000000  8.441323e-022
1007.200000  8.218970e-022
1007.400000  7.939108e-022
1007.600000  7.742216e-022
1007.800000  7.722759e-022
1008.000000  7.427884e-022
1008.200000  7.432598e-022
1008.400000  7.306381e-022
1008.600000  7.389468e-022
1008.800000  7.070458e-022
1009.000000  7.015479e-022
1009.200000  6.947650e-022
1009.400000  6.898523e-022
1009.600000  6.702812e-022
1009.800000  6.706339e-022
1010.000000  6.579375e-022
1010.200000  6.621793e-022
1010.400000  6.343361e-022
1010.600000  6.392987e-022
1010.800000  6.274316e-022
1011.000000  6.406279e-022
1011.200000  6.207713e-022
1011.400000  6.185641e-022
1011.600000  6.241892e-022
1011.800000  6.224602e-022
1012.000000  6.112612e-022
1012.200000  5.919150e-022
1012.400000  5.792728e-022
1012.600000  5.799658e-022
1012.800000  5.515621e-022
1013.000000  5.493104e-022
1013.200000  5.394269e-022
1013.400000  5.265143e-022
1013.600000  5.191974e-022
1013.800000  4.978526e-022
1014.000000  5.152553e-022
1014.200000  4.888386e-022
1014.400000  4.744442e-022
1014.600000  4.590855e-022
1014.800000  4.639881e-022
1015.000000  4.638866e-022
1015.200000  4.655319e-022
1015.400000  4.635470e-022
1015.600000  4.516314e-022
1015.800000  4.722153e-022
1016.000000  4.379897e-022
1016.200000  4.507249e-022
1016.400000  4.354614e-022
1016.600000  4.193886e-022
1016.800000  4.162293e-022
1017.000000  4.094460e-022
1017.200000  4.033019e-022
1017.400000  3.872423e-022
1017.600000  3.752504e-022
1017.800000  3.561254e-022
1018.000000  3.555984e-022
1018.200000  3.481924e-022
1018.400000  3.275132e-022
1018.600000  3.303484e-022
1018.800000  3.088271e-022
1019.000000  3.137543e-022
1019.200000  2.890416e-022
1019.400000  2.989587e-022
1019.600000  2.805234e-022
1019.800000  2.741961e-022
1020.000000  2.711269e-022
1020.200000  2.825467e-022
1020.400000  2.692408e-022
1020.600000  2.595484e-022
1020.800000  2.752587e-022
1021.000000  2.762025e-022
1021.200000  2.691715e-022
1021.400000  2.657616e-022
1021.600000  2.830718e-022
1021.800000  2.541231e-022
1022.000000  2.514983e-022
1022.200000  2.588764e-022
1022.400000  2.363236e-022
1022.600000  2.452298e-022
1022.800000  2.365681e-022
1023.000000  2.357753e-022
1023.200000  2.287003e-022
1023.400000  2.278869e-022
1023.600000  2.366420e-022
1023.800000  2.489226e-022
1024.000000  2.473220e-022
1024.200000  2.457447e-022
1024.400000  2.144894e-022
1024.600000  2.282045e-022
1024.800000  2.145431e-022
1025.000000  2.130594e-022
1025.200000  2.018294e-022
1025.400000  2.065555e-022
1025.600000  2.162926e-022
1025.800000  1.970317e-022
1026.000000  2.020815e-022
1026.200000  2.208113e-022
1026.400000  2.117738e-022
1026.600000  2.015664e-022
1026.800000  2.010950e-022
1027.000000  2.095291e-022
1027.200000  1.959893e-022
1027.400000  1.937301e-022
1027.600000  1.924788e-022
1027.800000  1.908112e-022
1028.000000  1.701444e-022
1028.200000  1.844343e-022
1028.400000  1.640081e-022
1028.600000  1.682701e-022
1028.800000  1.547759e-022
1029.000000  1.676270e-022
1029.200000  1.582414e-022
1029.400000  1.591668e-022
1029.600000  1.516632e-022
1029.800000  1.384802e-022
1030.000000  1.083113e-022
1030.200000  1.128301e-022
1030.400000  9.862164e-023
1030.600000  9.551838e-023
1030.800000  1.008512e-022
1031.000000  8.448141e-023
1031.200000  1.034153e-022
1031.400000  8.358733e-023
1031.600000  8.541214e-023
1031.800000  8.663790e-023
1032.000000  1.031620e-022
1032.200000  9.544544e-023
1032.400000  8.552848e-023
1032.600000  9.466243e-023
1032.800000  8.643624e-023
1033.000000  8.187171e-023
1033.200000  8.785112e-023
1033.400000  7.434439e-023
1033.600000  8.151200e-023
1033.800000  6.687234e-023
1034.000000  5.208529e-023
1034.200000  7.081019e-023
1034.400000  6.025969e-023
1034.600000  5.578268e-023
1034.800000  7.945908e-023
1035.000000  6.498407e-023
1035.200000  6.686870e-023
1035.400000  6.237061e-023
1035.600000  4.884865e-023
1035.800000  5.655533e-023
1036.000000  5.663534e-023
1036.200000  4.974722e-023
1036.400000  3.950339e-023
1036.600000  4.559056e-023
1036.800000  6.020218e-023
1037.000000  6.717267e-023
1037.200000  8.672794e-023
1037.400000  5.464303e-023
1037.600000  6.543838e-023
1037.800000  7.754461e-023
1038.000000  5.545534e-023
1038.200000  6.240769e-023
1038.400000  7.928363e-023
1038.600000  2.976467e-023
1038.800000  1.877165e-023
1039.000000  7.873139e-023
1039.200000  8.691099e-024
1039.400000  7.465428e-023
1039.600000  3.800511e-024
1039.800000  4.170893e-023
1040.000000  5.811394e-023
1040.200000  3.005864e-023
1040.400000  9.653626e-023
1040.600000  -1.222425e-023
1040.800000  5.606065e-023
1041.000000  1.387180e-023
1041.200000  3.639540e-023
1041.400000  -1.976383e-024
1041.600000  6.578470e-024
1041.800000  -1.235025e-023
1042.000000  1.387002e-024
1042.200000  -2.610361e-023
1042.400000  -2.658037e-023
1042.600000  -8.431973e-024
1042.800000  -3.948165e-023
1043.000000  -4.649492e-023
1043.200000  -4.226198e-023
1043.400000  -5.218533e-023
1043.600000  -3.297412e-023
1043.800000  -6.212155e-023
1044.000000  -5.628382e-023
1044.200000  -5.508171e-023
1044.400000  -8.411277e-023
1044.600000  -1.042107e-022
1044.800000  -8.619757e-023
1045.000000  -6.905801e-023
1045.200000  -6.326971e-023
1045.400000  -7.983620e-023
1045.600000  -5.319181e-023
1045.800000  -6.054973e-023
1046.000000  -5.921190e-023
1046.200000  -5.347181e-023
1046.400000  -7.164368e-023
1046.600000  -6.262652e-023
1046.800000  -5.612357e-023
1047.000000  -9.466072e-023
1047.200000  -7.094855e-023
1047.400000  -8.536333e-023
1047.600000  -8.990155e-023
1047.800000  -1.009953e-022
1048.000000  -9.499439e-023
1048.200000  -1.118099e-022
1048.400000  -8.751274e-023
1048.600000  -9.565380e-023
1048.800000  -6.751697e-023
1049.000000  -8.307545e-023
1049.200000  -7.036323e-023
1049.400000  -5.607881e-023
1049.600000  -5.073200e-023
1049.800000  -4.645728e-023
1050.000000  -4.290035e-023
1050.200000  -8.968552e-024
1050.400000  1.159722e-023
1050.600000  6.517285e-024
1050.800000  7.333484e-024
1051.000000  1.570417e-023
1051.200000  -1.180077e-024
1051.400000  -1.321223e-023
1051.600000  -8.971100e-025
1051.800000  -1.001096e-023
1052.000000  -1.271333e-023
1052.200000  -2.379759e-023
1052.400000  -1.147994e-023
1052.600000  7.847685e-025
1052.800000  -1.240758e-023
1053.000000  -1.169047e-023
1053.200000  7.242939e-024
1053.400000  -7.369851e-025
1053.600000  -5.808727e-024
1053.800000  1.268588e-023
1054.000000  1.844778e-024
1054.200000  -2.384833e-024
1054.400000  -1.773797e-024
1054.600000  -1.263658e-023
1054.800000  -1.958586e-023
1055.000000  -3.664990e-023
1055.200000  -2.688412e-023
1055.400000  -2.889921e-023
1055.600000  -1.619274e-023
1055.800000  -3.354717e-023
1056.000000  -2.774109e-023
1056.200000  -3.196982e-023
1056.400000  -2.815095e-023
1056.600000  -3.649077e-023
1056.800000  -2.924179e-023
1057.000000  -2.913934e-023
1057.200000  -4.442541e-023
1057.400000  -5.184894e-023
1057.600000  -4.916465e-023
1057.800000  -5.745731e-023
1058.000000  -7.531801e-023
1058.200000  -8.191265e-023
1058.400000  -6.623822e-023
1058.600000  -8.502041e-023
1058.800000  -8.030269e-023
1059.000000  -5.908768e-023
1059.200000  -5.070002e-023
1059.400000  -5.981018e-023
1059.600000  -6.059835e-023
1059.800000  -5.792583e-023
1060.000000  -5.629694e-023
1060.200000  -5.727982e-023
1060.400000  -4.740292e-023
1060.600000  -4.474782e-023
1060.800000  -2.903249e-023
1061.000000  -4.855238e-023
1061.200000  -4.016361e-023
1061.400000  -2.594196e-023
1061.600000  -1.826828e-023
1061.800000  -9.454302e-024
1062.000000  -1.800525e-024
1062.200000  2.156672e-024
1062.400000  -5.587724e-024
1062.600000  1.899276e-024
1062.800000  3.941146e-024
1063.000000  -1.099852e-024
1063.200000  -1.603842e-023
1063.400000  -9.327990e-024
1063.600000  -6.613272e-024
1063.800000  -5.811611e-025
1064.000000  -1.201436e-023
1064.200000  -8.652965e-024
1064.400000  -2.231152e-023
1064.600000  -2.706249e-023
1064.800000  -1.792266e-023
1065.000000  -1.037000e-023
1065.200000  -3.628255e-023
1065.400000  -4.399989e-023
1065.600000  -4.109138e-023
1065.800000  -3.279670e-023
1066.000000  -3.579900e-023
1066.200000  -3.348758e-023
1066.400000  -2.384296e-023
1066.600000  -2.526914e-023
1066.800000  -4.759547e-023
1067.000000  -3.070249e-023
1067.200000  -3.108584e-023
1067.400000  -4.287409e-023
1067.600000  -5.766067e-023
1067.800000  -4.932714e-023
1068.000000  -4.807958e-023
1068.200000  -5.254894e-023
1068.400000  -5.501345e-023
1068.600000  -5.793048e-023
1068.800000  -6.453875e-023
1069.000000  -6.513466e-023
1069.200000  -6.082919e-023
1069.400000  -6.258494e-023
1069.600000  -6.038179e-023
1069.800000  -7.483310e-023
1070.000000  -6.462163e-023
1070.200000  -6.839839e-023
1070.400000  -6.245968e-023
1070.600000  -6.987069e-023
1070.800000  -6.720281e-023
1071.000000  -7.251484e-023
1071.200000  -8.765056e-023
1071.400000  -7.935623e-023
1071.600000  -8.005432e-023
1071.800000  -7.581348e-023
1072.000000  -7.644053e-023
1072.200000  -6.390581e-023
1072.400000  -4.860769e-023
1072.600000  -5.179153e-023
1072.800000  -5.302000e-023
1073.000000  -3.536313e-023
1073.200000  -3.540663e-023
1073.400000  -2.405557e-023
1073.600000  -2.946623e-023
1073.800000  -2.772373e-023
1074.000000  -3.447352e-023
1074.200000  -3.022667e-023
1074.400000  -3.690306e-023
1074.600000  -3.411420e-023
1074.800000  -4.124163e-023
1075.000000  -2.864067e-023
1075.200000  -8.234597e-024
1075.400000  -2.370660e-023
1075.600000  -2.233493e-023
1075.800000  -3.092856e-023
1076.000000  -1.718081e-023
1076.200000  -2.322948e-023
1076.400000  -2.349577e-023
1076.600000  -9.512501e-024
1076.800000  -2.505176e-023
1077.000000  -3.834670e-023
1077.200000  -3.668482e-023
1077.400000  -3.995024e-023
1077.600000  -4.039248e-023
1077.800000  -5.954736e-023
1078.000000  -6.186432e-023
1078.200000  -5.804472e-023
1078.400000  -4.570071e-023
1078.600000  -5.411792e-023
1078.800000  -3.676021e-023
1079.000000  -6.312485e-023
1079.200000  -5.251894e-023
1079.400000  -4.748134e-023
1079.600000  -3.801797e-023
1079.800000  -5.044248e-023
1080.000000  -5.979350e-023
1080.200000  -5.031750e-023
1080.400000  -4.033064e-023
1080.600000  -4.961975e-023
1080.800000  -4.842727e-023
1081.000000  -4.503256e-023
1081.200000  -4.194888e-023
1081.400000  -5.686856e-023
1081.600000  -4.557040e-023
1081.800000  -4.865699e-023
1082.000000  -5.003392e-023
1082.200000  -5.716007e-023
1082.400000  -5.959273e-023
1082.600000  -6.302050e-023
1082.800000  -7.179933e-023
1083.000000  -7.277741e-023
1083.200000  -6.852550e-023
1083.400000  -8.502361e-023
1083.600000  -8.066983e-023
1083.800000  -9.031799e-023
1084.000000  -8.603076e-023
1084.200000  -8.101495e-023
1084.400000  -8.159359e-023
1084.600000  -7.113643e-023
1084.800000  -7.116872e-023
1085.000000  -7.756155e-023
1085.200000  -6.796131e-023
1085.400000  -6.847657e-023
1085.600000  -6.526142e-023
1085.800000  -7.299486e-023
1086.000000  -7.014178e-023
1086.200000  -6.226802e-023
1086.400000  -6.662940e-023
1086.600000  -3.640035e-023
1086.800000  -3.075331e-023
1087.000000  -9.098236e-024
1087.200000  -1.721344e-023
1087.400000  -7.485720e-024
1087.600000  3.830860e-024
1087.800000  -1.493987e-024
1088.000000  -3.628380e-024
1088.200000  5.423709e-024
1088.400000  2.526714e-024
1088.600000  9.011890e-025
1088.800000  -8.424805e-025
1089.000000  -1.145625e-028
1089.200000  1.247388e-024
1089.400000  8.115952e-025
1089.600000  -1.000616e-023
1089.800000  1.599551e-024
1090.000000  -1.253919e-023
1090.200000  -1.839521e-023
1090.400000  -1.680609e-023
1090.600000  -6.815947e-024
1090.800000  -1.770329e-023
1091.000000  -2.067492e-023
1091.200000  -3.612156e-023
1091.400000  -5.013040e-023
1091.600000  -4.988892e-023
1091.800000  -4.502420e-023
1092.000000  -4.206022e-023
1092.200000  -5.074911e-023
1092.400000  -3.893771e-023
1092.600000  -2.858494e-023
1092.800000  -2.826705e-023
1093.000000  -3.833649e-023
1093.200000  -3.923853e-023
1093.400000  -2.257949e-023
1093.600000  -1.120184e-023
1093.800000  -3.149183e-023
1094.000000  -2.400620e-023
1094.200000  -2.200054e-023
1094.400000  -3.188478e-023
1094.600000  -2.366121e-023
1094.800000  -1.001080e-023
1095.000000  -2.173363e-023
1095.200000  -1.677489e-023
1095.400000  9.009262e-025
1095.600000  7.138526e-024
1095.800000  -6.078122e-024
1096.000000  -4.424826e-024
1096.200000  -4.833843e-024
1096.400000  8.649158e-024
1096.600000  -3.734717e-024
1096.800000  -1.173696e-023
1097.000000  -1.946812e-023
1097.200000  2.288664e-024
1097.400000  -9.867424e-024
1097.600000  -2.095580e-023
1097.800000  -2.315468e-023
1098.000000  -3.671158e-023
1098.200000  -4.976863e-023
1098.400000  -4.843318e-023
1098.600000  -4.615117e-023
1098.800000  -5.586710e-023
1099.000000  -6.239123e-023
1099.200000  -5.449989e-023
1099.400000  -5.513074e-023
1099.600000  -7.214800e-023
1099.800000  -4.556421e-023
1100.000000  -4.513604e-023
