950.0	0.999068
950.5	0.999036
951.0	0.999003
951.5	0.998968
952.0	0.998931
952.5	0.998891
953.0	0.998849
953.5	0.998804
954.0	0.998756
954.5	0.998705
955.0	0.998650
955.5	0.998592
956.0	0.998530
956.5	0.998464
957.0	0.998393
957.5	0.998317
958.0	0.998236
958.5	0.998149
959.0	0.998055
959.5	0.997955
960.0	0.997848
960.5	0.997732
961.0	0.997608
961.5	0.997474
962.0	0.997330
962.5	0.997174
963.0	0.997006
963.5	0.996825
964.0	0.996628
964.5	0.996415
965.0	0.996185
965.5	0.995935
966.0	0.995663
966.5	0.995367
967.0	0.995045
967.5	0.994694
968.0	0.994311
968.5	0.993893
969.0	0.993435
969.5	0.992933
970.0	0.992383
970.5	0.991779
971.0	0.991114
971.5	0.990383
972.0	0.989576
972.5	0.988685
973.0	0.987700
973.5	0.986609
974.0	0.985400
974.5	0.984056
975.0	0.982562
975.5	0.980898
976.0	0.979041
976.5	0.976967
977.0	0.974646
977.5	0.972045
978.0	0.969126
978.5	0.965845
979.0	0.962152
979.5	0.957990
980.0	0.953293
980.5	0.947985
981.0	0.941980
981.5	0.935180
982.0	0.927471
982.5	0.918729
983.0	0.908808
983.5	0.897550
984.0	0.884775
984.5	0.870290
985.0	0.853883
985.5	0.835332
986.0	0.814406
986.5	0.790878
987.0	0.764535
987.5	0.735195
988.0	0.702726
988.5	0.667075
989.0	0.628294
989.5	0.586565
990.0	0.542225
990.5	0.495777
991.0	0.447889
991.5	0.399375
992.0	0.351146
992.5	0.304155
993.0	0.259324
993.5	0.217471
994.0	0.179252
994.5	0.145116
995.0	0.115295
995.5	0.089812
996.0	0.068508
996.5	0.051085
997.0	0.037151
997.5	0.026262
998.0	0.017962
998.5	0.011805
999.0	0.007379
999.5	0.004316
1000.0	0.002298
1000.5	0.001057
1001.0	0.000373
1001.5	0.000070
1002.0	0.000010
1002.5	0.000091
1003.0	0.000237
1003.5	0.000395
1004.0	0.000532
1004.5	0.000628
1005.0	0.000676
1005.5	0.000676
1006.0	0.000634
1006.5	0.000558
1007.0	0.000461
1007.5	0.000354
1008.0	0.000248
1008.5	0.000153
1009.0	0.000077
1009.5	0.000027
1010.0	0.000007
1010.5	0.000017
1011.0	0.000057
1011.5	0.000125
1012.0	0.000216
1012.5	0.000325
1013.0	0.000445
1013.5	0.000570
1014.0	0.000692
1014.5	0.000804
1015.0	0.000900
1015.5	0.000974
1016.0	0.001022
1016.5	0.001041
1017.0	0.001029
1017.5	0.000987
1018.0	0.000915
1018.5	0.000818
1019.0	0.000701
1019.5	0.000570
1020.0	0.000434
1020.5	0.000301
1021.0	0.000183
1021.5	0.000091
1022.0	0.000037
1022.5	0.000033
1023.0	0.000092
1023.5	0.000225
1024.0	0.000444
1024.5	0.000759
1025.0	0.001180
1025.5	0.001714
1026.0	0.002369
1026.5	0.003147
1027.0	0.004053
1027.5	0.005085
1028.0	0.006242
1028.5	0.007519
1029.0	0.008910
1029.5	0.010407
1030.0	0.011998
1030.5	0.013671
1031.0	0.015412
1031.5	0.017205
1032.0	0.019033
1032.5	0.020878
1033.0	0.022720
1033.5	0.024542
1034.0	0.026323
1034.5	0.028045
1035.0	0.029688
1035.5	0.031235
1036.0	0.032669
1036.5	0.033973
1037.0	0.035132
1037.5	0.036135
1038.0	0.036968
1038.5	0.037622
1039.0	0.038091
1039.5	0.038367
1040.0	0.038448
1040.5	0.038333
1041.0	0.038021
1041.5	0.037516
1042.0	0.036824
1042.5	0.035951
1043.0	0.034908
1043.5	0.033705
1044.0	0.032355
1044.5	0.030874
1045.0	0.029278
1045.5	0.027585
1046.0	0.025813
1046.5	0.023983
1047.0	0.022115
1047.5	0.020228
1048.0	0.018345
1048.5	0.016484
1049.0	0.014665
1049.5	0.012907
1050.0	0.011227
1050.5	0.009640
1051.0	0.008159
1051.5	0.006797
1052.0	0.005561
1052.5	0.004460
1053.0	0.003495
1053.5	0.002670
1054.0	0.001983
1054.5	0.001429
1055.0	0.001002
1055.5	0.000695
1056.0	0.000496
1056.5	0.000394
1057.0	0.000375
1057.5	0.000425
1058.0	0.000529
1058.5	0.000672
1059.0	0.000839
1059.5	0.001017
1060.0	0.001193
1060.5	0.001354
1061.0	0.001492
1061.5	0.001600
1062.0	0.001671
1062.5	0.001704
1063.0	0.001699
1063.5	0.001659
1064.0	0.001589
1064.5	0.001498
1065.0	0.001397
1065.5	0.001298
1066.0	0.001216
1066.5	0.001167
1067.0	0.001166
1067.5	0.001230
1068.0	0.001374
1068.5	0.001610
1069.0	0.001949
1069.5	0.002399
1070.0	0.002960
1070.5	0.003631
1071.0	0.004402
1071.5	0.005259
1072.0	0.006178
1072.5	0.007132
1073.0	0.008085
1073.5	0.008998
1074.0	0.009826
1074.5	0.010523
1075.0	0.011040
1075.5	0.011336
1076.0	0.011375
1076.5	0.011134
1077.0	0.010610
1077.5	0.009829
1078.0	0.008851
1078.5	0.007792
1079.0	0.006828
1079.5	0.006218
1080.0	0.006320
1080.5	0.007607
1081.0	0.010684
1081.5	0.016290
1082.0	0.025294
1082.5	0.038654
1083.0	0.057361
1083.5	0.082329
1084.0	0.114264
1084.5	0.153507
1085.0	0.199896
1085.5	0.252689
1086.0	0.310575
1086.5	0.371798
1087.0	0.434369
1087.5	0.496309
1088.0	0.555874
1088.5	0.611704
1089.0	0.662888
1089.5	0.708944
1090.0	0.749755
1090.5	0.785473
1091.0	0.816435
1091.5	0.843076
1092.0	0.865877
1092.5	0.885317
1093.0	0.901851
1093.5	0.915893
1094.0	0.927813
1094.5	0.937934
1095.0	0.946531
1095.5	0.953843
1096.0	0.960071
1096.5	0.965383
1097.0	0.969923
1097.5	0.973810
1098.0	0.977145
1098.5	0.980013
1099.0	0.982483
1099.5	0.984616
1100.0	0.986462
1100.5	0.988062
1101.0	0.989453
1101.5	0.990663
1102.0	0.991720
1102.5	0.992643
1103.0	0.993452
1103.5	0.994161
1104.0	0.994785
1104.5	0.995335
1105.0	0.995820
1105.5	0.996249
1106.0	0.996628
1106.5	0.996965
1107.0	0.997264
1107.5	0.997530
1108.0	0.997767
1108.5	0.997979
1109.0	0.998168
1109.5	0.998337
1110.0	0.998489
1110.5	0.998625
1111.0	0.998747
1111.5	0.998858
1112.0	0.998957
1112.5	0.999046
1113.0	0.999127
1113.5	0.999201
1114.0	0.999267
1114.5	0.999327
1115.0	0.999382
1115.5	0.999431
1116.0	0.999476
1116.5	0.999517
1117.0	0.999555
1117.5	0.999589
1118.0	0.999620
1118.5	0.999648
1119.0	0.999674
1119.5	0.999698
1120.0	0.999720
1120.5	0.999740
1121.0	0.999759
1121.5	0.999776
1122.0	0.999791
1122.5	0.999806
1123.0	0.999819
1123.5	0.999831
1124.0	0.999842
1124.5	0.999853
1125.0	0.999863
1125.5	0.999871
1126.0	0.999880
1126.5	0.999887
1127.0	0.999894
1127.5	0.999901
1128.0	0.999907
1128.5	0.999913
1129.0	0.999918
1129.5	0.999923
1130.0	0.999928
1130.5	0.999932
1131.0	0.999936
1131.5	0.999939
1132.0	0.999943
1132.5	0.999946
1133.0	0.999949
1133.5	0.999952
1134.0	0.999955
1134.5	0.999957
1135.0	0.999959
1135.5	0.999962
1136.0	0.999964
1136.5	0.999965
1137.0	0.999967
1137.5	0.999969
1138.0	0.999971
1138.5	0.999972
1139.0	0.999973
1139.5	0.999975
1140.0	0.999976
1140.5	0.999977
1141.0	0.999978
1141.5	0.999979
1142.0	0.999980
1142.5	0.999981
1143.0	0.999982
1143.5	0.999983
1144.0	0.999984
1144.5	0.999984
1145.0	0.999985
1145.5	0.999986
1146.0	0.999986
1146.5	0.999987
1147.0	0.999988
1147.5	0.999988
1148.0	0.999989
1148.5	0.999989
1149.0	0.999990
1149.5	0.999990
1150.0	0.999990
