950	0.999311
950.5	0.999254
951	0.999193
951.5	0.999126
952	0.999052
952.5	0.998971
953	0.998882
953.5	0.998784
954	0.998677
954.5	0.998558
955	0.998428
955.5	0.998284
956	0.998125
956.5	0.997948
957	0.997753
957.5	0.997537
958	0.997297
958.5	0.99703
959	0.996732
959.5	0.996401
960	0.996031
960.5	0.995618
961	0.995156
961.5	0.994638
962	0.994056
962.5	0.993403
963	0.992668
963.5	0.991839
964	0.990904
964.5	0.989846
965	0.988648
965.5	0.987289
966	0.985746
966.5	0.983989
967	0.981987
967.5	0.9797
968	0.977086
968.5	0.97409
969	0.970653
969.5	0.966703
970	0.962157
970.5	0.956917
971	0.95087
971.5	0.943882
972	0.935801
972.5	0.926447
973	0.915616
973.5	0.903076
974	0.888562
974.5	0.871782
975	0.852417
975.5	0.83013
976	0.804574
976.5	0.775417
977	0.742365
977.5	0.705205
978	0.663846
978.5	0.618374
979	0.569105
979.5	0.516622
980	0.461796
980.5	0.40576
981	0.349851
981.5	0.2955
982	0.244097
982.5	0.196855
983	0.154697
983.5	0.118186
984	0.087514
984.5	0.062542
985	0.042864
985.5	0.0279
986	0.016975
986.5	0.009388
987	0.004469
987.5	0.001607
988	0.000272
988.5	1.8E-05
989	0.000481
989.5	0.001376
990	0.002481
990.5	0.003635
991	0.004721
991.5	0.005663
992	0.006413
992.5	0.006948
993	0.007265
993.5	0.007372
994	0.007287
994.5	0.007035
995	0.006644
995.5	0.006145
996	0.005567
996.5	0.004941
997	0.004291
997.5	0.003643
998	0.003017
998.5	0.002431
999	0.001896
999.5	0.001423
1000	0.001019
1000.5	0.000685
1001	0.000422
1001.5	0.000228
1002	9.7E-05
1002.5	2.4E-05
1003	0
1003.5	1.7E-05
1004	6.7E-05
1004.5	0.00014
1005	0.000228
1005.5	0.000323
1006	0.000417
1006.5	0.000504
1007	0.000579
1007.5	0.000639
1008	0.000681
1008.5	0.000705
1009	0.00071
1009.5	0.0007
1010	0.000677
1010.5	0.000646
1011	0.000613
1011.5	0.000583
1012	0.000566
1012.5	0.000569
1013	0.0006
1013.5	0.000668
1014	0.000782
1014.5	0.000952
1015	0.001184
1015.5	0.001488
1016	0.001869
1016.5	0.002335
1017	0.002891
1017.5	0.003539
1018	0.004285
1018.5	0.005127
1019	0.006068
1019.5	0.007104
1020	0.008233
1020.5	0.009451
1021	0.010751
1021.5	0.012127
1022	0.013569
1022.5	0.015069
1023	0.016615
1023.5	0.018196
1024	0.0198
1024.5	0.021413
1025	0.023022
1025.5	0.024613
1026	0.026173
1026.5	0.027688
1027	0.029144
1027.5	0.030528
1028	0.031827
1028.5	0.03303
1029	0.034125
1029.5	0.035102
1030	0.035951
1030.5	0.036664
1031	0.037234
1031.5	0.037656
1032	0.037924
1032.5	0.038036
1033	0.037989
1033.5	0.037784
1034	0.037422
1034.5	0.036906
1035	0.036239
1035.5	0.035427
1036	0.034477
1036.5	0.033397
1037	0.032198
1037.5	0.03089
1038	0.029484
1038.5	0.027995
1039	0.026435
1039.5	0.02482
1040	0.023165
1040.5	0.021486
1041	0.019797
1041.5	0.018116
1042	0.016458
1042.5	0.014838
1043	0.01327
1043.5	0.011768
1044	0.010345
1044.5	0.00901
1045	0.007775
1045.5	0.006645
1046	0.005627
1046.5	0.004725
1047	0.00394
1047.5	0.00327
1048	0.002712
1048.5	0.002262
1049	0.001912
1049.5	0.001651
1050	0.00147
1050.5	0.001355
1051	0.001292
1051.5	0.001267
1052	0.001264
1052.5	0.00127
1053	0.001269
1053.5	0.00125
1054	0.001202
1054.5	0.001118
1055	0.000995
1055.5	0.000834
1056	0.000642
1056.5	0.000435
1057	0.000236
1057.5	7.6E-05
1058	1E-06
1058.5	6.6E-05
1059	0.000343
1059.5	0.000917
1060	0.00189
1060.5	0.003385
1061	0.005538
1061.5	0.008508
1062	0.012468
1062.5	0.017608
1063	0.024131
1063.5	0.032247
1064	0.042165
1064.5	0.054089
1065	0.068207
1065.5	0.084675
1066	0.103613
1066.5	0.125087
1067	0.149103
1067.5	0.175596
1068	0.204428
1068.5	0.23539
1069	0.2682
1069.5	0.302524
1070	0.337981
1070.5	0.374166
1071	0.410664
1071.5	0.447072
1072	0.483012
1072.5	0.518145
1073	0.55218
1073.5	0.584879
1074	0.61606
1074.5	0.645591
1075	0.67339
1075.5	0.699419
1076	0.723676
1076.5	0.74619
1077	0.767012
1077.5	0.786211
1078	0.80387
1078.5	0.820078
1079	0.834929
1079.5	0.848517
1080	0.860938
1080.5	0.872282
1081	0.882637
1081.5	0.892086
1082	0.900707
1082.5	0.908573
1083	0.91575
1083.5	0.922301
1084	0.928283
1084.5	0.933746
1085	0.93874
1085.5	0.943307
1086	0.947486
1086.5	0.951312
1087	0.954819
1087.5	0.958035
1088	0.960986
1088.5	0.963697
1089	0.966189
1089.5	0.968481
1090	0.970592
1090.5	0.972538
1091	0.974332
1091.5	0.975988
1092	0.977519
1092.5	0.978934
1093	0.980243
1093.5	0.981456
1094	0.982581
1094.5	0.983624
1095	0.984592
1095.5	0.985492
1096	0.986329
1096.5	0.987108
1097	0.987834
1097.5	0.98851
1098	0.989141
1098.5	0.98973
1099	0.99028
1099.5	0.990795
1100	0.991276
1100.5	0.991726
1101	0.992148
1101.5	0.992544
1102	0.992915
1102.5	0.993264
1103	0.993591
1103.5	0.993899
1104	0.994189
1104.5	0.994461
1105	0.994718
1105.5	0.99496
1106	0.995187
1106.5	0.995403
1107	0.995606
1107.5	0.995797
1108	0.995979
1108.5	0.99615
1109	0.996312
1109.5	0.996466
1110	0.996611
1110.5	0.996749
1111	0.996879
1111.5	0.997003
1112	0.997121
1112.5	0.997232
1113	0.997339
1113.5	0.997439
1114	0.997535
1114.5	0.997626
1115	0.997713
1115.5	0.997796
1116	0.997874
1116.5	0.997949
1117	0.998021
1117.5	0.998089
1118	0.998154
1118.5	0.998216
1119	0.998276
1119.5	0.998332
1120	0.998387
1120.5	0.998438
1121	0.998488
1121.5	0.998535
1122	0.998581
1122.5	0.998624
1123	0.998666
1123.5	0.998706
1124	0.998744
1124.5	0.99878
1125	0.998816
1125.5	0.998849
1126	0.998882
1126.5	0.998913
1127	0.998943
1127.5	0.998971
1128	0.998999
1128.5	0.999025
1129	0.999051
1129.5	0.999075
1130	0.999099
1130.5	0.999122
1131	0.999144
1131.5	0.999165
1132	0.999185
1132.5	0.999204
1133	0.999223
1133.5	0.999241
1134	0.999259
1134.5	0.999276
1135	0.999292
1135.5	0.999308
1136	0.999323
1136.5	0.999337
1137	0.999352
1137.5	0.999365
1138	0.999378
1138.5	0.999391
1139	0.999403
1139.5	0.999415
1140	0.999427
1140.5	0.999438
1141	0.999449
1141.5	0.999459
1142	0.999469
1142.5	0.999479
1143	0.999488
1143.5	0.999497
1144	0.999506
1144.5	0.999515
1145	0.999523
1145.5	0.999531
1146	0.999539
1146.5	0.999546
1147	0.999554
1147.5	0.999561
1148	0.999568
1148.5	0.999574
1149	0.999581
1149.5	0.999587
1150	0.999593
