9.50000e+02	9.99977e-01	1.07139e+00	9.99960e-01	1.00009e+00	9.99914e-01	9.23736e-01
9.50500e+02	9.99976e-01	1.07139e+00	9.99958e-01	1.00009e+00	9.99907e-01	9.23728e-01
9.51000e+02	9.99975e-01	1.07139e+00	9.99955e-01	1.00008e+00	9.99900e-01	9.23720e-01
9.51500e+02	9.99973e-01	1.07139e+00	9.99952e-01	1.00008e+00	9.99892e-01	9.23711e-01
9.52000e+02	9.99972e-01	1.07139e+00	9.99949e-01	1.00008e+00	9.99883e-01	9.23701e-01
9.52500e+02	9.99971e-01	1.07139e+00	9.99946e-01	1.00008e+00	9.99873e-01	9.23690e-01
9.53000e+02	9.99969e-01	1.07139e+00	9.99942e-01	1.00007e+00	9.99863e-01	9.23678e-01
9.53500e+02	9.99967e-01	1.07139e+00	9.99938e-01	1.00007e+00	9.99851e-01	9.23665e-01
9.54000e+02	9.99965e-01	1.07139e+00	9.99934e-01	1.00006e+00	9.99839e-01	9.23650e-01
9.54500e+02	9.99963e-01	1.07139e+00	9.99929e-01	1.00006e+00	9.99825e-01	9.23634e-01
9.55000e+02	9.99961e-01	1.07139e+00	9.99924e-01	1.00005e+00	9.99809e-01	9.23617e-01
9.55500e+02	9.99959e-01	1.07139e+00	9.99919e-01	1.00005e+00	9.99792e-01	9.23598e-01
9.56000e+02	9.99956e-01	1.07139e+00	9.99913e-01	1.00004e+00	9.99774e-01	9.23577e-01
9.56500e+02	9.99954e-01	1.07139e+00	9.99907e-01	1.00004e+00	9.99753e-01	9.23553e-01
9.57000e+02	9.99951e-01	1.07136e+00	9.99900e-01	1.00003e+00	9.99730e-01	9.23527e-01
9.57500e+02	9.99948e-01	1.07136e+00	9.99892e-01	1.00002e+00	9.99705e-01	9.23498e-01
9.58000e+02	9.99945e-01	1.07136e+00	9.99884e-01	1.00001e+00	9.99676e-01	9.23467e-01
9.58500e+02	9.99941e-01	1.07135e+00	9.99875e-01	1.00000e+00	9.99645e-01	9.23431e-01
9.59000e+02	9.99937e-01	1.07135e+00	9.99865e-01	9.99994e-01	9.99610e-01	9.23392e-01
9.59500e+02	9.99933e-01	1.07135e+00	9.99854e-01	9.99983e-01	9.99571e-01	9.23349e-01
9.60000e+02	9.99929e-01	1.07134e+00	9.99842e-01	9.99971e-01	9.99528e-01	9.23300e-01
9.60500e+02	9.99924e-01	1.07134e+00	9.99829e-01	9.99958e-01	9.99480e-01	9.23245e-01
9.61000e+02	9.99919e-01	1.07133e+00	9.99815e-01	9.99944e-01	9.99426e-01	9.23185e-01
9.61500e+02	9.99913e-01	1.07133e+00	9.99799e-01	9.99928e-01	9.99365e-01	9.23117e-01
9.62000e+02	9.99907e-01	1.07132e+00	9.99782e-01	9.99911e-01	9.99297e-01	9.23041e-01
9.62500e+02	9.99900e-01	1.07132e+00	9.99763e-01	9.99892e-01	9.99221e-01	9.22955e-01
9.63000e+02	9.99893e-01	1.07131e+00	9.99743e-01	9.99872e-01	9.99135e-01	9.22860e-01
9.63500e+02	9.99885e-01	1.07130e+00	9.99720e-01	9.99849e-01	9.99038e-01	9.22752e-01
9.64000e+02	9.99877e-01	1.07130e+00	9.99694e-01	9.99823e-01	9.98929e-01	9.22630e-01
9.64500e+02	9.99867e-01	1.07129e+00	9.99666e-01	9.99795e-01	9.98805e-01	9.22492e-01
9.65000e+02	9.99857e-01	1.07128e+00	9.99635e-01	9.99764e-01	9.98665e-01	9.22336e-01
9.65500e+02	9.99846e-01	1.07127e+00	9.99601e-01	9.99730e-01	9.98506e-01	9.22160e-01
9.66000e+02	9.99834e-01	1.07126e+00	9.99562e-01	9.99691e-01	9.98326e-01	9.21959e-01
9.66500e+02	9.99821e-01	1.07125e+00	9.99520e-01	9.99649e-01	9.98120e-01	9.21732e-01
9.67000e+02	9.99807e-01	1.07123e+00	9.99473e-01	9.99602e-01	9.97885e-01	9.21471e-01
9.67500e+02	9.99791e-01	1.07122e+00	9.99420e-01	9.99549e-01	9.97617e-01	9.21175e-01
9.68000e+02	9.99774e-01	1.07121e+00	9.99361e-01	9.99490e-01	9.97310e-01	9.20836e-01
9.68500e+02	9.99755e-01	1.07119e+00	9.99296e-01	9.99425e-01	9.96957e-01	9.20447e-01
9.69000e+02	9.99734e-01	1.07117e+00	9.99222e-01	9.99351e-01	9.96551e-01	9.20001e-01
9.69500e+02	9.99711e-01	1.07115e+00	9.99140e-01	9.99269e-01	9.96083e-01	9.19486e-01
9.70000e+02	9.99686e-01	1.07113e+00	9.99047e-01	9.99176e-01	9.95543e-01	9.18894e-01
9.70500e+02	9.99658e-01	1.07110e+00	9.98944e-01	9.99073e-01	9.94918e-01	9.18208e-01
9.71000e+02	9.99628e-01	1.07108e+00	9.98827e-01	9.98956e-01	9.94193e-01	9.17415e-01
9.71500e+02	9.99594e-01	1.07105e+00	9.98695e-01	9.98824e-01	9.93349e-01	9.16493e-01
9.72000e+02	9.99557e-01	1.07101e+00	9.98546e-01	9.98675e-01	9.92366e-01	9.15419e-01
9.72500e+02	9.99515e-01	1.07098e+00	9.98377e-01	9.98506e-01	9.91217e-01	9.14169e-01
9.73000e+02	9.99469e-01	1.07093e+00	9.98186e-01	9.98315e-01	9.89872e-01	9.12705e-01
9.73500e+02	9.99418e-01	1.07089e+00	9.97969e-01	9.98098e-01	9.88292e-01	9.10990e-01
9.74000e+02	9.99361e-01	1.07084e+00	9.97723e-01	9.97852e-01	9.86433e-01	9.08974e-01
9.74500e+02	9.99298e-01	1.07078e+00	9.97441e-01	9.97570e-01	9.84239e-01	9.06600e-01
9.75000e+02	9.99228e-01	1.07072e+00	9.97120e-01	9.97249e-01	9.81644e-01	9.03798e-01
9.75500e+02	9.99149e-01	1.07065e+00	9.96753e-01	9.96882e-01	9.78566e-01	9.00481e-01
9.76000e+02	9.99061e-01	1.07057e+00	9.96332e-01	9.96461e-01	9.74907e-01	8.96548e-01
9.76500e+02	9.98963e-01	1.07048e+00	9.95849e-01	9.95978e-01	9.70548e-01	8.91872e-01
9.77000e+02	9.98853e-01	1.07038e+00	9.95292e-01	9.95420e-01	9.65342e-01	8.86303e-01
9.77500e+02	9.98729e-01	1.07027e+00	9.94651e-01	9.94779e-01	9.59114e-01	8.79659e-01
9.78000e+02	9.98589e-01	1.07015e+00	9.93909e-01	9.94037e-01	9.51648e-01	8.71718e-01
9.78500e+02	9.98432e-01	1.07001e+00	9.93050e-01	9.93178e-01	9.42686e-01	8.62220e-01
9.79000e+02	9.98255e-01	1.06985e+00	9.92052e-01	9.92180e-01	9.31918e-01	8.50853e-01
9.79500e+02	9.98055e-01	1.06967e+00	9.90890e-01	9.91018e-01	9.18977e-01	8.37250e-01
9.80000e+02	9.97828e-01	1.06946e+00	9.89536e-01	9.89664e-01	9.03429e-01	8.20990e-01
9.80500e+02	9.97571e-01	1.06923e+00	9.87952e-01	9.88080e-01	8.84777e-01	8.01595e-01
9.81000e+02	9.97278e-01	1.06896e+00	9.86095e-01	9.86222e-01	8.62463e-01	7.78547e-01
9.81500e+02	9.96946e-01	1.06866e+00	9.83913e-01	9.84040e-01	8.35885e-01	7.51304e-01
9.82000e+02	9.96566e-01	1.06832e+00	9.81344e-01	9.81471e-01	8.04428e-01	7.19344e-01
9.82500e+02	9.96133e-01	1.06793e+00	9.78310e-01	9.78436e-01	7.67522e-01	6.82229e-01
9.83000e+02	9.95636e-01	1.06747e+00	9.74720e-01	9.74846e-01	7.24725e-01	6.39692e-01
9.83500e+02	9.95067e-01	1.06696e+00	9.70463e-01	9.70588e-01	6.75833e-01	5.91743e-01
9.84000e+02	9.94412e-01	1.06636e+00	9.65401e-01	9.65526e-01	6.21017e-01	5.38782e-01
9.84500e+02	9.93658e-01	1.06567e+00	9.59373e-01	9.59497e-01	5.60938e-01	4.81689e-01
9.85000e+02	9.92787e-01	1.06488e+00	9.52181e-01	9.52304e-01	4.96834e-01	4.21850e-01
9.85500e+02	9.91780e-01	1.06396e+00	9.43586e-01	9.43708e-01	4.30502e-01	3.61094e-01
9.86000e+02	9.90612e-01	1.06289e+00	9.33305e-01	9.33425e-01	3.64165e-01	3.01509e-01
9.86500e+02	9.89255e-01	1.06164e+00	9.21000e-01	9.21119e-01	3.00211e-01	2.45188e-01
9.87000e+02	9.87674e-01	1.06019e+00	9.06276e-01	9.06393e-01	2.40872e-01	1.93932e-01
9.87500e+02	9.85828e-01	1.05850e+00	8.88675e-01	8.88790e-01	1.87908e-01	1.49039e-01
9.88000e+02	9.83668e-01	1.05651e+00	8.67682e-01	8.67794e-01	1.42418e-01	1.11171e-01
9.88500e+02	9.81135e-01	1.05417e+00	8.42733e-01	8.42842e-01	1.04779e-01	8.03820e-02
9.89000e+02	9.78156e-01	1.05142e+00	8.13244e-01	8.13349e-01	7.47370e-02	5.62274e-02
9.89500e+02	9.74647e-01	1.04817e+00	7.78649e-01	7.78749e-01	5.15790e-02	3.79345e-02
9.90000e+02	9.70503e-01	1.04432e+00	7.38475e-01	7.38570e-01	3.43260e-02	2.45648e-02
9.90500e+02	9.65598e-01	1.03976e+00	6.92431e-01	6.92520e-01	2.19120e-02	1.51509e-02
9.91000e+02	9.59783e-01	1.03433e+00	6.40529e-01	6.40612e-01	1.33010e-02	8.79122e-03
9.91500e+02	9.52876e-01	1.02788e+00	5.83201e-01	5.83276e-01	7.57200e-03	4.70140e-03
9.92000e+02	9.44659e-01	1.02017e+00	5.21401e-01	5.21468e-01	3.95000e-03	2.23106e-03
9.92500e+02	9.34873e-01	1.01096e+00	4.56629e-01	4.56688e-01	1.81400e-03	8.69329e-04
9.93000e+02	9.23211e-01	9.99947e-01	3.90864e-01	3.90914e-01	6.85000e-04	2.24492e-04
9.93500e+02	9.09313e-01	9.86763e-01	3.26367e-01	3.26409e-01	2.08000e-04	1.29337e-05
9.94000e+02	8.92762e-01	9.70988e-01	2.65402e-01	2.65436e-01	1.29000e-04	3.23342e-05
9.94500e+02	8.73087e-01	9.52130e-01	2.09921e-01	2.09948e-01	2.73000e-04	1.49661e-04
9.95000e+02	8.49768e-01	9.29638e-01	1.61326e-01	1.61347e-01	5.27000e-04	2.83618e-04
9.95500e+02	8.22257e-01	9.02908e-01	1.20336e-01	1.20352e-01	8.22000e-04	3.86163e-04
9.96000e+02	7.90008e-01	8.71313e-01	8.70090e-02	8.70202e-02	1.12000e-03	4.38822e-04
9.96500e+02	7.52537e-01	8.34248e-01	6.08630e-02	6.08709e-02	1.40300e-03	4.39746e-04
9.97000e+02	7.09493e-01	7.91205e-01	4.10620e-02	4.10673e-02	1.66700e-03	3.97249e-04
9.97500e+02	6.60762e-01	7.41873e-01	2.65900e-02	2.65934e-02	1.91600e-03	3.24266e-04
9.98000e+02	6.06577e-01	6.86265e-01	1.64000e-02	1.64021e-02	2.15500e-03	2.36502e-04
9.98500e+02	5.47619e-01	6.24844e-01	9.51600e-03	9.51723e-03	2.39000e-03	1.49661e-04
9.99000e+02	4.85079e-01	5.58631e-01	5.08900e-03	5.08966e-03	2.62300e-03	7.57545e-05
9.99500e+02	4.20635e-01	4.89234e-01	2.41500e-03	2.41531e-03	2.85600e-03	2.49436e-05
1.00000e+03	3.56330e-01	4.18773e-01	9.41000e-04	9.41121e-04	3.08600e-03	1.84767e-06
1.00050e+03	2.94350e-01	3.49671e-01	2.43000e-04	2.43031e-04	3.30900e-03	7.39068e-06
1.00100e+03	2.36740e-01	2.84353e-01	1.40000e-05	1.40018e-05	3.51700e-03	4.24964e-05
1.00150e+03	1.85141e-01	2.24910e-01	3.50000e-05	3.50045e-05	3.70100e-03	1.02546e-04
1.00200e+03	1.40610e-01	1.72845e-01	1.62000e-04	1.62021e-04	3.85300e-03	1.81072e-04
1.00250e+03	1.03557e-01	1.28928e-01	3.07000e-04	3.07040e-04	3.96200e-03	2.71608e-04
1.00300e+03	7.38120e-02	9.32218e-02	4.18000e-04	4.18054e-04	4.02200e-03	3.66763e-04
1.00350e+03	5.07620e-02	6.52089e-02	4.75000e-04	4.75061e-04	4.02700e-03	4.60070e-04
1.00400e+03	3.35230e-02	4.39940e-02	4.76000e-04	4.76061e-04	3.97100e-03	5.45987e-04
1.00450e+03	2.11010e-02	2.84886e-02	4.30000e-04	4.30055e-04	3.85600e-03	6.19894e-04
1.00500e+03	1.25060e-02	1.75710e-02	3.51000e-04	3.51045e-04	3.68200e-03	6.78095e-04
1.00550e+03	6.83700e-03	1.01955e-02	2.56000e-04	2.56033e-04	3.45600e-03	7.22439e-04
1.00600e+03	3.32300e-03	5.45238e-03	1.62000e-04	1.62021e-04	3.18600e-03	7.53850e-04
1.00650e+03	1.33000e-03	2.58744e-03	8.20000e-05	8.20106e-05	2.88500e-03	7.76946e-04
1.00700e+03	3.62000e-04	1.00819e-03	2.70000e-05	2.70035e-05	2.56700e-03	7.98194e-04
1.00750e+03	4.50000e-05	2.60351e-04	2.00000e-06	2.00026e-06	2.25000e-03	8.26833e-04
1.00800e+03	1.06000e-04	1.49997e-05	8.00000e-06	8.00103e-06	1.95200e-03	8.73025e-04
1.00850e+03	3.55000e-04	3.74991e-05	4.60000e-05	4.60059e-05	1.69500e-03	9.48779e-04
1.00900e+03	6.67000e-04	1.73567e-04	1.11000e-04	1.11014e-04	1.50000e-03	1.06795e-03
1.00950e+03	9.67000e-04	3.28921e-04	1.96000e-04	1.96025e-04	1.38700e-03	1.24348e-03
1.01000e+03	1.21700e-03	4.47847e-04	2.94000e-04	2.94038e-04	1.37900e-03	1.48830e-03
1.01050e+03	1.40200e-03	5.08917e-04	3.97000e-04	3.97051e-04	1.49300e-03	1.81718e-03
1.01100e+03	1.52500e-03	5.09988e-04	4.98000e-04	4.98064e-04	1.74800e-03	2.24215e-03
1.01150e+03	1.60100e-03	4.60704e-04	5.91000e-04	5.91076e-04	2.15800e-03	2.77335e-03
1.01200e+03	1.64800e-03	3.76063e-04	6.71000e-04	6.71087e-04	2.73600e-03	3.42004e-03
1.01250e+03	1.68600e-03	2.74279e-04	7.34000e-04	7.34095e-04	3.48800e-03	4.18959e-03
1.01300e+03	1.73600e-03	1.73567e-04	7.82000e-04	7.82101e-04	4.41900e-03	5.08664e-03
1.01350e+03	1.81300e-03	8.78551e-05	8.16000e-04	8.16105e-04	5.53000e-03	6.11302e-03
1.01400e+03	1.93100e-03	2.89279e-05	8.41000e-04	8.41109e-04	6.81700e-03	7.26781e-03
1.01450e+03	2.09600e-03	2.14281e-06	8.64000e-04	8.64112e-04	8.27100e-03	8.54640e-03
1.01500e+03	2.31500e-03	8.57123e-06	8.95000e-04	8.95116e-04	9.87900e-03	9.94139e-03
1.01550e+03	2.58600e-03	4.92846e-05	9.45000e-04	9.45122e-04	1.16270e-02	1.14436e-02
1.01600e+03	2.90700e-03	1.18926e-04	1.02700e-03	1.02713e-03	1.34950e-02	1.30409e-02
1.01650e+03	3.27200e-03	2.09995e-04	1.15600e-03	1.15615e-03	1.54600e-02	1.47167e-02
1.01700e+03	3.67200e-03	3.14993e-04	1.34600e-03	1.34617e-03	1.74980e-02	1.64554e-02
1.01750e+03	4.10000e-03	4.25347e-04	1.61100e-03	1.61121e-03	1.95810e-02	1.82374e-02
1.01800e+03	4.54600e-03	5.33559e-04	1.96700e-03	1.96725e-03	2.16810e-02	2.00417e-02
1.01850e+03	5.00000e-03	6.33200e-04	2.42700e-03	2.42731e-03	2.37710e-02	2.18478e-02
1.01900e+03	5.45500e-03	7.18912e-04	3.00200e-03	3.00239e-03	2.58190e-02	2.36336e-02
1.01950e+03	5.90600e-03	7.86411e-04	3.70200e-03	3.70248e-03	2.77980e-02	2.53750e-02
1.02000e+03	6.34600e-03	8.37838e-04	4.53500e-03	4.53559e-03	2.96790e-02	2.70527e-02
1.02050e+03	6.77300e-03	8.74266e-04	5.50600e-03	5.50671e-03	3.14370e-02	2.86426e-02
1.02100e+03	7.18700e-03	9.01051e-04	6.61700e-03	6.61785e-03	3.30460e-02	3.01254e-02
1.02150e+03	7.59100e-03	9.25693e-04	7.86700e-03	7.86802e-03	3.44830e-02	3.14825e-02
1.02200e+03	7.98700e-03	9.58907e-04	9.25100e-03	9.25219e-03	3.57290e-02	3.26945e-02
1.02250e+03	8.38200e-03	1.01248e-03	1.07610e-02	1.07624e-02	3.67660e-02	3.37468e-02
1.02300e+03	8.78400e-03	1.10033e-03	1.23870e-02	1.23886e-02	3.75810e-02	3.46263e-02
1.02350e+03	9.20200e-03	1.23854e-03	1.41160e-02	1.41178e-02	3.81630e-02	3.53201e-02
1.02400e+03	9.64600e-03	1.44211e-03	1.59300e-02	1.59321e-02	3.85030e-02	3.58208e-02
1.02450e+03	1.01270e-02	1.72603e-03	1.78120e-02	1.78143e-02	3.85990e-02	3.61201e-02
1.02500e+03	1.06560e-02	2.10745e-03	1.97410e-02	1.97435e-02	3.84500e-02	3.62171e-02
1.02550e+03	1.12430e-02	2.60030e-03	2.16940e-02	2.16968e-02	3.80580e-02	3.61081e-02
1.02600e+03	1.19000e-02	3.21636e-03	2.36490e-02	2.36521e-02	3.74310e-02	3.57968e-02
1.02650e+03	1.26350e-02	3.96634e-03	2.55820e-02	2.55853e-02	3.65770e-02	3.52859e-02
1.02700e+03	1.34560e-02	4.85882e-03	2.74670e-02	2.74705e-02	3.55090e-02	3.45838e-02
1.02750e+03	1.43690e-02	5.89915e-03	2.92830e-02	2.92868e-02	3.42430e-02	3.36978e-02
1.02800e+03	1.53770e-02	7.08948e-03	3.10040e-02	3.10080e-02	3.27980e-02	3.26419e-02
1.02850e+03	1.64840e-02	8.42874e-03	3.26090e-02	3.26132e-02	3.11930e-02	3.14289e-02
1.02900e+03	1.76870e-02	9.91156e-03	3.40780e-02	3.40824e-02	2.94530e-02	3.00745e-02
1.02950e+03	1.89850e-02	1.15294e-02	3.53900e-02	3.53946e-02	2.76010e-02	2.85973e-02
1.03000e+03	2.03700e-02	1.32715e-02	3.65290e-02	3.65337e-02	2.56640e-02	2.70148e-02
1.03050e+03	2.18360e-02	1.51239e-02	3.74810e-02	3.74858e-02	2.36670e-02	2.53482e-02
1.03100e+03	2.33710e-02	1.70675e-02	3.82320e-02	3.82369e-02	2.16380e-02	2.36179e-02
1.03150e+03	2.49630e-02	1.90839e-02	3.87740e-02	3.87790e-02	1.96030e-02	2.18459e-02
1.03200e+03	2.65980e-02	2.11506e-02	3.90980e-02	3.91030e-02	1.75900e-02	2.00546e-02
1.03250e+03	2.82600e-02	2.32430e-02	3.92030e-02	3.92081e-02	1.56230e-02	1.82633e-02
1.03300e+03	2.99300e-02	2.53376e-02	3.90850e-02	3.90900e-02	1.37250e-02	1.64942e-02
1.03350e+03	3.15920e-02	2.74087e-02	3.87480e-02	3.87530e-02	1.19190e-02	1.47666e-02
1.03400e+03	3.32250e-02	2.94283e-02	3.81950e-02	3.81999e-02	1.02220e-02	1.30991e-02
1.03450e+03	3.48110e-02	3.13739e-02	3.74350e-02	3.74398e-02	8.65200e-03	1.15082e-02
1.03500e+03	3.63300e-02	3.32178e-02	3.64760e-02	3.64807e-02	7.22200e-03	1.00079e-02
1.03550e+03	3.77640e-02	3.49374e-02	3.53330e-02	3.53376e-02	5.94000e-03	8.61107e-03
1.03600e+03	3.90940e-02	3.65113e-02	3.40200e-02	3.40244e-02	4.81500e-03	7.32694e-03
1.03650e+03	4.03030e-02	3.79170e-02	3.25540e-02	3.25582e-02	3.84800e-03	6.16383e-03
1.03700e+03	4.13760e-02	3.91373e-02	3.09550e-02	3.09590e-02	3.03800e-03	5.12452e-03
1.03750e+03	4.22980e-02	4.01573e-02	2.92420e-02	2.92458e-02	2.38300e-03	4.21269e-03
1.03800e+03	4.30580e-02	4.09619e-02	2.74380e-02	2.74415e-02	1.87400e-03	3.42466e-03
1.03850e+03	4.36450e-02	4.15426e-02	2.55650e-02	2.55683e-02	1.50200e-03	2.75950e-03
1.03900e+03	4.40500e-02	4.18898e-02	2.36470e-02	2.36501e-02	1.25600e-03	2.21074e-03
1.03950e+03	4.42680e-02	4.20023e-02	2.17080e-02	2.17108e-02	1.12000e-03	1.76915e-03
1.04000e+03	4.42950e-02	4.18758e-02	1.97690e-02	1.97716e-02	1.08100e-03	1.42548e-03
1.04050e+03	4.41310e-02	4.15148e-02	1.78540e-02	1.78563e-02	1.12000e-03	1.16865e-03
1.04100e+03	4.37750e-02	4.09223e-02	1.59840e-02	1.59861e-02	1.22200e-03	9.86656e-04
1.04150e+03	4.32330e-02	4.01080e-02	1.41790e-02	1.41808e-02	1.37100e-03	8.65634e-04
1.04200e+03	4.25090e-02	3.90805e-02	1.24570e-02	1.24586e-02	1.55000e-03	7.92651e-04
1.04250e+03	4.16130e-02	3.78559e-02	1.08330e-02	1.08344e-02	1.74500e-03	7.54774e-04
1.04300e+03	4.05540e-02	3.64492e-02	9.32100e-03	9.32220e-03	1.94400e-03	7.39992e-04
1.04350e+03	3.93450e-02	3.48785e-02	7.93100e-03	7.93202e-03	2.13700e-03	7.36297e-04
1.04400e+03	3.80010e-02	3.31653e-02	6.67200e-03	6.67286e-03	2.31400e-03	7.33525e-04
1.04450e+03	3.65370e-02	3.13300e-02	5.54700e-03	5.54772e-03	2.47000e-03	7.24287e-04
1.04500e+03	3.49710e-02	2.93972e-02	4.56000e-03	4.56059e-03	2.60400e-03	7.01191e-04
1.04550e+03	3.33210e-02	2.73904e-02	3.70700e-03	3.70748e-03	2.71400e-03	6.61466e-04
1.04600e+03	3.16070e-02	2.53355e-02	2.98700e-03	2.98739e-03	2.80400e-03	6.03265e-04
1.04650e+03	2.98480e-02	2.32580e-02	2.39300e-03	2.39331e-03	2.87900e-03	5.26586e-04
1.04700e+03	2.80640e-02	2.11806e-02	1.91500e-03	1.91525e-03	2.94800e-03	4.35127e-04
1.04750e+03	2.62760e-02	1.91288e-02	1.54300e-03	1.54320e-03	3.02000e-03	3.33505e-04
1.04800e+03	2.45020e-02	1.71253e-02	1.26500e-03	1.26516e-03	3.10500e-03	2.30035e-04
1.04850e+03	2.27610e-02	1.51914e-02	1.06800e-03	1.06814e-03	3.21600e-03	1.34880e-04
1.04900e+03	2.10710e-02	1.33465e-02	9.37000e-04	9.37121e-04	3.36300e-03	5.72778e-05
1.04950e+03	1.94470e-02	1.16065e-02	8.58000e-04	8.58111e-04	3.55800e-03	9.23836e-06
1.05000e+03	1.79040e-02	9.98656e-03	8.17000e-04	8.17105e-04	3.80900e-03	3.69534e-06
1.05050e+03	1.64540e-02	8.49731e-03	8.01000e-04	8.01103e-04	4.12200e-03	5.08110e-05
1.05100e+03	1.51060e-02	7.14841e-03	7.97000e-04	7.97103e-04	4.49800e-03	1.61671e-04
1.05150e+03	1.38680e-02	5.94308e-03	7.94000e-04	7.94102e-04	4.93700e-03	3.45515e-04
1.05200e+03	1.27450e-02	4.88560e-03	7.84000e-04	7.84101e-04	5.43000e-03	6.07884e-04
1.05250e+03	1.17390e-02	3.97170e-03	7.59000e-04	7.59098e-04	5.96400e-03	9.52474e-04
1.05300e+03	1.08500e-02	3.20028e-03	7.16000e-04	7.16092e-04	6.52000e-03	1.37744e-03
1.05350e+03	1.00760e-02	2.56387e-03	6.53000e-04	6.53084e-04	7.07400e-03	1.87723e-03
1.05400e+03	9.41100e-03	2.05174e-03	5.70000e-04	5.70074e-04	7.59400e-03	2.44077e-03
1.05450e+03	8.84900e-03	1.65318e-03	4.71000e-04	4.71061e-04	8.04700e-03	3.05235e-03
1.05500e+03	8.38000e-03	1.35533e-03	3.61000e-04	3.61047e-04	8.39400e-03	3.69072e-03
1.05550e+03	7.99300e-03	1.14426e-03	2.49000e-04	2.49032e-04	8.59700e-03	4.33002e-03
1.05600e+03	7.67800e-03	1.00391e-03	1.46000e-04	1.46019e-04	8.61900e-03	4.93882e-03
1.05650e+03	7.42100e-03	9.19265e-04	6.20000e-05	6.20080e-05	8.43000e-03	5.48481e-03
1.05700e+03	7.20900e-03	8.75337e-04	1.00000e-05	1.00013e-05	8.01000e-03	5.93380e-03
1.05750e+03	7.02800e-03	8.58195e-04	4.00000e-06	4.00052e-06	7.35800e-03	6.24882e-03
1.05800e+03	6.86600e-03	8.53909e-04	5.50000e-05	5.50071e-05	6.49700e-03	6.40218e-03
1.05850e+03	6.71000e-03	8.50695e-04	1.75000e-04	1.75023e-04	5.48600e-03	6.36892e-03
1.05900e+03	6.54900e-03	8.39981e-04	3.74000e-04	3.74048e-04	4.43000e-03	6.13704e-03
1.05950e+03	6.37400e-03	8.13196e-04	6.58000e-04	6.58085e-04	3.49600e-03	5.71392e-03
1.06000e+03	6.17600e-03	7.67125e-04	1.03100e-03	1.03113e-03	2.92700e-03	5.13006e-03
1.06050e+03	5.95000e-03	6.99627e-04	1.49100e-03	1.49119e-03	3.06000e-03	4.44919e-03
1.06100e+03	5.69100e-03	6.10700e-04	2.03200e-03	2.03226e-03	4.34300e-03	3.77941e-03
1.06150e+03	5.39800e-03	5.04631e-04	2.64200e-03	2.64234e-03	7.35200e-03	3.28239e-03
1.06200e+03	5.07200e-03	3.86777e-04	3.30400e-03	3.30443e-03	1.27900e-02	3.18816e-03
1.06250e+03	4.71800e-03	2.66780e-04	3.99500e-03	3.99552e-03	2.14920e-02	3.80990e-03
1.06300e+03	4.34000e-03	1.56425e-04	4.68700e-03	4.68760e-03	3.43830e-02	5.55502e-03
1.06350e+03	3.94800e-03	6.64271e-05	5.34600e-03	5.34669e-03	5.24330e-02	8.93441e-03
1.06400e+03	3.55200e-03	1.07140e-05	5.93700e-03	5.93777e-03	7.65500e-02	1.45670e-02
1.06450e+03	3.16400e-03	4.28562e-06	6.42300e-03	6.42383e-03	1.07460e-01	2.31707e-02
1.06500e+03	2.79700e-03	5.89272e-05	6.76400e-03	6.76487e-03	1.45557e-01	3.55353e-02
1.06550e+03	2.46500e-03	1.87496e-04	6.93000e-03	6.93089e-03	1.90761e-01	5.24683e-02
1.06600e+03	2.18300e-03	4.00705e-04	6.89400e-03	6.89489e-03	2.42432e-01	7.47189e-02
1.06650e+03	1.96500e-03	7.04984e-04	6.64300e-03	6.64386e-03	2.99370e-01	1.02872e-01
1.06700e+03	1.82200e-03	1.10462e-03	6.18500e-03	6.18580e-03	3.59909e-01	1.37231e-01
1.06750e+03	1.76600e-03	1.59746e-03	5.55300e-03	5.55372e-03	4.22119e-01	1.77714e-01
1.06800e+03	1.80400e-03	2.17709e-03	4.81600e-03	4.81662e-03	4.84036e-01	2.23779e-01
1.06850e+03	1.94100e-03	2.83065e-03	4.09100e-03	4.09153e-03	5.43890e-01	2.74429e-01
1.06900e+03	2.17800e-03	3.53992e-03	3.55300e-03	3.55346e-03	6.00267e-01	3.28287e-01
1.06950e+03	2.50800e-03	4.28026e-03	3.45100e-03	3.45145e-03	6.52184e-01	3.83747e-01
1.07000e+03	2.92400e-03	5.02167e-03	4.12400e-03	4.12453e-03	6.99089e-01	4.39156e-01
1.07050e+03	3.41000e-03	5.72773e-03	6.01300e-03	6.01378e-03	7.40799e-01	4.93004e-01
1.07100e+03	3.94700e-03	6.36093e-03	9.67100e-03	9.67225e-03	7.77420e-01	5.44046e-01
1.07150e+03	4.50800e-03	6.88163e-03	1.57680e-02	1.57700e-02	8.09249e-01	5.91385e-01
1.07200e+03	5.06500e-03	7.24698e-03	2.50810e-02	2.50842e-02	8.36701e-01	6.34477e-01
1.07250e+03	5.58500e-03	7.42483e-03	3.84650e-02	3.84700e-02	8.60243e-01	6.73095e-01
1.07300e+03	6.03200e-03	7.38626e-03	5.67940e-02	5.68013e-02	8.80349e-01	7.07263e-01
1.07350e+03	6.37300e-03	7.11734e-03	8.08790e-02	8.08894e-02	8.97476e-01	7.37186e-01
1.07400e+03	6.57600e-03	6.62663e-03	1.11353e-01	1.11367e-01	9.12041e-01	7.63182e-01
1.07450e+03	6.61700e-03	5.94951e-03	1.48545e-01	1.48564e-01	9.24420e-01	7.85632e-01
1.07500e+03	6.47900e-03	5.15988e-03	1.92365e-01	1.92390e-01	9.34940e-01	8.04932e-01
1.07550e+03	6.16400e-03	4.38311e-03	2.42228e-01	2.42259e-01	9.43887e-01	8.21476e-01
1.07600e+03	5.69500e-03	3.80670e-03	2.97054e-01	2.97092e-01	9.51503e-01	8.35628e-01
1.07650e+03	5.12400e-03	3.69742e-03	3.55352e-01	3.55398e-01	9.57995e-01	8.47723e-01
1.07700e+03	4.54300e-03	4.41847e-03	4.15384e-01	4.15438e-01	9.63538e-01	8.58055e-01
1.07750e+03	4.09200e-03	6.44235e-03	4.75362e-01	4.75423e-01	9.68278e-01	8.66885e-01
1.07800e+03	3.97300e-03	1.03615e-02	5.33649e-01	5.33718e-01	9.72341e-01	8.74435e-01
1.07850e+03	4.45800e-03	1.68939e-02	5.88899e-01	5.88975e-01	9.75830e-01	8.80900e-01
1.07900e+03	5.91100e-03	2.68719e-02	6.40141e-01	6.40224e-01	9.78832e-01	8.86442e-01
1.07950e+03	8.78600e-03	4.12116e-02	6.86786e-01	6.86875e-01	9.81420e-01	8.91201e-01
1.08000e+03	1.36440e-02	6.08493e-02	7.28587e-01	7.28681e-01	9.83658e-01	8.95294e-01
1.08050e+03	2.11440e-02	8.66541e-02	7.65572e-01	7.65671e-01	9.85595e-01	8.98821e-01
1.08100e+03	3.20270e-02	1.19304e-01	7.97962e-01	7.98065e-01	9.87277e-01	9.01866e-01
1.08150e+03	4.70830e-02	1.59152e-01	8.26102e-01	8.26209e-01	9.88739e-01	9.04501e-01
1.08200e+03	6.70900e-02	2.06101e-01	8.50402e-01	8.50512e-01	9.90014e-01	9.06784e-01
1.08250e+03	9.27310e-02	2.59524e-01	8.71294e-01	8.71406e-01	9.91128e-01	9.08768e-01
1.08300e+03	1.24492e-01	3.18265e-01	8.89201e-01	8.89316e-01	9.92102e-01	9.10494e-01
1.08350e+03	1.62552e-01	3.80726e-01	9.04520e-01	9.04637e-01	9.92957e-01	9.11999e-01
1.08400e+03	2.06695e-01	4.45044e-01	9.17612e-01	9.17730e-01	9.93707e-01	9.13315e-01
1.08450e+03	2.56263e-01	5.09305e-01	9.28796e-01	9.28916e-01	9.94368e-01	9.14468e-01
1.08500e+03	3.10173e-01	5.71754e-01	9.38354e-01	9.38475e-01	9.94951e-01	9.15479e-01
1.08550e+03	3.67009e-01	6.30949e-01	9.46527e-01	9.46649e-01	9.95466e-01	9.16366e-01
1.08600e+03	4.25172e-01	6.85850e-01	9.53525e-01	9.53648e-01	9.95922e-01	9.17149e-01
1.08650e+03	4.83050e-01	7.35825e-01	9.59524e-01	9.59648e-01	9.96326e-01	9.17839e-01
1.08700e+03	5.39183e-01	7.80611e-01	9.64675e-01	9.64800e-01	9.96685e-01	9.18450e-01
1.08750e+03	5.92381e-01	8.20237e-01	9.69105e-01	9.69230e-01	9.97005e-01	9.18989e-01
1.08800e+03	6.41785e-01	8.54940e-01	9.72923e-01	9.73049e-01	9.97290e-01	9.19469e-01
1.08850e+03	6.86873e-01	8.85089e-01	9.76219e-01	9.76345e-01	9.97544e-01	9.19894e-01
1.08900e+03	7.27422e-01	9.11124e-01	9.79071e-01	9.79197e-01	9.97771e-01	9.20273e-01
1.08950e+03	7.63451e-01	9.33508e-01	9.81543e-01	9.81670e-01	9.97974e-01	9.20611e-01
1.09000e+03	7.95154e-01	9.52694e-01	9.83690e-01	9.83817e-01	9.98157e-01	9.20913e-01
1.09050e+03	8.22836e-01	9.69106e-01	9.85559e-01	9.85686e-01	9.98321e-01	9.21182e-01
1.09100e+03	8.46866e-01	9.83133e-01	9.87188e-01	9.87315e-01	9.98468e-01	9.21423e-01
1.09150e+03	8.67635e-01	9.95116e-01	9.88612e-01	9.88740e-01	9.98600e-01	9.21641e-01
1.09200e+03	8.85531e-01	1.00536e+00	9.89860e-01	9.89988e-01	9.98720e-01	9.21835e-01
1.09250e+03	9.00919e-01	1.01411e+00	9.90954e-01	9.91082e-01	9.98828e-01	9.22010e-01
1.09300e+03	9.14137e-01	1.02161e+00	9.91915e-01	9.92043e-01	9.98926e-01	9.22167e-01
1.09350e+03	9.25484e-01	1.02804e+00	9.92762e-01	9.92890e-01	9.99014e-01	9.22309e-01
1.09400e+03	9.35228e-01	1.03356e+00	9.93509e-01	9.93637e-01	9.99094e-01	9.22438e-01
1.09450e+03	9.43598e-01	1.03830e+00	9.94170e-01	9.94298e-01	9.99167e-01	9.22554e-01
1.09500e+03	9.50796e-01	1.04239e+00	9.94754e-01	9.94882e-01	9.99233e-01	9.22659e-01
1.09550e+03	9.56993e-01	1.04593e+00	9.95273e-01	9.95401e-01	9.99293e-01	9.22754e-01
1.09600e+03	9.62336e-01	1.04898e+00	9.95734e-01	9.95863e-01	9.99347e-01	9.22841e-01
1.09650e+03	9.66950e-01	1.05163e+00	9.96144e-01	9.96273e-01	9.99397e-01	9.22919e-01
1.09700e+03	9.70940e-01	1.05393e+00	9.96510e-01	9.96639e-01	9.99443e-01	9.22990e-01
1.09750e+03	9.74398e-01	1.05593e+00	9.96836e-01	9.96965e-01	9.99484e-01	9.23056e-01
1.09800e+03	9.77400e-01	1.05768e+00	9.97128e-01	9.97257e-01	9.99522e-01	9.23115e-01
1.09850e+03	9.80011e-01	1.05920e+00	9.97389e-01	9.97518e-01	9.99557e-01	9.23169e-01
1.09900e+03	9.82287e-01	1.06054e+00	9.97624e-01	9.97753e-01	9.99589e-01	9.23218e-01
1.09950e+03	9.84273e-01	1.06171e+00	9.97834e-01	9.97963e-01	9.99618e-01	9.23264e-01
1.10000e+03	9.86011e-01	1.06274e+00	9.98024e-01	9.98153e-01	9.99645e-01	9.23305e-01
1.10050e+03	9.87534e-01	1.06365e+00	9.98194e-01	9.98323e-01	9.99669e-01	9.23343e-01
1.10100e+03	9.88871e-01	1.06445e+00	9.98348e-01	9.98477e-01	9.99692e-01	9.23378e-01
1.10150e+03	9.90048e-01	1.06516e+00	9.98487e-01	9.98616e-01	9.99713e-01	9.23411e-01
1.10200e+03	9.91084e-01	1.06578e+00	9.98613e-01	9.98742e-01	9.99732e-01	9.23440e-01
1.10250e+03	9.92000e-01	1.06634e+00	9.98726e-01	9.98855e-01	9.99750e-01	9.23467e-01
1.10300e+03	9.92810e-01	1.06683e+00	9.98829e-01	9.98958e-01	9.99766e-01	9.23492e-01
1.10350e+03	9.93527e-01	1.06727e+00	9.98923e-01	9.99052e-01	9.99782e-01	9.23515e-01
1.10400e+03	9.94164e-01	1.06766e+00	9.99008e-01	9.99137e-01	9.99796e-01	9.23536e-01
1.10450e+03	9.94730e-01	1.06801e+00	9.99085e-01	9.99214e-01	9.99809e-01	9.23556e-01
1.10500e+03	9.95234e-01	1.06833e+00	9.99156e-01	9.99285e-01	9.99821e-01	9.23574e-01
1.10550e+03	9.95684e-01	1.06861e+00	9.99220e-01	9.99349e-01	9.99832e-01	9.23591e-01
1.10600e+03	9.96085e-01	1.06886e+00	9.99279e-01	9.99408e-01	9.99842e-01	9.23606e-01
1.10650e+03	9.96445e-01	1.06908e+00	9.99332e-01	9.99461e-01	9.99852e-01	9.23620e-01
1.10700e+03	9.96767e-01	1.06929e+00	9.99381e-01	9.99510e-01	9.99860e-01	9.23633e-01
1.10750e+03	9.97055e-01	1.06947e+00	9.99426e-01	9.99555e-01	9.99869e-01	9.23646e-01
1.10800e+03	9.97315e-01	1.06963e+00	9.99467e-01	9.99596e-01	9.99876e-01	9.23657e-01
1.10850e+03	9.97549e-01	1.06978e+00	9.99505e-01	9.99634e-01	9.99884e-01	9.23668e-01
1.10900e+03	9.97759e-01	1.06992e+00	9.99540e-01	9.99669e-01	9.99890e-01	9.23678e-01
1.10950e+03	9.97949e-01	1.07004e+00	9.99572e-01	9.99701e-01	9.99897e-01	9.23687e-01
1.11000e+03	9.98121e-01	1.07015e+00	9.99601e-01	9.99730e-01	9.99902e-01	9.23696e-01
1.11050e+03	9.98276e-01	1.07025e+00	9.99628e-01	9.99757e-01	9.99908e-01	9.23703e-01
1.11100e+03	9.98417e-01	1.07034e+00	9.99653e-01	9.99782e-01	9.99913e-01	9.23711e-01
1.11150e+03	9.98544e-01	1.07042e+00	9.99676e-01	9.99805e-01	9.99918e-01	9.23718e-01
1.11200e+03	9.98660e-01	1.07050e+00	9.99697e-01	9.99826e-01	9.99922e-01	9.23725e-01
1.11250e+03	9.98765e-01	1.07057e+00	9.99717e-01	9.99846e-01	9.99926e-01	9.23731e-01
1.11300e+03	9.98861e-01	1.07063e+00	9.99735e-01	9.99864e-01	9.99930e-01	9.23737e-01
1.11350e+03	9.98948e-01	1.07069e+00	9.99751e-01	9.99880e-01	9.99934e-01	9.23741e-01
1.11400e+03	9.99028e-01	1.07074e+00	9.99767e-01	9.99896e-01	9.99937e-01	9.23747e-01
1.11450e+03	9.99101e-01	1.07079e+00	9.99781e-01	9.99910e-01	9.99940e-01	9.23751e-01
1.11500e+03	9.99167e-01	1.07083e+00	9.99795e-01	9.99924e-01	9.99943e-01	9.23756e-01
1.11550e+03	9.99228e-01	1.07087e+00	9.99807e-01	9.99936e-01	9.99946e-01	9.23760e-01
1.11600e+03	9.99284e-01	1.07091e+00	9.99819e-01	9.99948e-01	9.99949e-01	9.23764e-01
1.11650e+03	9.99335e-01	1.07095e+00	9.99829e-01	9.99958e-01	9.99951e-01	9.23767e-01
1.11700e+03	9.99382e-01	1.07098e+00	9.99839e-01	9.99968e-01	9.99954e-01	9.23771e-01
1.11750e+03	9.99425e-01	1.07101e+00	9.99849e-01	9.99978e-01	9.99956e-01	9.23774e-01
1.11800e+03	9.99464e-01	1.07103e+00	9.99857e-01	9.99986e-01	9.99958e-01	9.23777e-01
1.11850e+03	9.99501e-01	1.07106e+00	9.99865e-01	9.99994e-01	9.99960e-01	9.23780e-01
1.11900e+03	9.99535e-01	1.07108e+00	9.99873e-01	1.00000e+00	9.99962e-01	9.23782e-01
1.11950e+03	9.99566e-01	1.07110e+00	9.99880e-01	1.00001e+00	9.99964e-01	9.23785e-01
1.12000e+03	9.99594e-01	1.07112e+00	9.99887e-01	1.00002e+00	9.99965e-01	9.23788e-01
1.12050e+03	9.99620e-01	1.07114e+00	9.99893e-01	1.00002e+00	9.99967e-01	9.23789e-01
1.12100e+03	9.99645e-01	1.07115e+00	9.99898e-01	1.00003e+00	9.99968e-01	9.23791e-01
1.12150e+03	9.99667e-01	1.07117e+00	9.99904e-01	1.00003e+00	9.99970e-01	9.23794e-01
1.12200e+03	9.99688e-01	1.07118e+00	9.99909e-01	1.00004e+00	9.99971e-01	9.23796e-01
1.12250e+03	9.99708e-01	1.07120e+00	9.99914e-01	1.00004e+00	9.99972e-01	9.23798e-01
1.12300e+03	9.99726e-01	1.07121e+00	9.99918e-01	1.00005e+00	9.99973e-01	9.23799e-01
1.12350e+03	9.99742e-01	1.07122e+00	9.99922e-01	1.00005e+00	9.99975e-01	9.23800e-01
1.12400e+03	9.99758e-01	1.07123e+00	9.99926e-01	1.00006e+00	9.99976e-01	9.23802e-01
1.12450e+03	9.99772e-01	1.07124e+00	9.99930e-01	1.00006e+00	9.99977e-01	9.23803e-01
1.12500e+03	9.99786e-01	1.07125e+00	9.99933e-01	1.00006e+00	9.99978e-01	9.23805e-01
1.12550e+03	9.99798e-01	1.07126e+00	9.99937e-01	1.00007e+00	9.99979e-01	9.23806e-01
1.12600e+03	9.99810e-01	1.07127e+00	9.99940e-01	1.00007e+00	9.99979e-01	9.23807e-01
1.12650e+03	9.99821e-01	1.07128e+00	9.99942e-01	1.00007e+00	9.99980e-01	9.23809e-01
1.12700e+03	9.99831e-01	1.07128e+00	9.99945e-01	1.00007e+00	9.99981e-01	9.23810e-01
1.12750e+03	9.99840e-01	1.07129e+00	9.99948e-01	1.00008e+00	9.99982e-01	9.23811e-01
1.12800e+03	9.99849e-01	1.07129e+00	9.99950e-01	1.00008e+00	9.99982e-01	9.23812e-01
1.12850e+03	9.99857e-01	1.07130e+00	9.99952e-01	1.00008e+00	9.99983e-01	9.23812e-01
1.12900e+03	9.99865e-01	1.07131e+00	9.99955e-01	1.00008e+00	9.99984e-01	9.23813e-01
1.12950e+03	9.99872e-01	1.07131e+00	9.99957e-01	1.00009e+00	9.99984e-01	9.23814e-01
1.13000e+03	9.99879e-01	1.07132e+00	9.99959e-01	1.00009e+00	9.99985e-01	9.23815e-01
1.13050e+03	9.99885e-01	1.07132e+00	9.99960e-01	1.00009e+00	9.99985e-01	9.23816e-01
1.13100e+03	9.99891e-01	1.07132e+00	9.99962e-01	1.00009e+00	9.99986e-01	9.23816e-01
1.13150e+03	9.99897e-01	1.07133e+00	9.99964e-01	1.00009e+00	9.99986e-01	9.23817e-01
1.13200e+03	9.99902e-01	1.07133e+00	9.99965e-01	1.00009e+00	9.99987e-01	9.23818e-01
1.13250e+03	9.99907e-01	1.07134e+00	9.99967e-01	1.00010e+00	9.99987e-01	9.23819e-01
1.13300e+03	9.99911e-01	1.07134e+00	9.99968e-01	1.00010e+00	9.99988e-01	9.23819e-01
1.13350e+03	9.99916e-01	1.07134e+00	9.99969e-01	1.00010e+00	9.99988e-01	9.23820e-01
1.13400e+03	9.99920e-01	1.07135e+00	9.99971e-01	1.00010e+00	9.99989e-01	9.23821e-01
1.13450e+03	9.99924e-01	1.07135e+00	9.99972e-01	1.00010e+00	9.99989e-01	9.23821e-01
1.13500e+03	9.99927e-01	1.07135e+00	9.99973e-01	1.00010e+00	9.99989e-01	9.23822e-01
1.13550e+03	9.99931e-01	1.07135e+00	9.99974e-01	1.00010e+00	9.99990e-01	9.23822e-01
1.13600e+03	9.99934e-01	1.07136e+00	9.99975e-01	1.00010e+00	9.99990e-01	9.23823e-01
1.13650e+03	9.99937e-01	1.07136e+00	9.99976e-01	1.00011e+00	9.99990e-01	9.23823e-01
1.13700e+03	9.99940e-01	1.07136e+00	9.99977e-01	1.00011e+00	9.99991e-01	9.23824e-01
1.13750e+03	9.99943e-01	1.07136e+00	9.99978e-01	1.00011e+00	9.99991e-01	9.23824e-01
1.13800e+03	9.99945e-01	1.07136e+00	9.99979e-01	1.00011e+00	9.99991e-01	9.23824e-01
1.13850e+03	9.99948e-01	1.07137e+00	9.99979e-01	1.00011e+00	9.99992e-01	9.23824e-01
1.13900e+03	9.99950e-01	1.07137e+00	9.99980e-01	1.00011e+00	9.99992e-01	9.23824e-01
1.13950e+03	9.99952e-01	1.07137e+00	9.99981e-01	1.00011e+00	9.99992e-01	9.23825e-01
1.14000e+03	9.99954e-01	1.07137e+00	9.99982e-01	1.00011e+00	9.99992e-01	9.23825e-01
1.14050e+03	9.99956e-01	1.07137e+00	9.99982e-01	1.00011e+00	9.99993e-01	9.23825e-01
1.14100e+03	9.99958e-01	1.07137e+00	9.99983e-01	1.00011e+00	9.99993e-01	9.23826e-01
1.14150e+03	9.99960e-01	1.07137e+00	9.99984e-01	1.00011e+00	9.99993e-01	9.23826e-01
1.14200e+03	9.99961e-01	1.07138e+00	9.99984e-01	1.00011e+00	9.99993e-01	9.23826e-01
1.14250e+03	9.99963e-01	1.07138e+00	9.99985e-01	1.00011e+00	9.99993e-01	9.23826e-01
1.14300e+03	9.99964e-01	1.07138e+00	9.99985e-01	1.00011e+00	9.99994e-01	9.23799e-01
1.14350e+03	9.99966e-01	1.07138e+00	9.99986e-01	1.00012e+00	9.99994e-01	9.23797e-01
1.14400e+03	9.99967e-01	1.07138e+00	9.99986e-01	1.00012e+00	9.99994e-01	9.23794e-01
1.14450e+03	9.99968e-01	1.07138e+00	9.99987e-01	1.00012e+00	9.99994e-01	9.23791e-01
1.14500e+03	9.99970e-01	1.07138e+00	9.99987e-01	1.00012e+00	9.99994e-01	9.23788e-01
1.14550e+03	9.99971e-01	1.07138e+00	9.99987e-01	1.00012e+00	9.99994e-01	9.23786e-01
1.14600e+03	9.99972e-01	1.07138e+00	9.99988e-01	1.00012e+00	9.99994e-01	9.23782e-01
1.14650e+03	9.99973e-01	1.07138e+00	9.99988e-01	1.00012e+00	9.99995e-01	9.23778e-01
1.14700e+03	9.99974e-01	1.07138e+00	9.99989e-01	1.00012e+00	9.99995e-01	9.23775e-01
1.14750e+03	9.99975e-01	1.07138e+00	9.99989e-01	1.00012e+00	9.99995e-01	9.23770e-01
1.14800e+03	9.99976e-01	1.07139e+00	9.99989e-01	1.00012e+00	9.99995e-01	9.23765e-01
1.14850e+03	9.99977e-01	1.07139e+00	9.99990e-01	1.00012e+00	9.99995e-01	9.23761e-01
1.14900e+03	9.99978e-01	1.07139e+00	9.99990e-01	1.00012e+00	9.99995e-01	9.23755e-01
1.14950e+03	9.99979e-01	1.07139e+00	9.99990e-01	1.00012e+00	9.99995e-01	9.23750e-01
1.15000e+03	9.99980e-01	1.07139e+00	9.99990e-01	1.00012e+00	9.99995e-01	9.23743e-01
