9.50000e+02	9.99656e-01	8.97588e-01	9.99311e-01	9.95883e-01	9.98313e-01	1.09971e+00
9.50500e+02	9.99631e-01	8.97597e-01	9.99254e-01	9.95826e-01	9.98151e-01	1.09949e+00
9.51000e+02	9.99605e-01	8.97604e-01	9.99193e-01	9.95765e-01	9.97971e-01	1.09925e+00
9.51500e+02	9.99577e-01	8.97611e-01	9.99126e-01	9.95698e-01	9.97771e-01	1.09899e+00
9.52000e+02	9.99546e-01	8.97618e-01	9.99052e-01	9.95625e-01	9.97549e-01	1.09870e+00
9.52500e+02	9.99512e-01	8.97624e-01	9.98971e-01	9.95544e-01	9.97301e-01	1.09837e+00
9.53000e+02	9.99476e-01	8.97632e-01	9.98882e-01	9.95455e-01	9.97025e-01	1.09800e+00
9.53500e+02	9.99436e-01	8.97638e-01	9.98784e-01	9.95358e-01	9.96716e-01	1.09759e+00
9.54000e+02	9.99393e-01	8.97644e-01	9.98677e-01	9.95251e-01	9.96371e-01	1.09714e+00
9.54500e+02	9.99346e-01	8.97650e-01	9.98558e-01	9.95132e-01	9.95984e-01	1.09663e+00
9.55000e+02	9.99295e-01	8.97656e-01	9.98428e-01	9.95003e-01	9.95551e-01	1.09606e+00
9.55500e+02	9.99240e-01	8.97661e-01	9.98284e-01	9.94859e-01	9.95063e-01	1.09542e+00
9.56000e+02	9.99179e-01	8.97667e-01	9.98125e-01	9.94701e-01	9.94515e-01	1.09470e+00
9.56500e+02	9.99113e-01	8.97413e-01	9.97948e-01	9.94524e-01	9.93898e-01	1.09389e+00
9.57000e+02	9.99041e-01	8.97362e-01	9.97753e-01	9.94330e-01	9.93201e-01	1.09297e+00
9.57500e+02	9.98961e-01	8.97307e-01	9.97537e-01	9.94115e-01	9.92414e-01	1.09194e+00
9.58000e+02	9.98875e-01	8.97247e-01	9.97297e-01	9.93876e-01	9.91522e-01	1.09078e+00
9.58500e+02	9.98780e-01	8.97181e-01	9.97030e-01	9.93610e-01	9.90511e-01	1.08946e+00
9.59000e+02	9.98676e-01	8.97108e-01	9.96732e-01	9.93313e-01	9.89364e-01	1.08796e+00
9.59500e+02	9.98561e-01	8.97028e-01	9.96401e-01	9.92983e-01	9.88058e-01	1.08626e+00
9.60000e+02	9.98435e-01	8.96940e-01	9.96031e-01	9.92614e-01	9.86570e-01	1.08432e+00
9.60500e+02	9.98297e-01	8.96844e-01	9.95618e-01	9.92202e-01	9.84871e-01	1.08212e+00
9.61000e+02	9.98144e-01	8.96737e-01	9.95156e-01	9.91742e-01	9.82928e-01	1.07960e+00
9.61500e+02	9.97976e-01	8.96620e-01	9.94638e-01	9.91226e-01	9.80703e-01	1.07672e+00
9.62000e+02	9.97790e-01	8.96491e-01	9.94056e-01	9.90646e-01	9.78150e-01	1.07342e+00
9.62500e+02	9.97585e-01	8.96348e-01	9.93403e-01	9.89995e-01	9.75214e-01	1.06963e+00
9.63000e+02	9.97358e-01	8.96189e-01	9.92668e-01	9.89263e-01	9.71835e-01	1.06528e+00
9.63500e+02	9.97106e-01	8.96014e-01	9.91839e-01	9.88436e-01	9.67937e-01	1.06027e+00
9.64000e+02	9.96827e-01	8.95820e-01	9.90904e-01	9.87505e-01	9.63433e-01	1.05449e+00
9.64500e+02	9.96517e-01	8.95605e-01	9.89846e-01	9.86450e-01	9.58223e-01	1.04783e+00
9.65000e+02	9.96172e-01	8.95365e-01	9.88648e-01	9.85256e-01	9.52187e-01	1.04013e+00
9.65500e+02	9.95788e-01	8.95097e-01	9.87289e-01	9.83902e-01	9.45184e-01	1.03122e+00
9.66000e+02	9.95360e-01	8.94800e-01	9.85746e-01	9.82364e-01	9.37053e-01	1.02091e+00
9.66500e+02	9.94883e-01	8.94468e-01	9.83989e-01	9.80613e-01	9.27603e-01	1.00898e+00
9.67000e+02	9.94349e-01	8.94097e-01	9.81987e-01	9.78618e-01	9.16616e-01	9.95161e-01
9.67500e+02	9.93752e-01	8.93682e-01	9.79700e-01	9.76339e-01	9.03841e-01	9.79167e-01
9.68000e+02	9.93082e-01	8.93217e-01	9.77086e-01	9.73734e-01	8.88996e-01	9.60676e-01
9.68500e+02	9.92330e-01	8.92694e-01	9.74090e-01	9.70748e-01	8.71764e-01	9.39336e-01
9.69000e+02	9.91485e-01	8.92108e-01	9.70653e-01	9.67323e-01	8.51802e-01	9.14777e-01
9.69500e+02	9.90534e-01	8.91448e-01	9.66703e-01	9.63387e-01	8.28742e-01	8.86615e-01
9.70000e+02	9.89462e-01	8.90703e-01	9.62157e-01	9.58856e-01	8.02212e-01	8.54485e-01
9.70500e+02	9.88251e-01	8.89864e-01	9.56917e-01	9.53634e-01	7.71857e-01	8.18062e-01
9.71000e+02	9.86882e-01	8.88913e-01	9.50870e-01	9.47608e-01	7.37371e-01	7.77113e-01
9.71500e+02	9.85331e-01	8.87838e-01	9.43882e-01	9.40644e-01	6.98539e-01	7.31537e-01
9.72000e+02	9.83572e-01	8.86617e-01	9.35801e-01	9.32591e-01	6.55296e-01	6.81428e-01
9.72500e+02	9.81573e-01	8.85232e-01	9.26447e-01	9.23269e-01	6.07785e-01	6.27135e-01
9.73000e+02	9.79298e-01	8.83654e-01	9.15616e-01	9.12475e-01	5.56410e-01	5.69301e-01
9.73500e+02	9.76705e-01	8.81856e-01	9.03076e-01	8.99978e-01	5.01882e-01	5.08884e-01
9.74000e+02	9.73745e-01	8.79802e-01	8.88562e-01	8.85514e-01	4.45222e-01	4.47135e-01
9.74500e+02	9.70360e-01	8.77455e-01	8.71782e-01	8.68791e-01	3.87731e-01	3.85525e-01
9.75000e+02	9.66484e-01	8.74764e-01	8.52417e-01	8.49493e-01	3.30891e-01	3.25632e-01
9.75500e+02	9.62039e-01	8.71678e-01	8.30130e-01	8.27282e-01	2.76241e-01	2.68987e-01
9.76000e+02	9.56935e-01	8.68130e-01	8.04574e-01	8.01814e-01	2.25213e-01	2.16928e-01
9.76500e+02	9.51067e-01	8.64048e-01	7.75417e-01	7.72757e-01	1.78991e-01	1.70471e-01
9.77000e+02	9.44311e-01	8.59342e-01	7.42365e-01	7.39818e-01	1.38397e-01	1.30237e-01
9.77500e+02	9.36528e-01	8.53912e-01	7.05205e-01	7.02786e-01	1.03847e-01	9.64376e-02
9.78000e+02	9.27554e-01	8.47636e-01	6.63846e-01	6.61569e-01	7.53660e-02	6.89193e-02
9.78500e+02	9.17202e-01	8.40379e-01	6.18374e-01	6.16253e-01	5.26450e-02	4.72348e-02
9.79000e+02	9.05260e-01	8.31979e-01	5.69105e-01	5.67153e-01	3.51390e-02	3.07449e-02
9.79500e+02	8.91488e-01	8.22253e-01	5.16622e-01	5.14850e-01	2.21590e-02	1.87059e-02
9.80000e+02	8.75619e-01	8.10991e-01	4.61796e-01	4.60212e-01	1.29630e-02	1.03453e-02
9.80500e+02	8.57362e-01	7.97957e-01	4.05760e-01	4.04368e-01	6.81500e-03	4.92469e-03
9.81000e+02	8.36407e-01	7.82888e-01	3.49851e-01	3.48651e-01	3.03800e-03	1.77086e-03
9.81500e+02	8.12431e-01	7.65498e-01	2.95500e-01	2.94486e-01	1.03600e-03	2.99735e-04
9.82000e+02	7.85120e-01	7.45483e-01	2.44097e-01	2.43260e-01	3.05000e-04	1.98354e-05
9.82500e+02	7.54184e-01	7.22533e-01	1.96855e-01	1.96180e-01	4.33000e-04	5.30047e-04
9.83000e+02	7.19395e-01	6.96349e-01	1.54697e-01	1.54166e-01	1.09300e-03	1.51631e-03
9.83500e+02	6.80617e-01	6.66668e-01	1.18186e-01	1.17781e-01	2.03600e-03	2.73398e-03
9.84000e+02	6.37859e-01	6.33297e-01	8.75140e-02	8.72138e-02	3.07500e-03	4.00565e-03
9.84500e+02	5.91318e-01	5.96155e-01	6.25420e-02	6.23274e-02	4.07800e-03	5.20239e-03
9.85000e+02	5.41423e-01	5.55320e-01	4.28640e-02	4.27170e-02	4.95700e-03	6.24044e-03
9.85500e+02	4.88857e-01	5.11075e-01	2.79000e-02	2.78043e-02	5.65700e-03	7.06692e-03
9.86000e+02	4.34562e-01	4.63943e-01	1.69750e-02	1.69168e-02	6.15300e-03	7.65647e-03
9.86500e+02	3.79696e-01	4.14708e-01	9.38800e-03	9.35579e-03	6.43700e-03	8.00580e-03
9.87000e+02	3.25562e-01	3.64385e-01	4.46900e-03	4.45367e-03	6.51700e-03	8.12371e-03
9.87500e+02	2.73496e-01	3.14177e-01	1.60700e-03	1.60149e-03	6.41200e-03	8.03004e-03
9.88000e+02	2.24745e-01	2.65368e-01	2.72000e-04	2.71067e-04	6.14800e-03	7.75234e-03
9.88500e+02	1.80347e-01	2.19207e-01	1.80000e-05	1.79382e-05	5.75400e-03	7.32147e-03
9.89000e+02	1.41048e-01	1.76782e-01	4.81000e-04	4.79350e-04	5.26200e-03	6.77159e-03
9.89500e+02	1.07254e-01	1.38923e-01	1.37600e-03	1.37128e-03	4.70100e-03	6.13466e-03
9.90000e+02	7.90430e-02	1.06135e-01	2.48100e-03	2.47249e-03	4.10300e-03	5.44482e-03
9.90500e+02	5.61990e-02	7.85904e-02	3.63500e-03	3.62253e-03	3.49200e-03	4.72854e-03
9.91000e+02	3.82920e-02	5.61647e-02	4.72100e-03	4.70480e-03	2.89400e-03	4.01447e-03
9.91500e+02	2.47470e-02	3.84932e-02	5.66300e-03	5.64357e-03	2.32700e-03	3.32464e-03
9.92000e+02	1.49200e-02	2.50551e-02	6.41300e-03	6.39100e-03	1.80800e-03	2.67888e-03
9.92500e+02	8.15900e-03	1.52441e-02	6.94800e-03	6.92416e-03	1.34800e-03	2.08933e-03
9.93000e+02	3.84100e-03	8.43073e-03	7.26500e-03	7.24008e-03	9.55000e-04	1.56810e-03
9.93500e+02	1.40700e-03	4.01331e-03	7.37200e-03	7.34671e-03	6.33000e-04	1.12291e-03
9.94000e+02	3.68000e-04	1.44314e-03	7.28700e-03	7.26200e-03	3.82000e-04	7.54848e-04
9.94500e+02	3.17000e-04	2.44265e-04	7.03500e-03	7.01087e-03	2.01000e-04	4.65030e-04
9.95000e+02	9.18000e-04	1.61646e-05	6.64400e-03	6.62121e-03	8.40000e-05	2.51249e-04
9.95500e+02	1.90700e-03	4.31953e-04	6.14500e-03	6.12392e-03	2.50000e-05	1.06891e-04
9.96000e+02	3.08100e-03	1.23569e-03	5.56700e-03	5.54790e-03	1.60000e-05	2.64472e-05
9.96500e+02	4.28900e-03	2.22802e-03	4.94100e-03	4.92405e-03	4.70000e-05	0.00000e+00
9.97000e+02	5.42100e-03	3.26435e-03	4.29100e-03	4.27628e-03	1.09000e-04	1.87335e-05
9.97500e+02	6.40400e-03	4.23961e-03	3.64300e-03	3.63050e-03	1.92000e-04	7.38319e-05
9.98000e+02	7.19500e-03	5.08556e-03	3.01700e-03	3.00665e-03	2.87000e-04	1.54276e-04
9.98500e+02	7.76900e-03	5.75908e-03	2.43100e-03	2.42266e-03	3.84000e-04	2.51249e-04
9.99000e+02	8.12200e-03	6.23953e-03	1.89600e-03	1.88950e-03	4.76000e-04	3.55936e-04
9.99500e+02	8.26100e-03	6.52420e-03	1.42300e-03	1.41812e-03	5.56000e-04	4.59521e-04
1.00000e+03	8.20300e-03	6.62029e-03	1.01900e-03	1.01550e-03	6.19000e-04	5.55392e-04
1.00050e+03	7.97000e-03	6.54396e-03	6.85000e-04	6.82650e-04	6.61000e-04	6.38039e-04
1.00100e+03	7.59000e-03	6.31766e-03	4.22000e-04	4.20552e-04	6.80000e-04	7.04158e-04
1.00150e+03	7.09100e-03	5.96653e-03	2.28000e-04	2.27218e-04	6.76000e-04	7.50440e-04
1.00200e+03	6.50300e-03	5.51841e-03	9.70000e-05	9.66672e-05	6.50000e-04	7.76887e-04
1.00250e+03	5.85400e-03	4.99934e-03	2.40000e-05	2.39177e-05	6.05000e-04	7.82397e-04
1.00300e+03	5.17100e-03	4.43718e-03	0.00000e+00	0.00000e+00	5.45000e-04	7.71378e-04
1.00350e+03	4.47800e-03	3.85346e-03	1.70000e-05	1.69417e-05	4.76000e-04	7.46032e-04
1.00400e+03	3.79800e-03	3.27153e-03	6.70000e-05	6.67702e-05	4.05000e-04	7.11871e-04
1.00450e+03	3.14700e-03	2.70936e-03	1.40000e-04	1.39520e-04	3.41000e-04	6.75506e-04
1.00500e+03	2.54100e-03	2.18312e-03	2.28000e-04	2.27218e-04	2.93000e-04	6.42447e-04
1.00550e+03	1.99200e-03	1.70267e-03	3.23000e-04	3.21892e-04	2.71000e-04	6.23714e-04
1.00600e+03	1.50700e-03	1.27790e-03	4.17000e-04	4.15569e-04	2.85000e-04	6.27020e-04
1.00650e+03	1.09200e-03	9.15095e-04	5.04000e-04	5.02271e-04	3.45000e-04	6.61181e-04
1.00700e+03	7.48000e-04	6.15152e-04	5.79000e-04	5.77014e-04	4.63000e-04	7.36115e-04
1.00750e+03	4.75000e-04	3.78970e-04	6.39000e-04	6.36808e-04	6.48000e-04	8.61739e-04
1.00800e+03	2.71000e-04	2.04751e-04	6.81000e-04	6.78664e-04	9.11000e-04	1.04907e-03
1.00850e+03	1.31000e-04	8.71091e-05	7.05000e-04	7.02581e-04	1.26000e-03	1.30473e-03
1.00900e+03	4.80000e-05	2.15528e-05	7.10000e-04	7.07564e-04	1.70500e-03	1.63973e-03
1.00950e+03	1.50000e-05	0.00000e+00	7.00000e-04	6.97599e-04	2.25100e-03	2.05958e-03
1.01000e+03	2.60000e-05	1.52665e-05	6.77000e-04	6.74678e-04	2.90500e-03	2.57310e-03
1.01050e+03	7.00000e-05	6.01681e-05	6.46000e-04	6.43784e-04	3.67000e-03	3.18579e-03
1.01100e+03	1.41000e-04	1.25724e-04	6.13000e-04	6.10897e-04	4.55100e-03	3.89986e-03
1.01150e+03	2.29000e-04	2.04751e-04	5.83000e-04	5.81000e-04	5.54700e-03	4.72193e-03
1.01200e+03	3.27000e-04	2.90064e-04	5.66000e-04	5.64058e-04	6.65800e-03	5.64979e-03
1.01250e+03	4.29000e-04	3.74479e-04	5.69000e-04	5.67048e-04	7.88200e-03	6.68674e-03
1.01300e+03	5.28000e-04	4.52608e-04	6.00000e-04	5.97942e-04	9.21400e-03	7.82838e-03
1.01350e+03	6.20000e-04	5.19961e-04	6.68000e-04	6.65708e-04	1.06480e-02	9.07250e-03
1.01400e+03	7.00000e-04	5.73842e-04	7.82000e-04	7.79317e-04	1.21770e-02	1.04147e-02
1.01450e+03	7.66000e-04	6.11560e-04	9.52000e-04	9.48734e-04	1.37910e-02	1.18473e-02
1.01500e+03	8.17000e-04	6.33113e-04	1.18400e-03	1.17994e-03	1.54800e-02	1.33636e-02
1.01550e+03	8.52000e-04	6.37603e-04	1.48800e-03	1.48290e-03	1.72320e-02	1.49526e-02
1.01600e+03	8.73000e-04	6.28622e-04	1.86900e-03	1.86259e-03	1.90330e-02	1.66056e-02
1.01650e+03	8.83000e-04	6.07968e-04	2.33500e-03	2.32699e-03	2.08690e-02	1.83092e-02
1.01700e+03	8.84000e-04	5.80129e-04	2.89100e-03	2.88108e-03	2.27260e-02	2.00514e-02
1.01750e+03	8.81000e-04	5.50494e-04	3.53900e-03	3.52686e-03	2.45870e-02	2.18190e-02
1.01800e+03	8.79000e-04	5.23553e-04	4.28500e-03	4.27030e-03	2.64370e-02	2.35964e-02
1.01850e+03	8.85000e-04	5.08286e-04	5.12700e-03	5.10941e-03	2.82600e-02	2.53695e-02
1.01900e+03	9.05000e-04	5.10980e-04	6.06800e-03	6.04718e-03	3.00380e-02	2.71227e-02
1.01950e+03	9.46000e-04	5.38819e-04	7.10400e-03	7.07963e-03	3.17570e-02	2.88418e-02
1.02000e+03	1.01700e-03	5.99885e-04	8.23300e-03	8.20476e-03	3.34000e-02	3.05113e-02
1.02050e+03	1.12300e-03	7.02261e-04	9.45100e-03	9.41858e-03	3.49530e-02	3.21158e-02
1.02100e+03	1.27300e-03	8.54927e-04	1.07510e-02	1.07141e-02	3.64000e-02	3.36409e-02
1.02150e+03	1.47500e-03	1.06327e-03	1.21270e-02	1.20854e-02	3.77290e-02	3.50723e-02
1.02200e+03	1.73400e-03	1.33627e-03	1.35690e-02	1.35225e-02	3.89260e-02	3.63980e-02
1.02250e+03	2.05700e-03	1.67842e-03	1.50690e-02	1.50173e-02	3.99810e-02	3.76047e-02
1.02300e+03	2.45000e-03	2.09690e-03	1.66150e-02	1.65580e-02	4.08820e-02	3.86813e-02
1.02350e+03	2.91800e-03	2.59621e-03	1.81960e-02	1.81336e-02	4.16220e-02	3.96168e-02
1.02400e+03	3.46400e-03	3.17814e-03	1.98000e-02	1.97321e-02	4.21920e-02	4.04026e-02
1.02450e+03	4.09200e-03	3.84807e-03	2.14130e-02	2.13395e-02	4.25880e-02	4.10307e-02
1.02500e+03	4.80200e-03	4.60421e-03	2.30220e-02	2.29430e-02	4.28030e-02	4.14957e-02
1.02550e+03	5.59600e-03	5.44926e-03	2.46130e-02	2.45286e-02	4.28370e-02	4.17910e-02
1.02600e+03	6.47300e-03	6.37962e-03	2.61730e-02	2.60832e-02	4.26870e-02	4.19145e-02
1.02650e+03	7.43000e-03	7.39350e-03	2.76880e-02	2.75930e-02	4.23550e-02	4.18627e-02
1.02700e+03	8.46500e-03	8.48730e-03	2.91440e-02	2.90440e-02	4.18430e-02	4.16368e-02
1.02750e+03	9.57300e-03	9.65474e-03	3.05280e-02	3.04233e-02	4.11540e-02	4.12378e-02
1.02800e+03	1.07490e-02	1.08904e-02	3.18270e-02	3.17178e-02	4.02960e-02	4.06692e-02
1.02850e+03	1.19850e-02	1.21854e-02	3.30300e-02	3.29167e-02	3.92740e-02	3.99342e-02
1.02900e+03	1.32750e-02	1.35324e-02	3.41250e-02	3.40079e-02	3.80980e-02	3.90394e-02
1.02950e+03	1.46090e-02	1.49208e-02	3.51020e-02	3.49816e-02	3.67800e-02	3.79925e-02
1.03000e+03	1.59770e-02	1.63406e-02	3.59510e-02	3.58277e-02	3.53300e-02	3.68024e-02
1.03050e+03	1.73710e-02	1.77810e-02	3.66640e-02	3.65382e-02	3.37620e-02	3.54812e-02
1.03100e+03	1.87780e-02	1.92296e-02	3.72340e-02	3.71063e-02	3.20920e-02	3.40398e-02
1.03150e+03	2.01870e-02	2.06745e-02	3.76560e-02	3.75268e-02	3.03340e-02	3.24904e-02
1.03200e+03	2.15870e-02	2.21033e-02	3.79240e-02	3.77939e-02	2.85060e-02	3.08496e-02
1.03250e+03	2.29660e-02	2.35042e-02	3.80360e-02	3.79055e-02	2.66260e-02	2.91305e-02
1.03300e+03	2.43130e-02	2.48647e-02	3.79890e-02	3.78587e-02	2.47100e-02	2.73508e-02
1.03350e+03	2.56140e-02	2.61722e-02	3.77840e-02	3.76544e-02	2.27790e-02	2.55271e-02
1.03400e+03	2.68590e-02	2.74151e-02	3.74220e-02	3.72936e-02	2.08500e-02	2.36769e-02
1.03450e+03	2.80360e-02	2.85817e-02	3.69060e-02	3.67794e-02	1.89410e-02	2.18157e-02
1.03500e+03	2.91360e-02	2.96620e-02	3.62390e-02	3.61147e-02	1.70710e-02	1.99633e-02
1.03550e+03	3.01460e-02	3.06453e-02	3.54270e-02	3.53055e-02	1.52560e-02	1.81362e-02
1.03600e+03	3.10590e-02	3.15227e-02	3.44770e-02	3.43587e-02	1.35130e-02	1.63510e-02
1.03650e+03	3.18650e-02	3.22852e-02	3.33970e-02	3.32824e-02	1.18570e-02	1.46231e-02
1.03700e+03	3.25570e-02	3.29254e-02	3.21980e-02	3.20875e-02	1.03010e-02	1.29680e-02
1.03750e+03	3.31280e-02	3.34373e-02	3.08900e-02	3.07840e-02	8.85600e-03	1.13999e-02
1.03800e+03	3.35720e-02	3.38163e-02	2.94840e-02	2.93829e-02	7.53100e-03	9.92873e-03
1.03850e+03	3.38840e-02	3.40570e-02	2.79950e-02	2.78990e-02	6.33400e-03	8.56780e-03
1.03900e+03	3.40610e-02	3.41575e-02	2.64350e-02	2.63443e-02	5.26900e-03	7.32258e-03
1.03950e+03	3.41010e-02	3.41153e-02	2.48200e-02	2.47349e-02	4.33800e-03	6.20077e-03
1.04000e+03	3.40020e-02	3.39312e-02	2.31650e-02	2.30855e-02	3.54100e-03	5.20680e-03
1.04050e+03	3.37660e-02	3.36062e-02	2.14860e-02	2.14123e-02	2.87400e-03	4.34175e-03
1.04100e+03	3.33920e-02	3.31428e-02	1.97970e-02	1.97291e-02	2.33100e-03	3.60344e-03
1.04150e+03	3.28850e-02	3.25438e-02	1.81160e-02	1.80539e-02	1.90400e-03	2.98854e-03
1.04200e+03	3.22480e-02	3.18146e-02	1.64580e-02	1.64015e-02	1.58200e-03	2.49265e-03
1.04250e+03	3.14860e-02	3.09615e-02	1.48380e-02	1.47871e-02	1.35200e-03	2.10696e-03
1.04300e+03	3.06060e-02	2.99916e-02	1.32700e-02	1.32245e-02	1.20100e-03	1.81935e-03
1.04350e+03	2.96150e-02	2.89148e-02	1.17680e-02	1.17276e-02	1.11100e-03	1.61989e-03
1.04400e+03	2.85230e-02	2.77402e-02	1.03450e-02	1.03095e-02	1.06600e-03	1.49317e-03
1.04450e+03	2.73390e-02	2.64776e-02	9.01000e-03	8.97909e-03	1.05000e-03	1.42374e-03
1.04500e+03	2.60730e-02	2.51404e-02	7.77500e-03	7.74833e-03	1.04600e-03	1.39619e-03
1.04550e+03	2.47380e-02	2.37395e-02	6.64500e-03	6.62220e-03	1.03800e-03	1.39289e-03
1.04600e+03	2.33460e-02	2.22892e-02	5.62700e-03	5.60770e-03	1.01300e-03	1.39950e-03
1.04650e+03	2.19090e-02	2.08029e-02	4.72500e-03	4.70879e-03	9.60000e-04	1.39840e-03
1.04700e+03	2.04420e-02	1.92951e-02	3.94000e-03	3.92648e-03	8.72000e-04	1.37746e-03
1.04750e+03	1.89560e-02	1.77783e-02	3.27000e-03	3.25878e-03	7.48000e-04	1.32457e-03
1.04800e+03	1.74680e-02	1.62687e-02	2.71200e-03	2.70270e-03	5.91000e-04	1.23200e-03
1.04850e+03	1.59890e-02	1.47798e-02	2.26200e-03	2.25424e-03	4.14000e-04	1.09646e-03
1.04900e+03	1.45340e-02	1.33250e-02	1.91200e-03	1.90544e-03	2.36000e-04	9.19041e-04
1.04950e+03	1.31160e-02	1.19169e-02	1.65100e-03	1.64534e-03	9.00000e-05	7.07463e-04
1.05000e+03	1.17460e-02	1.05680e-02	1.47000e-03	1.46496e-03	1.70000e-05	4.79356e-04
1.05050e+03	1.04380e-02	9.29014e-03	1.35500e-03	1.35035e-03	7.40000e-05	2.60064e-04
1.05100e+03	9.20000e-03	8.09127e-03	1.29200e-03	1.28757e-03	3.34000e-04	8.37496e-05
1.05150e+03	8.04200e-03	6.98220e-03	1.26700e-03	1.26265e-03	8.87000e-04	1.10197e-06
1.05200e+03	6.97300e-03	5.96742e-03	1.26400e-03	1.25966e-03	1.84000e-03	7.27299e-05
1.05250e+03	5.99800e-03	5.05323e-03	1.27000e-03	1.26564e-03	3.32100e-03	3.77975e-04
1.05300e+03	5.12200e-03	4.24320e-03	1.26900e-03	1.26465e-03	5.48000e-03	1.01050e-03
1.05350e+03	4.34800e-03	3.53825e-03	1.25000e-03	1.24571e-03	8.48600e-03	2.08272e-03
1.05400e+03	3.67700e-03	2.93656e-03	1.20200e-03	1.19788e-03	1.25280e-02	3.73016e-03
1.05450e+03	3.10800e-03	2.43546e-03	1.11800e-03	1.11416e-03	1.78150e-02	6.10270e-03
1.05500e+03	2.63700e-03	2.03135e-03	9.95000e-04	9.91587e-04	2.45690e-02	9.37554e-03
1.05550e+03	2.26000e-03	1.71704e-03	8.34000e-04	8.31139e-04	3.30210e-02	1.37393e-02
1.05600e+03	1.97100e-03	1.48265e-03	6.42000e-04	6.39798e-04	4.34030e-02	1.94035e-02
1.05650e+03	1.75900e-03	1.32011e-03	4.35000e-04	4.33508e-04	5.59380e-02	2.65916e-02
1.05700e+03	1.61700e-03	1.21683e-03	2.36000e-04	2.35190e-04	7.08310e-02	3.55352e-02
1.05750e+03	1.53200e-03	1.16026e-03	7.60000e-05	7.57393e-05	8.82520e-02	4.64645e-02
1.05800e+03	1.49200e-03	1.13781e-03	1.00000e-06	9.96569e-07	1.08324e-01	5.96043e-02
1.05850e+03	1.48500e-03	1.13511e-03	6.60000e-05	6.57736e-05	1.31110e-01	7.51619e-02
1.05900e+03	1.49500e-03	1.14050e-03	3.43000e-04	3.41823e-04	1.56599e-01	9.33091e-02
1.05950e+03	1.51100e-03	1.13960e-03	9.17000e-04	9.13854e-04	1.84701e-01	1.14178e-01
1.06000e+03	1.52000e-03	1.12254e-03	1.89000e-03	1.88352e-03	2.15242e-01	1.37842e-01
1.06050e+03	1.50900e-03	1.07943e-03	3.38500e-03	3.37339e-03	2.47964e-01	1.64307e-01
1.06100e+03	1.47000e-03	1.00400e-03	5.53800e-03	5.51900e-03	2.82535e-01	1.93501e-01
1.06150e+03	1.39400e-03	8.93542e-04	8.50800e-03	8.47881e-03	3.18565e-01	2.25273e-01
1.06200e+03	1.27700e-03	7.48959e-04	1.24680e-02	1.24252e-02	3.55618e-01	2.59392e-01
1.06250e+03	1.11900e-03	5.76537e-04	1.76080e-02	1.75476e-02	3.93241e-01	2.95548e-01
1.06300e+03	9.23000e-04	3.90644e-04	2.41310e-02	2.40482e-02	4.30979e-01	3.33372e-01
1.06350e+03	7.02000e-04	2.11936e-04	3.22470e-02	3.21364e-02	4.68399e-01	3.72444e-01
1.06400e+03	4.70000e-04	6.82504e-05	4.21650e-02	4.20203e-02	5.05105e-01	4.12319e-01
1.06450e+03	2.54000e-04	8.98032e-07	5.40890e-02	5.39034e-02	5.40754e-01	4.52539e-01
1.06500e+03	8.70000e-05	5.92701e-05	6.82070e-02	6.79730e-02	5.75059e-01	4.92659e-01
1.06550e+03	1.30000e-05	3.08025e-04	8.46750e-02	8.43845e-02	6.07798e-01	5.32264e-01
1.06600e+03	9.00000e-05	8.23495e-04	1.03613e-01	1.03258e-01	6.38807e-01	5.70979e-01
1.06650e+03	3.85000e-04	1.69728e-03	1.25087e-01	1.24658e-01	6.67981e-01	6.08485e-01
1.06700e+03	9.83000e-04	3.03984e-03	1.49103e-01	1.48591e-01	6.95268e-01	6.44518e-01
1.06750e+03	1.98000e-03	4.97330e-03	1.75596e-01	1.74994e-01	7.20657e-01	6.78878e-01
1.06800e+03	3.49100e-03	7.64046e-03	2.04428e-01	2.03727e-01	7.44174e-01	7.11421e-01
1.06850e+03	5.64700e-03	1.11967e-02	2.35390e-01	2.34582e-01	7.65874e-01	7.42054e-01
1.06900e+03	8.59200e-03	1.58125e-02	2.68200e-01	2.67280e-01	7.85831e-01	7.70737e-01
1.06950e+03	1.24900e-02	2.16704e-02	3.02524e-01	3.01486e-01	8.04134e-01	7.97468e-01
1.07000e+03	1.75150e-02	2.89588e-02	3.37981e-01	3.36822e-01	8.20884e-01	8.22277e-01
1.07050e+03	2.38520e-02	3.78655e-02	3.74166e-01	3.72882e-01	8.36183e-01	8.45223e-01
1.07100e+03	3.16940e-02	4.85737e-02	4.10664e-01	4.09255e-01	8.50137e-01	8.66379e-01
1.07150e+03	4.12340e-02	6.12521e-02	4.47072e-01	4.45538e-01	8.62851e-01	8.85839e-01
1.07200e+03	5.26580e-02	7.60409e-02	4.83012e-01	4.81355e-01	8.74424e-01	9.03700e-01
1.07250e+03	6.61370e-02	9.30478e-02	5.18145e-01	5.16367e-01	8.84953e-01	9.20065e-01
1.07300e+03	8.18200e-02	1.12332e-01	5.52180e-01	5.50286e-01	8.94529e-01	9.35039e-01
1.07350e+03	9.98190e-02	1.33899e-01	5.84879e-01	5.82873e-01	9.03238e-01	9.48726e-01
1.07400e+03	1.20202e-01	1.57691e-01	6.16060e-01	6.13947e-01	9.11157e-01	9.61227e-01
1.07450e+03	1.42985e-01	1.83583e-01	6.45591e-01	6.43376e-01	9.18360e-01	9.72638e-01
1.07500e+03	1.68121e-01	2.11388e-01	6.73390e-01	6.71080e-01	9.24914e-01	9.83050e-01
1.07550e+03	1.95501e-01	2.40852e-01	6.99419e-01	6.97020e-01	9.30880e-01	9.92550e-01
1.07600e+03	2.24949e-01	2.71676e-01	7.23676e-01	7.21193e-01	9.36313e-01	1.00122e+00
1.07650e+03	2.56227e-01	3.03518e-01	7.46190e-01	7.43630e-01	9.41263e-01	1.00913e+00
1.07700e+03	2.89044e-01	3.36013e-01	7.67012e-01	7.64381e-01	9.45777e-01	1.01635e+00
1.07750e+03	3.23063e-01	3.68789e-01	7.86211e-01	7.83514e-01	9.49896e-01	1.02294e+00
1.07800e+03	3.57922e-01	4.01485e-01	8.03870e-01	8.01112e-01	9.53657e-01	1.02896e+00
1.07850e+03	3.93243e-01	4.33760e-01	8.20078e-01	8.17265e-01	9.57094e-01	1.03446e+00
1.07900e+03	4.28651e-01	4.65311e-01	8.34929e-01	8.32065e-01	9.60238e-01	1.03949e+00
1.07950e+03	4.63789e-01	4.95875e-01	8.48517e-01	8.45606e-01	9.63115e-01	1.04410e+00
1.08000e+03	4.98328e-01	5.25240e-01	8.60938e-01	8.57984e-01	9.65752e-01	1.04832e+00
1.08050e+03	5.31978e-01	5.53242e-01	8.72282e-01	8.69290e-01	9.68169e-01	1.05218e+00
1.08100e+03	5.64495e-01	5.79761e-01	8.82637e-01	8.79609e-01	9.70388e-01	1.05572e+00
1.08150e+03	5.95682e-01	6.04726e-01	8.92086e-01	8.89026e-01	9.72426e-01	1.05898e+00
1.08200e+03	6.25390e-01	6.28101e-01	9.00707e-01	8.97617e-01	9.74301e-01	1.06196e+00
1.08250e+03	6.53516e-01	6.49884e-01	9.08573e-01	9.05456e-01	9.76025e-01	1.06471e+00
1.08300e+03	6.79998e-01	6.70103e-01	9.15750e-01	9.12608e-01	9.77614e-01	1.06723e+00
1.08350e+03	7.04812e-01	6.88801e-01	9.22301e-01	9.19137e-01	9.79079e-01	1.06956e+00
1.08400e+03	7.27964e-01	7.06043e-01	9.28283e-01	9.25098e-01	9.80430e-01	1.07171e+00
1.08450e+03	7.49485e-01	7.21901e-01	9.33746e-01	9.30543e-01	9.81678e-01	1.07368e+00
1.08500e+03	7.69426e-01	7.36456e-01	9.38740e-01	9.35520e-01	9.82832e-01	1.07551e+00
1.08550e+03	7.87852e-01	7.49793e-01	9.43307e-01	9.40071e-01	9.83900e-01	1.07719e+00
1.08600e+03	8.04839e-01	7.61995e-01	9.47486e-01	9.44236e-01	9.84888e-01	1.07875e+00
1.08650e+03	8.20469e-01	7.73150e-01	9.51312e-01	9.48048e-01	9.85804e-01	1.08020e+00
1.08700e+03	8.34828e-01	7.83337e-01	9.54819e-01	9.51543e-01	9.86654e-01	1.08153e+00
1.08750e+03	8.48003e-01	7.92636e-01	9.58035e-01	9.54748e-01	9.87443e-01	1.08277e+00
1.08800e+03	8.60079e-01	8.01122e-01	9.60986e-01	9.57689e-01	9.88176e-01	1.08392e+00
1.08850e+03	8.71140e-01	8.08864e-01	9.63697e-01	9.60391e-01	9.88857e-01	1.08499e+00
1.08900e+03	8.81266e-01	8.15928e-01	9.66189e-01	9.62874e-01	9.89492e-01	1.08598e+00
1.08950e+03	8.90533e-01	8.22373e-01	9.68481e-01	9.65159e-01	9.90082e-01	1.08690e+00
1.09000e+03	8.99012e-01	8.28256e-01	9.70592e-01	9.67262e-01	9.90633e-01	1.08776e+00
1.09050e+03	9.06771e-01	8.33628e-01	9.72538e-01	9.69202e-01	9.91146e-01	1.08856e+00
1.09100e+03	9.13871e-01	8.38534e-01	9.74332e-01	9.70989e-01	9.91626e-01	1.08931e+00
1.09150e+03	9.20369e-01	8.43019e-01	9.75988e-01	9.72640e-01	9.92074e-01	1.09000e+00
1.09200e+03	9.26320e-01	8.47120e-01	9.77519e-01	9.74166e-01	9.92492e-01	1.09065e+00
1.09250e+03	9.31770e-01	8.50873e-01	9.78934e-01	9.75576e-01	9.92884e-01	1.09126e+00
1.09300e+03	9.36765e-01	8.54309e-01	9.80243e-01	9.76880e-01	9.93251e-01	1.09182e+00
1.09350e+03	9.41345e-01	8.57458e-01	9.81456e-01	9.78089e-01	9.93594e-01	1.09235e+00
1.09400e+03	9.45546e-01	8.60346e-01	9.82581e-01	9.79210e-01	9.93917e-01	1.09285e+00
1.09450e+03	9.49404e-01	8.62996e-01	9.83624e-01	9.80250e-01	9.94219e-01	1.09332e+00
1.09500e+03	9.52947e-01	8.65431e-01	9.84592e-01	9.81214e-01	9.94502e-01	1.09375e+00
1.09550e+03	9.56205e-01	8.67669e-01	9.85492e-01	9.82111e-01	9.94769e-01	1.09416e+00
1.09600e+03	9.59202e-01	8.69727e-01	9.86329e-01	9.82945e-01	9.95020e-01	1.09455e+00
1.09650e+03	9.61961e-01	8.71623e-01	9.87108e-01	9.83722e-01	9.95255e-01	1.09491e+00
1.09700e+03	9.64503e-01	8.73370e-01	9.87834e-01	9.84445e-01	9.95477e-01	1.09524e+00
1.09750e+03	9.66847e-01	8.74981e-01	9.88510e-01	9.85119e-01	9.95686e-01	1.09556e+00
1.09800e+03	9.69010e-01	8.76469e-01	9.89141e-01	9.85748e-01	9.95883e-01	1.09586e+00
1.09850e+03	9.71007e-01	8.77843e-01	9.89730e-01	9.86335e-01	9.96069e-01	1.09615e+00
1.09900e+03	9.72854e-01	8.79114e-01	9.90280e-01	9.86883e-01	9.96244e-01	1.09641e+00
1.09950e+03	9.74561e-01	8.80290e-01	9.90795e-01	9.87396e-01	9.96409e-01	1.09666e+00
1.10000e+03	9.76142e-01	8.81379e-01	9.91276e-01	9.87875e-01	9.96565e-01	1.09690e+00
1.10050e+03	9.77607e-01	8.82389e-01	9.91726e-01	9.88324e-01	9.96713e-01	1.09713e+00
1.10100e+03	9.78965e-01	8.83326e-01	9.92148e-01	9.88744e-01	9.96852e-01	1.09734e+00
1.10150e+03	9.80225e-01	8.84195e-01	9.92544e-01	9.89139e-01	9.96985e-01	1.09754e+00
1.10200e+03	9.81395e-01	8.85003e-01	9.92915e-01	9.89509e-01	9.97110e-01	1.09773e+00
1.10250e+03	9.82483e-01	8.85755e-01	9.93264e-01	9.89857e-01	9.97228e-01	1.09790e+00
1.10300e+03	9.83494e-01	8.86455e-01	9.93591e-01	9.90182e-01	9.97340e-01	1.09807e+00
1.10350e+03	9.84436e-01	8.87107e-01	9.93899e-01	9.90489e-01	9.97447e-01	1.09823e+00
1.10400e+03	9.85313e-01	8.87714e-01	9.94189e-01	9.90778e-01	9.97548e-01	1.09839e+00
1.10450e+03	9.86131e-01	8.88280e-01	9.94461e-01	9.91049e-01	9.97644e-01	1.09853e+00
1.10500e+03	9.86893e-01	8.88809e-01	9.94718e-01	9.91306e-01	9.97735e-01	1.09867e+00
1.10550e+03	9.87605e-01	8.89303e-01	9.94960e-01	9.91547e-01	9.97821e-01	1.09880e+00
1.10600e+03	9.88271e-01	8.89766e-01	9.95187e-01	9.91773e-01	9.97903e-01	1.09892e+00
1.10650e+03	9.88893e-01	8.90198e-01	9.95403e-01	9.91988e-01	9.97981e-01	1.09904e+00
1.10700e+03	9.89474e-01	8.90602e-01	9.95606e-01	9.92191e-01	9.98056e-01	1.09915e+00
1.10750e+03	9.90019e-01	8.90981e-01	9.95797e-01	9.92381e-01	9.98126e-01	1.09925e+00
1.10800e+03	9.90530e-01	8.91336e-01	9.95979e-01	9.92562e-01	9.98194e-01	1.09935e+00
1.10850e+03	9.91008e-01	8.91670e-01	9.96150e-01	9.92733e-01	9.98258e-01	1.09945e+00
1.10900e+03	9.91457e-01	8.91983e-01	9.96312e-01	9.92894e-01	9.98319e-01	1.09954e+00
1.10950e+03	9.91878e-01	8.92277e-01	9.96466e-01	9.93048e-01	9.98377e-01	1.09963e+00
1.11000e+03	9.92274e-01	8.92553e-01	9.96611e-01	9.93192e-01	9.98433e-01	1.09971e+00
1.11050e+03	9.92646e-01	8.92814e-01	9.96749e-01	9.93330e-01	9.98486e-01	1.09979e+00
1.11100e+03	9.92996e-01	8.93058e-01	9.96879e-01	9.93459e-01	9.98537e-01	1.09986e+00
1.11150e+03	9.93326e-01	8.93289e-01	9.97003e-01	9.93583e-01	9.98585e-01	1.09993e+00
1.11200e+03	9.93636e-01	8.93506e-01	9.97121e-01	9.93700e-01	9.98632e-01	1.10000e+00
1.11250e+03	9.93928e-01	8.93710e-01	9.97232e-01	9.93811e-01	9.98676e-01	1.10007e+00
1.11300e+03	9.94203e-01	8.93904e-01	9.97339e-01	9.93918e-01	9.98718e-01	1.10013e+00
1.11350e+03	9.94463e-01	8.94086e-01	9.97439e-01	9.94017e-01	9.98759e-01	1.10019e+00
1.11400e+03	9.94709e-01	8.94258e-01	9.97535e-01	9.94113e-01	9.98797e-01	1.10025e+00
1.11450e+03	9.94940e-01	8.94421e-01	9.97626e-01	9.94204e-01	9.98834e-01	1.10030e+00
1.11500e+03	9.95159e-01	8.94575e-01	9.97713e-01	9.94290e-01	9.98870e-01	1.10035e+00
1.11550e+03	9.95366e-01	8.94720e-01	9.97796e-01	9.94373e-01	9.98904e-01	1.10040e+00
1.11600e+03	9.95562e-01	8.94858e-01	9.97874e-01	9.94451e-01	9.98936e-01	1.10045e+00
1.11650e+03	9.95748e-01	8.94989e-01	9.97949e-01	9.94525e-01	9.98967e-01	1.10050e+00
1.11700e+03	9.95923e-01	8.95113e-01	9.98021e-01	9.94597e-01	9.98997e-01	1.10054e+00
1.11750e+03	9.96090e-01	8.95229e-01	9.98089e-01	9.94665e-01	9.99026e-01	1.10058e+00
1.11800e+03	9.96247e-01	8.95341e-01	9.98154e-01	9.94730e-01	9.99054e-01	1.10062e+00
1.11850e+03	9.96397e-01	8.95447e-01	9.98216e-01	9.94792e-01	9.99080e-01	1.10066e+00
1.11900e+03	9.96539e-01	8.95546e-01	9.98276e-01	9.94851e-01	9.99106e-01	1.10070e+00
1.11950e+03	9.96674e-01	8.95642e-01	9.98332e-01	9.94907e-01	9.99130e-01	1.10074e+00
1.12000e+03	9.96802e-01	8.95732e-01	9.98387e-01	9.94962e-01	9.99153e-01	1.10077e+00
1.12050e+03	9.96923e-01	8.95818e-01	9.98438e-01	9.95013e-01	9.99176e-01	1.10080e+00
1.12100e+03	9.97039e-01	8.95900e-01	9.98488e-01	9.95063e-01	9.99198e-01	1.10083e+00
1.12150e+03	9.97149e-01	8.95978e-01	9.98535e-01	9.95109e-01	9.99218e-01	1.10086e+00
1.12200e+03	9.97254e-01	8.96053e-01	9.98581e-01	9.95155e-01	9.99238e-01	1.10089e+00
1.12250e+03	9.97353e-01	8.96123e-01	9.98624e-01	9.95198e-01	9.99258e-01	1.10092e+00
1.12300e+03	9.97448e-01	8.96190e-01	9.98666e-01	9.95240e-01	9.99276e-01	1.10095e+00
1.12350e+03	9.97539e-01	8.96255e-01	9.98706e-01	9.95280e-01	9.99294e-01	1.10098e+00
1.12400e+03	9.97625e-01	8.96316e-01	9.98744e-01	9.95318e-01	9.99311e-01	1.10100e+00
1.12450e+03	9.97707e-01	8.96374e-01	9.98780e-01	9.95354e-01	9.99328e-01	1.10102e+00
1.12500e+03	9.97786e-01	8.96430e-01	9.98816e-01	9.95389e-01	9.99344e-01	1.10105e+00
1.12550e+03	9.97861e-01	8.96484e-01	9.98849e-01	9.95422e-01	9.99359e-01	1.10107e+00
1.12600e+03	9.97932e-01	8.96534e-01	9.98882e-01	9.95455e-01	9.99374e-01	1.10109e+00
1.12650e+03	9.98001e-01	8.96584e-01	9.98913e-01	9.95486e-01	9.99388e-01	1.10111e+00
1.12700e+03	9.98066e-01	8.96629e-01	9.98943e-01	9.95516e-01	9.99402e-01	1.10113e+00
1.12750e+03	9.98128e-01	8.96674e-01	9.98971e-01	9.95544e-01	9.99416e-01	1.10115e+00
1.12800e+03	9.98188e-01	8.96716e-01	9.98999e-01	9.95572e-01	9.99428e-01	1.10117e+00
1.12850e+03	9.98245e-01	8.96758e-01	9.99025e-01	9.95598e-01	9.99441e-01	1.10119e+00
1.12900e+03	9.98300e-01	8.96796e-01	9.99051e-01	9.95624e-01	9.99453e-01	1.10121e+00
1.12950e+03	9.98352e-01	8.96834e-01	9.99075e-01	9.95648e-01	9.99464e-01	1.10122e+00
1.13000e+03	9.98402e-01	8.96870e-01	9.99099e-01	9.95672e-01	9.99475e-01	1.10124e+00
1.13050e+03	9.98450e-01	8.96904e-01	9.99122e-01	9.95694e-01	9.99486e-01	1.10125e+00
1.13100e+03	9.98496e-01	8.96936e-01	9.99144e-01	9.95716e-01	9.99497e-01	1.10127e+00
1.13150e+03	9.98540e-01	8.96969e-01	9.99165e-01	9.95737e-01	9.99507e-01	1.10128e+00
1.13200e+03	9.98583e-01	8.96998e-01	9.99185e-01	9.95757e-01	9.99516e-01	1.10130e+00
1.13250e+03	9.98623e-01	8.97028e-01	9.99204e-01	9.95776e-01	9.99526e-01	1.10131e+00
1.13300e+03	9.98662e-01	8.97056e-01	9.99223e-01	9.95795e-01	9.99535e-01	1.10132e+00
1.13350e+03	9.98700e-01	8.97083e-01	9.99241e-01	9.95813e-01	9.99544e-01	1.10134e+00
1.13400e+03	9.98736e-01	8.97108e-01	9.99259e-01	9.95831e-01	9.99552e-01	1.10135e+00
1.13450e+03	9.98770e-01	8.97133e-01	9.99276e-01	9.95848e-01	9.99561e-01	1.10136e+00
1.13500e+03	9.98803e-01	8.97156e-01	9.99292e-01	9.95864e-01	9.99568e-01	1.10137e+00
1.13550e+03	9.98835e-01	8.97180e-01	9.99308e-01	9.95880e-01	9.99576e-01	1.10138e+00
1.13600e+03	9.98866e-01	8.97201e-01	9.99323e-01	9.95895e-01	9.99584e-01	1.10139e+00
1.13650e+03	9.98896e-01	8.97223e-01	9.99337e-01	9.95909e-01	9.99591e-01	1.10140e+00
1.13700e+03	9.98924e-01	8.97244e-01	9.99352e-01	9.95924e-01	9.99598e-01	1.10141e+00
1.13750e+03	9.98951e-01	8.97263e-01	9.99365e-01	9.95937e-01	9.99605e-01	1.10142e+00
1.13800e+03	9.98978e-01	8.97282e-01	9.99378e-01	9.95950e-01	9.99611e-01	1.10143e+00
1.13850e+03	9.99003e-01	8.97300e-01	9.99391e-01	9.95963e-01	9.99618e-01	1.10144e+00
1.13900e+03	9.99027e-01	8.97317e-01	9.99403e-01	9.95974e-01	9.99624e-01	1.10145e+00
1.13950e+03	9.99051e-01	8.97334e-01	9.99415e-01	9.95986e-01	9.99630e-01	1.10146e+00
1.14000e+03	9.99073e-01	8.97350e-01	9.99427e-01	9.95998e-01	9.99636e-01	1.10147e+00
1.14050e+03	9.99095e-01	8.97367e-01	9.99438e-01	9.96009e-01	9.99641e-01	1.10148e+00
1.14100e+03	9.99116e-01	8.97382e-01	9.99449e-01	9.96020e-01	9.99647e-01	1.10148e+00
1.14150e+03	9.99136e-01	8.97396e-01	9.99459e-01	9.96030e-01	9.99652e-01	1.10149e+00
1.14200e+03	9.99156e-01	8.97411e-01	9.99469e-01	9.96040e-01	9.99657e-01	1.10150e+00
1.14250e+03	9.99175e-01	8.97424e-01	9.99479e-01	9.96050e-01	9.99662e-01	1.10151e+00
1.14300e+03	9.99193e-01	8.97437e-01	9.99488e-01	9.96059e-01	9.99667e-01	1.10151e+00
1.14350e+03	9.99211e-01	8.97450e-01	9.99497e-01	9.96068e-01	9.99671e-01	1.10152e+00
1.14400e+03	9.99228e-01	8.97462e-01	9.99506e-01	9.96077e-01	9.99676e-01	1.10121e+00
1.14450e+03	9.99244e-01	8.97473e-01	9.99515e-01	9.96086e-01	9.99680e-01	1.10115e+00
1.14500e+03	9.99260e-01	8.97485e-01	9.99523e-01	9.96094e-01	9.99684e-01	1.10108e+00
1.14550e+03	9.99275e-01	8.97496e-01	9.99531e-01	9.96102e-01	9.99689e-01	1.10100e+00
1.14600e+03	9.99290e-01	8.97507e-01	9.99539e-01	9.96110e-01	9.99693e-01	1.10092e+00
1.14650e+03	9.99304e-01	8.97518e-01	9.99546e-01	9.96117e-01	9.99696e-01	1.10083e+00
1.14700e+03	9.99318e-01	8.97527e-01	9.99554e-01	9.96125e-01	9.99700e-01	1.10074e+00
1.14750e+03	9.99332e-01	8.97537e-01	9.99561e-01	9.96132e-01	9.99704e-01	1.10063e+00
1.14800e+03	9.99344e-01	8.97546e-01	9.99568e-01	9.96139e-01	9.99707e-01	1.10051e+00
1.14850e+03	9.99357e-01	8.97555e-01	9.99574e-01	9.96145e-01	9.99711e-01	1.10038e+00
1.14900e+03	9.99369e-01	8.97564e-01	9.99581e-01	9.96152e-01	9.99714e-01	1.10024e+00
1.14950e+03	9.99381e-01	8.97572e-01	9.99587e-01	9.96158e-01	9.99717e-01	1.10008e+00
1.15000e+03	9.99392e-01	8.97580e-01	9.99593e-01	9.96164e-01	9.99720e-01	1.09990e+00
