878.170000 1.373444
878.320000 1.422626
878.471000 1.414654
878.622000 1.426923
878.772000 1.432117
878.923000 1.380834
879.074000 1.375332
879.224000 1.400929
879.375000 1.383416
879.525000 1.443031
879.675000 1.422092
879.826000 1.394447
879.976000 1.396191
880.126000 1.541451
880.277000 1.402582
880.427000 1.401175
880.577000 1.392171
880.727000 1.284014
880.877000 1.384695
881.027000 1.459573
881.177000 1.481501
881.327000 1.447489
881.477000 1.391802
881.627000 1.391955
881.777000 1.405150
881.927000 1.372935
882.077000 1.390041
882.226000 1.420792
882.376000 1.404338
882.526000 1.419083
882.675000 1.402263
882.825000 1.371646
882.974000 1.412700
883.124000 1.403531
883.273000 1.402594
883.423000 1.342330
883.572000 1.388564
883.722000 1.403294
883.871000 1.406659
884.020000 1.408102
884.170000 1.409434
884.319000 1.406059
884.468000 1.390347
884.617000 1.399846
884.766000 1.402222
884.915000 1.383735
885.064000 1.402038
885.213000 1.404328
885.362000 1.382535
885.511000 1.401902
885.660000 1.409388
885.809000 1.466422
885.958000 1.417385
886.106000 1.405173
886.255000 1.410176
886.404000 1.408839
886.552000 1.379669
886.701000 1.387277
886.850000 1.389491
886.998000 1.401316
887.147000 1.401589
887.295000 1.410503
887.443000 1.400158
887.592000 1.397005
887.740000 1.404214
887.889000 1.352129
888.037000 1.402252
888.185000 1.412368
888.333000 1.411238
888.481000 1.390192
888.629000 1.385575
888.778000 1.411147
888.926000 1.417679
889.074000 1.395011
889.221000 1.292004
889.369000 1.410943
889.517000 1.430442
889.665000 1.392820
889.813000 1.407460
889.961000 1.412898
890.108000 1.379134
890.256000 1.372579
890.404000 1.393849
890.551000 1.399885
890.699000 1.404318
890.846000 1.373553
890.994000 1.397147
891.141000 1.392624
891.289000 1.396046
891.436000 1.407785
891.584000 1.369898
891.731000 1.460848
891.878000 1.394261
892.025000 1.404071
892.173000 1.427428
892.320000 1.391475
892.467000 1.400556
892.614000 1.442985
892.761000 1.405206
892.908000 1.406126
893.055000 1.309868
893.202000 1.410843
893.349000 1.460738
893.496000 1.363576
893.642000 1.406580
893.789000 1.394150
893.936000 1.401813
894.083000 1.405517
894.229000 1.341230
894.376000 1.418702
894.523000 1.419496
894.669000 1.472095
894.816000 1.403797
894.962000 1.412733
895.109000 1.372886
895.255000 1.356426
895.401000 1.517576
895.548000 1.420113
895.694000 1.397685
895.840000 1.436194
895.986000 1.294765
896.133000 1.407332
896.279000 1.420874
896.425000 1.368947
896.571000 1.416517
896.717000 1.343142
896.863000 1.338351
897.009000 1.409928
897.155000 1.400355
897.301000 1.414218
897.446000 1.395396
897.592000 1.431634
897.738000 1.414474
897.884000 1.383041
898.029000 1.417992
898.175000 1.406664
898.321000 1.409782
898.466000 1.410450
898.612000 1.411494
898.757000 1.412321
898.903000 1.397599
899.048000 1.412367
899.193000 1.344012
899.339000 1.395229
899.484000 1.435598
899.629000 1.498304
899.775000 1.423529
899.920000 1.448317
900.065000 1.389465
900.210000 1.431852
900.355000 1.448231
900.500000 1.404013
900.645000 1.408418
900.790000 1.392928
900.935000 1.452183
901.080000 1.384796
901.225000 1.426401
901.369000 1.416540
901.514000 1.383493
901.659000 1.441154
901.804000 1.370680
901.948000 1.418798
902.093000 1.403763
902.238000 1.306068
902.382000 1.437097
902.527000 1.382521
902.671000 1.405801
902.815000 1.412109
902.960000 1.345469
903.104000 1.490602
903.249000 1.381829
903.393000 1.520097
903.537000 1.415631
903.681000 1.367614
903.825000 1.473922
903.970000 1.482180
904.114000 1.419426
904.258000 1.388805
904.402000 1.544894
904.546000 1.501126
904.690000 1.664064
904.834000 1.479756
904.977000 1.516493
905.121000 1.509482
905.265000 1.533366
905.409000 1.453039
905.552000 1.319606
905.696000 1.404581
905.840000 1.462965
905.983000 1.470657
906.127000 1.442698
906.270000 1.387571
906.414000 1.384872
906.557000 1.432134
906.701000 1.332845
906.844000 1.417997
906.987000 1.355918
907.131000 1.393176
907.274000 1.410247
907.417000 1.514501
907.560000 1.416180
907.704000 1.387770
907.847000 1.406998
907.990000 1.399643
908.133000 1.379745
908.276000 1.418521
908.419000 1.380609
908.562000 1.401385
908.705000 1.395189
908.847000 1.380020
908.990000 1.432124
909.133000 1.376558
909.276000 1.402995
909.418000 1.412890
909.561000 1.380420
909.704000 1.414858
909.846000 1.400246
909.989000 1.443161
910.131000 1.428769
910.274000 1.296819
910.416000 1.411023
910.559000 1.396521
910.701000 1.397139
910.843000 1.418882
910.986000 1.385083
911.128000 1.415428
911.270000 1.401694
911.412000 1.401958
911.554000 1.395494
911.696000 1.385695
911.838000 1.409757
911.980000 1.482802
912.122000 1.413599
912.264000 1.412785
912.406000 1.444032
912.548000 1.404230
912.690000 1.409631
912.832000 1.384800
912.974000 1.412196
913.115000 1.392796
913.257000 1.396327
913.399000 1.401867
913.540000 1.406900
913.682000 1.393907
913.823000 1.410907
913.965000 1.420320
914.106000 1.389104
914.248000 1.395817
914.389000 1.393453
914.530000 1.359687
914.672000 1.409577
914.813000 1.395419
914.954000 1.421402
915.095000 1.391340
915.237000 1.433590
915.378000 1.413901
915.519000 1.390802
915.660000 1.407853
915.801000 1.480456
915.942000 1.395338
916.083000 1.406345
916.224000 1.353225
916.364000 1.422610
916.505000 1.407848
916.646000 1.384898
916.787000 1.413895
916.927000 1.395791
917.068000 1.402775
917.209000 1.412467
917.349000 1.396259
917.490000 1.412687
917.630000 1.315737
917.771000 1.369108
917.911000 1.395134
918.052000 1.395934
918.192000 1.407451
918.332000 1.397623
918.473000 1.413797
918.613000 1.402284
918.753000 1.406603
918.893000 1.437073
919.033000 1.370640
919.174000 1.395592
919.314000 1.398919
919.454000 1.370700
919.594000 1.408781
919.734000 1.400464
919.874000 1.423252
920.013000 1.389801
920.153000 1.394151
920.293000 1.458916
920.433000 1.394428
920.573000 1.420650
920.712000 1.426226
920.852000 1.397937
920.992000 1.402193
921.131000 1.393212
921.271000 1.419920
921.410000 1.432989
921.550000 1.363421
921.689000 1.421111
921.828000 1.371067
921.968000 1.298446
922.107000 1.404972
922.246000 1.387115
922.386000 1.368635
922.525000 1.385582
922.664000 1.421243
922.803000 1.409541
922.942000 1.394185
923.081000 1.403433
923.220000 1.383259
923.359000 1.401436
923.498000 1.439119
923.637000 1.437398
923.776000 1.378499
923.915000 1.399306
924.054000 1.405726
924.192000 1.382820
924.331000 1.393402
924.470000 1.404897
924.608000 1.398346
924.747000 1.402840
924.886000 1.398157
925.024000 1.375256
925.163000 1.417199
925.301000 1.413189
925.440000 1.244268
925.578000 1.397825
925.716000 1.392613
925.855000 1.415151
925.993000 1.395885
926.131000 1.388115
926.269000 1.408742
926.408000 1.407177
926.546000 1.400095
926.684000 1.375715
926.822000 1.313125
926.960000 1.409059
927.098000 1.403313
927.236000 1.419862
927.374000 1.411189
927.511000 1.390419
927.649000 1.422729
927.787000 1.404988
927.925000 1.412718
928.063000 1.418175
928.200000 1.401348
928.338000 1.437774
928.475000 1.442422
928.613000 1.419217
928.751000 1.407055
928.888000 1.429634
929.026000 1.411590
929.163000 1.366209
929.300000 1.369230
929.438000 1.395345
929.575000 1.417493
929.712000 1.447267
929.849000 1.412594
929.987000 1.408420
930.124000 1.403371
930.261000 1.558160
930.398000 1.398808
930.535000 1.402779
930.672000 1.413319
930.809000 1.403397
930.946000 1.400965
931.083000 1.399900
931.220000 1.395081
931.357000 1.401874
931.493000 1.404708
931.630000 1.402353
931.767000 1.397739
931.903000 1.405127
932.040000 1.408025
932.177000 1.396822
932.313000 1.397728
932.450000 1.407560
932.586000 1.402987
932.723000 1.403524
932.859000 1.409019
932.996000 1.397910
933.132000 1.393994
933.268000 1.409193
933.404000 1.409214
933.541000 1.402727
933.677000 1.402956
933.813000 1.407493
933.949000 1.431777
934.085000 1.407606
934.221000 1.395816
934.357000 1.406426
934.493000 1.415702
934.629000 1.366121
934.765000 1.400199
934.901000 1.429916
935.037000 1.376392
935.172000 1.404874
935.308000 1.419858
935.444000 1.376485
935.580000 1.279782
935.715000 1.431163
935.851000 1.331959
935.986000 1.402658
936.122000 1.449078
936.257000 1.301719
936.393000 1.391597
936.528000 1.449121
936.664000 1.424839
936.799000 1.421529
936.934000 1.530243
937.070000 1.402969
937.205000 1.406522
937.340000 1.308944
937.475000 1.418759
937.610000 1.429309
937.745000 1.400341
937.880000 1.394870
938.015000 1.387664
938.150000 1.381589
938.285000 1.400075
938.420000 1.414263
938.555000 1.389273
938.690000 1.391516
938.825000 1.410991
938.959000 1.417799
939.094000 1.489952
939.229000 1.417985
939.363000 1.408513
939.498000 1.397695
939.633000 1.385874
939.767000 1.397427
939.902000 1.391251
940.036000 1.392448
940.170000 1.385762
940.305000 1.384256
940.439000 1.401175
940.573000 1.402876
940.708000 1.394625
940.842000 1.415468
940.976000 1.418327
941.110000 1.384087
941.244000 1.390315
941.378000 1.401271
941.513000 1.402278
941.647000 1.399233
941.780000 1.403174
941.914000 1.385132
942.048000 1.471549
942.182000 1.405175
942.316000 1.388668
942.450000 1.403273
942.584000 1.403651
942.717000 1.385219
942.851000 1.403728
942.985000 1.469012
943.118000 1.398605
943.252000 1.405676
943.385000 1.425789
943.519000 1.392483
943.652000 1.392641
943.786000 1.390514
943.919000 1.391862
944.052000 1.392641
944.186000 1.391994
944.319000 1.404676
944.452000 1.407404
944.585000 1.436342
944.718000 1.413211
944.852000 1.405858
944.985000 1.404514
945.118000 1.405574
945.251000 1.402544
945.384000 1.382711
945.517000 1.375750
945.650000 1.427994
945.782000 1.427722
945.915000 1.421757
946.048000 1.418257
946.181000 1.361989
946.314000 1.397221
946.446000 1.383861
946.579000 1.358924
946.711000 1.394820
946.844000 1.324917
946.977000 1.378068
947.109000 1.392688
947.241000 1.372350
947.374000 1.464039
947.506000 1.420716
947.639000 1.403888
947.771000 1.405186
947.903000 1.393540
948.035000 1.446889
948.168000 1.393565
948.300000 1.424084
948.432000 1.406442
948.564000 1.383683
948.696000 1.367080
948.828000 1.395968
948.960000 1.394519
949.092000 1.416316
949.224000 1.411846
949.356000 1.393826
949.488000 1.391011
949.619000 1.413325
949.751000 1.410459
949.883000 1.386807
950.015000 1.395399
950.146000 1.391764
950.278000 1.401990
950.409000 1.401901
950.541000 1.392976
950.672000 1.420234
950.804000 1.417309
950.935000 1.402344
951.067000 1.402014
951.198000 1.395225
951.329000 1.390301
951.461000 1.399494
951.592000 1.435230
951.723000 1.406566
951.854000 1.402058
951.985000 1.416581
952.117000 1.411067
952.248000 1.407005
952.379000 1.389041
952.510000 1.400711
952.641000 1.400356
952.772000 1.370694
952.902000 1.447127
953.033000 1.430081
953.164000 1.370915
953.295000 1.445275
953.426000 1.360240
953.556000 1.420416
953.687000 1.407249
953.818000 1.345068
953.948000 1.439800
954.079000 1.385078
954.209000 1.412914
954.340000 1.394379
954.470000 1.397280
954.601000 1.436774
954.731000 1.336491
954.861000 1.425620
954.991000 1.433420
955.122000 1.520699
955.252000 1.456440
955.382000 1.438928
955.512000 1.458099
955.642000 1.499736
955.772000 1.437325
955.903000 1.478781
956.033000 1.471964
956.162000 1.315244
956.292000 1.427001
956.422000 1.466145
956.552000 1.360869
956.682000 1.422705
956.812000 1.376115
956.941000 1.400970
957.071000 1.408078
957.201000 1.386802
957.331000 1.446451
957.460000 1.331271
957.590000 1.405529
957.719000 1.414585
957.849000 1.389001
957.978000 1.421203
958.108000 1.396909
958.237000 1.415343
958.366000 1.424671
958.496000 1.347487
958.625000 1.411312
958.754000 1.399604
958.883000 1.430765
959.012000 1.569307
959.142000 1.552146
959.271000 1.419033
959.400000 1.389923
959.529000 1.436611
959.658000 1.399839
959.787000 1.395001
959.916000 1.478426
960.044000 1.380333
960.173000 1.369235
960.302000 1.410564
960.431000 1.401526
960.559000 1.414162
960.688000 1.401378
960.817000 1.400627
960.945000 1.467590
961.074000 1.401417
961.203000 1.387055
961.331000 1.405312
961.459000 1.421103
961.588000 1.412976
961.716000 1.400567
961.845000 1.406150
961.973000 1.405215
962.101000 1.490903
962.230000 1.427600
962.358000 1.406543
962.486000 1.401500
962.614000 1.420109
962.742000 1.422273
962.870000 1.403255
962.998000 1.404332
963.126000 1.406339
963.254000 1.399200
963.382000 1.408518
963.510000 1.395758
963.638000 1.334170
963.766000 1.402341
963.893000 1.398959
964.021000 1.419692
964.149000 1.398604
964.277000 1.402608
964.404000 1.415201
964.532000 1.471918
964.659000 1.408909
964.787000 1.412815
964.914000 1.391386
965.042000 1.387002
965.169000 1.355057
965.297000 1.370489
965.424000 1.327053
965.551000 1.402535
965.678000 1.403082
965.806000 1.387150
965.933000 1.395877
966.060000 1.404047
966.187000 1.454836
966.314000 1.399047
966.441000 1.391429
966.568000 1.366833
966.695000 1.387499
966.822000 1.395064
966.949000 1.366574
967.076000 1.414909
967.203000 1.421692
967.330000 1.435504
967.456000 1.404065
967.583000 1.403660
967.710000 1.383785
967.836000 1.402324
967.963000 1.406668
968.090000 1.365143
968.216000 1.388569
968.343000 1.453017
968.469000 1.414098
968.595000 1.379492
968.722000 1.390777
968.848000 1.403477
968.975000 1.396968
969.101000 1.411546
969.227000 1.402988
969.353000 1.396902
969.479000 1.398314
969.606000 1.350914
969.732000 1.416436
969.858000 1.408665
969.984000 1.367820
970.110000 1.410912
970.236000 1.410639
970.362000 1.415187
970.488000 1.399430
970.613000 1.395276
970.739000 1.432718
970.865000 1.328638
970.991000 1.391790
971.116000 1.405693
971.242000 1.279610
971.368000 1.403329
971.493000 1.426701
971.619000 1.397100
971.744000 1.390207
971.870000 1.415055
971.995000 1.413939
972.121000 1.392205
972.246000 1.393476
972.371000 1.404634
972.497000 1.403855
972.622000 1.405838
972.747000 1.400145
972.872000 1.412174
972.998000 1.403964
973.123000 1.387922
973.248000 1.306831
973.373000 1.380468
973.498000 1.386200
973.623000 1.405542
973.748000 1.406378
973.873000 1.393590
973.998000 1.398140
974.122000 1.407721
974.247000 1.406296
974.372000 1.397004
974.497000 1.374409
974.621000 1.386506
974.746000 1.406185
974.871000 1.501902
974.995000 1.394612
975.120000 1.405669
975.244000 1.404891
975.369000 1.361489
975.493000 1.407323
975.618000 1.407126
975.742000 1.407801
975.866000 1.389692
975.991000 1.414818
976.115000 1.408279
976.239000 1.400423
976.363000 1.424348
976.487000 1.392772
976.611000 1.377797
976.736000 1.503779
976.860000 1.416747
976.984000 1.401311
977.108000 1.376459
977.232000 1.397777
977.355000 1.389361
977.479000 1.400561
977.603000 1.381544
977.727000 1.388766
977.851000 1.402649
977.974000 1.403159
978.098000 1.387902
978.222000 1.398968
978.345000 1.403760
978.469000 1.410964
978.592000 1.420910
978.716000 1.529972
978.839000 1.398143
978.963000 1.405886
979.086000 1.408968
979.210000 1.431374
979.333000 1.506841
979.456000 1.398106
979.579000 1.387916
979.703000 1.416299
979.826000 1.404658
979.949000 1.350535
980.072000 1.422387
980.195000 1.389572
980.318000 1.381819
980.441000 1.397141
980.564000 1.405562
980.687000 1.411697
980.810000 1.406434
980.933000 1.388315
981.055000 1.399528
981.178000 1.401273
981.301000 1.390281
981.424000 1.396922
981.546000 1.402723
981.669000 1.391436
981.792000 1.406166
981.914000 1.410419
982.037000 1.423225
982.159000 1.394604
982.282000 1.398473
982.404000 1.431211
982.526000 1.405734
982.649000 1.399888
982.771000 1.423615
982.893000 1.387415
983.016000 1.398016
983.138000 1.419813
983.260000 1.402967
983.382000 1.393095
983.504000 1.402587
983.626000 1.396364
983.748000 1.419562
983.870000 1.409841
983.992000 1.367526
984.114000 1.411702
984.236000 1.424425
984.358000 1.404223
984.480000 1.398432
984.601000 1.407410
984.723000 1.389450
984.845000 1.479389
984.967000 1.437090
985.088000 1.402748
985.210000 1.403832
985.331000 1.407486
985.453000 1.411235
985.574000 1.410375
985.696000 1.397307
985.817000 1.412455
985.939000 1.401672
986.060000 1.401688
986.181000 1.413386
986.302000 1.405621
986.424000 1.403010
986.545000 1.395027
986.666000 1.400379
986.787000 1.411288
986.908000 1.415219
987.029000 1.406655
987.150000 1.396359
987.271000 1.442883
987.392000 1.493797
987.513000 1.381274
987.634000 1.389926
987.755000 1.408541
987.876000 1.372039
987.997000 1.425711
988.117000 1.405086
988.238000 1.393383
988.359000 1.345395
988.479000 1.411494
988.600000 1.397164
988.720000 1.391435
988.841000 1.394440
988.961000 1.389032
989.082000 1.414282
989.202000 1.428888
989.323000 1.398564
989.443000 1.423991
989.563000 1.414856
989.683000 1.404424
989.804000 1.433020
989.924000 1.404617
990.044000 1.412861
990.164000 1.420722
990.284000 1.398107
990.404000 1.405729
990.524000 1.404922
990.644000 1.408570
990.764000 1.404338
990.884000 1.403424
991.004000 1.406537
991.124000 1.396863
991.244000 1.408468
991.363000 1.419390
991.483000 1.420627
991.603000 1.419901
991.723000 1.397732
991.842000 1.404502
991.962000 1.380371
992.081000 1.389106
992.201000 1.405380
992.320000 1.402129
992.440000 1.402132
992.559000 1.405308
992.679000 1.395766
992.798000 1.402162
992.917000 1.395458
993.036000 1.380960
993.156000 1.378305
993.275000 1.374945
993.394000 1.352476
993.513000 1.395682
993.632000 1.407016
993.751000 1.402147
993.870000 1.396121
993.989000 1.399941
994.108000 1.400719
994.227000 1.409030
994.346000 1.410944
994.465000 1.404461
994.584000 1.403592
994.702000 1.397297
994.821000 1.400675
994.940000 1.406099
995.059000 1.412643
995.177000 1.407522
995.296000 1.397728
995.414000 1.406259
995.533000 1.436380
995.651000 1.409593
995.770000 1.408118
995.888000 1.421363
996.007000 1.413299
996.125000 1.401108
996.243000 1.409379
996.361000 1.404774
996.480000 1.398662
996.598000 1.398302
996.716000 1.407667
996.834000 1.406342
996.952000 1.406210
997.070000 1.392852
997.188000 1.428162
997.306000 1.407417
997.424000 1.417006
997.542000 1.450165
997.660000 1.404216
997.778000 1.404808
997.896000 1.405088
998.013000 1.421976
998.131000 1.171521
998.249000 1.393505
998.367000 1.405428
998.484000 1.412533
998.602000 1.403390
998.719000 1.406866
998.837000 1.400550
998.954000 1.387792
999.072000 1.399073
999.189000 1.399309
999.307000 1.396123
999.424000 1.342803
999.541000 1.426209
999.659000 1.397472
999.776000 1.373076
999.893000 1.408272
1000.010000 1.394240
1000.127000 1.296278
1000.244000 1.402128
1000.361000 1.410836
1000.478000 1.403739
1000.595000 1.383414
1000.712000 1.381680
1000.829000 1.414509
1000.946000 1.530146
1001.063000 1.388601
1001.180000 1.422710
1001.297000 1.430611
1001.413000 1.395439
1001.530000 1.387216
1001.647000 1.391369
1001.763000 1.384026
1001.880000 1.369016
1001.997000 1.385143
1002.113000 1.389512
1002.230000 1.412231
1002.346000 1.439342
1002.462000 1.406230
1002.579000 1.391852
1002.695000 1.427675
1002.811000 1.442543
1002.928000 1.369558
1003.044000 1.328825
1003.160000 1.337695
1003.276000 1.357471
1003.393000 1.436085
1003.509000 1.644632
1003.625000 1.373507
1003.741000 1.378809
1003.857000 1.431088
1003.973000 1.501869
1004.089000 1.354623
1004.205000 1.386113
1004.320000 1.388623
1004.436000 1.363220
1004.552000 1.377195
1004.668000 1.344809
1004.783000 1.166961
1004.899000 1.385141
1005.015000 1.406335
1005.130000 1.398952
1005.246000 1.409288
1005.361000 1.333434
1005.477000 1.308971
1005.592000 1.395235
1005.708000 1.473519
1005.823000 1.304403
1005.939000 1.433168
1006.054000 1.483485
1006.169000 1.089932
1006.284000 1.317293
1006.400000 1.398983
1006.515000 1.311127
1006.630000 1.342506
1006.745000 1.363865
1006.860000 1.409835
1006.975000 1.306545
1007.090000 1.245314
1007.205000 1.330935
1007.320000 1.244093
1007.435000 1.345113
1007.550000 1.458525
1007.665000 1.308459
1007.780000 1.209574
1007.894000 1.208626
1008.009000 1.283763
1008.124000 1.335250
1008.238000 1.259763
1008.353000 1.260217
1008.468000 1.317239
1008.582000 1.217894
1008.697000 1.246885
1008.811000 1.335864
1008.926000 1.296273
1009.040000 1.211876
1009.154000 1.165915
1009.269000 1.272400
1009.383000 1.218430
1009.497000 1.251556
1009.611000 1.305212
1009.726000 1.286043
1009.840000 1.292249
1009.954000 1.315949
1010.068000 1.282149
1010.182000 1.212164
1010.296000 1.267525
1010.410000 1.301753
1010.524000 1.310002
1010.638000 1.285716
1010.752000 1.256657
1010.866000 1.291040
1010.980000 1.269039
1011.093000 1.219810
1011.207000 1.277061
1011.321000 1.279486
1011.434000 1.287536
1011.548000 1.301994
1011.662000 1.288181
1011.775000 1.300640
1011.889000 1.293994
1012.002000 1.261408
1012.116000 1.295254
1012.229000 1.309632
1012.342000 1.310229
1012.456000 1.316707
1012.569000 1.313777
1012.682000 1.307100
1012.796000 1.297087
1012.909000 1.307719
1013.022000 1.326930
1013.135000 1.322270
1013.248000 1.308039
1013.361000 1.319650
1013.474000 1.329386
1013.587000 1.326336
1013.700000 1.322716
1013.813000 1.329399
1013.926000 1.332738
1014.039000 1.330465
1014.152000 1.333959
1014.265000 1.335920
1014.377000 1.335426
1014.490000 1.339965
1014.603000 1.341449
1014.715000 1.341068
1014.828000 1.344232
1014.941000 1.345944
1015.053000 1.346632
1015.166000 1.348028
1015.278000 1.349540
1015.391000 1.351647
1015.503000 1.353134
1015.615000 1.354375
1015.728000 1.356369
1015.840000 1.358006
1015.952000 1.359021
1016.064000 1.360440
1016.177000 1.362055
1016.289000 1.363533
1016.401000 1.365162
1016.513000 1.366058
1016.625000 1.367518
1016.737000 1.370049
1016.849000 1.370902
1016.961000 1.371444
1017.073000 1.373318
1017.185000 1.374987
1017.297000 1.376645
1017.408000 1.377859
1017.520000 1.379096
1017.632000 1.380894
1017.744000 1.381874
1017.855000 1.382994
1017.967000 1.384397
1018.079000 1.385247
1018.190000 1.386784
1018.302000 1.388383
1018.413000 1.389214
1018.525000 1.390422
1018.636000 1.391891
1018.747000 1.392947
1018.859000 1.394003
1018.970000 1.395240
1019.081000 1.396445
1019.193000 1.397554
1019.304000 1.398552
1019.415000 1.399855
1019.526000 1.401042
1019.637000 1.401739
1019.748000 1.403113
1019.859000 1.404361
1019.970000 1.404759
1020.081000 1.405966
1020.192000 1.407356
1020.303000 1.407910
1020.414000 1.408706
1020.525000 1.410042
1020.636000 1.411045
1020.746000 1.411319
1020.857000 1.412230
1020.968000 1.413444
1021.078000 1.413633
1021.189000 1.414425
1021.300000 1.415474
1021.410000 1.415458
1021.521000 1.415718
1021.631000 1.416477
1021.742000 1.417319
1021.852000 1.417737
1021.962000 1.417655
1022.073000 1.418395
1022.183000 1.418596
1022.293000 1.418208
1022.404000 1.419324
1022.514000 1.420022
1022.624000 1.419334
1022.734000 1.419332
1022.844000 1.420013
1022.954000 1.420347
1023.064000 1.420196
1023.174000 1.420204
1023.284000 1.420320
1023.394000 1.420217
1023.504000 1.420619
1023.614000 1.420806
1023.724000 1.420093
1023.833000 1.419888
1023.943000 1.420106
1024.053000 1.419891
1024.162000 1.419619
1024.272000 1.419085
1024.382000 1.418852
1024.491000 1.419246
1024.601000 1.418788
1024.710000 1.418110
1024.820000 1.418222
1024.929000 1.417947
1025.039000 1.417667
1025.148000 1.417938
1025.257000 1.417677
1025.367000 1.416629
1025.476000 1.415804
1025.585000 1.415834
1025.694000 1.415411
1025.803000 1.414355
1025.913000 1.414229
1026.022000 1.413990
1026.131000 1.413181
1026.240000 1.412743
1026.349000 1.412014
1026.458000 1.411096
1026.567000 1.410498
1026.675000 1.410202
1026.784000 1.409615
1026.893000 1.408424
1027.002000 1.408071
1027.111000 1.408043
1027.219000 1.406914
1027.328000 1.405669
1027.437000 1.404901
1027.545000 1.404331
1027.654000 1.403304
1027.762000 1.402636
1027.871000 1.402647
1027.979000 1.401086
1028.088000 1.399617
1028.196000 1.399507
1028.304000 1.398250
1028.413000 1.397051
1028.521000 1.396278
1028.629000 1.395091
1028.737000 1.394500
1028.846000 1.393681
1028.954000 1.392801
1029.062000 1.391671
1029.170000 1.389536
1029.278000 1.388484
1029.386000 1.387978
1029.494000 1.386441
1029.602000 1.385546
1029.710000 1.385590
1029.818000 1.384899
1029.925000 1.383485
1030.033000 1.382212
1030.141000 1.380817
1030.249000 1.379773
1030.356000 1.378835
1030.464000 1.377281
1030.572000 1.376642
1030.679000 1.376341
1030.787000 1.375085
1030.894000 1.373829
1031.002000 1.372783
1031.109000 1.371446
1031.217000 1.369669
1031.324000 1.368638
1031.431000 1.368200
1031.539000 1.366934
1031.646000 1.366802
1031.753000 1.366820
1031.860000 1.365251
1031.968000 1.363749
1032.075000 1.361820
1032.182000 1.360836
1032.289000 1.360008
1032.396000 1.356967
1032.503000 1.356322
1032.610000 1.356566
1032.717000 1.355182
1032.824000 1.354848
1032.931000 1.353246
1033.037000 1.352080
1033.144000 1.352512
1033.251000 1.350224
1033.358000 1.347048
1033.464000 1.345988
1033.571000 1.348349
1033.678000 1.349539
1033.784000 1.344636
1033.891000 1.341255
1033.997000 1.340585
1034.104000 1.337751
1034.210000 1.339947
1034.317000 1.342058
1034.423000 1.338659
1034.529000 1.335273
1034.636000 1.332669
1034.742000 1.329699
1034.848000 1.323906
1034.954000 1.322686
1035.061000 1.331776
1035.167000 1.332623
1035.273000 1.328332
1035.379000 1.330822
1035.485000 1.323770
1035.591000 1.322773
1035.697000 1.330116
1035.803000 1.318071
1035.909000 1.324846
1036.015000 1.330940
1036.120000 1.313383
1036.226000 1.328236
1036.332000 1.330169
1036.438000 1.320201
1036.543000 1.329202
1036.649000 1.310444
1036.755000 1.324212
1036.860000 1.336440
1036.966000 1.304195
1037.071000 1.327920
1037.177000 1.331373
1037.282000 1.293151
1037.388000 1.313843
1037.493000 1.302499
1037.598000 1.281607
1037.704000 1.298734
1037.809000 1.280117
1037.914000 1.284401
1038.019000 1.307868
1038.125000 1.319340
1038.230000 1.298658
1038.335000 1.310230
1038.440000 1.333181
1038.545000 1.320057
1038.650000 1.328988
1038.755000 1.309031
1038.860000 1.182229
1038.965000 1.259155
1039.070000 1.218534
1039.174000 1.326949
1039.279000 1.334537
1039.384000 1.249676
1039.489000 1.326035
1039.593000 1.338503
1039.698000 1.383428
1039.803000 1.357548
1039.907000 1.267488
1040.012000 1.107178
1040.116000 1.234632
1040.221000 1.219675
1040.325000 1.226202
1040.430000 1.191157
1040.534000 1.362279
1040.638000 1.351829
1040.743000 1.199674
1040.847000 1.313544
1040.951000 1.306438
1041.055000 1.332420
1041.160000 1.331552
1041.264000 1.319216
1041.368000 1.357123
1041.472000 1.343210
1041.576000 1.358332
1041.680000 1.345207
1041.784000 1.313669
1041.888000 1.353425
1041.992000 1.344341
1042.096000 1.352490
1042.199000 1.381830
1042.303000 1.341110
1042.407000 1.303789
1042.511000 1.409209
1042.614000 1.317509
1042.718000 1.332954
1042.822000 1.291858
1042.925000 1.407812
1043.029000 1.486742
1043.132000 1.471621
1043.236000 1.360693
1043.339000 1.336946
1043.443000 1.372592
1043.546000 1.365307
1043.649000 1.345944
1043.753000 1.337673
1043.856000 1.379350
1043.959000 1.375883
1044.062000 1.292875
1044.166000 1.368661
1044.269000 1.243196
1044.372000 1.182193
1044.475000 1.377517
1044.578000 1.339487
1044.681000 1.404121
1044.784000 1.430211
1044.887000 1.334898
1044.990000 1.331724
1045.093000 1.398807
1045.196000 1.248832
1045.298000 1.344732
1045.401000 1.404209
1045.504000 1.418727
1045.607000 1.377821
1045.709000 1.438917
1045.812000 1.508081
1045.914000 1.490734
1046.017000 1.361682
1046.119000 1.450896
1046.222000 1.451643
1046.324000 1.483512
1046.427000 1.404750
1046.529000 1.343348
1046.632000 1.400627
1046.734000 1.407138
1046.836000 1.369041
1046.938000 1.376502
1047.041000 1.377222
1047.143000 1.380367
1047.245000 1.431144
1047.347000 1.387599
1047.449000 1.303495
1047.551000 1.376484
1047.653000 1.390337
1047.755000 1.429571
1047.857000 1.428628
1047.959000 1.410699
1048.061000 1.361813
1048.163000 1.301448
1048.265000 1.388620
1048.366000 1.390916
1048.468000 1.386760
1048.570000 1.399395
1048.672000 1.398442
1048.773000 1.418809
1048.875000 1.396910
1048.976000 1.401783
1049.078000 1.467469
1049.179000 1.420037
1049.281000 1.517030
1049.382000 1.396648
1049.484000 1.390273
1049.585000 1.388223
1049.686000 1.410739
1049.788000 1.372813
1049.889000 1.369581
1049.990000 1.379964
1050.091000 1.390267
1050.193000 1.379679
1050.294000 1.392567
1050.395000 1.399416
1050.496000 1.380074
1050.597000 1.385478
1050.698000 1.449476
1050.799000 1.476644
1050.900000 1.382434
1051.001000 1.374146
1051.101000 1.391406
1051.202000 1.391794
1051.303000 1.436001
1051.404000 1.400136
1051.505000 1.390616
1051.605000 1.388549
1051.706000 1.432690
1051.806000 1.344607
1051.907000 1.402118
1052.008000 1.589475
1052.108000 1.386884
1052.209000 1.391517
1052.309000 1.409075
1052.409000 1.414156
1052.510000 1.384131
1052.610000 1.381674
1052.710000 1.408287
1052.811000 1.421351
1052.911000 1.397966
1053.011000 1.448126
1053.111000 1.422439
1053.212000 1.402523
1053.312000 1.421190
1053.412000 1.401650
1053.512000 1.381734
1053.612000 1.355494
1053.712000 1.385485
1053.812000 1.370977
1053.912000 1.382659
1054.011000 1.392642
1054.111000 1.249516
1054.211000 1.360340
1054.311000 1.395967
1054.411000 1.376930
1054.510000 1.380156
1054.610000 1.317971
1054.710000 1.399604
1054.809000 1.480526
1054.909000 1.298665
1055.008000 1.400330
1055.108000 1.418801
1055.207000 1.361893
1055.307000 1.380962
1055.406000 1.419231
1055.505000 1.399413
1055.605000 1.390056
1055.704000 1.397150
1055.803000 1.480775
1055.902000 1.378882
1056.002000 1.409111
1056.101000 1.358616
1056.200000 1.341702
1056.299000 1.386528
1056.398000 1.375847
1056.497000 1.384480
1056.596000 1.397934
1056.695000 1.407126
1056.794000 1.409093
1056.893000 1.408070
1056.992000 1.394657
1057.090000 1.431774
1057.189000 1.432639
1057.288000 1.390940
1057.387000 1.372260
1057.485000 1.349371
1057.584000 1.408260
1057.683000 1.404392
1057.781000 1.390169
1057.880000 1.408494
1057.978000 1.400462
1058.077000 1.380812
1058.175000 1.382493
1058.274000 1.388472
1058.372000 1.400536
1058.470000 1.403035
1058.569000 1.382533
1058.667000 1.338815
1058.765000 1.402420
1058.863000 1.413487
1058.962000 1.401644
1059.060000 1.408272
1059.158000 1.426938
1059.256000 1.419470
1059.354000 1.418797
1059.452000 1.380179
1059.550000 1.398246
1059.648000 1.397378
1059.746000 1.396292
1059.844000 1.397704
1059.941000 1.410740
1060.039000 1.446872
1060.137000 1.390585
1060.235000 1.378622
1060.332000 1.404204
1060.430000 1.417890
1060.528000 1.355611
1060.625000 1.393279
1060.723000 1.405432
1060.820000 1.357191
1060.918000 1.398795
1061.015000 1.389316
1061.113000 1.376561
1061.210000 1.387175
1061.308000 1.368984
1061.405000 1.422763
1061.502000 1.436795
1061.599000 1.374055
1061.697000 1.393455
1061.794000 1.403629
1061.891000 1.419409
1061.988000 1.352570
1062.085000 1.388818
1062.182000 1.400501
1062.279000 1.397556
1062.376000 1.395850
1062.473000 1.415679
1062.570000 1.421167
1062.667000 1.395724
1062.764000 1.381328
1062.861000 1.393245
1062.958000 1.391343
1063.054000 1.383604
1063.151000 1.395351
1063.248000 1.383093
1063.344000 1.397978
1063.441000 1.429511
1063.538000 1.436895
1063.634000 1.413066
1063.731000 1.375470
1063.827000 1.361176
1063.924000 1.397676
1064.020000 1.361784
1064.116000 1.403982
1064.213000 1.385693
1064.309000 1.362405
1064.405000 1.429559
1064.502000 1.421661
1064.598000 1.391174
1064.694000 1.576210
1064.790000 1.415752
1064.886000 1.394986
1064.982000 1.401844
1065.078000 1.437871
1065.174000 1.404646
1065.270000 1.375967
1065.366000 1.356273
1065.462000 1.417732
1065.558000 1.393218
1065.654000 1.396259
1065.750000 1.408082
1065.846000 1.401859
1065.941000 1.408202
1066.037000 1.454757
1066.133000 1.377439
1066.228000 1.379977
1066.324000 1.461227
1066.420000 1.400727
1066.515000 1.405506
1066.611000 1.391645
1066.706000 1.391437
1066.802000 1.379839
1066.897000 1.365019
1066.992000 1.410158
1067.088000 1.410522
1067.183000 1.400073
1067.278000 1.405277
1067.373000 1.394228
1067.469000 1.384324
1067.564000 1.411077
1067.659000 1.390851
1067.754000 1.386768
1067.849000 1.403083
1067.944000 1.409424
1068.039000 1.335000
1068.134000 1.414495
1068.229000 1.405944
1068.324000 1.387325
1068.419000 1.411197
1068.514000 1.397802
1068.609000 1.372486
1068.703000 1.406368
1068.798000 1.411519
1068.893000 1.412778
1068.987000 1.403892
1069.082000 1.462800
1069.177000 1.392948
1069.271000 1.398440
1069.366000 1.367984
1069.460000 1.390478
1069.555000 1.395912
1069.649000 1.440021
1069.744000 1.400690
1069.838000 1.397925
1069.932000 1.416560
1070.027000 1.399059
1070.121000 1.375007
1070.215000 1.419250
1070.309000 1.401757
1070.404000 1.403715
1070.498000 1.401249
1070.592000 1.397513
1070.686000 1.405042
1070.780000 1.424671
1070.874000 1.317828
1070.968000 1.416010
1071.062000 1.405477
1071.156000 1.386933
1071.250000 1.409993
1071.343000 1.468540
1071.437000 1.414952
1071.531000 1.404941
1071.625000 1.402516
1071.718000 1.399489
1071.812000 1.397640
1071.906000 1.375667
1071.999000 1.395294
1072.093000 1.399464
1072.186000 1.400002
1072.280000 1.439874
1072.373000 1.402864
1072.467000 1.365789
1072.560000 1.363147
1072.654000 1.371389
1072.747000 1.383844
1072.840000 1.395982
1072.934000 1.320675
1073.027000 1.381795
1073.120000 1.405170
1073.213000 1.387631
1073.306000 1.379835
1073.399000 1.429773
1073.492000 1.430409
1073.585000 1.423456
1073.678000 1.415526
1073.771000 1.393560
1073.864000 1.406477
1073.957000 1.400573
1074.050000 1.589244
1074.143000 1.429612
1074.236000 1.400354
1074.329000 1.402069
1074.421000 1.407886
1074.514000 1.385021
1074.607000 1.429406
1074.699000 1.405938
1074.792000 1.387495
1074.884000 1.366402
1074.977000 1.391822
1075.069000 1.405570
1075.162000 1.423890
1075.254000 1.406090
1075.347000 1.373817
1075.439000 1.388533
1075.531000 1.395446
1075.624000 1.393875
1075.716000 1.386819
1075.808000 1.378423
1075.900000 1.397216
1075.993000 1.403586
1076.085000 1.405967
1076.177000 1.410069
1076.269000 1.423643
1076.361000 1.434684
1076.453000 1.403362
1076.545000 1.396372
1076.637000 1.395735
1076.729000 1.389898
1076.821000 1.382328
1076.913000 1.403141
1077.004000 1.395139
1077.096000 1.393088
1077.188000 1.389185
1077.280000 1.409534
1077.371000 1.412510
1077.463000 1.383639
1077.554000 1.400814
1077.646000 1.402619
1077.738000 1.382919
1077.829000 1.410410
1077.921000 1.405386
1078.012000 1.396166
1078.103000 1.333313
1078.195000 1.368820
1078.286000 1.415329
1078.377000 1.424840
1078.469000 1.402653
1078.560000 1.415120
1078.651000 1.434537
1078.742000 1.395842
1078.833000 1.410970
1078.925000 1.399552
1079.016000 1.409044
1079.107000 1.413636
1079.198000 1.377244
1079.289000 1.411897
1079.380000 1.441140
1079.470000 1.429135
1079.561000 1.412298
1079.652000 1.393132
1079.743000 1.397431
1079.834000 1.409015
1079.924000 1.399500
1080.015000 1.390161
1080.106000 1.404078
1080.196000 1.394888
1080.287000 1.393427
1080.378000 1.412258
1080.468000 1.404930
1080.559000 1.400196
1080.649000 1.437860
1080.740000 1.421566
1080.830000 1.379980
1080.920000 1.398369
1081.011000 1.421242
1081.101000 1.401550
1081.191000 1.445757
1081.282000 1.540777
1081.372000 1.426047
1081.462000 1.414706
1081.552000 1.383938
1081.642000 1.393937
1081.732000 1.469472
1081.822000 1.398302
1081.912000 1.402265
1082.002000 1.408995
1082.092000 1.399046
1082.182000 1.404185
1082.272000 1.417900
1082.362000 1.409185
1082.452000 1.409640
1082.542000 1.396986
1082.631000 1.375707
1082.721000 1.415043
1082.811000 1.403041
1082.900000 1.420363
1082.990000 1.402969
1083.080000 1.391464
1083.169000 1.481230
1083.259000 1.383392
1083.348000 1.394618
1083.438000 1.426925
1083.527000 1.419976
1083.616000 1.391278
1083.706000 1.404470
1083.795000 1.402947
1083.884000 1.404108
1083.974000 1.383345
1084.063000 1.379002
1084.152000 1.396433
1084.241000 1.404101
1084.330000 1.400813
1084.419000 1.407501
1084.508000 1.426530
1084.597000 1.406338
1084.686000 1.410464
1084.775000 1.504963
1084.864000 1.405207
1084.953000 1.518166
1085.042000 1.441435
1085.131000 1.400805
1085.220000 1.411535
1085.308000 1.405428
1085.397000 1.403801
1085.486000 1.460719
1085.574000 1.431849
1085.663000 1.395575
1085.752000 1.384493
1085.840000 1.400756
1085.929000 1.402411
1086.017000 1.427488
1086.106000 1.406941
1086.194000 1.394376
1086.283000 1.349661
1086.371000 1.410805
1086.459000 1.414704
1086.548000 1.407675
1086.636000 1.403914
1086.724000 1.401468
1086.812000 1.391127
1086.900000 1.400987
1086.989000 1.399312
1087.077000 1.395694
1087.165000 1.398893
1087.253000 1.447478
1087.341000 1.398474
1087.429000 1.484311
1087.517000 1.377099
1087.605000 1.403205
1087.692000 1.433180
1087.780000 1.401830
1087.868000 1.405933
1087.956000 1.396854
1088.044000 1.393784
1088.131000 1.415524
1088.219000 1.471062
1088.307000 1.398605
1088.394000 1.399478
1088.482000 1.404132
1088.569000 1.424768
1088.657000 1.407168
1088.744000 1.402137
1088.832000 1.382119
1088.919000 1.302699
1089.007000 1.400343
1089.094000 1.406915
1089.181000 1.405804
1089.268000 1.409724
1089.356000 1.408989
1089.443000 1.422825
1089.530000 1.465833
1089.617000 1.391300
1089.704000 1.390141
1089.791000 1.402575
1089.878000 1.359892
1089.966000 1.388617
1090.052000 1.409277
1090.139000 1.378596
1090.226000 1.399857
1090.313000 1.401800
1090.400000 1.347579
1090.487000 1.406591
1090.574000 1.411666
1090.660000 1.565080
1090.747000 1.405042
1090.834000 1.406827
1090.921000 1.405561
1091.007000 1.410625
1091.094000 1.514134
1091.180000 1.392492
1091.267000 1.387108
1091.353000 1.396968
1091.440000 1.400154
1091.526000 1.507733
1091.613000 1.405743
1091.699000 1.401019
1091.785000 1.444015
1091.872000 1.412494
1091.958000 1.401450
1092.044000 1.351431
1092.130000 1.390162
1092.216000 1.427397
1092.303000 1.398772
1092.389000 1.391960
1092.475000 1.388497
1092.561000 1.399836
1092.647000 1.418394
1092.733000 1.373617
1092.819000 1.379191
1092.905000 1.396227
1092.990000 1.396305
1093.076000 1.402555
1093.162000 1.401337
1093.248000 1.366853
1093.334000 1.413896
1093.419000 1.417617
1093.505000 1.401676
1093.591000 1.388959
1093.676000 1.416054
1093.762000 1.401083
1093.847000 1.402960
1093.933000 1.404932
1094.018000 1.399289
1094.104000 1.425316
1094.189000 1.408847
1094.275000 1.395148
1094.360000 1.364372
1094.445000 1.405652
1094.531000 1.450477
1094.616000 1.399658
1094.701000 1.402649
1094.786000 1.502285
1094.871000 1.395716
1094.956000 1.399859
1095.042000 1.360173
1095.127000 1.378839
1095.212000 1.402405
1095.297000 1.407863
1095.382000 1.402964
1095.466000 1.409197
1095.551000 1.412415
1095.636000 1.423355
1095.721000 1.414050
1095.806000 1.413415
1095.891000 1.417692
1095.975000 1.407614
1096.060000 1.411239
1096.145000 1.390642
1096.229000 1.417730
1096.314000 1.410837
1096.398000 1.399666
1096.483000 1.391311
1096.568000 1.426119
1096.652000 1.418615
1096.736000 1.413537
1096.821000 1.401019
1096.905000 1.414925
1096.990000 1.309687
1097.074000 1.408682
1097.158000 1.403348
1097.242000 1.411910
1097.327000 1.405753
1097.411000 1.401303
1097.495000 1.426900
1097.579000 1.410444
1097.663000 1.422686
1097.747000 1.509655
1097.831000 1.399743
1097.915000 1.380240
1097.999000 1.337610
1098.083000 1.361551
1098.167000 1.387979
1098.251000 1.403567
1098.335000 1.442667
1098.418000 1.427121
1098.502000 1.371765
1098.586000 1.394585
1098.669000 1.406893
1098.753000 1.408323
1098.837000 1.409182
1098.920000 1.418363
1099.004000 1.405314
1099.087000 1.397489
1099.171000 1.404390
1099.254000 1.409740
1099.338000 1.426949
1099.421000 1.396516
1099.505000 1.417236
1099.588000 1.410256
1099.671000 1.400320
1099.754000 1.394243
1099.838000 1.417022
1099.921000 1.404416
1100.004000 1.399495
1100.087000 1.424657
1100.170000 1.432137
1100.253000 1.397571
1100.336000 1.400328
1100.419000 1.409390
1100.502000 1.387095
1100.585000 1.409250
1100.668000 1.412566
1100.751000 1.390275
1100.834000 1.424899
1100.917000 1.410879
1101.000000 1.401801
1101.082000 1.388915
1101.165000 1.398542
1101.248000 1.396934
1101.330000 1.406315
1101.413000 1.414338
1101.496000 1.391254
1101.578000 1.385161
1101.661000 1.416907
1101.743000 1.395077
1101.826000 1.393857
1101.908000 1.405160
1101.990000 1.405653
1102.073000 1.456289
1102.155000 1.400449
1102.237000 1.389597
1102.320000 1.412381
1102.402000 1.428017
1102.484000 1.381195
1102.566000 1.365292
1102.648000 1.399323
1102.730000 1.420414
1102.812000 1.407129
1102.895000 1.454002
1102.977000 1.418986
1103.058000 1.480761
1103.140000 1.332342
1103.222000 1.399592
1103.304000 1.466604
1103.386000 1.401619
1103.468000 1.401634
1103.550000 1.398831
1103.631000 1.385418
1103.713000 1.407921
1103.795000 1.435857
1103.876000 1.314160
1103.958000 1.379794
1104.040000 1.442762
1104.121000 1.385856
1104.203000 1.378922
1104.284000 1.400763
1104.366000 1.400722
1104.447000 1.407346
1104.528000 1.529927
1104.610000 1.404377
1104.691000 1.414010
1104.772000 1.408733
1104.854000 1.403632
1104.935000 1.412921
1105.016000 1.394013
1105.097000 1.416551
1105.178000 1.422928
1105.259000 1.366108
1105.341000 1.416458
1105.422000 1.413011
1105.503000 1.410689
1105.584000 1.456908
1105.664000 1.334704
1105.745000 1.375502
1105.826000 1.382959
1105.907000 1.414404
1105.988000 1.450361
1106.069000 1.392064
1106.149000 1.435476
1106.230000 1.396974
1106.311000 1.400281
1106.391000 1.399713
1106.472000 1.400479
1106.553000 1.406467
1106.633000 1.397504
1106.714000 1.403621
1106.794000 1.410605
1106.875000 1.384925
1106.955000 1.428924
1107.036000 1.619740
1107.116000 1.372720
1107.196000 1.400458
1107.276000 1.410899
1107.357000 1.393782
1107.437000 1.395806
1107.517000 1.411628
1107.597000 1.399969
1107.677000 1.390556
1107.758000 1.481624
1107.838000 1.456073
1107.918000 1.408616
1107.998000 1.481498
1108.078000 1.463031
1108.158000 1.396486
1108.238000 1.369837
1108.317000 1.387034
1108.397000 1.425364
1108.477000 1.403575
1108.557000 1.429111
1108.637000 1.410227
1108.716000 1.400330
1108.796000 1.404837
1108.876000 1.405308
1108.955000 1.407118
1109.035000 1.399963
1109.114000 1.410115
1109.194000 1.414011
1109.273000 1.405837
1109.353000 1.415496
