878.170000 1.447891
878.320000 1.447891
878.471000 1.448192
878.622000 1.451531
878.772000 1.457281
878.923000 1.470121
879.074000 1.459534
879.224000 1.453968
879.375000 1.450700
879.525000 1.440557
879.675000 1.433395
879.826000 1.435634
879.976000 1.437753
880.126000 1.435344
880.277000 1.436572
880.427000 1.436170
880.577000 1.427324
880.727000 1.440001
880.877000 1.449593
881.027000 1.442871
881.177000 1.448415
881.327000 1.453386
881.477000 1.445574
881.627000 1.441425
881.777000 1.440651
881.927000 1.436994
882.077000 1.439393
882.226000 1.447042
882.376000 1.455146
882.526000 1.458338
882.675000 1.456521
882.825000 1.454195
882.974000 1.450088
883.124000 1.446048
883.273000 1.444773
883.423000 1.445912
883.572000 1.449403
883.722000 1.454758
883.871000 1.456066
884.020000 1.454770
884.170000 1.450102
884.319000 1.442893
884.468000 1.440488
884.617000 1.444666
884.766000 1.450861
884.915000 1.459133
885.064000 1.459955
885.213000 1.448043
885.362000 1.445504
885.511000 1.447134
885.660000 1.451003
885.809000 1.461456
885.958000 1.468895
886.106000 1.462424
886.255000 1.459490
886.404000 1.456191
886.552000 1.449966
886.701000 1.451186
886.850000 1.450067
886.998000 1.448548
887.147000 1.453417
887.295000 1.460304
887.443000 1.473300
887.592000 1.473381
887.740000 1.457485
887.889000 1.449940
888.037000 1.450193
888.185000 1.446336
888.333000 1.446990
888.481000 1.449327
888.629000 1.445990
888.778000 1.443832
888.926000 1.441606
889.074000 1.429434
889.221000 1.430152
889.369000 1.436294
889.517000 1.441646
889.665000 1.450189
889.813000 1.450199
889.961000 1.449627
890.108000 1.452782
890.256000 1.452877
890.404000 1.459067
890.551000 1.467966
890.699000 1.466100
890.846000 1.468608
890.994000 1.471183
891.141000 1.458413
891.289000 1.450765
891.436000 1.457981
891.584000 1.453222
891.731000 1.457508
891.878000 1.457342
892.025000 1.444852
892.173000 1.447156
892.320000 1.447229
892.467000 1.444377
892.614000 1.453312
892.761000 1.456978
892.908000 1.454022
893.055000 1.456462
893.202000 1.441952
893.349000 1.433250
893.496000 1.438350
893.642000 1.442392
893.789000 1.448243
893.936000 1.454593
894.083000 1.450413
894.229000 1.448757
894.376000 1.450811
894.523000 1.444579
894.669000 1.451248
894.816000 1.454843
894.962000 1.450071
895.109000 1.452941
895.255000 1.455122
895.401000 1.453249
895.548000 1.456609
895.694000 1.454984
895.840000 1.445037
895.986000 1.450576
896.133000 1.447769
896.279000 1.445219
896.425000 1.451104
896.571000 1.446970
896.717000 1.442490
896.863000 1.452401
897.009000 1.437242
897.155000 1.434452
897.301000 1.447970
897.446000 1.440418
897.592000 1.442131
897.738000 1.450967
897.884000 1.442090
898.029000 1.449151
898.175000 1.454784
898.321000 1.445398
898.466000 1.449605
898.612000 1.451377
898.757000 1.442212
898.903000 1.452658
899.048000 1.451878
899.193000 1.444061
899.339000 1.450588
899.484000 1.446719
899.629000 1.444021
899.775000 1.454066
899.920000 1.451159
900.065000 1.448221
900.210000 1.460660
900.355000 1.447453
900.500000 1.453352
900.645000 1.459877
900.790000 1.447592
900.935000 1.450722
901.080000 1.455225
901.225000 1.441686
901.369000 1.456367
901.514000 1.463259
901.659000 1.444478
901.804000 1.468569
901.948000 1.453204
902.093000 1.416818
902.238000 1.452509
902.382000 1.453017
902.527000 1.451128
902.671000 1.460764
902.815000 1.451314
902.960000 1.441545
903.104000 1.457638
903.249000 1.435229
903.393000 1.442238
903.537000 1.472825
903.681000 1.404018
903.825000 1.467410
903.970000 1.487294
904.114000 1.256927
904.258000 1.462815
904.402000 1.467575
904.546000 1.395660
904.690000 1.496970
904.834000 1.549831
904.977000 1.567970
905.121000 1.575478
905.265000 1.562950
905.409000 1.519356
905.552000 1.468867
905.696000 1.475718
905.840000 1.472087
905.983000 1.464439
906.127000 1.483173
906.270000 1.463790
906.414000 1.413730
906.557000 1.460744
906.701000 1.441205
906.844000 1.431777
906.987000 1.463795
907.131000 1.455124
907.274000 1.457984
907.417000 1.473814
907.560000 1.456242
907.704000 1.460230
907.847000 1.466944
907.990000 1.448416
908.133000 1.458403
908.276000 1.468960
908.419000 1.446956
908.562000 1.460829
908.705000 1.456108
908.847000 1.445044
908.990000 1.452175
909.133000 1.445917
909.276000 1.435734
909.418000 1.449138
909.561000 1.447935
909.704000 1.448714
909.846000 1.463605
909.989000 1.450927
910.131000 1.450266
910.274000 1.457995
910.416000 1.455168
910.559000 1.466000
910.701000 1.495690
910.843000 1.459610
910.986000 1.457518
911.128000 1.454171
911.270000 1.440060
911.412000 1.447532
911.554000 1.450977
911.696000 1.439736
911.838000 1.468888
911.980000 1.469407
912.122000 1.453384
912.264000 1.458887
912.406000 1.453560
912.548000 1.447197
912.690000 1.454187
912.832000 1.451646
912.974000 1.450484
913.115000 1.455619
913.257000 1.446326
913.399000 1.441975
913.540000 1.453816
913.682000 1.392113
913.823000 1.444271
913.965000 1.461013
914.106000 1.454868
914.248000 1.456196
914.389000 1.456960
914.530000 1.446015
914.672000 1.448122
914.813000 1.443167
914.954000 1.422172
915.095000 1.434736
915.237000 1.440570
915.378000 1.444028
915.519000 1.454933
915.660000 1.449129
915.801000 1.443463
915.942000 1.446406
916.083000 1.444282
916.224000 1.444851
916.364000 1.450768
916.505000 1.445206
916.646000 1.446252
916.787000 1.452626
916.927000 1.453037
917.068000 1.454165
917.209000 1.453054
917.349000 1.448841
917.490000 1.452025
917.630000 1.454346
917.771000 1.448021
917.911000 1.446493
918.052000 1.439572
918.192000 1.436045
918.332000 1.452777
918.473000 1.454916
918.613000 1.454602
918.753000 1.456766
918.893000 1.453279
919.033000 1.455279
919.174000 1.460115
919.314000 1.456024
919.454000 1.453255
919.594000 1.451590
919.734000 1.446180
919.874000 1.445944
920.013000 1.449114
920.153000 1.447702
920.293000 1.449566
920.433000 1.450383
920.573000 1.447276
920.712000 1.447486
920.852000 1.447652
920.992000 1.445638
921.131000 1.443161
921.271000 1.438075
921.410000 1.432467
921.550000 1.433170
921.689000 1.439729
921.828000 1.449521
921.968000 1.453537
922.107000 1.446852
922.246000 1.444530
922.386000 1.444034
922.525000 1.444230
922.664000 1.449712
922.803000 1.453429
922.942000 1.456475
923.081000 1.455417
923.220000 1.452687
923.359000 1.452047
923.498000 1.450232
923.637000 1.446805
923.776000 1.448870
923.915000 1.455505
924.054000 1.457458
924.192000 1.471400
924.331000 1.477491
924.470000 1.464862
924.608000 1.457878
924.747000 1.455964
924.886000 1.449300
925.024000 1.447794
925.163000 1.448264
925.301000 1.442074
925.440000 1.434586
925.578000 1.435686
925.716000 1.439097
925.855000 1.449659
925.993000 1.457591
926.131000 1.463967
926.269000 1.467790
926.408000 1.458180
926.546000 1.454534
926.684000 1.452734
926.822000 1.453225
926.960000 1.456085
927.098000 1.455517
927.236000 1.450835
927.374000 1.450370
927.511000 1.450742
927.649000 1.450042
927.787000 1.453040
927.925000 1.458119
928.063000 1.453611
928.200000 1.448517
928.338000 1.451330
928.475000 1.456522
928.613000 1.458840
928.751000 1.453838
928.888000 1.448000
929.026000 1.440581
929.163000 1.434408
929.300000 1.437396
929.438000 1.447073
929.575000 1.451605
929.712000 1.454848
929.849000 1.458760
929.987000 1.454907
930.124000 1.450299
930.261000 1.450661
930.398000 1.454048
930.535000 1.459570
930.672000 1.467523
930.809000 1.456423
930.946000 1.445126
931.083000 1.442347
931.220000 1.447395
931.357000 1.453921
931.493000 1.458699
931.630000 1.457611
931.767000 1.455677
931.903000 1.457098
932.040000 1.455379
932.177000 1.450833
932.313000 1.448243
932.450000 1.445569
932.586000 1.445201
932.723000 1.450720
932.859000 1.455554
932.996000 1.453054
933.132000 1.452962
933.268000 1.452776
933.404000 1.447198
933.541000 1.448536
933.677000 1.451611
933.813000 1.448846
933.949000 1.452618
934.085000 1.457342
934.221000 1.455921
934.357000 1.456523
934.493000 1.457584
934.629000 1.456314
934.765000 1.454890
934.901000 1.451894
935.037000 1.451138
935.172000 1.460996
935.308000 1.465854
935.444000 1.457993
935.580000 1.454791
935.715000 1.423872
935.851000 1.414506
935.986000 1.438525
936.122000 1.439831
936.257000 1.440415
936.393000 1.447515
936.528000 1.450335
936.664000 1.448823
936.799000 1.447374
936.934000 1.441283
937.070000 1.441317
937.205000 1.444706
937.340000 1.446982
937.475000 1.458058
937.610000 1.455932
937.745000 1.451405
937.880000 1.453292
938.015000 1.451065
938.150000 1.443015
938.285000 1.446490
938.420000 1.449017
938.555000 1.448396
938.690000 1.457935
938.825000 1.461339
938.959000 1.454639
939.094000 1.458676
939.229000 1.461965
939.363000 1.454421
939.498000 1.457246
939.633000 1.458672
939.767000 1.451379
939.902000 1.452330
940.036000 1.451280
940.170000 1.452861
940.305000 1.455588
940.439000 1.456124
940.573000 1.460096
940.708000 1.463092
940.842000 1.452252
940.976000 1.453004
941.110000 1.456065
941.244000 1.453741
941.378000 1.455780
941.513000 1.456929
941.647000 1.453511
941.780000 1.454469
941.914000 1.453392
942.048000 1.452099
942.182000 1.456262
942.316000 1.458330
942.450000 1.458969
942.584000 1.474919
942.717000 1.474271
942.851000 1.463156
942.985000 1.464920
943.118000 1.460610
943.252000 1.455485
943.385000 1.455834
943.519000 1.449715
943.652000 1.448495
943.786000 1.453604
943.919000 1.450168
944.052000 1.449301
944.186000 1.451575
944.319000 1.451858
944.452000 1.451960
944.585000 1.452158
944.718000 1.447413
944.852000 1.446899
944.985000 1.447849
945.118000 1.447452
945.251000 1.446025
945.384000 1.439725
945.517000 1.435542
945.650000 1.440859
945.782000 1.446154
945.915000 1.449358
946.048000 1.450161
946.181000 1.448815
946.314000 1.450134
946.446000 1.450512
946.579000 1.448048
946.711000 1.446402
946.844000 1.446114
946.977000 1.445745
947.109000 1.446552
947.241000 1.445746
947.374000 1.447873
947.506000 1.451985
947.639000 1.447763
947.771000 1.445742
947.903000 1.445100
948.035000 1.439525
948.168000 1.441601
948.300000 1.450594
948.432000 1.448579
948.564000 1.447315
948.696000 1.447532
948.828000 1.439198
948.960000 1.433799
949.092000 1.442007
949.224000 1.445143
949.356000 1.448197
949.488000 1.451827
949.619000 1.450778
949.751000 1.446937
949.883000 1.446569
950.015000 1.447218
950.146000 1.448116
950.278000 1.454529
950.409000 1.470012
950.541000 1.469718
950.672000 1.472163
950.804000 1.462800
950.935000 1.447918
951.067000 1.443538
951.198000 1.446833
951.329000 1.446077
951.461000 1.444880
951.592000 1.446135
951.723000 1.445776
951.854000 1.445464
951.985000 1.447104
952.117000 1.445174
952.248000 1.443417
952.379000 1.446485
952.510000 1.448723
952.641000 1.453176
952.772000 1.454329
952.902000 1.452906
953.033000 1.460736
953.164000 1.452510
953.295000 1.452950
953.426000 1.461226
953.556000 1.454823
953.687000 1.448159
953.818000 1.446410
953.948000 1.445820
954.079000 1.444111
954.209000 1.445722
954.340000 1.447198
954.470000 1.449404
954.601000 1.454410
954.731000 1.456147
954.861000 1.488004
954.991000 1.461948
955.122000 1.453423
955.252000 1.469084
955.382000 1.447446
955.512000 1.447876
955.642000 1.449436
955.772000 1.449980
955.903000 1.446237
956.033000 1.441579
956.162000 1.454853
956.292000 1.443136
956.422000 1.449331
956.552000 1.458806
956.682000 1.448181
956.812000 1.447220
956.941000 1.446548
957.071000 1.445006
957.201000 1.448156
957.331000 1.450773
957.460000 1.449090
957.590000 1.451666
957.719000 1.450441
957.849000 1.445498
957.978000 1.447125
958.108000 1.441160
958.237000 1.446793
958.366000 1.452654
958.496000 1.450500
958.625000 1.448263
958.754000 1.448214
958.883000 1.435612
959.012000 1.437575
959.142000 1.452177
959.271000 1.453913
959.400000 1.457142
959.529000 1.460586
959.658000 1.449146
959.787000 1.438613
959.916000 1.443200
960.044000 1.441983
960.173000 1.451897
960.302000 1.454897
960.431000 1.453102
960.559000 1.454700
960.688000 1.451840
960.817000 1.448171
960.945000 1.449730
961.074000 1.448821
961.203000 1.442973
961.331000 1.437965
961.459000 1.446201
961.588000 1.448906
961.716000 1.455322
961.845000 1.449817
961.973000 1.447645
962.101000 1.447808
962.230000 1.444218
962.358000 1.444109
962.486000 1.445521
962.614000 1.444071
962.742000 1.447477
962.870000 1.452153
962.998000 1.452557
963.126000 1.452533
963.254000 1.451730
963.382000 1.451498
963.510000 1.452460
963.638000 1.451742
963.766000 1.452004
963.893000 1.451163
964.021000 1.441307
964.149000 1.440037
964.277000 1.446291
964.404000 1.444576
964.532000 1.446956
964.659000 1.452121
964.787000 1.449054
964.914000 1.450756
965.042000 1.456923
965.169000 1.451585
965.297000 1.450851
965.424000 1.455663
965.551000 1.453313
965.678000 1.451787
965.806000 1.453243
965.933000 1.447619
966.060000 1.444495
966.187000 1.446939
966.314000 1.449576
966.441000 1.451724
966.568000 1.450319
966.695000 1.445924
966.822000 1.444596
966.949000 1.447378
967.076000 1.454166
967.203000 1.457835
967.330000 1.456954
967.456000 1.454940
967.583000 1.450828
967.710000 1.445009
967.836000 1.443748
967.963000 1.440148
968.090000 1.438408
968.216000 1.442088
968.343000 1.442618
968.469000 1.442546
968.595000 1.444575
968.722000 1.444866
968.848000 1.445567
968.975000 1.453310
969.101000 1.454799
969.227000 1.454377
969.353000 1.454134
969.479000 1.450904
969.606000 1.451042
969.732000 1.453522
969.858000 1.455830
969.984000 1.457913
970.110000 1.454322
970.236000 1.450880
970.362000 1.453912
970.488000 1.456807
970.613000 1.458850
970.739000 1.466352
970.865000 1.464907
970.991000 1.456381
971.116000 1.460462
971.242000 1.464929
971.368000 1.463972
971.493000 1.464123
971.619000 1.457781
971.744000 1.448067
971.870000 1.443438
971.995000 1.444048
972.121000 1.445606
972.246000 1.446453
972.371000 1.445852
972.497000 1.445052
972.622000 1.440025
972.747000 1.428862
972.872000 1.434998
972.998000 1.438190
973.123000 1.438098
973.248000 1.444081
973.373000 1.448787
973.498000 1.451071
973.623000 1.453431
973.748000 1.449749
973.873000 1.443377
973.998000 1.438065
974.122000 1.441445
974.247000 1.443374
974.372000 1.446087
974.497000 1.448632
974.621000 1.451232
974.746000 1.451732
974.871000 1.449089
974.995000 1.448722
975.120000 1.446826
975.244000 1.445816
975.369000 1.450387
975.493000 1.453464
975.618000 1.453539
975.742000 1.457007
975.866000 1.462691
975.991000 1.455054
976.115000 1.459017
976.239000 1.460660
976.363000 1.459125
976.487000 1.460491
976.611000 1.461748
976.736000 1.454291
976.860000 1.449845
976.984000 1.444435
977.108000 1.444220
977.232000 1.445052
977.355000 1.432973
977.479000 1.413711
977.603000 1.418432
977.727000 1.392898
977.851000 1.436539
977.974000 1.459975
978.098000 1.463596
978.222000 1.464869
978.345000 1.458175
978.469000 1.454179
978.592000 1.454473
978.716000 1.449178
978.839000 1.435075
978.963000 1.444151
979.086000 1.450842
979.210000 1.450628
979.333000 1.454343
979.456000 1.453742
979.579000 1.451903
979.703000 1.457022
979.826000 1.458625
979.949000 1.463342
980.072000 1.479168
980.195000 1.473639
980.318000 1.472689
980.441000 1.463171
980.564000 1.454996
980.687000 1.455839
980.810000 1.453502
980.933000 1.446181
981.055000 1.448116
981.178000 1.450802
981.301000 1.447522
981.424000 1.446963
981.546000 1.444544
981.669000 1.439843
981.792000 1.439611
981.914000 1.446084
982.037000 1.450115
982.159000 1.448076
982.282000 1.445061
982.404000 1.445146
982.526000 1.441491
982.649000 1.439040
982.771000 1.441247
982.893000 1.438727
983.016000 1.437990
983.138000 1.443008
983.260000 1.443937
983.382000 1.441903
983.504000 1.445709
983.626000 1.452887
983.748000 1.451385
983.870000 1.448087
983.992000 1.441999
984.114000 1.434828
984.236000 1.435022
984.358000 1.441599
984.480000 1.453617
984.601000 1.456852
984.723000 1.452687
984.845000 1.450224
984.967000 1.447560
985.088000 1.442912
985.210000 1.446652
985.331000 1.449206
985.453000 1.448877
985.574000 1.453967
985.696000 1.455378
985.817000 1.450352
985.939000 1.447306
986.060000 1.446101
986.181000 1.447425
986.302000 1.451636
986.424000 1.453528
986.545000 1.455154
986.666000 1.457638
986.787000 1.453852
986.908000 1.451640
987.029000 1.452992
987.150000 1.449252
987.271000 1.450533
987.392000 1.451484
987.513000 1.449376
987.634000 1.449573
987.755000 1.451156
987.876000 1.452576
987.997000 1.457093
988.117000 1.451483
988.238000 1.443772
988.359000 1.441622
988.479000 1.440692
988.600000 1.444247
988.720000 1.454469
988.841000 1.464147
988.961000 1.464635
989.082000 1.463477
989.202000 1.454751
989.323000 1.446950
989.443000 1.448065
989.563000 1.449224
989.683000 1.449501
989.804000 1.448250
989.924000 1.444845
990.044000 1.442397
990.164000 1.441014
990.284000 1.443250
990.404000 1.448459
990.524000 1.451560
990.644000 1.453968
990.764000 1.453607
990.884000 1.449059
991.004000 1.448010
991.124000 1.452678
991.244000 1.452295
991.363000 1.449235
991.483000 1.447469
991.603000 1.443402
991.723000 1.446092
991.842000 1.455406
991.962000 1.456150
992.081000 1.457772
992.201000 1.458297
992.320000 1.458647
992.440000 1.460296
992.559000 1.456994
992.679000 1.449448
992.798000 1.452147
992.917000 1.453548
993.036000 1.453763
993.156000 1.490564
993.275000 1.489988
993.394000 1.459139
993.513000 1.450837
993.632000 1.446839
993.751000 1.446091
993.870000 1.452304
993.989000 1.456974
994.108000 1.455757
994.227000 1.453058
994.346000 1.450261
994.465000 1.446007
994.584000 1.440051
994.702000 1.438084
994.821000 1.439773
994.940000 1.439249
995.059000 1.442022
995.177000 1.441582
995.296000 1.431099
995.414000 1.432895
995.533000 1.441456
995.651000 1.442173
995.770000 1.446952
995.888000 1.447556
996.007000 1.438742
996.125000 1.441401
996.243000 1.445116
996.361000 1.441483
996.480000 1.453976
996.598000 1.454203
996.716000 1.446103
996.834000 1.447679
996.952000 1.446717
997.070000 1.441849
997.188000 1.449445
997.306000 1.446977
997.424000 1.442872
997.542000 1.454388
997.660000 1.453823
997.778000 1.452296
997.896000 1.454415
998.013000 1.448298
998.131000 1.441420
998.249000 1.441879
998.367000 1.435260
998.484000 1.437876
998.602000 1.446585
998.719000 1.441682
998.837000 1.447929
998.954000 1.451422
999.072000 1.445959
999.189000 1.447728
999.307000 1.445109
999.424000 1.437874
999.541000 1.447999
999.659000 1.456210
999.776000 1.455154
999.893000 1.460658
1000.010000 1.450739
1000.127000 1.436691
1000.244000 1.438405
1000.361000 1.436774
1000.478000 1.428828
1000.595000 1.435003
1000.712000 1.429327
1000.829000 1.424605
1000.946000 1.437988
1001.063000 1.435382
1001.180000 1.429711
1001.297000 1.437457
1001.413000 1.430335
1001.530000 1.435346
1001.647000 1.453590
1001.763000 1.452932
1001.880000 1.455889
1001.997000 1.470424
1002.113000 1.453338
1002.230000 1.436141
1002.346000 1.447930
1002.462000 1.445330
1002.579000 1.436670
1002.695000 1.439764
1002.811000 1.432739
1002.928000 1.421231
1003.044000 1.457499
1003.160000 1.505561
1003.276000 1.510427
1003.393000 1.485206
1003.509000 1.494758
1003.625000 1.487322
1003.741000 1.452321
1003.857000 1.467036
1003.973000 1.463221
1004.089000 1.426976
1004.205000 1.419321
1004.320000 1.417374
1004.436000 1.417408
1004.552000 1.427436
1004.668000 1.420514
1004.783000 1.405624
1004.899000 1.405812
1005.015000 1.398024
1005.130000 1.391437
1005.246000 1.381680
1005.361000 1.373565
1005.477000 1.395503
1005.592000 1.409525
1005.708000 1.394772
1005.823000 1.389553
1005.939000 1.412734
1006.054000 1.433984
1006.169000 1.453371
1006.284000 1.453058
1006.400000 1.400926
1006.515000 1.382992
1006.630000 1.402040
1006.745000 1.400035
1006.860000 1.412080
1006.975000 1.427960
1007.090000 1.395812
1007.205000 1.383078
1007.320000 1.402135
1007.435000 1.382463
1007.550000 1.366624
1007.665000 1.373154
1007.780000 1.363182
1007.894000 1.352960
1008.009000 1.375478
1008.124000 1.374867
1008.238000 1.350128
1008.353000 1.341113
1008.468000 1.350990
1008.582000 1.344605
1008.697000 1.346016
1008.811000 1.353738
1008.926000 1.335848
1009.040000 1.337283
1009.154000 1.368452
1009.269000 1.383264
1009.383000 1.382959
1009.497000 1.383071
1009.611000 1.361947
1009.726000 1.337304
1009.840000 1.384179
1009.954000 1.423806
1010.068000 1.401211
1010.182000 1.408241
1010.296000 1.385278
1010.410000 1.339813
1010.524000 1.360360
1010.638000 1.360349
1010.752000 1.348360
1010.866000 1.355859
1010.980000 1.331058
1011.093000 1.331201
1011.207000 1.387425
1011.321000 1.430348
1011.434000 1.443328
1011.548000 1.444076
1011.662000 1.374495
1011.775000 1.274404
1011.889000 1.310943
1012.002000 1.330131
1012.116000 1.332626
1012.229000 1.375078
1012.342000 1.364717
1012.456000 1.324312
1012.569000 1.343388
1012.682000 1.328542
1012.796000 1.294072
1012.909000 1.300500
1013.022000 1.268902
1013.135000 1.226905
1013.248000 1.280882
1013.361000 1.313571
1013.474000 1.322115
1013.587000 1.341086
1013.700000 1.337399
1013.813000 1.312326
1013.926000 1.310192
1014.039000 1.302851
1014.152000 1.306199
1014.265000 1.333443
1014.377000 1.338505
1014.490000 1.329208
1014.603000 1.314483
1014.715000 1.280002
1014.828000 1.253576
1014.941000 1.273239
1015.053000 1.291646
1015.166000 1.305642
1015.278000 1.302382
1015.391000 1.273948
1015.503000 1.272709
1015.615000 1.289305
1015.728000 1.292951
1015.840000 1.294825
1015.952000 1.279332
1016.064000 1.238540
1016.177000 1.241276
1016.289000 1.257151
1016.401000 1.246708
1016.513000 1.236601
1016.625000 1.201032
1016.737000 1.168046
1016.849000 1.231406
1016.961000 1.259261
1017.073000 1.271747
1017.185000 1.285054
1017.297000 1.265197
1017.408000 1.234858
1017.520000 1.261772
1017.632000 1.279525
1017.744000 1.290522
1017.855000 1.305546
1017.967000 1.301836
1018.079000 1.293250
1018.190000 1.298233
1018.302000 1.289973
1018.413000 1.267268
1018.525000 1.261390
1018.636000 1.265205
1018.747000 1.275473
1018.859000 1.293527
1018.970000 1.303267
1019.081000 1.305018
1019.193000 1.307365
1019.304000 1.305714
1019.415000 1.288282
1019.526000 1.268331
1019.637000 1.280270
1019.748000 1.295964
1019.859000 1.302605
1019.970000 1.313570
1020.081000 1.311723
1020.192000 1.290937
1020.303000 1.287638
1020.414000 1.297604
1020.525000 1.300988
1020.636000 1.313796
1020.746000 1.320661
1020.857000 1.314024
1020.968000 1.312316
1021.078000 1.313131
1021.189000 1.313630
1021.300000 1.321341
1021.410000 1.322012
1021.521000 1.318361
1021.631000 1.321023
1021.742000 1.315414
1021.852000 1.307155
1021.962000 1.312790
1022.073000 1.315733
1022.183000 1.319273
1022.293000 1.328062
1022.404000 1.328319
1022.514000 1.326039
1022.624000 1.327351
1022.734000 1.325350
1022.844000 1.326451
1022.954000 1.329707
1023.064000 1.331156
1023.174000 1.339994
1023.284000 1.347508
1023.394000 1.346372
1023.504000 1.343833
1023.614000 1.339798
1023.724000 1.334727
1023.833000 1.337822
1023.943000 1.341348
1024.053000 1.340964
1024.162000 1.342805
1024.272000 1.343811
1024.382000 1.344592
1024.491000 1.348042
1024.601000 1.349351
1024.710000 1.350604
1024.820000 1.353312
1024.929000 1.353176
1025.039000 1.353819
1025.148000 1.356642
1025.257000 1.357443
1025.367000 1.358878
1025.476000 1.360793
1025.585000 1.360287
1025.694000 1.360751
1025.803000 1.362555
1025.913000 1.363582
1026.022000 1.365798
1026.131000 1.368354
1026.240000 1.370018
1026.349000 1.372107
1026.458000 1.373922
1026.567000 1.375266
1026.675000 1.376762
1026.784000 1.377700
1026.893000 1.378868
1027.002000 1.380877
1027.111000 1.382983
1027.219000 1.385784
1027.328000 1.388799
1027.437000 1.391050
1027.545000 1.393417
1027.654000 1.395911
1027.762000 1.398052
1027.871000 1.400437
1027.979000 1.402822
1028.088000 1.404910
1028.196000 1.407220
1028.304000 1.409594
1028.413000 1.411884
1028.521000 1.414370
1028.629000 1.416852
1028.737000 1.419219
1028.846000 1.421585
1028.954000 1.423865
1029.062000 1.426151
1029.170000 1.428485
1029.278000 1.430664
1029.386000 1.432699
1029.494000 1.434642
1029.602000 1.436417
1029.710000 1.438083
1029.818000 1.439701
1029.925000 1.441241
1030.033000 1.442707
1030.141000 1.444095
1030.249000 1.445392
1030.356000 1.446601
1030.464000 1.447686
1030.572000 1.448678
1030.679000 1.449629
1030.787000 1.450462
1030.894000 1.451165
1031.002000 1.451838
1031.109000 1.452448
1031.217000 1.452941
1031.324000 1.453424
1031.431000 1.453903
1031.539000 1.454282
1031.646000 1.454648
1031.753000 1.455068
1031.860000 1.455401
1031.968000 1.455622
1032.075000 1.455837
1032.182000 1.456007
1032.289000 1.456081
1032.396000 1.456118
1032.503000 1.456126
1032.610000 1.456100
1032.717000 1.456080
1032.824000 1.456036
1032.931000 1.455915
1033.037000 1.455707
1033.144000 1.455423
1033.251000 1.455110
1033.358000 1.454786
1033.464000 1.454395
1033.571000 1.453969
1033.678000 1.453576
1033.784000 1.453137
1033.891000 1.452597
1033.997000 1.452013
1034.104000 1.451368
1034.210000 1.450619
1034.317000 1.449815
1034.423000 1.448957
1034.529000 1.448013
1034.636000 1.447050
1034.742000 1.446084
1034.848000 1.445049
1034.954000 1.443981
1035.061000 1.442908
1035.167000 1.441745
1035.273000 1.440512
1035.379000 1.439242
1035.485000 1.437843
1035.591000 1.436387
1035.697000 1.434965
1035.803000 1.433434
1035.909000 1.431800
1036.015000 1.430194
1036.120000 1.428542
1036.226000 1.426835
1036.332000 1.425137
1036.438000 1.423407
1036.543000 1.421657
1036.649000 1.419805
1036.755000 1.417890
1036.860000 1.416197
1036.966000 1.414493
1037.071000 1.412577
1037.177000 1.410756
1037.282000 1.408732
1037.388000 1.406450
1037.493000 1.404589
1037.598000 1.402738
1037.704000 1.400721
1037.809000 1.399235
1037.914000 1.397515
1038.019000 1.395283
1038.125000 1.393381
1038.230000 1.390964
1038.335000 1.387899
1038.440000 1.385291
1038.545000 1.382431
1038.650000 1.379817
1038.755000 1.378862
1038.860000 1.378082
1038.965000 1.376617
1039.070000 1.374637
1039.174000 1.371670
1039.279000 1.368003
1039.384000 1.364245
1039.489000 1.362721
1039.593000 1.363753
1039.698000 1.362473
1039.803000 1.358474
1039.907000 1.353643
1040.012000 1.346441
1040.116000 1.343218
1040.221000 1.345779
1040.325000 1.343798
1040.430000 1.340167
1040.534000 1.340662
1040.638000 1.341721
1040.743000 1.344723
1040.847000 1.345758
1040.951000 1.339587
1041.055000 1.327145
1041.160000 1.308029
1041.264000 1.307500
1041.368000 1.326074
1041.472000 1.327351
1041.576000 1.324830
1041.680000 1.326191
1041.784000 1.305242
1041.888000 1.305809
1041.992000 1.330637
1042.096000 1.315222
1042.199000 1.303594
1042.303000 1.336486
1042.407000 1.343710
1042.511000 1.342611
1042.614000 1.353063
1042.718000 1.324537
1042.822000 1.282133
1042.925000 1.306815
1043.029000 1.297764
1043.132000 1.288021
1043.236000 1.308334
1043.339000 1.306822
1043.443000 1.307913
1043.546000 1.314611
1043.649000 1.301638
1043.753000 1.289201
1043.856000 1.279701
1043.959000 1.276889
1044.062000 1.291598
1044.166000 1.268320
1044.269000 1.265788
1044.372000 1.313281
1044.475000 1.316657
1044.578000 1.332477
1044.681000 1.369379
1044.784000 1.391170
1044.887000 1.422607
1044.990000 1.434143
1045.093000 1.380082
1045.196000 1.333218
1045.298000 1.314060
1045.401000 1.265051
1045.504000 1.258897
1045.607000 1.272930
1045.709000 1.268396
1045.812000 1.305487
1045.914000 1.296365
1046.017000 1.237403
1046.119000 1.294978
1046.222000 1.313082
1046.324000 1.335453
1046.427000 1.374551
1046.529000 1.384890
1046.632000 1.384351
1046.734000 1.389387
1046.836000 1.380924
1046.938000 1.355112
1047.041000 1.351093
1047.143000 1.346685
1047.245000 1.344282
1047.347000 1.363147
1047.449000 1.347426
1047.551000 1.329446
1047.653000 1.329151
1047.755000 1.302734
1047.857000 1.306181
1047.959000 1.323312
1048.061000 1.287971
1048.163000 1.305046
1048.265000 1.347874
1048.366000 1.332528
1048.468000 1.337655
1048.570000 1.358332
1048.672000 1.336756
1048.773000 1.335983
1048.875000 1.354098
1048.976000 1.345122
1049.078000 1.342848
1049.179000 1.356536
1049.281000 1.350800
1049.382000 1.341759
1049.484000 1.347376
1049.585000 1.343853
1049.686000 1.336513
1049.788000 1.311127
1049.889000 1.298441
1049.990000 1.310457
1050.091000 1.306136
1050.193000 1.330981
1050.294000 1.367509
1050.395000 1.380631
1050.496000 1.382679
1050.597000 1.384762
1050.698000 1.336626
1050.799000 1.319483
1050.900000 1.357431
1051.001000 1.376360
1051.101000 1.380467
1051.202000 1.394168
1051.303000 1.404967
1051.404000 1.401572
1051.505000 1.404755
1051.605000 1.403321
1051.706000 1.388587
1051.806000 1.371230
1051.907000 1.362193
1052.008000 1.374656
1052.108000 1.381402
1052.209000 1.392274
1052.309000 1.418152
1052.409000 1.446553
1052.510000 1.464656
1052.610000 1.473816
1052.710000 1.417361
1052.811000 1.340690
1052.911000 1.346832
1053.011000 1.375007
1053.111000 1.378069
1053.212000 1.386627
1053.312000 1.435584
1053.412000 1.449939
1053.512000 1.461487
1053.612000 1.480186
1053.712000 1.451590
1053.812000 1.418297
1053.912000 1.406953
1054.011000 1.411087
1054.111000 1.425162
1054.211000 1.454629
1054.311000 1.474707
1054.411000 1.482581
1054.510000 1.477737
1054.610000 1.437713
1054.710000 1.416577
1054.809000 1.410483
1054.909000 1.406905
1055.008000 1.417408
1055.108000 1.434792
1055.207000 1.448206
1055.307000 1.459467
1055.406000 1.462756
1055.505000 1.458503
1055.605000 1.430460
1055.704000 1.407446
1055.803000 1.410297
1055.902000 1.420681
1056.002000 1.430075
1056.101000 1.426901
1056.200000 1.422377
1056.299000 1.431925
1056.398000 1.450040
1056.497000 1.475326
1056.596000 1.480284
1056.695000 1.462508
1056.794000 1.447638
1056.893000 1.448267
1056.992000 1.444885
1057.090000 1.438267
1057.189000 1.433524
1057.288000 1.422318
1057.387000 1.410868
1057.485000 1.416673
1057.584000 1.431914
1057.683000 1.465572
1057.781000 1.485369
1057.880000 1.472840
1057.978000 1.444770
1058.077000 1.438082
1058.175000 1.440522
1058.274000 1.454566
1058.372000 1.479420
1058.470000 1.498096
1058.569000 1.455345
1058.667000 1.448987
1058.765000 1.460520
1058.863000 1.463351
1058.962000 1.460304
1059.060000 1.435656
1059.158000 1.378813
1059.256000 1.358299
1059.354000 1.397791
1059.452000 1.416677
1059.550000 1.423063
1059.648000 1.426590
1059.746000 1.428924
1059.844000 1.427971
1059.941000 1.424060
1060.039000 1.421887
1060.137000 1.411128
1060.235000 1.400347
1060.332000 1.406514
1060.430000 1.414246
1060.528000 1.424684
1060.625000 1.427889
1060.723000 1.423368
1060.820000 1.424811
1060.918000 1.431103
1061.015000 1.431392
1061.113000 1.435897
1061.210000 1.433840
1061.308000 1.420406
1061.405000 1.428881
1061.502000 1.441263
1061.599000 1.439600
1061.697000 1.442347
1061.794000 1.447247
1061.891000 1.442736
1061.988000 1.438115
1062.085000 1.438742
1062.182000 1.433030
1062.279000 1.436159
1062.376000 1.443815
1062.473000 1.445100
1062.570000 1.451535
1062.667000 1.457197
1062.764000 1.450999
1062.861000 1.445139
1062.958000 1.433916
1063.054000 1.423995
1063.151000 1.435466
1063.248000 1.454612
1063.344000 1.452983
1063.441000 1.451288
1063.538000 1.448271
1063.634000 1.443981
1063.731000 1.457015
1063.827000 1.469891
1063.924000 1.454003
1064.020000 1.431439
1064.116000 1.410103
1064.213000 1.418529
1064.309000 1.454199
1064.405000 1.463902
1064.502000 1.453019
1064.598000 1.439296
1064.694000 1.428994
1064.790000 1.430199
1064.886000 1.441991
1064.982000 1.445061
1065.078000 1.443111
1065.174000 1.437027
1065.270000 1.422199
1065.366000 1.413666
1065.462000 1.434888
1065.558000 1.444442
1065.654000 1.445449
1065.750000 1.443503
1065.846000 1.435751
1065.941000 1.429122
1066.037000 1.430661
1066.133000 1.433644
1066.228000 1.431722
1066.324000 1.430288
1066.420000 1.430691
1066.515000 1.438384
1066.611000 1.450931
1066.706000 1.452037
1066.802000 1.443075
1066.897000 1.436476
1066.992000 1.443609
1067.088000 1.450972
1067.183000 1.454381
1067.278000 1.452194
1067.373000 1.448092
1067.469000 1.447358
1067.564000 1.455529
1067.659000 1.465420
1067.754000 1.459765
1067.849000 1.443913
1067.944000 1.433990
1068.039000 1.426363
1068.134000 1.419573
1068.229000 1.403516
1068.324000 1.407619
1068.419000 1.423412
1068.514000 1.427563
1068.609000 1.436094
1068.703000 1.443272
1068.798000 1.441963
1068.893000 1.443609
1068.987000 1.447235
1069.082000 1.443182
1069.177000 1.444768
1069.271000 1.443237
1069.366000 1.437152
1069.460000 1.438065
1069.555000 1.443802
1069.649000 1.444559
1069.744000 1.448904
1069.838000 1.458527
1069.932000 1.456875
1070.027000 1.454078
1070.121000 1.459305
1070.215000 1.452680
1070.309000 1.443193
1070.404000 1.445425
1070.498000 1.447531
1070.592000 1.443883
1070.686000 1.449019
1070.780000 1.446964
1070.874000 1.443105
1070.968000 1.442986
1071.062000 1.445110
1071.156000 1.446138
1071.250000 1.445150
1071.343000 1.447883
1071.437000 1.451920
1071.531000 1.452956
1071.625000 1.451012
1071.718000 1.452651
1071.812000 1.451315
1071.906000 1.444727
1071.999000 1.451208
1072.093000 1.449425
1072.186000 1.442173
1072.280000 1.440532
1072.373000 1.441255
1072.467000 1.438985
1072.560000 1.440527
1072.654000 1.450851
1072.747000 1.450935
1072.840000 1.450644
1072.934000 1.447352
1073.027000 1.442943
1073.120000 1.438277
1073.213000 1.435068
1073.306000 1.437885
1073.399000 1.446999
1073.492000 1.451673
1073.585000 1.448552
1073.678000 1.443643
1073.771000 1.440174
1073.864000 1.447523
1073.957000 1.454609
1074.050000 1.454374
1074.143000 1.454771
1074.236000 1.454266
1074.329000 1.449091
1074.421000 1.449420
1074.514000 1.450267
1074.607000 1.446812
1074.699000 1.447000
1074.792000 1.444973
1074.884000 1.438664
1074.977000 1.443650
1075.069000 1.449378
1075.162000 1.453605
1075.254000 1.460748
1075.347000 1.457463
1075.439000 1.452421
1075.531000 1.452166
1075.624000 1.450390
1075.716000 1.446184
1075.808000 1.449646
1075.900000 1.453572
1075.993000 1.455610
1076.085000 1.456932
1076.177000 1.453797
1076.269000 1.449379
1076.361000 1.445576
1076.453000 1.443629
1076.545000 1.444894
1076.637000 1.446907
1076.729000 1.447183
1076.821000 1.450949
1076.913000 1.449888
1077.004000 1.447656
1077.096000 1.451060
1077.188000 1.450956
1077.280000 1.448156
1077.371000 1.453269
1077.463000 1.450786
1077.554000 1.444480
1077.646000 1.448590
1077.738000 1.444787
1077.829000 1.442042
1077.921000 1.454887
1078.012000 1.454278
1078.103000 1.450428
1078.195000 1.452459
1078.286000 1.452043
1078.377000 1.451515
1078.469000 1.452917
1078.560000 1.449081
1078.651000 1.448135
1078.742000 1.449407
1078.833000 1.449546
1078.925000 1.453345
1079.016000 1.452784
1079.107000 1.436233
1079.198000 1.433331
1079.289000 1.423844
1079.380000 1.409109
1079.470000 1.436946
1079.561000 1.451956
1079.652000 1.444309
1079.743000 1.452711
1079.834000 1.454984
1079.924000 1.445757
1080.015000 1.450949
1080.106000 1.450825
1080.196000 1.441462
1080.287000 1.448494
1080.378000 1.456052
1080.468000 1.453224
1080.559000 1.458295
1080.649000 1.455630
1080.740000 1.446018
1080.830000 1.446939
1080.920000 1.445993
1081.011000 1.445877
1081.101000 1.446923
1081.191000 1.444685
1081.282000 1.444704
1081.372000 1.446337
1081.462000 1.446773
1081.552000 1.450270
1081.642000 1.454944
1081.732000 1.458304
1081.822000 1.457776
1081.912000 1.449842
1082.002000 1.436857
1082.092000 1.434406
1082.182000 1.433102
1082.272000 1.427359
1082.362000 1.432509
1082.452000 1.437806
1082.542000 1.440987
1082.631000 1.455340
1082.721000 1.456200
1082.811000 1.447545
1082.900000 1.451236
1082.990000 1.451409
1083.080000 1.448825
1083.169000 1.447437
1083.259000 1.445700
1083.348000 1.447973
1083.438000 1.460891
1083.527000 1.490119
1083.616000 1.486249
1083.706000 1.466249
1083.795000 1.457175
1083.884000 1.453847
1083.974000 1.450584
1084.063000 1.446069
1084.152000 1.441822
1084.241000 1.440439
1084.330000 1.450881
1084.419000 1.468195
1084.508000 1.475697
1084.597000 1.481094
1084.686000 1.467721
1084.775000 1.443826
1084.864000 1.441175
1084.953000 1.441583
1085.042000 1.439276
1085.131000 1.440865
1085.220000 1.447405
1085.308000 1.447758
1085.397000 1.446639
1085.486000 1.445851
1085.574000 1.441710
1085.663000 1.435239
1085.752000 1.430295
1085.840000 1.443184
1085.929000 1.448824
1086.017000 1.448282
1086.106000 1.447528
1086.194000 1.442974
1086.283000 1.436065
1086.371000 1.444668
1086.459000 1.449421
1086.548000 1.444335
1086.636000 1.446001
1086.724000 1.449401
1086.812000 1.448613
1086.900000 1.451190
1086.989000 1.454551
1087.077000 1.448482
1087.165000 1.452173
1087.253000 1.470665
1087.341000 1.460294
1087.429000 1.460567
1087.517000 1.454413
1087.605000 1.444494
1087.692000 1.443039
1087.780000 1.438456
1087.868000 1.441525
1087.956000 1.460654
1088.044000 1.476070
1088.131000 1.460722
1088.219000 1.457490
1088.307000 1.452229
1088.394000 1.447636
1088.482000 1.448312
1088.569000 1.429635
1088.657000 1.435933
1088.744000 1.441880
1088.832000 1.445948
1088.919000 1.451653
1089.007000 1.453640
1089.094000 1.452232
1089.181000 1.455023
1089.268000 1.455590
1089.356000 1.455885
1089.443000 1.464673
1089.530000 1.464374
1089.617000 1.455202
1089.704000 1.457311
1089.791000 1.455729
1089.878000 1.450821
1089.966000 1.452466
1090.052000 1.452684
1090.139000 1.449604
1090.226000 1.451770
1090.313000 1.451685
1090.400000 1.447903
1090.487000 1.451307
1090.574000 1.454475
1090.660000 1.453411
1090.747000 1.454458
1090.834000 1.453225
1090.921000 1.449836
1091.007000 1.448492
1091.094000 1.447918
1091.180000 1.448117
1091.267000 1.447835
1091.353000 1.442360
1091.440000 1.435172
1091.526000 1.434652
1091.613000 1.440359
1091.699000 1.442510
1091.785000 1.442896
1091.872000 1.441924
1091.958000 1.434827
1092.044000 1.429755
1092.130000 1.442356
1092.216000 1.444363
1092.303000 1.445386
1092.389000 1.448234
1092.475000 1.445307
1092.561000 1.442083
1092.647000 1.448059
1092.733000 1.448581
1092.819000 1.446746
1092.905000 1.447764
1092.990000 1.450610
1093.076000 1.454006
1093.162000 1.457504
1093.248000 1.456219
1093.334000 1.449169
1093.419000 1.449880
1093.505000 1.451583
1093.591000 1.451067
1093.676000 1.448594
1093.762000 1.442525
1093.847000 1.438927
1093.933000 1.439281
1094.018000 1.442307
1094.104000 1.447020
1094.189000 1.447994
1094.275000 1.443910
1094.360000 1.442775
1094.445000 1.436281
1094.531000 1.432650
1094.616000 1.440668
1094.701000 1.443149
1094.786000 1.445064
1094.871000 1.447541
1094.956000 1.444960
1095.042000 1.445382
1095.127000 1.453915
1095.212000 1.454287
1095.297000 1.452292
1095.382000 1.449092
1095.466000 1.437574
1095.551000 1.436321
1095.636000 1.442889
1095.721000 1.446160
1095.806000 1.451680
1095.891000 1.455324
1095.975000 1.453712
1096.060000 1.451310
1096.145000 1.448163
1096.229000 1.437744
1096.314000 1.442234
1096.398000 1.445731
1096.483000 1.445026
1096.568000 1.449367
1096.652000 1.452407
1096.736000 1.452757
1096.821000 1.456857
1096.905000 1.457586
1096.990000 1.451296
1097.074000 1.443268
1097.158000 1.436843
1097.242000 1.430367
1097.327000 1.435690
1097.411000 1.444128
1097.495000 1.452432
1097.579000 1.457669
1097.663000 1.460800
1097.747000 1.464763
1097.831000 1.463025
1097.915000 1.455387
1097.999000 1.450432
1098.083000 1.448355
1098.167000 1.444844
1098.251000 1.445535
1098.335000 1.450217
1098.418000 1.451535
1098.502000 1.449662
1098.586000 1.446141
1098.669000 1.439959
1098.753000 1.435294
1098.837000 1.441139
1098.920000 1.448255
1099.004000 1.449419
1099.087000 1.450436
1099.171000 1.452733
1099.254000 1.454223
1099.338000 1.454390
1099.421000 1.450674
1099.505000 1.443133
1099.588000 1.442780
1099.671000 1.446603
1099.754000 1.445373
1099.838000 1.444695
1099.921000 1.442709
1100.004000 1.436610
1100.087000 1.445313
1100.170000 1.454239
1100.253000 1.449358
1100.336000 1.449792
1100.419000 1.450808
1100.502000 1.448099
1100.585000 1.448565
1100.668000 1.451436
1100.751000 1.448074
1100.834000 1.451049
1100.917000 1.453838
1101.000000 1.447572
1101.082000 1.444297
1101.165000 1.439983
1101.248000 1.429741
1101.330000 1.436977
1101.413000 1.443279
1101.496000 1.441974
1101.578000 1.444822
1101.661000 1.446186
1101.743000 1.443953
1101.826000 1.444755
1101.908000 1.445706
1101.990000 1.445425
1102.073000 1.446956
1102.155000 1.446952
1102.237000 1.446977
1102.320000 1.448480
1102.402000 1.447459
1102.484000 1.442378
1102.566000 1.433297
1102.648000 1.413668
1102.730000 1.429141
1102.812000 1.436599
1102.895000 1.440041
1102.977000 1.446977
1103.058000 1.447459
1103.140000 1.448212
1103.222000 1.449335
1103.304000 1.448172
1103.386000 1.450790
1103.468000 1.452801
1103.550000 1.450603
1103.631000 1.449094
1103.713000 1.444660
1103.795000 1.436340
1103.876000 1.434870
1103.958000 1.433836
1104.040000 1.437111
1104.121000 1.444818
1104.203000 1.447677
1104.284000 1.446319
1104.366000 1.447641
1104.447000 1.442488
1104.528000 1.436977
1104.610000 1.447613
1104.691000 1.450772
1104.772000 1.450103
1104.854000 1.455049
1104.935000 1.456767
1105.016000 1.453624
1105.097000 1.452918
1105.178000 1.450579
1105.259000 1.448460
1105.341000 1.449217
1105.422000 1.449191
1105.503000 1.449081
1105.584000 1.448566
1105.664000 1.445554
1105.745000 1.446248
1105.826000 1.446796
1105.907000 1.444440
1105.988000 1.444722
1106.069000 1.443046
1106.149000 1.439955
1106.230000 1.441650
1106.311000 1.443813
1106.391000 1.448363
1106.472000 1.453900
1106.553000 1.456136
1106.633000 1.456824
1106.714000 1.456486
1106.794000 1.447092
1106.875000 1.440173
1106.955000 1.443233
1107.036000 1.445072
1107.116000 1.450129
1107.196000 1.452331
1107.276000 1.449289
1107.357000 1.449081
1107.437000 1.448135
1107.517000 1.443954
1107.597000 1.455528
1107.677000 1.457517
1107.758000 1.456597
1107.838000 1.459843
1107.918000 1.455043
1107.998000 1.441981
1108.078000 1.444988
1108.158000 1.446655
1108.238000 1.445665
1108.317000 1.455530
1108.397000 1.456695
1108.477000 1.451884
1108.557000 1.458404
1108.637000 1.458821
1108.716000 1.453615
1108.796000 1.454851
1108.876000 1.453013
1108.955000 1.450164
1109.035000 1.450153
1109.114000 1.449125
1109.194000 1.447840
1109.273000 1.452579
1109.353000 1.452579
