878.170000 1.270517
878.320000 1.270517
878.471000 1.279101
878.622000 1.285044
878.772000 1.304964
878.923000 1.286630
879.074000 1.305538
879.224000 1.323902
879.375000 1.313668
879.525000 1.311794
879.675000 1.315210
879.826000 1.309498
879.976000 1.318896
880.126000 1.335354
880.277000 1.337506
880.427000 1.337167
880.577000 1.333258
880.727000 1.326912
880.877000 1.331885
881.027000 1.343523
881.177000 1.355649
881.327000 1.353765
881.477000 1.335536
881.627000 1.318545
881.777000 1.321757
881.927000 1.328516
882.077000 1.334944
882.226000 1.353003
882.376000 1.342934
882.526000 1.328422
882.675000 1.325535
882.825000 1.322363
882.974000 1.316979
883.124000 1.326728
883.273000 1.334821
883.423000 1.333872
883.572000 1.341878
883.722000 1.348392
883.871000 1.336044
884.020000 1.336670
884.170000 1.339787
884.319000 1.331745
884.468000 1.332038
884.617000 1.329933
884.766000 1.319063
884.915000 1.330483
885.064000 1.349294
885.213000 1.349073
885.362000 1.347481
885.511000 1.341375
885.660000 1.331629
885.809000 1.332404
885.958000 1.331958
886.106000 1.335971
886.255000 1.342664
886.404000 1.336919
886.552000 1.327362
886.701000 1.322662
886.850000 1.314005
886.998000 1.312363
887.147000 1.321651
887.295000 1.331653
887.443000 1.341825
887.592000 1.343728
887.740000 1.333590
887.889000 1.331370
888.037000 1.329644
888.185000 1.314304
888.333000 1.302203
888.481000 1.286707
888.629000 1.301756
888.778000 1.332178
888.926000 1.343629
889.074000 1.334245
889.221000 1.333261
889.369000 1.328137
889.517000 1.322543
889.665000 1.347230
889.813000 1.356771
889.961000 1.312776
890.108000 1.320667
890.256000 1.313634
890.404000 1.306623
890.551000 1.320386
890.699000 1.324988
890.846000 1.322794
890.994000 1.329225
891.141000 1.332184
891.289000 1.329223
891.436000 1.329343
891.584000 1.317305
891.731000 1.299990
891.878000 1.293844
892.025000 1.298069
892.173000 1.314435
892.320000 1.331008
892.467000 1.328204
892.614000 1.326603
892.761000 1.333392
892.908000 1.331298
893.055000 1.336932
893.202000 1.347058
893.349000 1.340864
893.496000 1.335615
893.642000 1.331062
893.789000 1.320469
893.936000 1.310477
894.083000 1.306754
894.229000 1.304360
894.376000 1.299905
894.523000 1.282999
894.669000 1.265933
894.816000 1.281751
894.962000 1.297256
895.109000 1.310359
895.255000 1.330414
895.401000 1.322790
895.548000 1.318621
895.694000 1.329828
895.840000 1.328550
895.986000 1.322615
896.133000 1.325174
896.279000 1.321232
896.425000 1.319514
896.571000 1.329234
896.717000 1.335626
896.863000 1.344886
897.009000 1.353992
897.155000 1.355767
897.301000 1.348222
897.446000 1.340745
897.592000 1.346095
897.738000 1.357249
897.884000 1.347751
898.029000 1.336193
898.175000 1.334823
898.321000 1.333751
898.466000 1.334895
898.612000 1.339338
898.757000 1.329807
898.903000 1.314814
899.048000 1.308555
899.193000 1.314855
899.339000 1.315457
899.484000 1.322216
899.629000 1.342942
899.775000 1.350430
899.920000 1.323268
900.065000 1.305394
900.210000 1.306412
900.355000 1.315964
900.500000 1.324988
900.645000 1.334353
900.790000 1.337553
900.935000 1.315075
901.080000 1.300042
901.225000 1.313638
901.369000 1.317178
901.514000 1.316354
901.659000 1.325606
901.804000 1.327241
901.948000 1.320921
902.093000 1.334741
902.238000 1.339431
902.382000 1.331356
902.527000 1.332038
902.671000 1.329134
902.815000 1.318959
902.960000 1.311966
903.104000 1.319478
903.249000 1.327620
903.393000 1.335482
903.537000 1.341805
903.681000 1.341886
903.825000 1.354873
903.970000 1.374182
904.114000 1.357697
904.258000 1.343098
904.402000 1.328606
904.546000 1.320389
904.690000 1.319435
904.834000 1.318894
904.977000 1.322254
905.121000 1.330350
905.265000 1.335159
905.409000 1.337658
905.552000 1.347300
905.696000 1.347149
905.840000 1.338637
905.983000 1.335714
906.127000 1.323683
906.270000 1.319979
906.414000 1.318569
906.557000 1.319489
906.701000 1.328170
906.844000 1.335731
906.987000 1.329988
907.131000 1.331330
907.274000 1.336026
907.417000 1.336658
907.560000 1.342486
907.704000 1.349968
907.847000 1.348389
907.990000 1.354275
908.133000 1.375697
908.276000 1.336329
908.419000 1.334530
908.562000 1.339434
908.705000 1.340003
908.847000 1.336762
908.990000 1.329131
909.133000 1.322464
909.276000 1.320951
909.418000 1.318376
909.561000 1.314829
909.704000 1.320294
909.846000 1.329843
909.989000 1.336085
910.131000 1.331358
910.274000 1.324474
910.416000 1.322961
910.559000 1.322001
910.701000 1.324658
910.843000 1.332304
910.986000 1.328770
911.128000 1.321977
911.270000 1.323318
911.412000 1.323865
911.554000 1.331464
911.696000 1.341692
911.838000 1.336088
911.980000 1.326931
912.122000 1.317113
912.264000 1.310848
912.406000 1.316299
912.548000 1.313441
912.690000 1.299110
912.832000 1.296026
912.974000 1.293966
913.115000 1.299560
913.257000 1.308998
913.399000 1.306321
913.540000 1.301458
913.682000 1.322398
913.823000 1.342537
913.965000 1.328689
914.106000 1.331966
914.248000 1.344782
914.389000 1.346992
914.530000 1.353590
914.672000 1.353644
914.813000 1.324005
914.954000 1.285826
915.095000 1.267210
915.237000 1.264541
915.378000 1.298699
915.519000 1.314240
915.660000 1.316892
915.801000 1.328415
915.942000 1.341195
916.083000 1.349145
916.224000 1.347676
916.364000 1.336809
916.505000 1.327239
916.646000 1.326260
916.787000 1.329237
916.927000 1.331542
917.068000 1.338356
917.209000 1.343963
917.349000 1.352041
917.490000 1.355028
917.630000 1.334334
917.771000 1.322038
917.911000 1.322205
918.052000 1.327901
918.192000 1.323578
918.332000 1.312144
918.473000 1.305310
918.613000 1.303000
918.753000 1.321908
918.893000 1.343650
919.033000 1.334807
919.174000 1.323877
919.314000 1.327620
919.454000 1.332387
919.594000 1.335295
919.734000 1.345066
919.874000 1.342388
920.013000 1.314942
920.153000 1.307811
920.293000 1.319956
920.433000 1.325943
920.573000 1.338713
920.712000 1.345842
920.852000 1.330871
920.992000 1.323987
921.131000 1.322698
921.271000 1.318305
921.410000 1.315656
921.550000 1.317963
921.689000 1.322998
921.828000 1.334852
921.968000 1.336894
922.107000 1.328267
922.246000 1.321596
922.386000 1.312660
922.525000 1.304134
922.664000 1.296011
922.803000 1.300158
922.942000 1.311091
923.081000 1.324069
923.220000 1.339857
923.359000 1.340821
923.498000 1.338855
923.637000 1.338045
923.776000 1.333499
923.915000 1.338399
924.054000 1.344494
924.192000 1.335889
924.331000 1.333429
924.470000 1.338928
924.608000 1.321752
924.747000 1.316836
924.886000 1.329820
925.024000 1.336114
925.163000 1.332713
925.301000 1.335494
925.440000 1.331317
925.578000 1.323055
925.716000 1.319204
925.855000 1.310771
925.993000 1.303062
926.131000 1.318596
926.269000 1.347590
926.408000 1.325941
926.546000 1.314728
926.684000 1.313887
926.822000 1.315636
926.960000 1.321706
927.098000 1.335703
927.236000 1.335551
927.374000 1.320666
927.511000 1.313897
927.649000 1.308443
927.787000 1.302819
927.925000 1.310189
928.063000 1.328967
928.200000 1.327639
928.338000 1.335583
928.475000 1.344441
928.613000 1.336636
928.751000 1.328748
928.888000 1.324587
929.026000 1.321864
929.163000 1.322689
929.300000 1.328875
929.438000 1.332226
929.575000 1.327697
929.712000 1.321356
929.849000 1.319781
929.987000 1.321217
930.124000 1.321078
930.261000 1.327906
930.398000 1.332727
930.535000 1.328927
930.672000 1.328261
930.809000 1.333165
930.946000 1.332802
931.083000 1.336859
931.220000 1.345529
931.357000 1.340857
931.493000 1.329989
931.630000 1.327993
931.767000 1.321723
931.903000 1.335180
932.040000 1.354584
932.177000 1.342849
932.313000 1.316775
932.450000 1.306504
932.586000 1.292565
932.723000 1.315643
932.859000 1.328463
932.996000 1.322677
933.132000 1.319484
933.268000 1.316060
933.404000 1.310962
933.541000 1.323648
933.677000 1.334075
933.813000 1.340755
933.949000 1.351764
934.085000 1.359704
934.221000 1.331673
934.357000 1.319773
934.493000 1.317517
934.629000 1.324677
934.765000 1.335467
934.901000 1.344100
935.037000 1.344604
935.172000 1.338124
935.308000 1.338266
935.444000 1.337993
935.580000 1.333132
935.715000 1.328965
935.851000 1.323843
935.986000 1.321387
936.122000 1.329533
936.257000 1.340959
936.393000 1.342818
936.528000 1.333189
936.664000 1.330710
936.799000 1.333940
936.934000 1.332226
937.070000 1.327285
937.205000 1.324190
937.340000 1.325496
937.475000 1.328460
937.610000 1.332432
937.745000 1.323577
937.880000 1.296996
938.015000 1.301277
938.150000 1.312980
938.285000 1.307881
938.420000 1.309635
938.555000 1.316734
938.690000 1.307830
938.825000 1.317866
938.959000 1.332917
939.094000 1.340835
939.229000 1.346043
939.363000 1.345015
939.498000 1.330061
939.633000 1.322255
939.767000 1.330380
939.902000 1.344825
940.036000 1.348179
940.170000 1.338869
940.305000 1.327742
940.439000 1.326613
940.573000 1.319373
940.708000 1.316808
940.842000 1.326180
940.976000 1.331120
941.110000 1.336371
941.244000 1.342712
941.378000 1.337287
941.513000 1.327402
941.647000 1.332184
941.780000 1.341348
941.914000 1.382527
942.048000 1.388216
942.182000 1.369450
942.316000 1.354150
942.450000 1.334551
942.584000 1.316169
942.717000 1.301672
942.851000 1.303394
942.985000 1.307851
943.118000 1.308860
943.252000 1.309119
943.385000 1.316319
943.519000 1.320859
943.652000 1.297968
943.786000 1.285732
943.919000 1.303305
944.052000 1.302852
944.186000 1.326284
944.319000 1.346786
944.452000 1.341472
944.585000 1.345775
944.718000 1.367846
944.852000 1.353665
944.985000 1.338805
945.118000 1.337524
945.251000 1.329669
945.384000 1.327893
945.517000 1.331466
945.650000 1.321934
945.782000 1.317848
945.915000 1.314585
946.048000 1.311633
946.181000 1.318000
946.314000 1.319469
946.446000 1.313673
946.579000 1.313464
946.711000 1.307292
946.844000 1.302102
946.977000 1.313619
947.109000 1.328249
947.241000 1.336215
947.374000 1.343950
947.506000 1.343018
947.639000 1.329050
947.771000 1.319281
947.903000 1.318366
948.035000 1.323569
948.168000 1.319494
948.300000 1.309076
948.432000 1.326805
948.564000 1.322058
948.696000 1.320003
948.828000 1.334485
948.960000 1.332860
949.092000 1.330936
949.224000 1.345774
949.356000 1.341066
949.488000 1.339177
949.619000 1.335443
949.751000 1.318809
949.883000 1.311460
950.015000 1.308640
950.146000 1.300485
950.278000 1.314631
950.409000 1.332466
950.541000 1.321111
950.672000 1.338800
950.804000 1.337467
950.935000 1.318495
951.067000 1.323920
951.198000 1.323510
951.329000 1.311243
951.461000 1.312914
951.592000 1.303339
951.723000 1.303271
951.854000 1.346286
951.985000 1.344819
952.117000 1.335293
952.248000 1.341503
952.379000 1.322894
952.510000 1.298229
952.641000 1.298041
952.772000 1.284567
952.902000 1.311276
953.033000 1.335576
953.164000 1.317753
953.295000 1.323498
953.426000 1.327383
953.556000 1.307063
953.687000 1.327234
953.818000 1.333602
953.948000 1.317703
954.079000 1.342366
954.209000 1.358566
954.340000 1.313135
954.470000 1.370711
954.601000 1.340857
954.731000 1.310444
954.861000 1.384268
954.991000 1.316247
955.122000 1.301585
955.252000 1.647577
955.382000 1.274177
955.512000 1.177695
955.642000 1.156658
955.772000 1.150817
955.903000 1.170516
956.033000 1.263267
956.162000 1.394374
956.292000 1.323323
956.422000 1.325220
956.552000 1.364406
956.682000 1.300241
956.812000 1.307045
956.941000 1.330827
957.071000 1.293607
957.201000 1.310231
957.331000 1.319664
957.460000 1.308595
957.590000 1.324631
957.719000 1.334874
957.849000 1.316425
957.978000 1.328190
958.108000 1.296604
958.237000 1.302113
958.366000 1.330259
958.496000 1.322339
958.625000 1.314761
958.754000 1.319953
958.883000 1.305925
959.012000 1.319048
959.142000 1.332616
959.271000 1.325333
959.400000 1.332042
959.529000 1.337242
959.658000 1.323191
959.787000 1.328205
959.916000 1.333837
960.044000 1.324261
960.173000 1.335098
960.302000 1.329864
960.431000 1.319319
960.559000 1.329808
960.688000 1.332795
960.817000 1.324788
960.945000 1.331378
961.074000 1.324735
961.203000 1.319968
961.331000 1.329317
961.459000 1.326327
961.588000 1.329371
961.716000 1.343967
961.845000 1.343101
961.973000 1.349803
962.101000 1.350380
962.230000 1.344210
962.358000 1.376685
962.486000 1.363676
962.614000 1.325912
962.742000 1.317213
962.870000 1.312950
962.998000 1.314804
963.126000 1.322224
963.254000 1.323765
963.382000 1.322964
963.510000 1.325555
963.638000 1.324540
963.766000 1.328398
963.893000 1.334989
964.021000 1.331422
964.149000 1.324280
964.277000 1.314014
964.404000 1.310038
964.532000 1.316970
964.659000 1.324477
964.787000 1.324545
964.914000 1.328017
965.042000 1.325942
965.169000 1.318432
965.297000 1.320689
965.424000 1.325328
965.551000 1.324363
965.678000 1.335142
965.806000 1.340185
965.933000 1.330809
966.060000 1.326814
966.187000 1.321719
966.314000 1.312747
966.441000 1.311803
966.568000 1.322107
966.695000 1.333055
966.822000 1.340765
966.949000 1.335977
967.076000 1.331694
967.203000 1.326065
967.330000 1.327782
967.456000 1.337223
967.583000 1.338641
967.710000 1.329784
967.836000 1.329000
967.963000 1.324763
968.090000 1.320521
968.216000 1.335837
968.343000 1.364544
968.469000 1.355569
968.595000 1.365202
968.722000 1.358176
968.848000 1.330892
968.975000 1.317946
969.101000 1.295125
969.227000 1.308348
969.353000 1.337985
969.479000 1.329832
969.606000 1.301410
969.732000 1.308120
969.858000 1.314902
969.984000 1.333826
970.110000 1.374302
970.236000 1.381674
970.362000 1.342228
970.488000 1.323468
970.613000 1.310879
970.739000 1.319155
970.865000 1.339392
970.991000 1.335505
971.116000 1.330381
971.242000 1.334281
971.368000 1.329047
971.493000 1.310625
971.619000 1.318059
971.744000 1.313042
971.870000 1.296061
971.995000 1.318804
972.121000 1.330902
972.246000 1.335112
972.371000 1.338313
972.497000 1.332997
972.622000 1.326760
972.747000 1.328255
972.872000 1.339483
972.998000 1.368138
973.123000 1.404078
973.248000 1.371445
973.373000 1.370551
973.498000 1.351944
973.623000 1.314119
973.748000 1.275724
973.873000 1.290296
973.998000 1.305294
974.122000 1.310882
974.247000 1.313331
974.372000 1.312919
974.497000 1.307738
974.621000 1.312403
974.746000 1.326603
974.871000 1.326038
974.995000 1.320365
975.120000 1.320225
975.244000 1.322374
975.369000 1.320407
975.493000 1.317868
975.618000 1.318685
975.742000 1.316563
975.866000 1.306517
975.991000 1.293651
976.115000 1.300930
976.239000 1.312443
976.363000 1.335192
976.487000 1.336851
976.611000 1.327954
976.736000 1.320256
976.860000 1.320832
976.984000 1.320495
977.108000 1.308085
977.232000 1.295757
977.355000 1.292455
977.479000 1.314024
977.603000 1.316085
977.727000 1.314078
977.851000 1.316156
977.974000 1.319003
978.098000 1.322224
978.222000 1.328954
978.345000 1.329781
978.469000 1.337986
978.592000 1.370217
978.716000 1.374241
978.839000 1.374103
978.963000 1.337976
979.086000 1.329668
979.210000 1.324462
979.333000 1.324430
979.456000 1.328755
979.579000 1.327073
979.703000 1.324871
979.826000 1.334431
979.949000 1.332462
980.072000 1.321633
980.195000 1.319744
980.318000 1.312586
980.441000 1.305464
980.564000 1.305677
980.687000 1.295849
980.810000 1.289817
980.933000 1.293763
981.055000 1.301885
981.178000 1.311703
981.301000 1.318140
981.424000 1.334491
981.546000 1.351029
981.669000 1.357880
981.792000 1.367962
981.914000 1.335383
982.037000 1.316067
982.159000 1.320182
982.282000 1.325969
982.404000 1.328427
982.526000 1.337046
982.649000 1.334291
982.771000 1.319955
982.893000 1.323189
983.016000 1.327556
983.138000 1.317319
983.260000 1.317011
983.382000 1.320285
983.504000 1.306680
983.626000 1.306600
983.748000 1.323562
983.870000 1.320032
983.992000 1.315067
984.114000 1.315668
984.236000 1.311407
984.358000 1.312353
984.480000 1.317296
984.601000 1.319722
984.723000 1.326353
984.845000 1.330510
984.967000 1.338432
985.088000 1.360693
985.210000 1.360115
985.331000 1.346001
985.453000 1.334285
985.574000 1.318100
985.696000 1.312275
985.817000 1.310886
985.939000 1.304863
986.060000 1.304204
986.181000 1.306326
986.302000 1.309616
986.424000 1.322708
986.545000 1.331922
986.666000 1.322026
986.787000 1.318354
986.908000 1.321001
987.029000 1.315293
987.150000 1.316979
987.271000 1.315033
987.392000 1.307044
987.513000 1.304024
987.634000 1.299483
987.755000 1.295126
987.876000 1.300438
987.997000 1.305699
988.117000 1.312723
988.238000 1.321141
988.359000 1.325631
988.479000 1.326724
988.600000 1.326892
988.720000 1.327191
988.841000 1.329096
988.961000 1.331613
989.082000 1.335053
989.202000 1.337235
989.323000 1.334382
989.443000 1.327616
989.563000 1.320573
989.683000 1.315907
989.804000 1.312415
989.924000 1.317662
990.044000 1.318394
990.164000 1.321342
990.284000 1.318963
990.404000 1.311779
990.524000 1.322454
990.644000 1.342000
990.764000 1.342640
990.884000 1.354963
991.004000 1.350779
991.124000 1.325954
991.244000 1.308611
991.363000 1.297849
991.483000 1.278119
991.603000 1.290027
991.723000 1.311955
991.842000 1.292831
991.962000 1.297863
992.081000 1.309350
992.201000 1.305564
992.320000 1.308030
992.440000 1.309671
992.559000 1.304021
992.679000 1.309459
992.798000 1.318718
992.917000 1.325084
993.036000 1.327442
993.156000 1.324933
993.275000 1.331928
993.394000 1.346137
993.513000 1.332874
993.632000 1.326860
993.751000 1.323656
993.870000 1.318341
993.989000 1.315930
994.108000 1.312182
994.227000 1.307724
994.346000 1.303262
994.465000 1.292339
994.584000 1.296743
994.702000 1.320623
994.821000 1.331083
994.940000 1.354517
995.059000 1.404764
995.177000 1.354645
995.296000 1.341174
995.414000 1.335557
995.533000 1.306655
995.651000 1.293960
995.770000 1.291914
995.888000 1.292170
996.007000 1.307518
996.125000 1.317133
996.243000 1.307434
996.361000 1.301362
996.480000 1.277016
996.598000 1.246809
996.716000 1.281019
996.834000 1.313325
996.952000 1.314638
997.070000 1.333737
997.188000 1.329555
997.306000 1.316102
997.424000 1.313626
997.542000 1.275391
997.660000 1.250539
997.778000 1.280394
997.896000 1.308497
998.013000 1.327082
998.131000 1.341755
998.249000 1.283558
998.367000 1.252227
998.484000 1.274885
998.602000 1.282047
998.719000 1.269715
998.837000 1.269682
998.954000 1.265881
999.072000 1.240752
999.189000 1.228475
999.307000 1.215010
999.424000 1.165454
999.541000 1.166505
999.659000 1.199008
999.776000 1.189639
999.893000 1.202035
1000.010000 1.225897
1000.127000 1.249178
1000.244000 1.257181
1000.361000 1.228138
1000.478000 1.177943
1000.595000 1.126595
1000.712000 1.091709
1000.829000 1.069616
1000.946000 1.064250
1001.063000 1.043801
1001.180000 1.036134
1001.297000 1.077062
1001.413000 1.125434
1001.530000 1.170469
1001.647000 1.177441
1001.763000 1.141327
1001.880000 1.110863
1001.997000 1.108628
1002.113000 1.095941
1002.230000 1.069657
1002.346000 1.037979
1002.462000 0.993782
1002.579000 0.999549
1002.695000 1.050591
1002.811000 1.095682
1002.928000 1.127126
1003.044000 1.135028
1003.160000 1.124303
1003.276000 1.098946
1003.393000 1.077238
1003.509000 1.091065
1003.625000 1.109648
1003.741000 1.114694
1003.857000 1.126505
1003.973000 1.128109
1004.089000 1.105665
1004.205000 1.097894
1004.320000 1.104231
1004.436000 1.095030
1004.552000 1.103541
1004.668000 1.111527
1004.783000 1.081818
1004.899000 1.065964
1005.015000 1.090818
1005.130000 1.094391
1005.246000 1.097269
1005.361000 1.111661
1005.477000 1.104420
1005.592000 1.084955
1005.708000 1.084975
1005.823000 1.088353
1005.939000 1.087561
1006.054000 1.095423
1006.169000 1.100811
1006.284000 1.089532
1006.400000 1.073064
1006.515000 1.070709
1006.630000 1.069087
1006.745000 1.069026
1006.860000 1.091309
1006.975000 1.103825
1007.090000 1.089628
1007.205000 1.081549
1007.320000 1.084132
1007.435000 1.071106
1007.550000 1.071049
1007.665000 1.089633
1007.780000 1.099978
1007.894000 1.115062
1008.009000 1.124650
1008.124000 1.108554
1008.238000 1.083099
1008.353000 1.069942
1008.468000 1.062902
1008.582000 1.076585
1008.697000 1.091849
1008.811000 1.082847
1008.926000 1.075015
1009.040000 1.082641
1009.154000 1.080603
1009.269000 1.076507
1009.383000 1.072948
1009.497000 1.048168
1009.611000 1.022067
1009.726000 1.033491
1009.840000 1.051510
1009.954000 1.064031
1010.068000 1.080426
1010.182000 1.093211
1010.296000 1.096126
1010.410000 1.090711
1010.524000 1.074404
1010.638000 1.043073
1010.752000 1.020390
1010.866000 1.042094
1010.980000 1.072833
1011.093000 1.088213
1011.207000 1.094662
1011.321000 1.093006
1011.434000 1.087929
1011.548000 1.093050
1011.662000 1.099568
1011.775000 1.097637
1011.889000 1.096398
1012.002000 1.096427
1012.116000 1.091904
1012.229000 1.087994
1012.342000 1.085661
1012.456000 1.085108
1012.569000 1.091821
1012.682000 1.100010
1012.796000 1.105623
1012.909000 1.112076
1013.022000 1.118094
1013.135000 1.122989
1013.248000 1.129003
1013.361000 1.136936
1013.474000 1.146104
1013.587000 1.153039
1013.700000 1.157959
1013.813000 1.165420
1013.926000 1.174095
1014.039000 1.182320
1014.152000 1.192222
1014.265000 1.201082
1014.377000 1.206690
1014.490000 1.212616
1014.603000 1.220029
1014.715000 1.226439
1014.828000 1.231875
1014.941000 1.237062
1015.053000 1.241237
1015.166000 1.244714
1015.278000 1.248662
1015.391000 1.252496
1015.503000 1.255349
1015.615000 1.257980
1015.728000 1.260821
1015.840000 1.263326
1015.952000 1.265662
1016.064000 1.268010
1016.177000 1.270030
1016.289000 1.272051
1016.401000 1.274375
1016.513000 1.276538
1016.625000 1.278547
1016.737000 1.280659
1016.849000 1.282592
1016.961000 1.284333
1017.073000 1.286196
1017.185000 1.288084
1017.297000 1.289769
1017.408000 1.291278
1017.520000 1.292619
1017.632000 1.293740
1017.744000 1.294760
1017.855000 1.295818
1017.967000 1.296868
1018.079000 1.297885
1018.190000 1.298876
1018.302000 1.299760
1018.413000 1.300562
1018.525000 1.301411
1018.636000 1.302289
1018.747000 1.303144
1018.859000 1.304035
1018.970000 1.304941
1019.081000 1.305807
1019.193000 1.306636
1019.304000 1.307360
1019.415000 1.307985
1019.526000 1.308641
1019.637000 1.309288
1019.748000 1.309863
1019.859000 1.310484
1019.970000 1.311150
1020.081000 1.311783
1020.192000 1.312443
1020.303000 1.313129
1020.414000 1.313803
1020.525000 1.314532
1020.636000 1.315354
1020.746000 1.316234
1020.857000 1.317158
1020.968000 1.318138
1021.078000 1.319110
1021.189000 1.320008
1021.300000 1.320879
1021.410000 1.321687
1021.521000 1.322381
1021.631000 1.323080
1021.742000 1.323740
1021.852000 1.324262
1021.962000 1.324809
1022.073000 1.325362
1022.183000 1.325844
1022.293000 1.326419
1022.404000 1.326962
1022.514000 1.327337
1022.624000 1.327714
1022.734000 1.328005
1022.844000 1.328200
1022.954000 1.328560
1023.064000 1.328958
1023.174000 1.329286
1023.284000 1.329724
1023.394000 1.330187
1023.504000 1.330612
1023.614000 1.331122
1023.724000 1.331642
1023.833000 1.332154
1023.943000 1.332763
1024.053000 1.333471
1024.162000 1.334366
1024.272000 1.335506
1024.382000 1.336729
1024.491000 1.338102
1024.601000 1.339572
1024.710000 1.340939
1024.820000 1.342500
1024.929000 1.344246
1025.039000 1.345984
1025.148000 1.347867
1025.257000 1.349679
1025.367000 1.351163
1025.476000 1.352404
1025.585000 1.353577
1025.694000 1.354898
1025.803000 1.356275
1025.913000 1.357570
1026.022000 1.358937
1026.131000 1.360671
1026.240000 1.363012
1026.349000 1.366051
1026.458000 1.369370
1026.567000 1.372439
1026.675000 1.375380
1026.784000 1.377348
1026.893000 1.378868
1027.002000 1.380877
1027.111000 1.382983
1027.219000 1.385784
1027.328000 1.388799
1027.437000 1.391050
1027.545000 1.393417
1027.654000 1.395911
1027.762000 1.398052
1027.871000 1.400437
1027.979000 1.402822
1028.088000 1.404910
1028.196000 1.407220
1028.304000 1.409594
1028.413000 1.411884
1028.521000 1.414370
1028.629000 1.416852
1028.737000 1.419219
1028.846000 1.421585
1028.954000 1.423865
1029.062000 1.426151
1029.170000 1.428485
1029.278000 1.430664
1029.386000 1.432699
1029.494000 1.434642
1029.602000 1.436417
1029.710000 1.438083
1029.818000 1.439701
1029.925000 1.441241
1030.033000 1.442707
1030.141000 1.444095
1030.249000 1.445392
1030.356000 1.446601
1030.464000 1.447686
1030.572000 1.448678
1030.679000 1.449629
1030.787000 1.450462
1030.894000 1.451165
1031.002000 1.451838
1031.109000 1.452448
1031.217000 1.452941
1031.324000 1.453424
1031.431000 1.453903
1031.539000 1.454282
1031.646000 1.454648
1031.753000 1.455068
1031.860000 1.455401
1031.968000 1.455622
1032.075000 1.455837
1032.182000 1.456007
1032.289000 1.456081
1032.396000 1.456118
1032.503000 1.456126
1032.610000 1.456100
1032.717000 1.456080
1032.824000 1.456036
1032.931000 1.455915
1033.037000 1.455707
1033.144000 1.455423
1033.251000 1.455110
1033.358000 1.454786
1033.464000 1.454395
1033.571000 1.453969
1033.678000 1.453576
1033.784000 1.453137
1033.891000 1.452597
1033.997000 1.452013
1034.104000 1.451368
1034.210000 1.450619
1034.317000 1.449815
1034.423000 1.448957
1034.529000 1.448013
1034.636000 1.447050
1034.742000 1.446084
1034.848000 1.445049
1034.954000 1.443981
1035.061000 1.442908
1035.167000 1.441745
1035.273000 1.440512
1035.379000 1.439242
1035.485000 1.437843
1035.591000 1.436387
1035.697000 1.434965
1035.803000 1.433434
1035.909000 1.431800
1036.015000 1.430194
1036.120000 1.428542
1036.226000 1.426835
1036.332000 1.425137
1036.438000 1.423407
1036.543000 1.421657
1036.649000 1.419805
1036.755000 1.417890
1036.860000 1.416197
1036.966000 1.414493
1037.071000 1.412577
1037.177000 1.410756
1037.282000 1.408732
1037.388000 1.406450
1037.493000 1.404589
1037.598000 1.402738
1037.704000 1.400721
1037.809000 1.399235
1037.914000 1.397515
1038.019000 1.395283
1038.125000 1.393381
1038.230000 1.390964
1038.335000 1.387899
1038.440000 1.385291
1038.545000 1.382431
1038.650000 1.379817
1038.755000 1.378862
1038.860000 1.378082
1038.965000 1.376617
1039.070000 1.374637
1039.174000 1.371670
1039.279000 1.368003
1039.384000 1.364245
1039.489000 1.362721
1039.593000 1.363753
1039.698000 1.362473
1039.803000 1.358474
1039.907000 1.354355
1040.012000 1.350840
1040.116000 1.348433
1040.221000 1.347318
1040.325000 1.346311
1040.430000 1.345784
1040.534000 1.346786
1040.638000 1.347361
1040.743000 1.347348
1040.847000 1.348019
1040.951000 1.348152
1041.055000 1.348040
1041.160000 1.349028
1041.264000 1.349718
1041.368000 1.349861
1041.472000 1.350539
1041.576000 1.350934
1041.680000 1.350932
1041.784000 1.351226
1041.888000 1.351061
1041.992000 1.350537
1042.096000 1.350555
1042.199000 1.350546
1042.303000 1.350198
1042.407000 1.349816
1042.511000 1.349083
1042.614000 1.348220
1042.718000 1.347871
1042.822000 1.347851
1042.925000 1.347754
1043.029000 1.347395
1043.132000 1.346826
1043.236000 1.346349
1043.339000 1.346202
1043.443000 1.346478
1043.546000 1.346743
1043.649000 1.346563
1043.753000 1.346372
1043.856000 1.346406
1043.959000 1.346566
1044.062000 1.346911
1044.166000 1.346958
1044.269000 1.346583
1044.372000 1.346307
1044.475000 1.346206
1044.578000 1.346170
1044.681000 1.346166
1044.784000 1.346167
1044.887000 1.346288
1044.990000 1.346491
1045.093000 1.346648
1045.196000 1.346804
1045.298000 1.346998
1045.401000 1.347213
1045.504000 1.347459
1045.607000 1.347703
1045.709000 1.347894
1045.812000 1.348024
1045.914000 1.348129
1046.017000 1.348276
1046.119000 1.348444
1046.222000 1.348558
1046.324000 1.348680
1046.427000 1.348861
1046.529000 1.349060
1046.632000 1.349309
1046.734000 1.349586
1046.836000 1.349820
1046.938000 1.350073
1047.041000 1.350346
1047.143000 1.350554
1047.245000 1.350767
1047.347000 1.350992
1047.449000 1.351123
1047.551000 1.351189
1047.653000 1.351216
1047.755000 1.351164
1047.857000 1.351118
1047.959000 1.351074
1048.061000 1.350902
1048.163000 1.350645
1048.265000 1.350424
1048.366000 1.350258
1048.468000 1.350122
1048.570000 1.349946
1048.672000 1.349697
1048.773000 1.349451
1048.875000 1.349237
1048.976000 1.349027
1049.078000 1.348761
1049.179000 1.348338
1049.281000 1.347805
1049.382000 1.347266
1049.484000 1.346674
1049.585000 1.346042
1049.686000 1.345420
1049.788000 1.344738
1049.889000 1.344037
1049.990000 1.343351
1050.091000 1.342527
1050.193000 1.341632
1050.294000 1.340815
1050.395000 1.339979
1050.496000 1.339109
1050.597000 1.338204
1050.698000 1.337148
1050.799000 1.336078
1050.900000 1.335057
1051.001000 1.333890
1051.101000 1.332617
1051.202000 1.331308
1051.303000 1.329922
1051.404000 1.328532
1051.505000 1.327055
1051.605000 1.325471
1051.706000 1.323910
1051.806000 1.322149
1051.907000 1.320347
1052.008000 1.318672
1052.108000 1.316623
1052.209000 1.314457
1052.309000 1.312406
1052.409000 1.310022
1052.510000 1.307556
1052.610000 1.305323
1052.710000 1.303109
1052.811000 1.300879
1052.911000 1.298871
1053.011000 1.296954
1053.111000 1.294856
1053.212000 1.292809
1053.312000 1.290513
1053.412000 1.287964
1053.512000 1.285912
1053.612000 1.283927
1053.712000 1.281686
1053.812000 1.279280
1053.912000 1.275783
1054.011000 1.271866
1054.111000 1.269133
1054.211000 1.266907
1054.311000 1.264315
1054.411000 1.261090
1054.510000 1.257311
1054.610000 1.252765
1054.710000 1.245996
1054.809000 1.241221
1054.909000 1.241033
1055.008000 1.239101
1055.108000 1.238029
1055.207000 1.237940
1055.307000 1.229522
1055.406000 1.220562
1055.505000 1.219187
1055.605000 1.208983
1055.704000 1.203970
1055.803000 1.214542
1055.902000 1.209649
1056.002000 1.201306
1056.101000 1.210071
1056.200000 1.205041
1056.299000 1.196553
1056.398000 1.210537
1056.497000 1.207366
1056.596000 1.180093
1056.695000 1.175156
1056.794000 1.173722
1056.893000 1.165078
1056.992000 1.183026
1057.090000 1.198749
1057.189000 1.206274
1057.288000 1.216138
1057.387000 1.217060
1057.485000 1.204408
1057.584000 1.180100
1057.683000 1.142254
1057.781000 1.129362
1057.880000 1.160965
1057.978000 1.180332
1058.077000 1.198058
1058.175000 1.214700
1058.274000 1.220493
1058.372000 1.217729
1058.470000 1.206191
1058.569000 1.176097
1058.667000 1.131334
1058.765000 1.144210
1058.863000 1.155159
1058.962000 1.139311
1059.060000 1.145912
1059.158000 1.170751
1059.256000 1.182337
1059.354000 1.198227
1059.452000 1.215397
1059.550000 1.215625
1059.648000 1.207893
1059.746000 1.209549
1059.844000 1.200427
1059.941000 1.181308
1060.039000 1.194061
1060.137000 1.204533
1060.235000 1.156854
1060.332000 1.165335
1060.430000 1.193909
1060.528000 1.189053
1060.625000 1.200246
1060.723000 1.210727
1060.820000 1.188152
1060.918000 1.171712
1061.015000 1.227794
1061.113000 1.257435
1061.210000 1.243396
1061.308000 1.234548
1061.405000 1.231579
1061.502000 1.227512
1061.599000 1.227667
1061.697000 1.215305
1061.794000 1.191061
1061.891000 1.188420
1061.988000 1.218378
1062.085000 1.237521
1062.182000 1.234505
1062.279000 1.244195
1062.376000 1.247271
1062.473000 1.234843
1062.570000 1.224926
1062.667000 1.208398
1062.764000 1.207739
1062.861000 1.247238
1062.958000 1.251707
1063.054000 1.203412
1063.151000 1.203505
1063.248000 1.202631
1063.344000 1.201644
1063.441000 1.228643
1063.538000 1.233956
1063.634000 1.214531
1063.731000 1.220310
1063.827000 1.211802
1063.924000 1.172726
1064.020000 1.198758
1064.116000 1.245935
1064.213000 1.259933
1064.309000 1.243207
1064.405000 1.232081
1064.502000 1.202196
1064.598000 1.170848
1064.694000 1.170501
1064.790000 1.217012
1064.886000 1.255479
1064.982000 1.293550
1065.078000 1.332236
1065.174000 1.223395
1065.270000 1.055559
1065.366000 1.185311
1065.462000 1.272392
1065.558000 1.292197
1065.654000 1.306930
1065.750000 1.293944
1065.846000 1.267120
1065.941000 1.259410
1066.037000 1.246741
1066.133000 1.209455
1066.228000 1.159118
1066.324000 1.099027
1066.420000 1.081363
1066.515000 1.125263
1066.611000 1.135909
1066.706000 1.162668
1066.802000 1.193266
1066.897000 1.211448
1066.992000 1.241402
1067.088000 1.243737
1067.183000 1.236867
1067.278000 1.255055
1067.373000 1.258680
1067.469000 1.242202
1067.564000 1.255463
1067.659000 1.249750
1067.754000 1.242924
1067.849000 1.263868
1067.944000 1.276594
1068.039000 1.279544
1068.134000 1.298307
1068.229000 1.298939
1068.324000 1.277224
1068.419000 1.292143
1068.514000 1.334683
1068.609000 1.385829
1068.703000 1.371484
1068.798000 1.350192
1068.893000 1.328514
1068.987000 1.333915
1069.082000 1.359314
1069.177000 1.295487
1069.271000 1.272635
1069.366000 1.275574
1069.460000 1.270312
1069.555000 1.278667
1069.649000 1.271237
1069.744000 1.232015
1069.838000 1.248994
1069.932000 1.273414
1070.027000 1.278164
1070.121000 1.269738
1070.215000 1.248018
1070.309000 1.179983
1070.404000 1.198923
1070.498000 1.238570
1070.592000 1.250574
1070.686000 1.252015
1070.780000 1.262947
1070.874000 1.276179
1070.968000 1.283652
1071.062000 1.277455
1071.156000 1.250405
1071.250000 1.242451
1071.343000 1.257398
1071.437000 1.255794
1071.531000 1.240695
1071.625000 1.246044
1071.718000 1.253571
1071.812000 1.255997
1071.906000 1.283125
1071.999000 1.285220
1072.093000 1.275812
1072.186000 1.278701
1072.280000 1.277467
1072.373000 1.261511
1072.467000 1.257286
1072.560000 1.264353
1072.654000 1.271589
1072.747000 1.282779
1072.840000 1.273207
1072.934000 1.250743
1073.027000 1.241642
1073.120000 1.217920
1073.213000 1.236124
1073.306000 1.269968
1073.399000 1.286906
1073.492000 1.305987
1073.585000 1.322065
1073.678000 1.332404
1073.771000 1.298692
1073.864000 1.280417
1073.957000 1.256034
1074.050000 1.235495
1074.143000 1.256011
1074.236000 1.266316
1074.329000 1.268584
1074.421000 1.266987
1074.514000 1.248197
1074.607000 1.249841
1074.699000 1.254947
1074.792000 1.256932
1074.884000 1.274412
1074.977000 1.282339
1075.069000 1.287172
1075.162000 1.287900
1075.254000 1.282139
1075.347000 1.285570
1075.439000 1.311587
1075.531000 1.340699
1075.624000 1.342617
1075.716000 1.304616
1075.808000 1.269310
1075.900000 1.254459
1075.993000 1.267905
1076.085000 1.273857
1076.177000 1.267085
1076.269000 1.270953
1076.361000 1.278876
1076.453000 1.282782
1076.545000 1.298689
1076.637000 1.317699
1076.729000 1.318733
1076.821000 1.319819
1076.913000 1.335407
1077.004000 1.294967
1077.096000 1.264127
1077.188000 1.256277
1077.280000 1.258509
1077.371000 1.265900
1077.463000 1.276635
1077.554000 1.288843
1077.646000 1.294648
1077.738000 1.290449
1077.829000 1.276598
1077.921000 1.276396
1078.012000 1.293726
1078.103000 1.302833
1078.195000 1.294230
1078.286000 1.284009
1078.377000 1.283844
1078.469000 1.296551
1078.560000 1.325832
1078.651000 1.317424
1078.742000 1.301532
1078.833000 1.306570
1078.925000 1.313582
1079.016000 1.314031
1079.107000 1.338067
1079.198000 1.326496
1079.289000 1.305406
1079.380000 1.314739
1079.470000 1.317175
1079.561000 1.305777
1079.652000 1.317876
1079.743000 1.322669
1079.834000 1.298519
1079.924000 1.301338
1080.015000 1.300769
1080.106000 1.243214
1080.196000 1.193838
1080.287000 1.261438
1080.378000 1.273748
1080.468000 1.281925
1080.559000 1.290753
1080.649000 1.287737
1080.740000 1.295343
1080.830000 1.329676
1080.920000 1.338976
1081.011000 1.354152
1081.101000 1.349620
1081.191000 1.319475
1081.282000 1.321315
1081.372000 1.314967
1081.462000 1.306455
1081.552000 1.299583
1081.642000 1.285814
1081.732000 1.278833
1081.822000 1.288233
1081.912000 1.286077
1082.002000 1.266759
1082.092000 1.252271
1082.182000 1.257746
1082.272000 1.239937
1082.362000 1.240014
1082.452000 1.273713
1082.542000 1.263064
1082.631000 1.261161
1082.721000 1.282539
1082.811000 1.279686
1082.900000 1.271202
1082.990000 1.273597
1083.080000 1.276330
1083.169000 1.280255
1083.259000 1.289624
1083.348000 1.306825
1083.438000 1.318206
1083.527000 1.308536
1083.616000 1.304632
1083.706000 1.301274
1083.795000 1.293221
1083.884000 1.287341
1083.974000 1.287837
1084.063000 1.284899
1084.152000 1.286858
1084.241000 1.287184
1084.330000 1.280720
1084.419000 1.284231
1084.508000 1.298770
1084.597000 1.311518
1084.686000 1.313303
1084.775000 1.301171
1084.864000 1.290563
1084.953000 1.284984
1085.042000 1.280992
1085.131000 1.270214
1085.220000 1.276661
1085.308000 1.290002
1085.397000 1.293841
1085.486000 1.295287
1085.574000 1.290676
1085.663000 1.285614
1085.752000 1.290897
1085.840000 1.287742
1085.929000 1.282401
1086.017000 1.289370
1086.106000 1.299889
1086.194000 1.310522
1086.283000 1.319322
1086.371000 1.314722
1086.459000 1.311381
1086.548000 1.314068
1086.636000 1.308599
1086.724000 1.300132
1086.812000 1.295921
1086.900000 1.294570
1086.989000 1.308202
1087.077000 1.321412
1087.165000 1.312285
1087.253000 1.290632
1087.341000 1.272621
1087.429000 1.265502
1087.517000 1.280195
1087.605000 1.287135
1087.692000 1.285153
1087.780000 1.293712
1087.868000 1.302091
1087.956000 1.305903
1088.044000 1.309006
1088.131000 1.310159
1088.219000 1.302322
1088.307000 1.297314
1088.394000 1.302479
1088.482000 1.308546
1088.569000 1.314044
1088.657000 1.322771
1088.744000 1.330248
1088.832000 1.313865
1088.919000 1.300318
1089.007000 1.295848
1089.094000 1.287778
1089.181000 1.280090
1089.268000 1.290085
1089.356000 1.299996
1089.443000 1.305760
1089.530000 1.326890
1089.617000 1.333499
1089.704000 1.319274
1089.791000 1.321593
1089.878000 1.322562
1089.966000 1.304542
1090.052000 1.291493
1090.139000 1.288649
1090.226000 1.289733
1090.313000 1.310823
1090.400000 1.322201
1090.487000 1.314658
1090.574000 1.306780
1090.660000 1.301528
1090.747000 1.297244
1090.834000 1.302550
1090.921000 1.311757
1091.007000 1.310584
1091.094000 1.312903
1091.180000 1.323383
1091.267000 1.315508
1091.353000 1.306964
1091.440000 1.306428
1091.526000 1.301694
1091.613000 1.294004
1091.699000 1.298466
1091.785000 1.305016
1091.872000 1.302673
1091.958000 1.302066
1092.044000 1.303267
1092.130000 1.300989
1092.216000 1.301372
1092.303000 1.303427
1092.389000 1.301156
1092.475000 1.302687
1092.561000 1.307206
1092.647000 1.299360
1092.733000 1.298023
1092.819000 1.300901
1092.905000 1.298646
1092.990000 1.299806
1093.076000 1.298778
1093.162000 1.286136
1093.248000 1.290442
1093.334000 1.300991
1093.419000 1.298433
1093.505000 1.299402
1093.591000 1.298872
1093.676000 1.287339
1093.762000 1.288023
1093.847000 1.294856
1093.933000 1.297667
1094.018000 1.304423
1094.104000 1.315914
1094.189000 1.318995
1094.275000 1.319385
1094.360000 1.327558
1094.445000 1.332249
1094.531000 1.330103
1094.616000 1.325118
1094.701000 1.317684
1094.786000 1.312542
1094.871000 1.310575
1094.956000 1.316400
1095.042000 1.320593
1095.127000 1.315190
1095.212000 1.310692
1095.297000 1.315608
1095.382000 1.307568
1095.466000 1.298389
1095.551000 1.299807
1095.636000 1.296877
1095.721000 1.289424
1095.806000 1.294026
1095.891000 1.323029
1095.975000 1.326579
1096.060000 1.321380
1096.145000 1.313209
1096.229000 1.310422
1096.314000 1.311253
1096.398000 1.313511
1096.483000 1.314824
1096.568000 1.306577
1096.652000 1.287801
1096.736000 1.295337
1096.821000 1.303224
1096.905000 1.305981
1096.990000 1.303345
1097.074000 1.298586
1097.158000 1.296666
1097.242000 1.295987
1097.327000 1.292107
1097.411000 1.296664
1097.495000 1.298623
1097.579000 1.302316
1097.663000 1.308715
1097.747000 1.311433
1097.831000 1.306873
1097.915000 1.300315
1097.999000 1.296255
1098.083000 1.303230
1098.167000 1.307049
1098.251000 1.304145
1098.335000 1.300044
1098.418000 1.300165
1098.502000 1.301337
1098.586000 1.302059
1098.669000 1.299987
1098.753000 1.292824
1098.837000 1.284481
1098.920000 1.290508
1099.004000 1.297778
1099.087000 1.293497
1099.171000 1.290097
1099.254000 1.303377
1099.338000 1.308829
1099.421000 1.307931
1099.505000 1.308375
1099.588000 1.305796
1099.671000 1.299918
1099.754000 1.298321
1099.838000 1.299423
1099.921000 1.300622
1100.004000 1.317277
1100.087000 1.322521
1100.170000 1.313128
1100.253000 1.311492
1100.336000 1.310381
1100.419000 1.305990
1100.502000 1.304763
1100.585000 1.301890
1100.668000 1.284498
1100.751000 1.269139
1100.834000 1.274634
1100.917000 1.281518
1101.000000 1.294658
1101.082000 1.317558
1101.165000 1.315829
1101.248000 1.312647
1101.330000 1.313246
1101.413000 1.311767
1101.496000 1.306582
1101.578000 1.301434
1101.661000 1.299580
1101.743000 1.290832
1101.826000 1.284628
1101.908000 1.293192
1101.990000 1.294681
1102.073000 1.294529
1102.155000 1.299915
1102.237000 1.295899
1102.320000 1.286434
1102.402000 1.286807
1102.484000 1.283881
1102.566000 1.280852
1102.648000 1.299391
1102.730000 1.312044
1102.812000 1.322801
1102.895000 1.323766
1102.977000 1.319995
1103.058000 1.321313
1103.140000 1.318460
1103.222000 1.310052
1103.304000 1.307517
1103.386000 1.306397
1103.468000 1.299961
1103.550000 1.299634
1103.631000 1.301649
1103.713000 1.302170
1103.795000 1.305923
1103.876000 1.312500
1103.958000 1.305630
1104.040000 1.301674
1104.121000 1.304689
1104.203000 1.304199
1104.284000 1.301146
1104.366000 1.299473
1104.447000 1.300861
1104.528000 1.299336
1104.610000 1.292244
1104.691000 1.299246
1104.772000 1.297874
1104.854000 1.294192
1104.935000 1.297960
1105.016000 1.283212
1105.097000 1.234702
1105.178000 1.253006
1105.259000 1.270072
1105.341000 1.277500
1105.422000 1.297580
1105.503000 1.298178
1105.584000 1.295820
1105.664000 1.304578
1105.745000 1.309484
1105.826000 1.306609
1105.907000 1.313813
1105.988000 1.309612
1106.069000 1.285894
1106.149000 1.297619
1106.230000 1.292075
1106.311000 1.283030
1106.391000 1.291863
1106.472000 1.290960
1106.553000 1.287774
1106.633000 1.294064
1106.714000 1.292004
1106.794000 1.290141
1106.875000 1.292578
1106.955000 1.291330
1107.036000 1.292489
1107.116000 1.298945
1107.196000 1.301875
1107.276000 1.306233
1107.357000 1.309413
1107.437000 1.307765
1107.517000 1.306239
1107.597000 1.299191
1107.677000 1.298624
1107.758000 1.303632
1107.838000 1.304680
1107.918000 1.306088
1107.998000 1.319072
1108.078000 1.313988
1108.158000 1.307836
1108.238000 1.314573
1108.317000 1.306161
1108.397000 1.302826
1108.477000 1.308908
1108.557000 1.299871
1108.637000 1.299845
1108.716000 1.305108
1108.796000 1.288397
1108.876000 1.288407
1108.955000 1.312489
1109.035000 1.311091
1109.114000 1.310181
1109.194000 1.310223
1109.273000 1.308323
1109.353000 0.000000
