1.010000000000000000e+03 1.434786682892198018e+00
1.012000000000000000e+03 1.403931912823335182e+00
1.014000000000000000e+03 1.315137768582302913e+00
1.016000000000000000e+03 1.283173096420086257e+00
1.018000000000000000e+03 1.313948513561339793e+00
1.020000000000000000e+03 1.285694778222749024e+00
1.022000000000000000e+03 1.284433575109692693e+00
1.024000000000000000e+03 1.318725732749425505e+00
1.026000000000000000e+03 1.334681026335206910e+00
1.028000000000000000e+03 1.345634116927126644e+00
1.030000000000000000e+03 1.385286303944187614e+00
1.032000000000000000e+03 1.388666291267611763e+00
1.034000000000000000e+03 1.378238991837692273e+00
1.036000000000000000e+03 1.391666700029338344e+00
1.038000000000000000e+03 1.368534581401498640e+00
1.040000000000000000e+03 1.364265774754262361e+00
1.042000000000000000e+03 1.337002032041506583e+00
1.044000000000000000e+03 1.328423513709419135e+00
1.046000000000000000e+03 1.303923808295151199e+00
1.048000000000000000e+03 1.305164512762700069e+00
