1007.0000 1.1547
1007.2249 1.1587
1007.4498 1.1625
1007.6747 1.1665
1007.8996 1.1708
1008.1245 1.1750
1008.3494 1.1787
1008.5743 1.1823
1008.7992 1.1862
1009.0241 1.1908
1009.2490 1.1953
1009.4739 1.1994
1009.6988 1.2030
1009.9237 1.2069
1010.1486 1.2111
1010.3735 1.2153
1010.5984 1.2192
1010.8233 1.2227
1011.0482 1.2263
1011.2731 1.2303
1011.4980 1.2345
1011.7229 1.2386
1011.9478 1.2424
1012.1727 1.2461
1012.3976 1.2500
1012.6225 1.2541
1012.8474 1.2584
1013.0723 1.2624
1013.2972 1.2657
1013.5221 1.2690
1013.7470 1.2727
1013.9719 1.2770
1014.1968 1.2815
1014.4217 1.2855
1014.6466 1.2892
1014.8715 1.2931
1015.0964 1.2971
1015.3213 1.3009
1015.5462 1.3041
1015.7711 1.3069
1015.9960 1.3097
1016.2209 1.3125
1016.4458 1.3151
1016.6707 1.3175
1016.8956 1.3201
1017.1205 1.3229
1017.3454 1.3255
1017.5703 1.3276
1017.7952 1.3296
1018.0201 1.3315
1018.2450 1.3334
1018.4699 1.3353
1018.6948 1.3370
1018.9197 1.3387
1019.1446 1.3403
1019.3695 1.3416
1019.5944 1.3426
1019.8193 1.3434
1020.0442 1.3442
1020.2691 1.3450
1020.4940 1.3455
1020.7189 1.3458
1020.9438 1.3460
1021.1687 1.3464
1021.3936 1.3468
1021.6185 1.3473
1021.8434 1.3481
1022.0683 1.3493
1022.2932 1.3507
1022.5181 1.3517
1022.7430 1.3526
1022.9679 1.3536
1023.1928 1.3549
1023.4177 1.3561
1023.6426 1.3570
1023.8675 1.3581
1024.0924 1.3598
1024.3173 1.3620
1024.5422 1.3643
1024.7671 1.3664
1024.9920 1.3689
1025.2169 1.3721
1025.4418 1.3756
1025.6667 1.3789
1025.8916 1.3816
1026.1165 1.3842
1026.3414 1.3872
1026.5663 1.3906
1026.7912 1.3940
1027.0161 1.3973
1027.2410 1.4008
1027.4659 1.4047
1027.6908 1.4088
1027.9157 1.4128
1028.1406 1.4167
1028.3655 1.4208
1028.5904 1.4250
1028.8153 1.4292
1029.0402 1.4329
1029.2651 1.4360
1029.4900 1.4389
1029.7149 1.4416
1029.9398 1.4440
1030.1647 1.4460
1030.3896 1.4475
1030.6145 1.4488
1030.8394 1.4503
1031.0643 1.4518
1031.2892 1.4530
1031.5141 1.4539
1031.7390 1.4544
1031.9639 1.4548
1032.1888 1.4551
1032.4137 1.4553
1032.6386 1.4551
1032.8635 1.4545
1033.0884 1.4538
1033.3133 1.4529
1033.5382 1.4520
1033.7631 1.4510
1033.9880 1.4498
1034.2129 1.4482
1034.4378 1.4462
1034.6627 1.4443
1034.8876 1.4428
1035.1124 1.4415
1035.3373 1.4396
1035.5622 1.4367
1035.7871 1.4333
1036.0120 1.4303
1036.2369 1.4279
1036.4618 1.4253
1036.6867 1.4219
1036.9116 1.4180
1037.1365 1.4144
1037.3614 1.4115
1037.5863 1.4085
1037.8112 1.4049
1038.0361 1.4008
1038.2610 1.3969
1038.4859 1.3937
1038.7108 1.3909
1038.9357 1.3883
1039.1606 1.3859
1039.3855 1.3834
1039.6104 1.3806
1039.8353 1.3773
1040.0602 1.3741
1040.2851 1.3716
1040.5100 1.3695
1040.7349 1.3668
1040.9598 1.3633
1041.1847 1.3600
1041.4096 1.3578
1041.6345 1.3566
1041.8594 1.3554
1042.0843 1.3539
1042.3092 1.3528
1042.5341 1.3524
1042.7590 1.3522
1042.9839 1.3511
1043.2088 1.3495
1043.4337 1.3484
1043.6586 1.3483
1043.8835 1.3483
1044.1084 1.3475
1044.3333 1.3460
1044.5582 1.3448
1044.7831 1.3445
1045.0080 1.3444
1045.2329 1.3438
1045.4578 1.3430
1045.6827 1.3428
1045.9076 1.3431
1046.1325 1.3430
1046.3574 1.3420
1046.5823 1.3407
1046.8072 1.3399
1047.0321 1.3397
1047.2570 1.3396
1047.4819 1.3393
1047.7068 1.3389
1047.9317 1.3387
1048.1566 1.3384
1048.3815 1.3379
1048.6064 1.3373
1048.8313 1.3369
1049.0562 1.3366
1049.2811 1.3362
1049.5060 1.3358
1049.7309 1.3353
1049.9558 1.3348
1050.1807 1.3338
1050.4056 1.3319
1050.6305 1.3298
1050.8554 1.3281
1051.0803 1.3270
1051.3052 1.3261
1051.5301 1.3249
1051.7550 1.3233
1051.9799 1.3216
1052.2048 1.3198
1052.4297 1.3178
1052.6546 1.3157
1052.8795 1.3138
1053.1044 1.3116
1053.3293 1.3088
1053.5542 1.3051
1053.7791 1.3011
1054.0040 1.2975
1054.2289 1.2942
1054.4538 1.2907
1054.6787 1.2869
1054.9036 1.2834
1055.1285 1.2803
1055.3534 1.2772
1055.5783 1.2731
1055.8032 1.2680
1056.0281 1.2625
1056.2530 1.2574
1056.4779 1.2530
1056.7028 1.2487
1056.9277 1.2440
1057.1526 1.2385
1057.3775 1.2324
1057.6024 1.2263
1057.8273 1.2209
1058.0522 1.2166
1058.2771 1.2127
1058.5020 1.2085
1058.7269 1.2039
1058.9518 1.1993
1059.1767 1.1949
1059.4016 1.1906
1059.6265 1.1863
1059.8514 1.1823
1060.0763 1.1791
1060.3012 1.1759
1060.5261 1.1720
1060.7510 1.1672
1060.9759 1.1629
1061.2008 1.1596
1061.4257 1.1567
1061.6506 1.1531
1061.8755 1.1488
1062.1004 1.1449
1062.3253 1.1422
1062.5502 1.1397
1062.7751 1.1364
1063.0000 1.1326
