800.00 3.4009e-24
800.35 3.7622e-24
800.70 4.2081e-24
801.05 4.7116e-24
801.40 5.2458e-24
801.75 5.7835e-24
802.10 6.2978e-24
802.45 6.7616e-24
802.80 7.1481e-24
803.15 7.4301e-24
803.50 7.4163e-24
803.85 6.8540e-24
804.20 6.6408e-24
804.55 6.2374e-24
804.90 5.2338e-24
805.25 3.9482e-24
805.60 3.4231e-24
805.95 2.8189e-24
806.30 2.1718e-24
806.65 1.3568e-24
807.00 9.3871e-25
807.35 1.5153e-24
807.70 2.5647e-24
808.05 2.9654e-24
808.40 3.4160e-24
808.75 3.6569e-24
809.10 3.8706e-24
809.45 4.2615e-24
809.80 3.5338e-24
810.15 2.8907e-24
810.50 3.0937e-24
810.85 4.0013e-24
811.20 4.1438e-24
811.55 3.2534e-24
811.90 3.2282e-24
812.25 3.9179e-24
812.60 4.5409e-24
812.95 5.8562e-24
813.30 9.1036e-24
813.65 1.1311e-23
814.00 1.3599e-23
814.35 1.5403e-23
814.70 1.6211e-23
815.05 1.6459e-23
815.40 1.5989e-23
815.75 1.5304e-23
816.10 1.3979e-23
816.45 1.1647e-23
816.80 9.9232e-24
817.15 9.0925e-24
817.50 8.4155e-24
817.85 7.6107e-24
818.20 6.6702e-24
818.55 6.6867e-24
818.90 7.1047e-24
819.25 7.4488e-24
819.60 8.4530e-24
819.95 9.1616e-24
820.30 9.0610e-24
820.65 9.3567e-24
821.00 9.3447e-24
821.35 9.0329e-24
821.70 8.1967e-24
822.05 7.4499e-24
822.40 6.8489e-24
822.75 6.3256e-24
823.10 5.3677e-24
823.45 4.9540e-24
823.80 5.2293e-24
824.15 5.5895e-24
824.50 6.6411e-24
824.85 7.7200e-24
825.20 8.1156e-24
825.55 8.5048e-24
825.90 8.1364e-24
826.25 7.4351e-24
826.60 7.1597e-24
826.95 7.2428e-24
827.30 7.7208e-24
827.65 8.2840e-24
828.00 8.4746e-24
828.35 8.6802e-24
828.70 9.2411e-24
829.05 9.2528e-24
829.40 9.2672e-24
829.75 8.4318e-24
830.10 7.9835e-24
830.45 7.6809e-24
830.80 8.0647e-24
831.15 8.2269e-24
831.50 8.3355e-24
831.85 8.0948e-24
832.20 7.9943e-24
832.55 6.6298e-24
832.90 5.7916e-24
833.25 5.8262e-24
833.60 6.2032e-24
833.95 7.9621e-24
834.30 9.1967e-24
834.65 9.8369e-24
835.00 1.0870e-23
835.35 1.1124e-23
835.70 1.0452e-23
836.05 9.9277e-24
836.40 9.6284e-24
836.75 9.7315e-24
837.10 9.7813e-24
837.45 9.4554e-24
837.80 8.0588e-24
838.15 7.4221e-24
838.50 7.0206e-24
838.85 5.8434e-24
839.20 4.4759e-24
839.55 4.3940e-24
839.90 4.3308e-24
840.25 4.8995e-24
840.60 5.5410e-24
840.95 5.0740e-24
841.30 4.2562e-24
841.65 3.6010e-24
842.00 2.4350e-24
842.35 1.6001e-24
842.70 2.1472e-24
843.05 3.4160e-24
843.40 4.9219e-24
843.75 6.0590e-24
844.10 6.8770e-24
844.45 7.4724e-24
844.80 7.8037e-24
845.15 7.9084e-24
845.50 7.8902e-24
845.85 8.4255e-24
846.20 8.4526e-24
846.55 8.4483e-24
846.90 8.2960e-24
847.25 7.4800e-24
847.60 5.9029e-24
847.95 4.4725e-24
848.30 3.4112e-24
848.65 3.0157e-24
849.00 3.2800e-24
849.35 3.9317e-24
849.70 4.5162e-24
850.05 5.2293e-24
850.40 5.5388e-24
850.75 5.3900e-24
851.10 4.5383e-24
851.45 3.4978e-24
851.80 3.6694e-24
852.15 4.1489e-24
852.50 5.3215e-24
852.85 6.4492e-24
853.20 7.6530e-24
853.55 8.1541e-24
853.90 7.4597e-24
854.25 6.4652e-24
854.60 6.9614e-24
854.95 7.7774e-24
855.30 9.5136e-24
855.65 1.2479e-23
856.00 1.5615e-23
856.35 1.8868e-23
856.70 2.1769e-23
857.05 2.3834e-23
857.40 2.4661e-23
857.75 2.5486e-23
858.10 2.5738e-23
858.45 2.5927e-23
858.80 2.5996e-23
859.15 2.5350e-23
859.50 2.4241e-23
859.85 2.2974e-23
860.20 2.0841e-23
860.55 1.7854e-23
860.90 1.6054e-23
861.25 1.5277e-23
861.60 1.5522e-23
861.95 1.7517e-23
862.30 1.9622e-23
862.65 2.0592e-23
863.00 2.1536e-23
863.35 2.2000e-23
863.70 2.2891e-23
864.05 2.2930e-23
864.40 2.3092e-23
864.75 2.2599e-23
865.10 2.2895e-23
865.45 2.2797e-23
865.80 2.2409e-23
866.15 2.1648e-23
866.50 2.0776e-23
866.85 1.9174e-23
867.20 1.7542e-23
867.55 1.6614e-23
867.90 1.6581e-23
868.25 1.7496e-23
868.60 1.8382e-23
868.95 1.8845e-23
869.30 2.0044e-23
869.65 2.1101e-23
870.00 2.1264e-23
870.35 2.1418e-23
870.70 2.0905e-23
871.05 2.1667e-23
871.40 2.3277e-23
871.75 2.5068e-23
872.10 2.6094e-23
872.45 2.7612e-23
872.80 2.8894e-23
873.15 3.0942e-23
873.50 3.3539e-23
873.85 3.7115e-23
874.20 4.1872e-23
874.55 4.7197e-23
874.90 5.2032e-23
875.25 5.6838e-23
875.60 6.0692e-23
875.95 6.4169e-23
876.30 6.5853e-23
876.65 6.6685e-23
877.00 6.6884e-23
877.35 6.6517e-23
877.70 6.6057e-23
878.05 6.6170e-23
878.40 6.5768e-23
878.75 6.5474e-23
879.10 6.5693e-23
879.45 6.6503e-23
879.80 6.7683e-23
880.15 6.9194e-23
880.50 7.0764e-23
880.85 7.2002e-23
881.20 7.3250e-23
881.55 7.4126e-23
881.90 7.5201e-23
882.25 7.7429e-23
882.60 8.0579e-23
882.95 8.3903e-23
883.30 8.7946e-23
883.65 9.1512e-23
884.00 9.6449e-23
884.35 1.0232e-22
884.70 1.0884e-22
885.05 1.1522e-22
885.40 1.2189e-22
885.75 1.2869e-22
886.10 1.3548e-22
886.45 1.4221e-22
886.80 1.4806e-22
887.15 1.5366e-22
887.50 1.5990e-22
887.85 1.6696e-22
888.20 1.7416e-22
888.55 1.8091e-22
888.90 1.8787e-22
889.25 1.9451e-22
889.60 2.0054e-22
889.95 2.0721e-22
890.30 2.1427e-22
890.65 2.2230e-22
891.00 2.2997e-22
891.35 2.3593e-22
891.70 2.4143e-22
892.05 2.4567e-22
892.40 2.5006e-22
892.75 2.5334e-22
893.10 2.5693e-22
893.45 2.6081e-22
893.80 2.6602e-22
894.15 2.7200e-22
894.50 2.7722e-22
894.85 2.8238e-22
895.20 2.8757e-22
895.55 2.9301e-22
895.90 2.9899e-22
896.25 3.0421e-22
896.60 3.0965e-22
896.95 3.1582e-22
897.30 3.2268e-22
897.65 3.2931e-22
898.00 3.3411e-22
898.35 3.3971e-22
898.70 3.4549e-22
899.05 3.5196e-22
899.40 3.5865e-22
899.75 3.6645e-22
900.10 3.7563e-22
900.45 3.8554e-22
900.80 3.9564e-22
901.15 4.0586e-22
901.50 4.1777e-22
901.85 4.3039e-22
902.20 4.4274e-22
902.55 4.5472e-22
902.90 4.6647e-22
903.25 4.7742e-22
903.60 4.8824e-22
903.95 4.9937e-22
904.30 5.0981e-22
904.65 5.2003e-22
905.00 5.3081e-22
905.35 5.4116e-22
905.70 5.5145e-22
906.05 5.6250e-22
906.40 5.7538e-22
906.75 5.9012e-22
907.10 6.0524e-22
907.45 6.2119e-22
907.80 6.3807e-22
908.15 6.5636e-22
908.50 6.7615e-22
908.85 6.9714e-22
909.20 7.1783e-22
909.55 7.4051e-22
909.90 7.6325e-22
910.25 7.8796e-22
910.60 8.1510e-22
910.95 8.4319e-22
911.30 8.7248e-22
911.65 9.0284e-22
912.00 9.3496e-22
912.35 9.6933e-22
912.70 1.0066e-21
913.05 1.0461e-21
913.40 1.0870e-21
913.75 1.1292e-21
914.10 1.1738e-21
914.45 1.2219e-21
914.80 1.2727e-21
915.15 1.3281e-21
915.50 1.3858e-21
915.85 1.4460e-21
916.20 1.5097e-21
916.55 1.5753e-21
916.90 1.6429e-21
917.25 1.7110e-21
917.60 1.7790e-21
917.95 1.8460e-21
918.30 1.9113e-21
918.65 1.9734e-21
919.00 2.0315e-21
919.35 2.0843e-21
919.70 2.1302e-21
920.05 2.1703e-21
920.40 2.2030e-21
920.75 2.2307e-21
921.10 2.2523e-21
921.45 2.2687e-21
921.80 2.2809e-21
922.15 2.2866e-21
922.50 2.2873e-21
922.85 2.2843e-21
923.20 2.2769e-21
923.55 2.2659e-21
923.90 2.2531e-21
924.25 2.2395e-21
924.60 2.2241e-21
924.95 2.2062e-21
925.30 2.1862e-21
925.65 2.1651e-21
926.00 2.1429e-21
926.35 2.1194e-21
926.70 2.0971e-21
927.05 2.0744e-21
927.40 2.0540e-21
927.75 2.0337e-21
928.10 2.0133e-21
928.45 1.9928e-21
928.80 1.9719e-21
929.15 1.9511e-21
929.50 1.9312e-21
929.85 1.9101e-21
930.20 1.8898e-21
930.55 1.8712e-21
930.90 1.8525e-21
931.25 1.8326e-21
931.60 1.8110e-21
931.95 1.7909e-21
932.30 1.7728e-21
932.65 1.7564e-21
933.00 1.7409e-21
933.35 1.7268e-21
933.70 1.7125e-21
934.05 1.6990e-21
934.40 1.6849e-21
934.75 1.6710e-21
935.10 1.6583e-21
935.45 1.6452e-21
935.80 1.6331e-21
936.15 1.6224e-21
936.50 1.6124e-21
936.85 1.6030e-21
937.20 1.5959e-21
937.55 1.5899e-21
937.90 1.5864e-21
938.25 1.5852e-21
938.60 1.5874e-21
938.95 1.5927e-21
939.30 1.6003e-21
939.65 1.6088e-21
940.00 1.6187e-21
940.35 1.6275e-21
940.70 1.6364e-21
941.05 1.6462e-21
941.40 1.6566e-21
941.75 1.6665e-21
942.10 1.6751e-21
942.45 1.6837e-21
942.80 1.6910e-21
943.15 1.6964e-21
943.50 1.7001e-21
943.85 1.7040e-21
944.20 1.7073e-21
944.55 1.7108e-21
944.90 1.7124e-21
945.25 1.7138e-21
945.60 1.7148e-21
945.95 1.7155e-21
946.30 1.7152e-21
946.65 1.7144e-21
947.00 1.7125e-21
947.35 1.7115e-21
947.70 1.7123e-21
948.05 1.7140e-21
948.40 1.7166e-21
948.75 1.7197e-21
949.10 1.7234e-21
949.45 1.7264e-21
949.80 1.7300e-21
950.15 1.7341e-21
950.50 1.7398e-21
950.85 1.7472e-21
951.20 1.7556e-21
951.55 1.7646e-21
951.90 1.7739e-21
952.25 1.7819e-21
952.60 1.7892e-21
952.95 1.7962e-21
953.30 1.8029e-21
953.65 1.8109e-21
954.00 1.8193e-21
954.35 1.8292e-21
954.70 1.8405e-21
955.05 1.8523e-21
955.40 1.8637e-21
955.75 1.8767e-21
956.10 1.8905e-21
956.45 1.9063e-21
956.80 1.9240e-21
957.15 1.9438e-21
957.50 1.9660e-21
957.85 1.9909e-21
958.20 2.0179e-21
958.55 2.0435e-21
958.90 2.0684e-21
959.25 2.0939e-21
959.60 2.1188e-21
959.95 2.1444e-21
960.30 2.1694e-21
960.65 2.1928e-21
961.00 2.2170e-21
961.35 2.2481e-21
961.70 2.2906e-21
962.05 2.3467e-21
962.40 2.4124e-21
962.75 2.4810e-21
963.10 2.5489e-21
963.45 2.6132e-21
963.80 2.6729e-21
964.15 2.7286e-21
964.50 2.7778e-21
964.85 2.8175e-21
965.20 2.8469e-21
965.55 2.8677e-21
965.90 2.8792e-21
966.25 2.8829e-21
966.60 2.8809e-21
966.95 2.8732e-21
967.30 2.8649e-21
967.65 2.8611e-21
968.00 2.8671e-21
968.35 2.8838e-21
968.70 2.9060e-21
969.05 2.9284e-21
969.40 2.9504e-21
969.75 2.9710e-21
970.10 2.9917e-21
970.45 3.0135e-21
970.80 3.0367e-21
971.15 3.0606e-21
971.50 3.0845e-21
971.85 3.1120e-21
972.20 3.1450e-21
972.55 3.1854e-21
972.90 3.2350e-21
973.25 3.2935e-21
973.60 3.3618e-21
973.95 3.4421e-21
974.30 3.5336e-21
974.65 3.6362e-21
975.00 3.7510e-21
975.35 3.8780e-21
975.70 4.0179e-21
976.05 4.1671e-21
976.40 4.3231e-21
976.75 4.4828e-21
977.10 4.6409e-21
977.45 4.7904e-21
977.80 4.9270e-21
978.15 5.0434e-21
978.50 5.1349e-21
978.85 5.1966e-21
979.20 5.2236e-21
979.55 5.2142e-21
979.90 5.1676e-21
980.25 5.0859e-21
980.60 4.9728e-21
980.95 4.8326e-21
981.30 4.6709e-21
981.65 4.4951e-21
982.00 4.3123e-21
982.35 4.1273e-21
982.70 3.9472e-21
983.05 3.7764e-21
983.40 3.6191e-21
983.75 3.4759e-21
984.10 3.3466e-21
984.45 3.2310e-21
984.80 3.1266e-21
985.15 3.0318e-21
985.50 2.9451e-21
985.85 2.8641e-21
986.20 2.7874e-21
986.55 2.7125e-21
986.90 2.6396e-21
987.25 2.5688e-21
987.60 2.5007e-21
987.95 2.4340e-21
988.30 2.3692e-21
988.65 2.3063e-21
989.00 2.2441e-21
989.35 2.1836e-21
989.70 2.1229e-21
990.05 2.0612e-21
990.40 1.9963e-21
990.75 1.9285e-21
991.10 1.8580e-21
991.45 1.7880e-21
991.80 1.7178e-21
992.15 1.6482e-21
992.50 1.5809e-21
992.85 1.5170e-21
993.20 1.4582e-21
993.55 1.4056e-21
993.90 1.3587e-21
994.25 1.3175e-21
994.60 1.2819e-21
994.95 1.2494e-21
995.30 1.2173e-21
995.65 1.1847e-21
996.00 1.1523e-21
996.35 1.1215e-21
996.70 1.0925e-21
997.05 1.0642e-21
997.40 1.0360e-21
997.75 1.0081e-21
998.10 9.8107e-22
998.45 9.5491e-22
998.80 9.2940e-22
999.15 9.0522e-22
999.50 8.8382e-22
999.85 8.6585e-22
1000.20 8.5012e-22
1000.55 8.3448e-22
1000.90 8.1781e-22
1001.25 8.0084e-22
1001.60 7.8495e-22
1001.95 7.7050e-22
1002.30 7.5646e-22
1002.65 7.4172e-22
1003.00 7.2627e-22
1003.35 7.1100e-22
1003.70 6.9660e-22
1004.05 6.8304e-22
1004.40 6.7009e-22
1004.75 6.5793e-22
1005.10 6.4712e-22
1005.45 6.3798e-22
1005.80 6.3019e-22
1006.15 6.2321e-22
1006.50 6.1666e-22
1006.85 6.1032e-22
1007.20 6.0384e-22
1007.55 5.9667e-22
1007.90 5.8850e-22
1008.25 5.7950e-22
1008.60 5.7027e-22
1008.95 5.6133e-22
1009.30 5.5296e-22
1009.65 5.4534e-22
1010.00 5.3869e-22
1010.35 5.3310e-22
1010.70 5.2836e-22
1011.05 5.2395e-22
1011.40 5.1935e-22
1011.75 5.1432e-22
1012.10 5.0882e-22
1012.45 5.0280e-22
1012.80 4.9618e-22
1013.15 4.8899e-22
1013.50 4.8148e-22
1013.85 4.7395e-22
1014.20 4.6653e-22
1014.55 4.5917e-22
1014.90 4.5175e-22
1015.25 4.4428e-22
1015.60 4.3681e-22
1015.95 4.2932e-22
1016.30 4.2171e-22
1016.65 4.1397e-22
1017.00 4.0619e-22
1017.35 3.9848e-22
1017.70 3.9083e-22
1018.05 3.8313e-22
1018.40 3.7533e-22
1018.75 3.6754e-22
1019.10 3.5989e-22
1019.45 3.5242e-22
1019.80 3.4506e-22
1020.15 3.3778e-22
1020.50 3.3063e-22
1020.85 3.2369e-22
1021.20 3.1699e-22
1021.55 3.1053e-22
1021.90 3.0434e-22
1022.25 2.9854e-22
1022.60 2.9319e-22
1022.95 2.8825e-22
1023.30 2.8358e-22
1023.65 2.7906e-22
1024.00 2.7461e-22
1024.35 2.7017e-22
1024.70 2.6568e-22
1025.05 2.6105e-22
1025.40 2.5633e-22
1025.75 2.5166e-22
1026.10 2.4720e-22
1026.45 2.4304e-22
1026.80 2.3922e-22
1027.15 2.3576e-22
1027.50 2.3268e-22
1027.85 2.2992e-22
1028.20 2.2732e-22
1028.55 2.2469e-22
1028.90 2.2190e-22
1029.25 2.1888e-22
1029.60 2.1564e-22
1029.95 2.1220e-22
1030.30 2.0858e-22
1030.65 2.0489e-22
1031.00 2.0122e-22
1031.35 1.9761e-22
1031.70 1.9401e-22
1032.05 1.9038e-22
1032.40 1.8671e-22
1032.75 1.8302e-22
1033.10 1.7932e-22
1033.45 1.7559e-22
1033.80 1.7178e-22
1034.15 1.6790e-22
1034.50 1.6397e-22
1034.85 1.6005e-22
1035.20 1.5611e-22
1035.55 1.5215e-22
1035.90 1.4820e-22
1036.25 1.4431e-22
1036.60 1.4053e-22
1036.95 1.3686e-22
1037.30 1.3328e-22
1037.65 1.2981e-22
1038.00 1.2648e-22
1038.35 1.2328e-22
1038.70 1.2018e-22
1039.05 1.1715e-22
1039.40 1.1419e-22
1039.75 1.1133e-22
1040.10 1.0859e-22
1040.45 1.0594e-22
1040.80 1.0339e-22
1041.15 1.0095e-22
1041.50 9.8674e-23
1041.85 9.6563e-23
1042.20 9.4597e-23
1042.55 9.2754e-23
1042.90 9.1044e-23
1043.25 8.9479e-23
1043.60 8.8037e-23
1043.95 8.6665e-23
1044.30 8.5316e-23
1044.65 8.3971e-23
1045.00 8.2619e-23
1045.35 8.1227e-23
1045.70 7.9762e-23
1046.05 7.8226e-23
1046.40 7.6668e-23
1046.75 7.5131e-23
1047.10 7.3609e-23
1047.45 7.2066e-23
1047.80 7.0491e-23
1048.15 6.8923e-23
1048.50 6.7400e-23
1048.85 6.5910e-23
1049.20 6.4404e-23
1049.55 6.2853e-23
1049.90 6.1283e-23
1050.25 5.9730e-23
1050.60 5.8187e-23
1050.95 5.6619e-23
1051.30 5.5019e-23
1051.65 5.3429e-23
1052.00 5.1892e-23
1052.35 5.0392e-23
1052.70 4.8873e-23
1053.05 4.7318e-23
1053.40 4.5780e-23
1053.75 4.4318e-23
1054.10 4.2918e-23
1054.45 4.1513e-23
1054.80 4.0081e-23
1055.15 3.8681e-23
1055.50 3.7381e-23
1055.85 3.6159e-23
1056.20 3.4918e-23
1056.55 3.3614e-23
1056.90 3.2333e-23
1057.25 3.1194e-23
1057.60 3.0181e-23
1057.95 2.9116e-23
1058.30 2.7836e-23
1058.65 2.6407e-23
1059.00 2.5104e-23
1059.35 2.4165e-23
1059.70 2.3568e-23
1060.05 2.3060e-23
1060.40 2.2399e-23
1060.75 2.1553e-23
1061.10 2.0661e-23
1061.45 1.9851e-23
1061.80 1.9120e-23
1062.15 1.8393e-23
1062.50 1.7650e-23
1062.85 1.6951e-23
1063.20 1.6358e-23
1063.55 1.5854e-23
1063.90 1.5372e-23
1064.25 1.4871e-23
1064.60 1.4370e-23
1064.95 1.3903e-23
1065.30 1.3465e-23
1065.65 1.3021e-23
1066.00 1.2561e-23
1066.35 1.2115e-23
1066.70 1.1715e-23
1067.05 1.1354e-23
1067.40 1.0991e-23
1067.75 1.0599e-23
1068.10 1.0196e-23
1068.45 9.8171e-24
1068.80 9.4744e-24
1069.15 9.1504e-24
1069.50 8.8281e-24
1069.85 8.5141e-24
1070.20 8.2263e-24
1070.55 7.9666e-24
1070.90 7.7163e-24
1071.25 7.4583e-24
1071.60 7.1953e-24
1071.95 6.9421e-24
1072.30 6.7053e-24
1072.65 6.4775e-24
1073.00 6.2500e-24
1073.35 6.0256e-24
1073.70 5.8119e-24
1074.05 5.6086e-24
1074.40 5.4065e-24
1074.75 5.2004e-24
1075.10 4.9984e-24
1075.45 4.8133e-24
1075.80 4.6481e-24
1076.15 4.4932e-24
1076.50 4.3377e-24
1076.85 4.1802e-24
1077.20 4.0258e-24
1077.55 3.8759e-24
1077.90 3.7261e-24
1078.25 3.5744e-24
1078.60 3.4263e-24
1078.95 3.2900e-24
1079.30 3.1655e-24
1079.65 3.0446e-24
1080.00 2.9203e-24
1080.35 2.7958e-24
1080.70 2.6809e-24
1081.05 2.5812e-24
1081.40 2.4929e-24
1081.75 2.4082e-24
1082.10 2.3231e-24
1082.45 2.2386e-24
1082.80 2.1566e-24
1083.15 2.0764e-24
1083.50 1.9979e-24
1083.85 1.9233e-24
1084.20 1.8554e-24
1084.55 1.7925e-24
1084.90 1.7297e-24
1085.25 1.6639e-24
1085.60 1.5974e-24
1085.95 1.5347e-24
1086.30 1.4773e-24
1086.65 1.4220e-24
1087.00 1.3660e-24
1087.35 1.3111e-24
1087.70 1.2611e-24
1088.05 1.2164e-24
1088.40 1.1735e-24
1088.75 1.1284e-24
1089.10 1.0820e-24
1089.45 1.0383e-24
1089.80 9.9957e-25
1090.15 9.6441e-25
1090.50 9.3047e-25
1090.85 8.9778e-25
1091.20 8.6789e-25
1091.55 8.4033e-25
1091.90 8.1192e-25
1092.25 7.8023e-25
1092.60 7.4677e-25
1092.95 7.1548e-25
1093.30 6.8809e-25
1093.65 6.6243e-25
1094.00 6.3558e-25
1094.35 6.0776e-25
1094.70 5.8198e-25
1095.05 5.6017e-25
1095.40 5.4099e-25
1095.75 5.2184e-25
1096.10 5.0226e-25
1096.45 4.8392e-25
1096.80 4.6774e-25
1097.15 4.5213e-25
1097.50 4.3485e-25
1097.85 4.1593e-25
1098.20 3.9767e-25
1098.55 3.8176e-25
1098.90 3.6742e-25
1099.25 3.5290e-25
1099.60 3.3808e-25
1099.95 3.2470e-25
1100.30 3.1386e-25
1100.65 3.0443e-25
1101.00 2.9433e-25
1101.35 2.8305e-25
1101.70 2.7202e-25
1102.05 2.6241e-25
1102.40 2.5362e-25
1102.75 2.4422e-25
1103.10 2.3403e-25
1103.45 2.2443e-25
1103.80 2.1643e-25
1104.15 2.0933e-25
1104.50 2.0168e-25
1104.85 1.9325e-25
1105.20 1.8530e-25
1105.55 1.7883e-25
1105.90 1.7330e-25
1106.25 1.6747e-25
1106.60 1.6115e-25
1106.95 1.5533e-25
1107.30 1.5071e-25
1107.65 1.4655e-25
1108.00 1.4167e-25
1108.35 1.3605e-25
1108.70 1.3093e-25
1109.05 1.2713e-25
1109.40 1.2387e-25
1109.75 1.1981e-25
1110.10 1.1473e-25
1110.45 1.0977e-25
1110.80 1.0591e-25
1111.15 1.0270e-25
1111.50 9.9050e-26
1111.85 9.4821e-26
1112.20 9.1059e-26
1112.55 8.8557e-26
1112.90 8.6734e-26
1113.25 8.4353e-26
1113.60 8.1115e-26
1113.95 7.7980e-26
1114.30 7.5814e-26
1114.65 7.4230e-26
1115.00 7.2140e-26
1115.35 6.9217e-26
1115.70 6.6259e-26
1116.05 6.4027e-26
1116.40 6.2199e-26
1116.75 5.9870e-26
1117.10 5.6875e-26
1117.45 5.4080e-26
1117.80 5.2246e-26
1118.15 5.1025e-26
1118.50 4.9449e-26
1118.85 4.7229e-26
1119.20 4.5100e-26
1119.55 4.3772e-26
1119.90 4.2957e-26
1120.25 4.1780e-26
1120.60 3.9970e-26
1120.95 3.8189e-26
1121.30 3.7077e-26
1121.65 3.6347e-26
1122.00 3.5190e-26
1122.35 3.3405e-26
1122.70 3.1693e-26
1123.05 3.0715e-26
1123.40 3.0208e-26
1123.75 2.9353e-26
1124.10 2.7882e-26
1124.45 2.6403e-26
1124.80 2.5546e-26
1125.15 2.5109e-26
1125.50 2.4377e-26
1125.85 2.3134e-26
1126.20 2.1962e-26
1126.55 2.1430e-26
1126.90 2.1294e-26
1127.25 2.0818e-26
1127.60 1.9758e-26
1127.95 1.8678e-26
1128.30 1.8162e-26
1128.65 1.8032e-26
1129.00 1.7605e-26
1129.35 1.6639e-26
1129.70 1.5647e-26
1130.05 1.5188e-26
1130.40 1.5110e-26
1130.75 1.4778e-26
1131.10 1.3949e-26
1131.45 1.3091e-26
1131.80 1.2725e-26
1132.15 1.2715e-26
1132.50 1.2469e-26
1132.85 1.1754e-26
1133.20 1.0996e-26
1133.55 1.0677e-26
1133.90 1.0673e-26
1134.25 1.0442e-26
1134.60 9.7825e-27
1134.95 9.1121e-27
1135.30 8.8884e-27
1135.65 8.9841e-27
1136.00 8.8666e-27
1136.35 8.3229e-27
1136.70 7.7312e-27
1137.05 7.5246e-27
1137.40 7.5988e-27
1137.75 7.4726e-27
1138.10 6.9597e-27
1138.45 6.4211e-27
1138.80 6.2612e-27
1139.15 6.3760e-27
1139.50 6.3080e-27
1139.85 5.8789e-27
1140.20 5.4243e-27
1140.55 5.3195e-27
1140.90 5.4630e-27
1141.25 5.4242e-27
1141.60 5.0382e-27
1141.95 4.6218e-27
1142.30 4.5263e-27
1142.65 4.6554e-27
1143.00 4.6102e-27
1143.35 4.2442e-27
1143.70 3.8574e-27
1144.05 3.7743e-27
1144.40 3.9004e-27
1144.75 3.8675e-27
1145.10 3.5499e-27
1145.45 3.2290e-27
1145.80 3.1903e-27
1146.15 3.3270e-27
1146.50 3.3014e-27
1146.85 3.0246e-27
1147.20 2.7737e-27
1147.55 2.7879e-27
1147.90 2.9243e-27
1148.25 2.8670e-27
1148.60 2.5887e-27
1148.95 2.3863e-27
1149.30 2.4093e-27
1149.65 2.3462e-27
1150.00 2.3462e-27