800.00 5.9615e-29
800.35 6.7742e-29
800.70 7.7830e-29
801.05 8.9508e-29
801.40 1.0236e-28
801.75 1.1591e-28
802.10 1.2963e-28
802.45 1.4294e-28
802.80 1.5520e-28
803.15 1.6567e-28
803.50 1.6983e-28
803.85 1.6118e-28
804.20 1.6037e-28
804.55 1.5468e-28
804.90 1.3328e-28
805.25 1.0325e-28
805.60 9.1915e-29
805.95 7.7720e-29
806.30 6.1485e-29
806.65 3.9439e-29
807.00 2.8015e-29
807.35 4.6432e-29
807.70 8.0685e-29
808.05 9.5778e-29
808.40 1.1327e-28
808.75 1.2449e-28
809.10 1.3527e-28
809.45 1.5289e-28
809.80 1.3015e-28
810.15 1.0929e-28
810.50 1.2006e-28
810.85 1.5939e-28
811.20 1.6944e-28
811.55 1.3655e-28
811.90 1.3907e-28
812.25 1.7323e-28
812.60 2.0607e-28
812.95 2.7277e-28
813.30 4.3518e-28
813.65 5.5495e-28
814.00 6.8471e-28
814.35 7.9587e-28
814.70 8.5960e-28
815.05 8.9561e-28
815.40 8.9286e-28
815.75 8.7693e-28
816.10 8.2197e-28
816.45 7.0275e-28
816.80 6.1434e-28
817.15 5.7759e-28
817.50 5.4851e-28
817.85 5.0896e-28
818.20 4.5766e-28
818.55 4.7072e-28
818.90 5.1312e-28
819.25 5.5192e-28
819.60 6.4256e-28
819.95 7.1446e-28
820.30 7.2489e-28
820.65 7.6789e-28
821.00 7.8671e-28
821.35 7.8008e-28
821.70 7.2612e-28
822.05 6.7696e-28
822.40 6.3836e-28
822.75 6.0475e-28
823.10 5.2635e-28
823.45 4.9825e-28
823.80 5.3942e-28
824.15 5.9136e-28
824.50 7.2060e-28
824.85 8.5910e-28
825.20 9.2620e-28
825.55 9.9540e-28
825.90 9.7658e-28
826.25 9.1515e-28
826.60 9.0370e-28
826.95 9.3746e-28
827.30 1.0247e-27
827.65 1.1274e-27
828.00 1.1826e-27
828.35 1.2420e-27
828.70 1.3558e-27
829.05 1.3919e-27
829.40 1.4293e-27
829.75 1.3333e-27
830.10 1.2943e-27
830.45 1.2767e-27
830.80 1.3743e-27
831.15 1.4372e-27
831.50 1.4928e-27
831.85 1.4862e-27
832.20 1.5046e-27
832.55 1.2791e-27
832.90 1.1454e-27
833.25 1.1811e-27
833.60 1.2891e-27
833.95 1.6960e-27
834.30 2.0079e-27
834.65 2.2013e-27
835.00 2.4931e-27
835.35 2.6150e-27
835.70 2.5184e-27
836.05 2.4515e-27
836.40 2.4367e-27
836.75 2.5240e-27
837.10 2.5999e-27
837.45 2.5756e-27
837.80 2.2496e-27
838.15 2.1232e-27
838.50 2.0580e-27
838.85 1.7553e-27
839.20 1.3777e-27
839.55 1.3859e-27
839.90 1.3996e-27
840.25 1.6225e-27
840.60 1.8800e-27
840.95 1.7639e-27
841.30 1.5160e-27
841.65 1.3141e-27
842.00 9.1043e-28
842.35 6.1293e-28
842.70 8.4263e-28
843.05 1.3734e-27
843.40 2.0272e-27
843.75 2.5565e-27
844.10 2.9725e-27
844.45 3.3086e-27
844.80 3.5395e-27
845.15 3.6743e-27
845.50 3.7551e-27
845.85 4.1073e-27
846.20 4.2206e-27
846.55 4.3208e-27
846.90 4.3458e-27
847.25 4.0133e-27
847.60 3.2438e-27
847.95 2.5172e-27
848.30 1.9663e-27
848.65 1.7803e-27
849.00 1.9830e-27
849.35 2.4343e-27
849.70 2.8636e-27
850.05 3.3955e-27
850.40 3.6830e-27
850.75 3.6702e-27
851.10 3.1644e-27
851.45 2.4974e-27
851.80 2.6827e-27
852.15 3.1059e-27
852.50 4.0791e-27
852.85 5.0616e-27
853.20 6.1499e-27
853.55 6.7090e-27
853.90 6.2840e-27
854.25 5.5760e-27
854.60 6.1469e-27
854.95 7.0308e-27
855.30 8.8047e-27
855.65 1.1824e-26
856.00 1.5146e-26
856.35 1.8735e-26
856.70 2.2128e-26
857.05 2.4800e-26
857.40 2.6267e-26
857.75 2.7788e-26
858.10 2.8725e-26
858.45 2.9618e-26
858.80 3.0397e-26
859.15 3.0340e-26
859.50 2.9696e-26
859.85 2.8806e-26
860.20 2.6746e-26
860.55 2.3450e-26
860.90 2.1581e-26
861.25 2.1017e-26
861.60 2.1855e-26
861.95 2.5240e-26
862.30 2.8935e-26
862.65 3.1074e-26
863.00 3.3258e-26
863.35 3.4767e-26
863.70 3.7016e-26
864.05 3.7944e-26
864.40 3.9101e-26
864.75 3.9155e-26
865.10 4.0589e-26
865.45 4.1354e-26
865.80 4.1592e-26
866.15 4.1110e-26
866.50 4.0368e-26
866.85 3.8118e-26
867.20 3.5680e-26
867.55 3.4572e-26
867.90 3.5299e-26
868.25 3.8107e-26
868.60 4.0957e-26
868.95 4.2956e-26
869.30 4.6740e-26
869.65 5.0336e-26
870.00 5.1889e-26
870.35 5.3465e-26
870.70 5.3381e-26
871.05 5.6592e-26
871.40 6.2191e-26
871.75 6.8506e-26
872.10 7.2940e-26
872.45 7.8946e-26
872.80 8.4495e-26
873.15 9.2547e-26
873.50 1.0260e-25
873.85 1.1613e-25
874.20 1.3399e-25
874.55 1.5446e-25
874.90 1.7415e-25
875.25 1.9455e-25
875.60 2.1245e-25
875.95 2.2971e-25
876.30 2.4107e-25
876.65 2.4964e-25
877.00 2.5604e-25
877.35 2.6038e-25
877.70 2.6441e-25
878.05 2.7084e-25
878.40 2.7526e-25
878.75 2.8019e-25
879.10 2.8745e-25
879.45 2.9753e-25
879.80 3.0961e-25
880.15 3.2362e-25
880.50 3.3838e-25
880.85 3.5201e-25
881.20 3.6612e-25
881.55 3.7878e-25
881.90 3.9287e-25
882.25 4.1353e-25
882.60 4.3996e-25
882.95 4.6831e-25
883.30 5.0181e-25
883.65 5.3378e-25
884.00 5.7508e-25
884.35 6.2366e-25
884.70 6.7808e-25
885.05 7.3377e-25
885.40 7.9347e-25
885.75 8.5628e-25
886.10 9.2142e-25
886.45 9.8857e-25
886.80 1.0520e-24
887.15 1.1159e-24
887.50 1.1868e-24
887.85 1.2665e-24
888.20 1.3502e-24
888.55 1.4334e-24
888.90 1.5213e-24
889.25 1.6096e-24
889.60 1.6960e-24
889.95 1.7908e-24
890.30 1.8923e-24
890.65 2.0063e-24
891.00 2.1209e-24
891.35 2.2235e-24
891.70 2.3251e-24
892.05 2.4175e-24
892.40 2.5144e-24
892.75 2.6029e-24
893.10 2.6973e-24
893.45 2.7976e-24
893.80 2.9155e-24
894.15 3.0458e-24
894.50 3.1717e-24
894.85 3.3008e-24
895.20 3.4343e-24
895.55 3.5751e-24
895.90 3.7269e-24
896.25 3.8740e-24
896.60 4.0285e-24
896.95 4.1975e-24
897.30 4.3811e-24
897.65 4.5675e-24
898.00 4.7339e-24
898.35 4.9168e-24
898.70 5.1081e-24
899.05 5.3155e-24
899.40 5.5327e-24
899.75 5.7744e-24
900.10 6.0459e-24
900.45 6.3384e-24
900.80 6.6436e-24
901.15 6.9611e-24
901.50 7.3184e-24
901.85 7.7004e-24
902.20 8.0904e-24
902.55 8.4866e-24
902.90 8.8912e-24
903.25 9.2936e-24
903.60 9.7065e-24
903.95 1.0139e-23
904.30 1.0570e-23
904.65 1.1011e-23
905.00 1.1478e-23
905.35 1.1949e-23
905.70 1.2434e-23
906.05 1.2952e-23
906.40 1.3528e-23
906.75 1.4168e-23
907.10 1.4838e-23
907.45 1.5550e-23
907.80 1.6309e-23
908.15 1.7130e-23
908.50 1.8017e-23
908.85 1.8967e-23
909.20 1.9940e-23
909.55 2.1002e-23
909.90 2.2101e-23
910.25 2.3295e-23
910.60 2.4602e-23
910.95 2.5982e-23
911.30 2.7447e-23
911.65 2.8995e-23
912.00 3.0653e-23
912.35 3.2443e-23
912.70 3.4393e-23
913.05 3.6488e-23
913.40 3.8702e-23
913.75 4.1039e-23
914.10 4.3549e-23
914.45 4.6273e-23
914.80 4.9198e-23
915.15 5.2405e-23
915.50 5.5811e-23
915.85 5.9444e-23
916.20 6.3344e-23
916.55 6.7462e-23
916.90 7.1810e-23
917.25 7.6331e-23
917.60 8.1001e-23
917.95 8.5785e-23
918.30 9.0645e-23
918.65 9.5517e-23
919.00 1.0035e-22
919.35 1.0507e-22
919.70 1.0959e-22
920.05 1.1394e-22
920.40 1.1803e-22
920.75 1.2196e-22
921.10 1.2566e-22
921.45 1.2916e-22
921.80 1.3251e-22
922.15 1.3555e-22
922.50 1.3836e-22
922.85 1.4100e-22
923.20 1.4341e-22
923.55 1.4561e-22
923.90 1.4774e-22
924.25 1.4983e-22
924.60 1.5182e-22
924.95 1.5365e-22
925.30 1.5535e-22
925.65 1.5696e-22
926.00 1.5850e-22
926.35 1.5993e-22
926.70 1.6144e-22
927.05 1.6292e-22
927.40 1.6458e-22
927.75 1.6624e-22
928.10 1.6789e-22
928.45 1.6953e-22
928.80 1.7112e-22
929.15 1.7272e-22
929.50 1.7439e-22
929.85 1.7595e-22
930.20 1.7757e-22
930.55 1.7935e-22
930.90 1.8111e-22
931.25 1.8275e-22
931.60 1.8421e-22
931.95 1.8580e-22
932.30 1.8760e-22
932.65 1.8957e-22
933.00 1.9164e-22
933.35 1.9388e-22
933.70 1.9610e-22
934.05 1.9842e-22
934.40 2.0068e-22
934.75 2.0299e-22
935.10 2.0545e-22
935.45 2.0786e-22
935.80 2.1042e-22
936.15 2.1318e-22
936.50 2.1606e-22
936.85 2.1904e-22
937.20 2.2238e-22
937.55 2.2592e-22
937.90 2.2987e-22
938.25 2.3422e-22
938.60 2.3917e-22
938.95 2.4470e-22
939.30 2.5069e-22
939.65 2.5697e-22
940.00 2.6363e-22
940.35 2.7027e-22
940.70 2.7708e-22
941.05 2.8420e-22
941.40 2.9159e-22
941.75 2.9908e-22
942.10 3.0649e-22
942.45 3.1409e-22
942.80 3.2160e-22
943.15 3.2892e-22
943.50 3.3606e-22
943.85 3.4341e-22
944.20 3.5077e-22
944.55 3.5831e-22
944.90 3.6563e-22
945.25 3.7302e-22
945.60 3.8049e-22
945.95 3.8803e-22
946.30 3.9547e-22
946.65 4.0294e-22
947.00 4.1026e-22
947.35 4.1796e-22
947.70 4.2623e-22
948.05 4.3489e-22
948.40 4.4396e-22
948.75 4.5332e-22
949.10 4.6305e-22
949.45 4.7279e-22
949.80 4.8288e-22
950.15 4.9333e-22
950.50 5.0446e-22
950.85 5.1633e-22
951.20 5.2875e-22
951.55 5.4164e-22
951.90 5.5493e-22
952.25 5.6809e-22
952.60 5.8131e-22
952.95 5.9475e-22
953.30 6.0837e-22
953.65 6.2269e-22
954.00 6.3753e-22
954.35 6.5321e-22
954.70 6.6976e-22
955.05 6.8687e-22
955.40 7.0421e-22
955.75 7.2259e-22
956.10 7.4174e-22
956.45 7.6210e-22
956.80 7.8375e-22
957.15 8.0680e-22
957.50 8.3148e-22
957.85 8.5792e-22
958.20 8.8596e-22
958.55 9.1416e-22
958.90 9.4276e-22
959.25 9.7238e-22
959.60 1.0024e-21
959.95 1.0337e-21
960.30 1.0654e-21
960.65 1.0971e-21
961.00 1.1301e-21
961.35 1.1674e-21
961.70 1.2118e-21
962.05 1.2647e-21
962.40 1.3245e-21
962.75 1.3876e-21
963.10 1.4523e-21
963.45 1.5167e-21
963.80 1.5804e-21
964.15 1.6433e-21
964.50 1.7042e-21
964.85 1.7607e-21
965.20 1.8123e-21
965.55 1.8595e-21
965.90 1.9016e-21
966.25 1.9394e-21
966.60 1.9740e-21
966.95 2.0053e-21
967.30 2.0365e-21
967.65 2.0715e-21
968.00 2.1143e-21
968.35 2.1659e-21
968.70 2.2229e-21
969.05 2.2814e-21
969.40 2.3410e-21
969.75 2.4008e-21
970.10 2.4621e-21
970.45 2.5257e-21
970.80 2.5920e-21
971.15 2.6604e-21
971.50 2.7304e-21
971.85 2.8054e-21
972.20 2.8871e-21
972.55 2.9778e-21
972.90 3.0796e-21
973.25 3.1926e-21
973.60 3.3185e-21
973.95 3.4598e-21
974.30 3.6167e-21
974.65 3.7897e-21
975.00 3.9806e-21
975.35 4.1904e-21
975.70 4.4206e-21
976.05 4.6682e-21
976.40 4.9310e-21
976.75 5.2061e-21
977.10 5.4876e-21
977.45 5.7672e-21
977.80 6.0393e-21
978.15 6.2940e-21
978.50 6.5242e-21
978.85 6.7220e-21
979.20 6.8792e-21
979.55 6.9909e-21
979.90 7.0536e-21
980.25 7.0673e-21
980.60 7.0347e-21
980.95 6.9596e-21
981.30 6.8478e-21
981.65 6.7086e-21
982.00 6.5515e-21
982.35 6.3831e-21
982.70 6.2141e-21
983.05 6.0519e-21
983.40 5.9039e-21
983.75 5.7718e-21
984.10 5.6566e-21
984.45 5.5589e-21
984.80 5.4754e-21
985.15 5.4043e-21
985.50 5.3434e-21
985.85 5.2891e-21
986.20 5.2393e-21
986.55 5.1892e-21
986.90 5.1397e-21
987.25 5.0909e-21
987.60 5.0439e-21
987.95 4.9966e-21
988.30 4.9499e-21
988.65 4.9039e-21
989.00 4.8563e-21
989.35 4.8090e-21
989.70 4.7580e-21
990.05 4.7016e-21
990.40 4.6340e-21
990.75 4.5557e-21
991.10 4.4666e-21
991.45 4.3739e-21
991.80 4.2764e-21
992.15 4.1753e-21
992.50 4.0753e-21
992.85 3.9794e-21
993.20 3.8924e-21
993.55 3.8178e-21
993.90 3.7551e-21
994.25 3.7052e-21
994.60 3.6683e-21
994.95 3.6378e-21
995.30 3.6064e-21
995.65 3.5711e-21
996.00 3.5342e-21
996.35 3.4999e-21
996.70 3.4687e-21
997.05 3.4379e-21
997.40 3.4052e-21
997.75 3.3711e-21
998.10 3.3377e-21
998.45 3.3052e-21
998.80 3.2728e-21
999.15 3.2430e-21
999.50 3.2212e-21
999.85 3.2105e-21
1000.20 3.2067e-21
1000.55 3.2022e-21
1000.90 3.1926e-21
1001.25 3.1803e-21
1001.60 3.1711e-21
1001.95 3.1665e-21
1002.30 3.1624e-21
1002.65 3.1542e-21
1003.00 3.1417e-21
1003.35 3.1286e-21
1003.70 3.1180e-21
1004.05 3.1099e-21
1004.40 3.1033e-21
1004.75 3.0993e-21
1005.10 3.1007e-21
1005.45 3.1093e-21
1005.80 3.1239e-21
1006.15 3.1422e-21
1006.50 3.1624e-21
1006.85 3.1834e-21
1007.20 3.2034e-21
1007.55 3.2194e-21
1007.90 3.2294e-21
1008.25 3.2343e-21
1008.60 3.2370e-21
1008.95 3.2405e-21
1009.30 3.2465e-21
1009.65 3.2562e-21
1010.00 3.2711e-21
1010.35 3.2921e-21
1010.70 3.3182e-21
1011.05 3.3463e-21
1011.40 3.3731e-21
1011.75 3.3969e-21
1012.10 3.4174e-21
1012.45 3.4341e-21
1012.80 3.4461e-21
1013.15 3.4535e-21
1013.50 3.4579e-21
1013.85 3.4612e-21
1014.20 3.4644e-21
1014.55 3.4671e-21
1014.90 3.4684e-21
1015.25 3.4684e-21
1015.60 3.4675e-21
1015.95 3.4652e-21
1016.30 3.4609e-21
1016.65 3.4543e-21
1017.00 3.4461e-21
1017.35 3.4373e-21
1017.70 3.4277e-21
1018.05 3.4164e-21
1018.40 3.4028e-21
1018.75 3.3878e-21
1019.10 3.3726e-21
1019.45 3.3576e-21
1019.80 3.3423e-21
1020.15 3.3262e-21
1020.50 3.3100e-21
1020.85 3.2944e-21
1021.20 3.2798e-21
1021.55 3.2663e-21
1021.90 3.2543e-21
1022.25 3.2452e-21
1022.60 3.2399e-21
1022.95 3.2380e-21
1023.30 3.2383e-21
1023.65 3.2393e-21
1024.00 3.2403e-21
1024.35 3.2406e-21
1024.70 3.2392e-21
1025.05 3.2353e-21
1025.40 3.2292e-21
1025.75 3.2225e-21
1026.10 3.2175e-21
1026.45 3.2153e-21
1026.80 3.2168e-21
1027.15 3.2224e-21
1027.50 3.2325e-21
1027.85 3.2465e-21
1028.20 3.2624e-21
1028.55 3.2775e-21
1028.90 3.2897e-21
1029.25 3.2980e-21
1029.60 3.3023e-21
1029.95 3.3026e-21
1030.30 3.2994e-21
1030.65 3.2938e-21
1031.00 3.2875e-21
1031.35 3.2810e-21
1031.70 3.2738e-21
1032.05 3.2648e-21
1032.40 3.2538e-21
1032.75 3.2413e-21
1033.10 3.2274e-21
1033.45 3.2116e-21
1033.80 3.1928e-21
1034.15 3.1711e-21
1034.50 3.1471e-21
1034.85 3.1214e-21
1035.20 3.0939e-21
1035.55 3.0642e-21
1035.90 3.0327e-21
1036.25 3.0008e-21
1036.60 2.9693e-21
1036.95 2.9382e-21
1037.30 2.9075e-21
1037.65 2.8774e-21
1038.00 2.8486e-21
1038.35 2.8211e-21
1038.70 2.7943e-21
1039.05 2.7675e-21
1039.40 2.7408e-21
1039.75 2.7151e-21
1040.10 2.6906e-21
1040.45 2.6670e-21
1040.80 2.6443e-21
1041.15 2.6233e-21
1041.50 2.6051e-21
1041.85 2.5900e-21
1042.20 2.5777e-21
1042.55 2.5678e-21
1042.90 2.5606e-21
1043.25 2.5566e-21
1043.60 2.5554e-21
1043.95 2.5556e-21
1044.30 2.5557e-21
1044.65 2.5554e-21
1045.00 2.5541e-21
1045.35 2.5509e-21
1045.70 2.5445e-21
1046.05 2.5350e-21
1046.40 2.5238e-21
1046.75 2.5123e-21
1047.10 2.5003e-21
1047.45 2.4866e-21
1047.80 2.4706e-21
1048.15 2.4537e-21
1048.50 2.4373e-21
1048.85 2.4209e-21
1049.20 2.4028e-21
1049.55 2.3818e-21
1049.90 2.3588e-21
1050.25 2.3351e-21
1050.60 2.3105e-21
1050.95 2.2835e-21
1051.30 2.2537e-21
1051.65 2.2228e-21
1052.00 2.1927e-21
1052.35 2.1626e-21
1052.70 2.1302e-21
1053.05 2.0946e-21
1053.40 2.0582e-21
1053.75 2.0235e-21
1054.10 1.9901e-21
1054.45 1.9550e-21
1054.80 1.9169e-21
1055.15 1.8787e-21
1055.50 1.8438e-21
1055.85 1.8112e-21
1056.20 1.7762e-21
1056.55 1.7364e-21
1056.90 1.6961e-21
1057.25 1.6617e-21
1057.60 1.6327e-21
1057.95 1.5994e-21
1058.30 1.5527e-21
1058.65 1.4958e-21
1059.00 1.4439e-21
1059.35 1.4114e-21
1059.70 1.3977e-21
1060.05 1.3887e-21
1060.40 1.3696e-21
1060.75 1.3382e-21
1061.10 1.3025e-21
1061.45 1.2707e-21
1061.80 1.2427e-21
1062.15 1.2138e-21
1062.50 1.1826e-21
1062.85 1.1532e-21
1063.20 1.1299e-21
1063.55 1.1119e-21
1063.90 1.0945e-21
1064.25 1.0750e-21
1064.60 1.0547e-21
1064.95 1.0360e-21
1065.30 1.0186e-21
1065.65 1.0001e-21
1066.00 9.7947e-22
1066.35 9.5905e-22
1066.70 9.4153e-22
1067.05 9.2640e-22
1067.40 9.1035e-22
1067.75 8.9122e-22
1068.10 8.7036e-22
1068.45 8.5074e-22
1068.80 8.3348e-22
1069.15 8.1717e-22
1069.50 8.0032e-22
1069.85 7.8353e-22
1070.20 7.6849e-22
1070.55 7.5546e-22
1070.90 7.4278e-22
1071.25 7.2878e-22
1071.60 7.1367e-22
1071.95 6.9893e-22
1072.30 6.8526e-22
1072.65 6.7194e-22
1073.00 6.5809e-22
1073.35 6.4399e-22
1073.70 6.3048e-22
1074.05 6.1756e-22
1074.40 6.0423e-22
1074.75 5.8991e-22
1075.10 5.7548e-22
1075.45 5.6246e-22
1075.80 5.5129e-22
1076.15 5.4088e-22
1076.50 5.2996e-22
1076.85 5.1834e-22
1077.20 5.0664e-22
1077.55 4.9505e-22
1077.90 4.8301e-22
1078.25 4.7024e-22
1078.60 4.5747e-22
1078.95 4.4580e-22
1079.30 4.3531e-22
1079.65 4.2489e-22
1080.00 4.1360e-22
1080.35 4.0184e-22
1080.70 3.9103e-22
1081.05 3.8207e-22
1081.40 3.7446e-22
1081.75 3.6709e-22
1082.10 3.5935e-22
1082.45 3.5140e-22
1082.80 3.4352e-22
1083.15 3.3562e-22
1083.50 3.2769e-22
1083.85 3.2012e-22
1084.20 3.1336e-22
1084.55 3.0719e-22
1084.90 3.0079e-22
1085.25 2.9360e-22
1085.60 2.8600e-22
1085.95 2.7882e-22
1086.30 2.7232e-22
1086.65 2.6596e-22
1087.00 2.5924e-22
1087.35 2.5247e-22
1087.70 2.4638e-22
1088.05 2.4113e-22
1088.40 2.3601e-22
1088.75 2.3026e-22
1089.10 2.2402e-22
1089.45 2.1810e-22
1089.80 2.1303e-22
1090.15 2.0853e-22
1090.50 2.0412e-22
1090.85 1.9981e-22
1091.20 1.9597e-22
1091.55 1.9250e-22
1091.90 1.8869e-22
1092.25 1.8396e-22
1092.60 1.7862e-22
1092.95 1.7362e-22
1093.30 1.6939e-22
1093.65 1.6543e-22
1094.00 1.6102e-22
1094.35 1.5620e-22
1094.70 1.5173e-22
1095.05 1.4815e-22
1095.40 1.4514e-22
1095.75 1.4202e-22
1096.10 1.3866e-22
1096.45 1.3552e-22
1096.80 1.3288e-22
1097.15 1.3029e-22
1097.50 1.2711e-22
1097.85 1.2332e-22
1098.20 1.1960e-22
1098.55 1.1646e-22
1098.90 1.1370e-22
1099.25 1.1077e-22
1099.60 1.0764e-22
1099.95 1.0485e-22
1100.30 1.0280e-22
1100.65 1.0114e-22
1101.00 9.9176e-23
1101.35 9.6738e-23
1101.70 9.4291e-23
1102.05 9.2258e-23
1102.40 9.0438e-23
1102.75 8.8324e-23
1103.10 8.5844e-23
1103.45 8.3492e-23
1103.80 8.1660e-23
1104.15 8.0101e-23
1104.50 7.8268e-23
1104.85 7.6061e-23
1105.20 7.3966e-23
1105.55 7.2394e-23
1105.90 7.1146e-23
1106.25 6.9726e-23
1106.60 6.8040e-23
1106.95 6.6512e-23
1107.30 6.5444e-23
1107.65 6.4535e-23
1108.00 6.3262e-23
1108.35 6.1609e-23
1108.70 6.0129e-23
1109.05 5.9201e-23
1109.40 5.8497e-23
1109.75 5.7373e-23
1110.10 5.5710e-23
1110.45 5.4054e-23
1110.80 5.2883e-23
1111.15 5.1998e-23
1111.50 5.0852e-23
1111.85 4.9362e-23
1112.20 4.8067e-23
1112.55 4.7400e-23
1112.90 4.7072e-23
1113.25 4.6419e-23
1113.60 4.5261e-23
1113.95 4.4118e-23
1114.30 4.3490e-23
1114.65 4.3174e-23
1115.00 4.2543e-23
1115.35 4.1387e-23
1115.70 4.0169e-23
1116.05 3.9355e-23
1116.40 3.8762e-23
1116.75 3.7828e-23
1117.10 3.6434e-23
1117.45 3.5123e-23
1117.80 3.4402e-23
1118.15 3.4063e-23
1118.50 3.3467e-23
1118.85 3.2407e-23
1119.20 3.1373e-23
1119.55 3.0870e-23
1119.90 3.0713e-23
1120.25 3.0283e-23
1120.60 2.9370e-23
1120.95 2.8448e-23
1121.30 2.8000e-23
1121.65 2.7826e-23
1122.00 2.7310e-23
1122.35 2.6282e-23
1122.70 2.5277e-23
1123.05 2.4833e-23
1123.40 2.4757e-23
1123.75 2.4386e-23
1124.10 2.3481e-23
1124.45 2.2540e-23
1124.80 2.2106e-23
1125.15 2.2025e-23
1125.50 2.1676e-23
1125.85 2.0851e-23
1126.20 2.0065e-23
1126.55 1.9845e-23
1126.90 1.9988e-23
1127.25 1.9807e-23
1127.60 1.9055e-23
1127.95 1.8257e-23
1128.30 1.7995e-23
1128.65 1.8108e-23
1129.00 1.7920e-23
1129.35 1.7166e-23
1129.70 1.6361e-23
1130.05 1.6097e-23
1130.40 1.6230e-23
1130.75 1.6088e-23
1131.10 1.5392e-23
1131.45 1.4640e-23
1131.80 1.4423e-23
1132.15 1.4606e-23
1132.50 1.4517e-23
1132.85 1.3869e-23
1133.20 1.3149e-23
1133.55 1.2940e-23
1133.90 1.3109e-23
1134.25 1.2997e-23
1134.60 1.2340e-23
1134.95 1.1649e-23
1135.30 1.1515e-23
1135.65 1.1795e-23
1136.00 1.1797e-23
1136.35 1.1222e-23
1136.70 1.0564e-23
1137.05 1.0419e-23
1137.40 1.0663e-23
1137.75 1.0626e-23
1138.10 1.0029e-23
1138.45 9.3759e-24
1138.80 9.2643e-24
1139.15 9.5600e-24
1139.50 9.5840e-24
1139.85 9.0509e-24
1140.20 8.4621e-24
1140.55 8.4091e-24
1140.90 8.7506e-24
1141.25 8.8038e-24
1141.60 8.2858e-24
1141.95 7.7019e-24
1142.30 7.6426e-24
1142.65 7.9648e-24
1143.00 7.9920e-24
1143.35 7.4547e-24
1143.70 6.8649e-24
1144.05 6.8058e-24
1144.40 7.1260e-24
1144.75 7.1592e-24
1145.10 6.6580e-24
1145.45 6.1359e-24
1145.80 6.1423e-24
1146.15 6.4897e-24
1146.50 6.5246e-24
1146.85 6.0561e-24
1147.20 5.6267e-24
1147.55 5.7298e-24
1147.90 6.0890e-24
1148.25 6.0481e-24
1148.60 5.5325e-24
1148.95 5.1667e-24
1149.30 5.2850e-24
1149.65 5.2139e-24
1150.00 5.2139e-24