800.40 2.0026e-24
800.60 2.7785e-24
800.80 3.3503e-24
801.00 3.7424e-24
801.20 3.9794e-24
801.40 4.0857e-24
801.60 4.0859e-24
801.80 4.0043e-24
802.00 3.8656e-24
802.20 3.6941e-24
802.40 3.5840e-24
802.60 3.4920e-24
802.80 3.5930e-24
803.00 3.6902e-24
803.20 3.7347e-24
803.40 3.7378e-24
803.60 3.7234e-24
803.80 3.6208e-24
804.00 3.7623e-24
804.20 3.7306e-24
804.40 4.0161e-24
804.60 3.9475e-24
804.80 3.6949e-24
805.00 3.8046e-24
805.20 4.0549e-24
805.40 3.8170e-24
805.60 3.6032e-24
805.80 3.6678e-24
806.00 3.7328e-24
806.20 3.8700e-24
806.40 3.9198e-24
806.60 4.1103e-24
806.80 4.1368e-24
807.00 3.9184e-24
807.20 3.9070e-24
807.40 3.6987e-24
807.60 3.7654e-24
807.80 3.6264e-24
808.00 3.8110e-24
808.20 3.9342e-24
808.40 3.6494e-24
808.60 3.6077e-24
808.80 3.7454e-24
809.00 3.7994e-24
809.20 3.3156e-24
809.40 3.4027e-24
809.60 3.3990e-24
809.80 3.3905e-24
810.00 3.2722e-24
810.20 3.6545e-24
810.40 3.5941e-24
810.60 3.3832e-24
810.80 3.3150e-24
811.00 3.6215e-24
811.20 3.6046e-24
811.40 3.5746e-24
811.60 4.0058e-24
811.80 4.3465e-24
812.00 4.1530e-24
812.20 3.9363e-24
812.40 4.2707e-24
812.60 4.4465e-24
812.80 4.4317e-24
813.00 4.4115e-24
813.20 4.3558e-24
813.40 4.3115e-24
813.60 4.0149e-24
813.80 3.8839e-24
814.00 3.8892e-24
814.20 3.6034e-24
814.40 3.3213e-24
814.60 3.6051e-24
814.80 3.7209e-24
815.00 3.5537e-24
815.20 3.5550e-24
815.40 3.6996e-24
815.60 3.6275e-24
815.80 3.2568e-24
816.00 3.4794e-24
816.20 3.7917e-24
816.40 3.8833e-24
816.60 3.7895e-24
816.80 3.8048e-24
817.00 3.7563e-24
817.20 3.9429e-24
817.40 3.9088e-24
817.60 3.7970e-24
817.80 3.7230e-24
818.00 3.6822e-24
818.20 3.8181e-24
818.40 3.8934e-24
818.60 3.8625e-24
818.80 3.7812e-24
819.00 3.6479e-24
819.20 3.6440e-24
819.40 3.6003e-24
819.60 3.6375e-24
819.80 3.6028e-24
820.00 3.6974e-24
820.20 3.5043e-24
820.40 3.4939e-24
820.60 3.4456e-24
820.80 3.6173e-24
821.00 3.7414e-24
821.20 3.7312e-24
821.40 3.8584e-24
821.60 3.9380e-24
821.80 3.8965e-24
822.00 3.8874e-24
822.20 4.0984e-24
822.40 4.1373e-24
822.60 4.2188e-24
822.80 4.2015e-24
823.00 4.4391e-24
823.20 4.5273e-24
823.40 4.3993e-24
823.60 4.4260e-24
823.80 4.4729e-24
824.00 4.1186e-24
824.20 3.7802e-24
824.40 4.1410e-24
824.60 4.2468e-24
824.80 4.0836e-24
825.00 4.0910e-24
825.20 4.3351e-24
825.40 4.2135e-24
825.60 3.7674e-24
825.80 3.9459e-24
826.00 4.4471e-24
826.20 4.1708e-24
826.40 3.9659e-24
826.60 4.5400e-24
826.80 4.8063e-24
827.00 4.7194e-24
827.20 4.5701e-24
827.40 4.8207e-24
827.60 4.6671e-24
827.80 4.1455e-24
828.00 4.3740e-24
828.20 4.8789e-24
828.40 4.4430e-24
828.60 3.9271e-24
828.80 4.4754e-24
829.00 4.5227e-24
829.20 3.9347e-24
829.40 3.7006e-24
829.60 4.3890e-24
829.80 4.1702e-24
830.00 3.5104e-24
830.20 4.0096e-24
830.40 4.9143e-24
830.60 4.5791e-24
830.80 4.3857e-24
831.00 5.1774e-24
831.20 5.3378e-24
831.40 4.9814e-24
831.60 4.9279e-24
831.80 5.8250e-24
832.00 5.5521e-24
832.20 5.0041e-24
832.40 5.4918e-24
832.60 6.2872e-24
832.80 6.0355e-24
833.00 6.0398e-24
833.20 7.2620e-24
833.40 7.7425e-24
833.60 7.1047e-24
833.80 7.3939e-24
834.00 8.4565e-24
834.20 8.3887e-24
834.40 7.8075e-24
834.60 8.5745e-24
834.80 9.2238e-24
835.00 8.4037e-24
835.20 7.7056e-24
835.40 8.2105e-24
835.60 8.0708e-24
835.80 6.9991e-24
836.00 7.2034e-24
836.20 8.3537e-24
836.40 8.4756e-24
836.60 8.3830e-24
836.80 9.4617e-24
837.00 1.0327e-23
837.20 9.7694e-24
837.40 9.6517e-24
837.60 1.0804e-23
837.80 1.1083e-23
838.00 1.0459e-23
838.20 1.0839e-23
838.40 1.1930e-23
838.60 1.1601e-23
838.80 1.0969e-23
839.00 1.1659e-23
839.20 1.2243e-23
839.40 1.1544e-23
839.60 1.1371e-23
839.80 1.2331e-23
840.00 1.2448e-23
840.20 1.1779e-23
840.40 1.2270e-23
840.60 1.3325e-23
840.80 1.3043e-23
841.00 1.2643e-23
841.20 1.3706e-23
841.40 1.4469e-23
841.60 1.3961e-23
841.80 1.4302e-23
842.00 1.5675e-23
842.20 1.6246e-23
842.40 1.5741e-23
842.60 1.6486e-23
842.80 1.7577e-23
843.00 1.7218e-23
843.20 1.6671e-23
843.40 1.7456e-23
843.60 1.7900e-23
843.80 1.7165e-23
844.00 1.7249e-23
844.20 1.8315e-23
844.40 1.8339e-23
844.60 1.7660e-23
844.80 1.8216e-23
845.00 1.9323e-23
845.20 1.9009e-23
845.40 1.8866e-23
845.60 2.0089e-23
845.80 2.0665e-23
846.00 1.9958e-23
846.20 1.9996e-23
846.40 2.1167e-23
846.60 2.1253e-23
846.80 2.0819e-23
847.00 2.1731e-23
847.20 2.2935e-23
847.40 2.2760e-23
847.60 2.2830e-23
847.80 2.4308e-23
848.00 2.5173e-23
848.20 2.4938e-23
848.40 2.5654e-23
848.60 2.7022e-23
848.80 2.7192e-23
849.00 2.6574e-23
849.20 2.7208e-23
849.40 2.7794e-23
849.60 2.7046e-23
849.80 2.6747e-23
850.00 2.7951e-23
850.20 2.8540e-23
850.40 2.8208e-23
850.60 2.9020e-23
850.80 3.0627e-23
851.00 3.0875e-23
851.20 3.0761e-23
851.40 3.2105e-23
851.60 3.3355e-23
851.80 3.3098e-23
852.00 3.3316e-23
852.20 3.4561e-23
852.40 3.4884e-23
852.60 3.4195e-23
852.80 3.4598e-23
853.00 3.5728e-23
853.20 3.5583e-23
853.40 3.5404e-23
853.60 3.6611e-23
853.80 3.7682e-23
854.00 3.7372e-23
854.20 3.7792e-23
854.40 3.9416e-23
854.60 3.9964e-23
854.80 3.9593e-23
855.00 4.0415e-23
855.20 4.1852e-23
855.40 4.1910e-23
855.60 4.1990e-23
855.80 4.3546e-23
856.00 4.4820e-23
856.20 4.4892e-23
856.40 4.5642e-23
856.60 4.7409e-23
856.80 4.8290e-23
857.00 4.8325e-23
857.20 4.9543e-23
857.40 5.1173e-23
857.60 5.1387e-23
857.80 5.1749e-23
858.00 5.3457e-23
858.20 5.4569e-23
858.40 5.4213e-23
858.60 5.4676e-23
858.80 5.5969e-23
859.00 5.6293e-23
859.20 5.5831e-23
859.40 5.6735e-23
859.60 5.7978e-23
859.80 5.7834e-23
860.00 5.7942e-23
860.20 5.9533e-23
860.40 6.0807e-23
860.60 6.1066e-23
860.80 6.2382e-23
861.00 6.4723e-23
861.20 6.5951e-23
861.40 6.6514e-23
861.60 6.8367e-23
861.80 7.0147e-23
862.00 7.0471e-23
862.20 7.0990e-23
862.40 7.2750e-23
862.60 7.3729e-23
862.80 7.3500e-23
863.00 7.4137e-23
863.20 7.5772e-23
863.40 7.6361e-23
863.60 7.6608e-23
863.80 7.8384e-23
864.00 8.0348e-23
864.20 8.1021e-23
864.40 8.2078e-23
864.60 8.4483e-23
864.80 8.6137e-23
865.00 8.6749e-23
865.20 8.8431e-23
865.40 9.0687e-23
865.60 9.1622e-23
865.80 9.2300e-23
866.00 9.4176e-23
866.20 9.5980e-23
866.40 9.6401e-23
866.60 9.7389e-23
866.80 9.9605e-23
867.00 1.0117e-22
867.20 1.0181e-22
867.40 1.0360e-22
867.60 1.0592e-22
867.80 1.0698e-22
868.00 1.0781e-22
868.20 1.1007e-22
868.40 1.1216e-22
868.60 1.1298e-22
868.80 1.1437e-22
869.00 1.1682e-22
869.20 1.1839e-22
869.40 1.1925e-22
869.60 1.2162e-22
869.80 1.2441e-22
870.00 1.2601e-22
870.20 1.2748e-22
870.40 1.3033e-22
870.60 1.3276e-22
870.80 1.3383e-22
871.00 1.3560e-22
871.20 1.3851e-22
871.40 1.4047e-22
871.60 1.4161e-22
871.80 1.4398e-22
872.00 1.4682e-22
872.20 1.4820e-22
872.40 1.4967e-22
872.60 1.5253e-22
872.80 1.5514e-22
873.00 1.5675e-22
873.20 1.5930e-22
873.40 1.6292e-22
873.60 1.6530e-22
873.80 1.6695e-22
874.00 1.6979e-22
874.20 1.7297e-22
874.40 1.7482e-22
874.60 1.7682e-22
874.80 1.8045e-22
875.00 1.8365e-22
875.20 1.8557e-22
875.40 1.8849e-22
875.60 1.9236e-22
875.80 1.9514e-22
876.00 1.9732e-22
876.20 2.0111e-22
876.40 2.0515e-22
876.60 2.0791e-22
876.80 2.1108e-22
877.00 2.1550e-22
877.20 2.1916e-22
877.40 2.2169e-22
877.60 2.2521e-22
877.80 2.2969e-22
878.00 2.3296e-22
878.20 2.3588e-22
878.40 2.4009e-22
878.60 2.4452e-22
878.80 2.4754e-22
879.00 2.5106e-22
879.20 2.5607e-22
879.40 2.6018e-22
879.60 2.6315e-22
879.80 2.6720e-22
880.00 2.7238e-22
880.20 2.7632e-22
880.40 2.8014e-22
880.60 2.8544e-22
880.80 2.9059e-22
881.00 2.9434e-22
881.20 2.9871e-22
881.40 3.0451e-22
881.60 3.0959e-22
881.80 3.1357e-22
882.00 3.1880e-22
882.20 3.2460e-22
882.40 3.2937e-22
882.60 3.3408e-22
882.80 3.4033e-22
883.00 3.4643e-22
883.20 3.5119e-22
883.40 3.5663e-22
883.60 3.6360e-22
883.80 3.6983e-22
884.00 3.7518e-22
884.20 3.8165e-22
884.40 3.8857e-22
884.60 3.9407e-22
884.80 3.9957e-22
885.00 4.0662e-22
885.20 4.1354e-22
885.40 4.1915e-22
885.60 4.2555e-22
885.80 4.3310e-22
886.00 4.3977e-22
886.20 4.4581e-22
886.40 4.5313e-22
886.60 4.6089e-22
886.80 4.6755e-22
887.00 4.7443e-22
887.20 4.8291e-22
887.40 4.9085e-22
887.60 4.9744e-22
887.80 5.0486e-22
888.00 5.1321e-22
888.20 5.2064e-22
888.40 5.2736e-22
888.60 5.3571e-22
888.80 5.4444e-22
889.00 5.5194e-22
889.20 5.5993e-22
889.40 5.6941e-22
889.60 5.7851e-22
889.80 5.8660e-22
890.00 5.9567e-22
890.20 6.0564e-22
890.40 6.1445e-22
890.60 6.2292e-22
890.80 6.3270e-22
891.00 6.4264e-22
891.20 6.5095e-22
891.40 6.5985e-22
891.60 6.6997e-22
891.80 6.7925e-22
892.00 6.8734e-22
892.20 6.9664e-22
892.40 7.0697e-22
892.60 7.1608e-22
892.80 7.2490e-22
893.00 7.3534e-22
893.20 7.4591e-22
893.40 7.5535e-22
893.60 7.6538e-22
893.80 7.7665e-22
894.00 7.8718e-22
894.20 7.9651e-22
894.40 8.0719e-22
894.60 8.1880e-22
894.80 8.2922e-22
895.00 8.3960e-22
895.20 8.5153e-22
895.40 8.6327e-22
895.60 8.7369e-22
895.80 8.8495e-22
896.00 8.9770e-22
896.20 9.0951e-22
896.40 9.2051e-22
896.60 9.3291e-22
896.80 9.4609e-22
897.00 9.5801e-22
897.20 9.6980e-22
897.40 9.8309e-22
897.60 9.9620e-22
897.80 1.0079e-21
898.00 1.0203e-21
898.20 1.0342e-21
898.40 1.0474e-21
898.60 1.0598e-21
898.80 1.0735e-21
899.00 1.0879e-21
899.20 1.1008e-21
899.40 1.1142e-21
899.60 1.1292e-21
899.80 1.1439e-21
900.00 1.1573e-21
900.20 1.1718e-21
900.40 1.1875e-21
900.60 1.2021e-21
900.80 1.2160e-21
901.00 1.2313e-21
901.20 1.2469e-21
901.40 1.2613e-21
901.60 1.2759e-21
901.80 1.2921e-21
902.00 1.3080e-21
902.20 1.3226e-21
902.40 1.3380e-21
902.60 1.3544e-21
902.80 1.3701e-21
903.00 1.3852e-21
903.20 1.4020e-21
903.40 1.4191e-21
903.60 1.4346e-21
903.80 1.4505e-21
904.00 1.4678e-21
904.20 1.4843e-21
904.40 1.4997e-21
904.60 1.5161e-21
904.80 1.5334e-21
905.00 1.5496e-21
905.20 1.5657e-21
905.40 1.5832e-21
905.60 1.6007e-21
905.80 1.6167e-21
906.00 1.6328e-21
906.20 1.6503e-21
906.40 1.6671e-21
906.60 1.6830e-21
906.80 1.6999e-21
907.00 1.7175e-21
907.20 1.7340e-21
907.40 1.7499e-21
907.60 1.7673e-21
907.80 1.7847e-21
908.00 1.8005e-21
908.20 1.8169e-21
908.40 1.8347e-21
908.60 1.8519e-21
908.80 1.8680e-21
909.00 1.8853e-21
909.20 1.9034e-21
909.40 1.9199e-21
909.60 1.9360e-21
909.80 1.9533e-21
910.00 1.9704e-21
910.20 1.9860e-21
910.40 2.0022e-21
910.60 2.0195e-21
910.80 2.0359e-21
911.00 2.0510e-21
911.20 2.0670e-21
911.40 2.0837e-21
911.60 2.0990e-21
911.80 2.1135e-21
912.00 2.1298e-21
912.20 2.1462e-21
912.40 2.1611e-21
912.60 2.1763e-21
912.80 2.1931e-21
913.00 2.2089e-21
913.20 2.2232e-21
913.40 2.2385e-21
913.60 2.2543e-21
913.80 2.2685e-21
914.00 2.2824e-21
914.20 2.2976e-21
914.40 2.3122e-21
914.60 2.3249e-21
914.80 2.3384e-21
915.00 2.3529e-21
915.20 2.3661e-21
915.40 2.3783e-21
915.60 2.3917e-21
915.80 2.4056e-21
916.00 2.4177e-21
916.20 2.4298e-21
916.40 2.4429e-21
916.60 2.4558e-21
916.80 2.4668e-21
917.00 2.4784e-21
917.20 2.4913e-21
917.40 2.5031e-21
917.60 2.5134e-21
917.80 2.5252e-21
918.00 2.5369e-21
918.20 2.5469e-21
918.40 2.5571e-21
918.60 2.5690e-21
918.80 2.5798e-21
919.00 2.5891e-21
919.20 2.5990e-21
919.40 2.6097e-21
919.60 2.6186e-21
919.80 2.6266e-21
920.00 2.6360e-21
920.20 2.6452e-21
920.40 2.6529e-21
920.60 2.6605e-21
920.80 2.6697e-21
921.00 2.6778e-21
921.20 2.6845e-21
921.40 2.6919e-21
921.60 2.7001e-21
921.80 2.7066e-21
922.00 2.7125e-21
922.20 2.7199e-21
922.40 2.7271e-21
922.60 2.7323e-21
922.80 2.7383e-21
923.00 2.7453e-21
923.20 2.7510e-21
923.40 2.7554e-21
923.60 2.7612e-21
923.80 2.7675e-21
924.00 2.7725e-21
924.20 2.7768e-21
924.40 2.7825e-21
924.60 2.7879e-21
924.80 2.7914e-21
925.00 2.7959e-21
925.20 2.8013e-21
925.40 2.8057e-21
925.60 2.8090e-21
925.80 2.8134e-21
926.00 2.8184e-21
926.20 2.8218e-21
926.40 2.8249e-21
926.60 2.8293e-21
926.80 2.8332e-21
927.00 2.8356e-21
927.20 2.8388e-21
927.40 2.8429e-21
927.60 2.8457e-21
927.80 2.8475e-21
928.00 2.8507e-21
928.20 2.8543e-21
928.40 2.8563e-21
928.60 2.8582e-21
928.80 2.8619e-21
929.00 2.8653e-21
929.20 2.8676e-21
929.40 2.8707e-21
929.60 2.8747e-21
929.80 2.8772e-21
930.00 2.8787e-21
930.20 2.8815e-21
930.40 2.8846e-21
930.60 2.8863e-21
930.80 2.8884e-21
931.00 2.8919e-21
931.20 2.8945e-21
931.40 2.8960e-21
931.60 2.8985e-21
931.80 2.9022e-21
932.00 2.9046e-21
932.20 2.9061e-21
932.40 2.9093e-21
932.60 2.9130e-21
932.80 2.9157e-21
933.00 2.9185e-21
933.20 2.9226e-21
933.40 2.9257e-21
933.60 2.9274e-21
933.80 2.9303e-21
934.00 2.9338e-21
934.20 2.9359e-21
934.40 2.9378e-21
934.60 2.9415e-21
934.80 2.9451e-21
935.00 2.9469e-21
935.20 2.9492e-21
935.40 2.9527e-21
935.60 2.9551e-21
935.80 2.9562e-21
936.00 2.9584e-21
936.20 2.9616e-21
936.40 2.9637e-21
936.60 2.9652e-21
936.80 2.9681e-21
937.00 2.9711e-21
937.20 2.9727e-21
937.40 2.9743e-21
937.60 2.9775e-21
937.80 2.9792e-21
938.00 2.9800e-21
938.20 2.9819e-21
938.40 2.9845e-21
938.60 2.9856e-21
938.80 2.9860e-21
939.00 2.9880e-21
939.20 2.9896e-21
939.40 2.9896e-21
939.60 2.9902e-21
939.80 2.9921e-21
940.00 2.9929e-21
940.20 2.9930e-21
940.40 2.9942e-21
940.60 2.9962e-21
940.80 2.9966e-21
941.00 2.9967e-21
941.20 2.9982e-21
941.40 2.9991e-21
941.60 2.9981e-21
941.80 2.9979e-21
942.00 2.9988e-21
942.20 2.9986e-21
942.40 2.9971e-21
942.60 2.9967e-21
942.80 2.9967e-21
943.00 2.9953e-21
943.20 2.9939e-21
943.40 2.9936e-21
943.60 2.9929e-21
943.80 2.9908e-21
944.00 2.9895e-21
944.20 2.9892e-21
944.40 2.9874e-21
944.60 2.9846e-21
944.80 2.9833e-21
945.00 2.9824e-21
945.20 2.9796e-21
945.40 2.9769e-21
945.60 2.9756e-21
945.80 2.9737e-21
946.00 2.9703e-21
946.20 2.9676e-21
946.40 2.9659e-21
946.60 2.9627e-21
946.80 2.9590e-21
947.00 2.9562e-21
947.20 2.9534e-21
947.40 2.9488e-21
947.60 2.9443e-21
947.80 2.9411e-21
948.00 2.9368e-21
948.20 2.9311e-21
948.40 2.9266e-21
948.60 2.9231e-21
948.80 2.9180e-21
949.00 2.9122e-21
949.20 2.9079e-21
949.40 2.9038e-21
949.60 2.8980e-21
949.80 2.8924e-21
950.00 2.8885e-21
950.20 2.8836e-21
950.40 2.8776e-21
950.60 2.8728e-21
950.80 2.8686e-21
951.00 2.8631e-21
951.20 2.8568e-21
951.40 2.8522e-21
951.60 2.8471e-21
951.80 2.8402e-21
952.00 2.8338e-21
952.20 2.8286e-21
952.40 2.8224e-21
952.60 2.8148e-21
952.80 2.8087e-21
953.00 2.8031e-21
953.20 2.7959e-21
953.40 2.7882e-21
953.60 2.7824e-21
953.80 2.7766e-21
954.00 2.7695e-21
954.20 2.7632e-21
954.40 2.7585e-21
954.60 2.7529e-21
954.80 2.7462e-21
955.00 2.7406e-21
955.20 2.7362e-21
955.40 2.7299e-21
955.60 2.7235e-21
955.80 2.7189e-21
956.00 2.7142e-21
956.20 2.7082e-21
956.40 2.7031e-21
956.60 2.6994e-21
956.80 2.6948e-21
957.00 2.6894e-21
957.20 2.6859e-21
957.40 2.6829e-21
957.60 2.6787e-21
957.80 2.6749e-21
958.00 2.6728e-21
958.20 2.6705e-21
958.40 2.6669e-21
958.60 2.6643e-21
958.80 2.6632e-21
959.00 2.6609e-21
959.20 2.6578e-21
959.40 2.6563e-21
959.60 2.6556e-21
959.80 2.6536e-21
960.00 2.6519e-21
960.20 2.6520e-21
960.40 2.6517e-21
960.60 2.6506e-21
960.80 2.6508e-21
961.00 2.6524e-21
961.20 2.6531e-21
961.40 2.6537e-21
961.60 2.6560e-21
961.80 2.6589e-21
962.00 2.6606e-21
962.20 2.6628e-21
962.40 2.6668e-21
962.60 2.6704e-21
962.80 2.6730e-21
963.00 2.6769e-21
963.20 2.6821e-21
963.40 2.6864e-21
963.60 2.6904e-21
963.80 2.6960e-21
964.00 2.7022e-21
964.20 2.7075e-21
964.40 2.7140e-21
964.60 2.7219e-21
964.80 2.7298e-21
965.00 2.7372e-21
965.20 2.7462e-21
965.40 2.7563e-21
965.60 2.7663e-21
965.80 2.7767e-21
966.00 2.7888e-21
966.20 2.8020e-21
966.40 2.8147e-21
966.60 2.8286e-21
966.80 2.8447e-21
967.00 2.8613e-21
967.20 2.8784e-21
967.40 2.8980e-21
967.60 2.9203e-21
967.80 2.9440e-21
968.00 2.9697e-21
968.20 2.9993e-21
968.40 3.0330e-21
968.60 3.0699e-21
968.80 3.1115e-21
969.00 3.1601e-21
969.20 3.2159e-21
969.40 3.2806e-21
969.60 3.3562e-21
969.80 3.4456e-21
970.00 3.5508e-21
970.20 3.6737e-21
970.40 3.8201e-21
970.60 3.9944e-21
970.80 4.1996e-21
971.00 4.4395e-21
971.20 4.7206e-21
971.40 5.0438e-21
971.60 5.4240e-21
971.80 5.8282e-21
972.00 6.2859e-21
972.20 6.7635e-21
972.40 7.2616e-21
972.60 7.7316e-21
972.80 8.2394e-21
973.00 8.6881e-21
973.20 9.1053e-21
973.40 9.4685e-21
973.60 9.8102e-21
973.80 1.0084e-20
974.00 1.0284e-20
974.20 1.0429e-20
974.40 1.0537e-20
974.60 1.0598e-20
974.80 1.0618e-20
975.00 1.0627e-20
975.20 1.0639e-20
975.40 1.0639e-20
975.60 1.0628e-20
975.80 1.0617e-20
976.00 1.0604e-20
976.20 1.0588e-20
976.40 1.0570e-20
976.60 1.0579e-20
976.80 1.0530e-20
977.00 1.0479e-20
977.20 1.0410e-20
977.40 1.0327e-20
977.60 1.0178e-20
977.80 9.9891e-21
978.00 9.7746e-21
978.20 9.5270e-21
978.40 9.2342e-21
978.60 8.9134e-21
978.80 8.5797e-21
979.00 8.2248e-21
979.20 7.8413e-21
979.40 7.4561e-21
979.60 7.0609e-21
979.80 6.6930e-21
980.00 6.3309e-21
980.20 5.9968e-21
980.40 5.6723e-21
980.60 5.3692e-21
980.80 5.0811e-21
981.00 4.8218e-21
981.20 4.5737e-21
981.40 4.3440e-21
981.60 4.1318e-21
981.80 3.9361e-21
982.00 3.7548e-21
982.20 3.5892e-21
982.40 3.4377e-21
982.60 3.2973e-21
982.80 3.1689e-21
983.00 3.0518e-21
983.20 2.9441e-21
983.40 2.8447e-21
983.60 2.7539e-21
983.80 2.6710e-21
984.00 2.5941e-21
984.20 2.5229e-21
984.40 2.4574e-21
984.60 2.3976e-21
984.80 2.3418e-21
985.00 2.2898e-21
985.20 2.2424e-21
985.40 2.1979e-21
985.60 2.1566e-21
985.80 2.1182e-21
986.00 2.0822e-21
986.20 2.0482e-21
986.40 2.0164e-21
986.60 1.9865e-21
986.80 1.9584e-21
987.00 1.9318e-21
987.20 1.9069e-21
987.40 1.8834e-21
987.60 1.8609e-21
987.80 1.8397e-21
988.00 1.8198e-21
988.20 1.8007e-21
988.40 1.7824e-21
988.60 1.7648e-21
988.80 1.7479e-21
989.00 1.7318e-21
989.20 1.7162e-21
989.40 1.7012e-21
989.60 1.6866e-21
989.80 1.6724e-21
990.00 1.6587e-21
990.20 1.6450e-21
990.40 1.6319e-21
990.60 1.6193e-21
990.80 1.6073e-21
991.00 1.5954e-21
991.20 1.5839e-21
991.40 1.5726e-21
991.60 1.5617e-21
991.80 1.5510e-21
992.00 1.5406e-21
992.20 1.5304e-21
992.40 1.5206e-21
992.60 1.5110e-21
992.80 1.5018e-21
993.00 1.4926e-21
993.20 1.4835e-21
993.40 1.4748e-21
993.60 1.4661e-21
993.80 1.4573e-21
994.00 1.4487e-21
994.20 1.4407e-21
994.40 1.4328e-21
994.60 1.4250e-21
994.80 1.4175e-21
995.00 1.4103e-21
995.20 1.4029e-21
995.40 1.3956e-21
995.60 1.3884e-21
995.80 1.3812e-21
996.00 1.3737e-21
996.20 1.3665e-21
996.40 1.3594e-21
996.60 1.3523e-21
996.80 1.3453e-21
997.00 1.3386e-21
997.20 1.3317e-21
997.40 1.3246e-21
997.60 1.3177e-21
997.80 1.3107e-21
998.00 1.3041e-21
998.20 1.2973e-21
998.40 1.2906e-21
998.60 1.2843e-21
998.80 1.2776e-21
999.00 1.2707e-21
999.20 1.2638e-21
999.40 1.2569e-21
999.60 1.2496e-21
999.80 1.2423e-21
1000.00 1.2353e-21
1000.20 1.2281e-21
1000.40 1.2208e-21
1000.60 1.2135e-21
1000.80 1.2062e-21
1001.00 1.1985e-21
1001.20 1.1909e-21
1001.40 1.1830e-21
1001.60 1.1751e-21
1001.80 1.1672e-21
1002.00 1.1592e-21
1002.20 1.1513e-21
1002.40 1.1436e-21
1002.60 1.1357e-21
1002.80 1.1277e-21
1003.00 1.1199e-21
1003.20 1.1119e-21
1003.40 1.1036e-21
1003.60 1.0951e-21
1003.80 1.0868e-21
1004.00 1.0782e-21
1004.20 1.0696e-21
1004.40 1.0608e-21
1004.60 1.0520e-21
1004.80 1.0432e-21
1005.00 1.0343e-21
1005.20 1.0255e-21
1005.40 1.0170e-21
1005.60 1.0081e-21
1005.80 9.9954e-22
1006.00 9.9125e-22
1006.20 9.8272e-22
1006.40 9.7418e-22
1006.60 9.6573e-22
1006.80 9.5746e-22
1007.00 9.4875e-22
1007.20 9.3990e-22
1007.40 9.3115e-22
1007.60 9.2257e-22
1007.80 9.1379e-22
1008.00 9.0515e-22
1008.20 8.9659e-22
1008.40 8.8793e-22
1008.60 8.7938e-22
1008.80 8.7085e-22
1009.00 8.6241e-22
1009.20 8.5371e-22
1009.40 8.4502e-22
1009.60 8.3663e-22
1009.80 8.2834e-22
1010.00 8.1975e-22
1010.20 8.1139e-22
1010.40 8.0301e-22
1010.60 7.9451e-22
1010.80 7.8585e-22
1011.00 7.7749e-22
1011.20 7.6940e-22
1011.40 7.6137e-22
1011.60 7.5343e-22
1011.80 7.4589e-22
1012.00 7.3825e-22
1012.20 7.3044e-22
1012.40 7.2280e-22
1012.60 7.1538e-22
1012.80 7.0793e-22
1013.00 7.0060e-22
1013.20 6.9350e-22
1013.40 6.8643e-22
1013.60 6.7929e-22
1013.80 6.7207e-22
1014.00 6.6499e-22
1014.20 6.5794e-22
1014.40 6.5076e-22
1014.60 6.4365e-22
1014.80 6.3682e-22
1015.00 6.2970e-22
1015.20 6.2270e-22
1015.40 6.1585e-22
1015.60 6.0891e-22
1015.80 6.0176e-22
1016.00 5.9450e-22
1016.20 5.8762e-22
1016.40 5.8085e-22
1016.60 5.7414e-22
1016.80 5.6777e-22
1017.00 5.6159e-22
1017.20 5.5529e-22
1017.40 5.4899e-22
1017.60 5.4288e-22
1017.80 5.3697e-22
1018.00 5.3103e-22
1018.20 5.2512e-22
1018.40 5.1935e-22
1018.60 5.1363e-22
1018.80 5.0754e-22
1019.00 5.0170e-22
1019.20 4.9587e-22
1019.40 4.8984e-22
1019.60 4.8381e-22
1019.80 4.7809e-22
1020.00 4.7249e-22
1020.20 4.6687e-22
1020.40 4.6149e-22
1020.60 4.5631e-22
1020.80 4.5103e-22
1021.00 4.4543e-22
1021.20 4.4003e-22
1021.40 4.3474e-22
1021.60 4.2945e-22
1021.80 4.2413e-22
1022.00 4.1917e-22
1022.20 4.1405e-22
1022.40 4.0885e-22
1022.60 4.0355e-22
1022.80 3.9858e-22
1023.00 3.9356e-22
1023.20 3.8840e-22
1023.40 3.8336e-22
1023.60 3.7865e-22
1023.80 3.7378e-22
1024.00 3.6904e-22
1024.20 3.6464e-22
1024.40 3.6031e-22
1024.60 3.5577e-22
1024.80 3.5129e-22
1025.00 3.4707e-22
1025.20 3.4273e-22
1025.40 3.3821e-22
1025.60 3.3388e-22
1025.80 3.2982e-22
1026.00 3.2538e-22
1026.20 3.2106e-22
1026.40 3.1715e-22
1026.60 3.1340e-22
1026.80 3.0945e-22
1027.00 3.0560e-22
1027.20 3.0176e-22
1027.40 2.9785e-22
1027.60 2.9379e-22
1027.80 2.9004e-22
1028.00 2.8653e-22
1028.20 2.8286e-22
1028.40 2.7896e-22
1028.60 2.7533e-22
1028.80 2.7159e-22
1029.00 2.6766e-22
1029.20 2.6372e-22
1029.40 2.6013e-22
1029.60 2.5651e-22
1029.80 2.5301e-22
1030.00 2.4986e-22
1030.20 2.4688e-22
1030.40 2.4361e-22
1030.60 2.4033e-22
1030.80 2.3719e-22
1031.00 2.3372e-22
1031.20 2.3030e-22
1031.40 2.2707e-22
1031.60 2.2400e-22
1031.80 2.2071e-22
1032.00 2.1715e-22
1032.20 2.1364e-22
1032.40 2.1025e-22
1032.60 2.0675e-22
1032.80 2.0347e-22
1033.00 2.0041e-22
1033.20 1.9737e-22
1033.40 1.9430e-22
1033.60 1.9158e-22
1033.80 1.8897e-22
1034.00 1.8636e-22
1034.20 1.8388e-22
1034.40 1.8182e-22
1034.60 1.7989e-22
1034.80 1.7781e-22
1035.00 1.7583e-22
1035.20 1.7393e-22
1035.40 1.7167e-22
1035.60 1.6920e-22
1035.80 1.6680e-22
1036.00 1.6452e-22
1036.20 1.6211e-22
1036.40 1.5954e-22
1036.60 1.5727e-22
1036.80 1.5483e-22
1037.00 1.5222e-22
1037.20 1.4989e-22
1037.40 1.4800e-22
1037.60 1.4598e-22
1037.80 1.4397e-22
1038.00 1.4207e-22
1038.20 1.4026e-22
1038.40 1.3819e-22
1038.60 1.3595e-22
1038.80 1.3378e-22
1039.00 1.3161e-22
1039.20 1.2917e-22
1039.40 1.2703e-22
1039.60 1.2520e-22
1039.80 1.2329e-22
1040.00 1.2131e-22
1040.20 1.1964e-22
1040.40 1.1834e-22
1040.60 1.1690e-22
1040.80 1.1560e-22
1041.00 1.1459e-22
1041.20 1.1353e-22
1041.40 1.1221e-22
1041.60 1.1104e-22
1041.80 1.0983e-22
1042.00 1.0842e-22
1042.20 1.0685e-22
1042.40 1.0551e-22
1042.60 1.0429e-22
1042.80 1.0299e-22
1043.00 1.0164e-22
1043.20 1.0048e-22
1043.40 9.9251e-23
1043.60 9.7833e-23
1043.80 9.6526e-23
1044.00 9.5368e-23
1044.20 9.3960e-23
1044.40 9.2385e-23
1044.60 9.0884e-23
1044.80 8.9435e-23
1045.00 8.7752e-23
1045.20 8.6148e-23
1045.40 8.4825e-23
1045.60 8.3429e-23
1045.80 8.1989e-23
1046.00 8.0803e-23
1046.20 8.0048e-23
1046.40 7.9293e-23
1046.60 7.8575e-23
1046.80 7.7898e-23
1047.00 7.7285e-23
1047.20 7.6534e-23
1047.40 7.5980e-23
1047.60 7.5524e-23
1047.80 7.4885e-23
1048.00 7.3955e-23
1048.20 7.3224e-23
1048.40 7.2532e-23
1048.60 7.1657e-23
1048.80 7.0643e-23
1049.00 6.9818e-23
1049.20 6.8946e-23
1049.40 6.7904e-23
1049.60 6.6674e-23
1049.80 6.5696e-23
1050.00 6.4700e-23
1050.20 6.3595e-23
1050.40 6.2697e-23
1050.60 6.1869e-23
1050.80 6.1053e-23
1051.00 6.0241e-23
1051.20 5.9759e-23
1051.40 5.9103e-23
1051.60 5.8231e-23
1051.80 5.7357e-23
1052.00 5.6743e-23
1052.20 5.5893e-23
1052.40 5.5114e-23
1052.60 5.4598e-23
1052.80 5.4259e-23
1053.00 5.3762e-23
1053.20 5.3187e-23
1053.40 5.2505e-23
1053.60 5.1987e-23
1053.80 5.1201e-23
1054.00 5.0565e-23
1054.20 5.0135e-23
1054.40 4.9558e-23
1054.60 4.8830e-23
1054.80 4.8230e-23
1055.00 4.7646e-23
1055.20 4.6693e-23
1055.40 4.5703e-23
1055.60 4.4914e-23
1055.80 4.4142e-23
1056.00 4.3337e-23
1056.20 4.2864e-23
1056.40 4.2482e-23
1056.60 4.1956e-23
1056.80 4.1220e-23
1057.00 4.0650e-23
1057.20 4.0079e-23
1057.40 3.9401e-23
1057.60 3.8618e-23
1057.80 3.8158e-23
1058.00 3.7619e-23
1058.20 3.6949e-23
1058.40 3.6358e-23
1058.60 3.5956e-23
1058.80 3.5366e-23
1059.00 3.4852e-23
1059.20 3.4520e-23
1059.40 3.4328e-23
1059.60 3.3773e-23
1059.80 3.3236e-23
1060.00 3.2796e-23
1060.20 3.2159e-23
1060.40 3.1342e-23
1060.60 3.0641e-23
1060.80 3.0056e-23
1061.00 2.9358e-23
1061.20 2.8594e-23
1061.40 2.8140e-23
1061.60 2.7829e-23
1061.80 2.7446e-23
1062.00 2.7193e-23
1062.20 2.7193e-23
1062.40 2.7218e-23
1062.60 2.7155e-23
1062.80 2.7319e-23
1063.00 2.7499e-23
1063.20 2.7501e-23
1063.40 2.7156e-23
1063.60 2.6966e-23
1063.80 2.6485e-23
1064.00 2.5784e-23
1064.20 2.5062e-23
1064.40 2.4516e-23
1064.60 2.3735e-23
1064.80 2.3155e-23
1065.00 2.2697e-23
1065.20 2.2543e-23
1065.40 2.2212e-23
1065.60 2.1907e-23
1065.80 2.1878e-23
1066.00 2.1891e-23
1066.20 2.1951e-23
1066.40 2.2133e-23
1066.60 2.2507e-23
1066.80 2.2596e-23
1067.00 2.2400e-23
1067.20 2.1940e-23
1067.40 2.1396e-23
1067.60 2.0877e-23
1067.80 1.9657e-23
1068.00 1.8863e-23
1068.20 1.8972e-23
1068.40 1.8503e-23
1068.60 1.7495e-23
1068.80 1.7108e-23
1069.00 1.7138e-23
1069.20 1.6194e-23
1069.40 1.5062e-23
1069.60 1.5031e-23
1069.80 1.5180e-23
1070.00 1.4657e-23
1070.20 1.4512e-23
1070.40 1.5129e-23
1070.60 1.4962e-23
1070.80 1.4042e-23
1071.00 1.3915e-23
1071.20 1.4339e-23
1071.40 1.4214e-23
1071.60 1.3511e-23
1071.80 1.4590e-23
1072.00 1.5698e-23
1072.20 1.4887e-23
1072.40 1.4269e-23
1072.60 1.5352e-23
1072.80 1.5378e-23
1073.00 1.4060e-23
1073.20 1.4001e-23
1073.40 1.4933e-23
1073.60 1.4370e-23
1073.80 1.3056e-23
1074.00 1.3617e-23
1074.20 1.4034e-23
1074.40 1.2429e-23
1074.60 1.1369e-23
1074.80 1.2125e-23
1075.00 1.1775e-23
1075.20 1.0261e-23
1075.40 1.0039e-23
1075.60 1.0793e-23
1075.80 9.8438e-24
1076.00 8.5897e-24
1076.20 9.1366e-24
1076.40 9.7502e-24
1076.60 8.4606e-24
1076.80 8.0489e-24
1077.00 9.2006e-24
1077.20 9.2424e-24
1077.40 8.2698e-24
1077.60 8.8115e-24
1077.80 1.0183e-23
1078.00 9.5820e-24
1078.20 8.6536e-24
1078.40 9.6259e-24
1078.60 1.0236e-23
1078.80 9.0250e-24
1079.00 8.7774e-24
1079.20 9.9944e-24
1079.40 1.0006e-23
1079.60 8.7160e-24
1079.80 9.0419e-24
1080.00 9.8790e-24
1080.20 9.0088e-24
1080.40 8.1040e-24
1080.60 9.2102e-24
1080.80 9.7983e-24
1081.00 8.7778e-24
1081.20 8.6805e-24
1081.40 9.7644e-24
1081.60 9.3174e-24
1081.80 7.8623e-24
1082.00 8.2095e-24
1082.20 9.1888e-24
1082.40 8.4195e-24
1082.60 7.8084e-24
1082.80 8.9208e-24
1083.00 9.1458e-24
1083.20 7.8097e-24
1083.40 7.7062e-24
1083.60 8.9465e-24
1083.80 8.8923e-24
1084.00 8.0278e-24
1084.20 8.7488e-24
1084.40 9.5764e-24
1084.60 8.4894e-24
1084.80 7.7799e-24
1085.00 8.3250e-24
1085.20 8.3361e-24
1085.40 6.8515e-24
1085.60 6.7943e-24
1085.80 7.2052e-24
1086.00 7.0146e-24
1086.20 5.8962e-24
1086.40 6.4023e-24
1086.60 6.8452e-24
1086.80 5.5579e-24
1087.00 5.0256e-24
1087.20 6.0736e-24
1087.40 6.6356e-24
1087.60 5.7526e-24
1087.80 5.8766e-24
1088.00 6.5629e-24
1088.20 6.0974e-24
1088.40 5.1548e-24
1088.60 5.9208e-24
1088.80 6.4705e-24
1089.00 5.6094e-24
1089.20 5.2001e-24
1089.40 6.0022e-24
1089.60 6.0286e-24
1089.80 5.6859e-24
1090.00 6.0041e-24
1090.20 6.6440e-24
1090.40 6.4580e-24
1090.60 5.9125e-24
1090.80 6.6005e-24
1091.00 7.0688e-24
1091.20 6.5570e-24
1091.40 6.2374e-24
1091.60 6.5391e-24
1091.80 6.4568e-24
1092.00 5.5665e-24
1092.20 5.8524e-24
1092.40 6.3777e-24
1092.60 5.7821e-24
1092.80 4.9778e-24
1093.00 5.8295e-24
1093.20 6.3150e-24
1093.40 5.6948e-24
1093.60 5.5347e-24
1093.80 6.2333e-24
1094.00 6.1403e-24
1094.20 5.5922e-24
1094.40 6.0226e-24
1094.60 6.4276e-24
1094.80 5.9783e-24
1095.00 5.4927e-24
1095.20 6.0588e-24
1095.40 6.3292e-24
1095.60 5.8739e-24
1095.80 5.7118e-24
1096.00 6.1068e-24
1096.20 5.9721e-24
1096.40 5.4834e-24
1096.60 5.8072e-24
1096.80 6.0240e-24
1097.00 5.5157e-24
1097.20 5.0022e-24
1097.40 5.3787e-24
1097.60 5.6880e-24
1097.80 4.9139e-24
1098.00 4.7702e-24
1098.20 5.5196e-24
1098.40 5.3083e-24
1098.60 4.7013e-24
1098.80 5.2779e-24
1099.00 5.8689e-24
1099.20 5.4826e-24
1099.40 5.0948e-24
1099.60 5.6895e-24
1099.80 5.8939e-24
1100.00 5.5455e-24
1100.20 5.6729e-24
1100.40 6.1410e-24
1100.60 5.9453e-24
1100.80 5.8259e-24
1101.00 5.6457e-24
1101.20 5.4089e-24
1101.40 4.8651e-24
1101.60 3.9914e-24
1101.80 4.2066e-24
1102.00 3.9285e-24
1102.20 3.4956e-24
1102.40 2.9547e-24
1102.60 3.0624e-24
1102.80 2.4857e-24
1103.00 1.9338e-24
1103.20 1.8834e-24
1103.40 1.8524e-24
1103.60 1.5605e-24
1103.80 1.0152e-24
1104.00 1.3505e-24
1104.20 1.3417e-24
1104.40 1.2171e-24
1104.60 9.4053e-25
1104.80 1.0146e-24
1105.00 1.1268e-24
1105.20 1.0815e-24
1105.40 1.3596e-24
1105.60 1.6350e-24
1105.80 1.7484e-24
1106.00 1.7969e-24
1106.20 1.8454e-24
1106.40 1.9856e-24
1106.60 1.9620e-24
1106.80 1.7190e-24
1107.00 1.6073e-24
1107.20 1.4819e-24
1107.40 1.1272e-24
1107.60 9.6338e-25
1107.80 1.0418e-24
1108.00 1.2338e-24
1108.20 1.3081e-24
1108.40 1.4527e-24
1108.60 1.7683e-24
1108.80 1.6905e-24
1109.00 1.5213e-24
1109.20 1.6805e-24
1109.40 1.7109e-24
1109.60 1.7150e-24
1109.80 1.6230e-24
1110.00 1.6421e-24
1110.20 1.5342e-24
1110.40 1.3078e-24
1110.60 1.2183e-24
1110.80 1.3797e-24
1111.00 1.3583e-24
1111.20 1.2702e-24
1111.40 1.5883e-24
1111.60 1.8484e-24
1111.80 1.8543e-24
1112.00 1.7197e-24
1112.20 1.8275e-24
1112.40 1.8209e-24
1112.60 1.8840e-24
1112.80 1.9546e-24
1113.00 2.2364e-24
1113.20 2.1276e-24
1113.40 1.9509e-24
1113.60 1.9204e-24
1113.80 1.8172e-24
1114.00 1.6277e-24
1114.20 1.5645e-24
1114.40 1.7250e-24
1114.60 1.7918e-24
1114.80 1.7640e-24
1115.00 1.8352e-24
1115.20 2.1084e-24
1115.40 2.0189e-24
1115.60 1.9141e-24
1115.80 1.9245e-24
1116.00 2.2341e-24
1116.20 2.3606e-24
1116.40 2.5036e-24
1116.60 2.4216e-24
1116.80 2.3564e-24
1117.00 1.9965e-24
1117.20 1.7777e-24
1117.40 1.6281e-24
1117.60 1.4522e-24
1117.80 1.2937e-24
1118.00 1.3508e-24
1118.20 1.2951e-24
1118.40 1.1985e-24
1118.60 1.2771e-24
1118.80 1.4393e-24
1119.00 1.3508e-24
1119.20 1.1653e-24
1119.40 1.2302e-24
1119.60 1.2671e-24
1119.80 1.4381e-24
1120.00 1.5495e-24
1120.20 1.8879e-24
1120.40 2.1144e-24
1120.60 2.1692e-24
1120.80 2.2410e-24
1121.00 2.4227e-24
1121.20 2.5066e-24
1121.40 2.5678e-24
1121.60 2.6334e-24
1121.80 2.7028e-24
1122.00 2.5660e-24
1122.20 2.4768e-24
1122.40 2.3272e-24
1122.60 1.9772e-24
1122.80 1.5016e-24
1123.00 1.2164e-24
1123.20 1.0879e-24
1123.40 9.4400e-25
1123.60 8.8489e-25
1123.80 1.0666e-24
1124.00 1.2840e-24
1124.20 1.3942e-24
1124.40 1.3625e-24
1124.60 1.5254e-24
1124.80 1.5851e-24
1125.00 1.5103e-24
1125.20 1.5106e-24
1125.40 1.6708e-24
1125.60 1.6550e-24
1125.80 1.3871e-24
1126.00 1.2566e-24
1126.20 1.0635e-24
1126.40 9.6294e-25
1126.60 9.2347e-25
1126.80 1.0864e-24
1127.00 1.2293e-24
1127.20 1.2474e-24
1127.40 1.2847e-24
1127.60 1.3751e-24
1127.80 1.4334e-24
1128.00 1.6194e-24
1128.20 1.6256e-24
1128.40 1.7075e-24
1128.60 1.6739e-24
1128.80 1.5269e-24
1129.00 1.5004e-24
1129.20 1.3821e-24
1129.40 1.1239e-24
1129.60 8.5617e-25
1129.80 8.5216e-25
1130.00 7.5543e-25
1130.20 7.8323e-25
1130.40 8.6037e-25
1130.60 1.0204e-24
1130.80 1.0271e-24
1131.00 9.0662e-25
1131.20 7.6042e-25
1131.40 6.9052e-25
1131.60 8.8171e-25
1131.80 8.7482e-25
1132.00 8.7799e-25
1132.20 9.9027e-25
1132.40 1.1001e-24
1132.60 1.0238e-24
1132.80 1.1266e-24
1133.00 1.0935e-24
1133.20 1.0788e-24
1133.40 1.1242e-24
1133.60 1.1739e-24
1133.80 1.0469e-24
1134.00 1.1239e-24
1134.20 1.1677e-24
1134.40 1.1635e-24
1134.60 1.0798e-24
1134.80 8.6386e-25
1135.00 8.3544e-25
1135.20 9.3725e-25
1135.40 1.0413e-24
1135.60 9.7369e-25
1135.80 1.0637e-24
1136.00 1.1065e-24
1136.20 1.0819e-24
1136.40 9.9170e-25
1136.60 8.5838e-25
1136.80 6.9035e-25
1137.00 7.1076e-25
1137.20 8.5508e-25
1137.40 9.1377e-25
1137.60 9.5382e-25
1137.80 1.1820e-24
1138.00 1.3239e-24
1138.20 1.3287e-24
1138.40 1.4410e-24
1138.60 1.4198e-24
1138.80 1.5792e-24
1139.00 1.5812e-24
1139.20 1.4667e-24
1139.40 1.4483e-24
1139.60 1.5361e-24
1139.80 1.4001e-24
1140.00 1.2820e-24
1140.20 1.2769e-24
1140.40 1.1072e-24
1140.60 1.2280e-24
1140.80 1.4582e-24
1141.00 1.5329e-24
1141.20 1.4018e-24
1141.40 1.4939e-24
1141.60 1.6041e-24
1141.80 1.6874e-24
1142.00 1.6298e-24
1142.20 1.6272e-24
1142.40 1.4181e-24
1142.60 1.3736e-24
1142.80 1.3518e-24
1143.00 1.3429e-24
1143.20 1.4539e-24
1143.40 1.4474e-24
1143.60 1.2847e-24
1143.80 1.3017e-24
1144.00 1.3536e-24
1144.20 1.3005e-24
1144.40 1.2506e-24
1144.60 1.1638e-24
1144.80 1.0081e-24
1145.00 8.6257e-25
1145.20 9.0879e-25
1145.40 9.1969e-25
1145.60 8.8831e-25
1145.80 7.8517e-25
1146.00 7.1651e-25
1146.20 6.4452e-25
1146.40 7.5841e-25
1146.60 8.1267e-25
1146.80 7.2193e-25
1147.00 5.2683e-25
1147.20 5.5773e-25
1147.40 6.2664e-25
1147.60 5.8997e-25
1147.80 6.1837e-25
1148.00 6.3343e-25
1148.20 6.7165e-25
1148.40 7.2041e-25
1148.60 7.7940e-25
1148.80 8.4831e-25
1149.00 9.2684e-25
1149.20 1.0147e-24
1149.40 1.1115e-24
1149.60 1.2170e-24
1149.80 1.3310e-24