800.40 3.5517e-29
800.60 5.0038e-29
800.80 6.1266e-29
801.00 6.9493e-29
801.20 7.5032e-29
801.40 7.8223e-29
801.60 7.9431e-29
801.80 7.9043e-29
802.00 7.7478e-29
802.20 7.5179e-29
802.40 7.4059e-29
802.60 7.3266e-29
802.80 7.6543e-29
803.00 7.9821e-29
803.20 8.2020e-29
803.40 8.3346e-29
803.60 8.4299e-29
803.80 8.3231e-29
804.00 8.7808e-29
804.20 8.8399e-29
804.40 9.6617e-29
804.60 9.6420e-29
804.80 9.1627e-29
805.00 9.5789e-29
805.20 1.0365e-28
805.40 9.9056e-29
805.60 9.4934e-29
805.80 9.8106e-29
806.00 1.0137e-28
806.20 1.0669e-28
806.40 1.0971e-28
806.60 1.1679e-28
806.80 1.1933e-28
807.00 1.1474e-28
807.20 1.1615e-28
807.40 1.1163e-28
807.60 1.1536e-28
807.80 1.1279e-28
808.00 1.2032e-28
808.20 1.2609e-28
808.40 1.1874e-28
808.60 1.1916e-28
808.80 1.2557e-28
809.00 1.2931e-28
809.20 1.1455e-28
809.40 1.1933e-28
809.60 1.2100e-28
809.80 1.2252e-28
810.00 1.2003e-28
810.20 1.3607e-28
810.40 1.3584e-28
810.60 1.2979e-28
810.80 1.2909e-28
811.00 1.4315e-28
811.20 1.4462e-28
811.40 1.4557e-28
811.60 1.6558e-28
811.80 1.8236e-28
812.00 1.7686e-28
812.20 1.7014e-28
812.40 1.8736e-28
812.60 1.9800e-28
812.80 2.0029e-28
813.00 2.0236e-28
813.20 2.0279e-28
813.40 2.0374e-28
813.60 1.9255e-28
813.80 1.8906e-28
814.00 1.9214e-28
814.20 1.8068e-28
814.40 1.6901e-28
814.60 1.8619e-28
814.80 1.9503e-28
815.00 1.8905e-28
815.20 1.9193e-28
815.40 2.0271e-28
815.60 2.0171e-28
815.80 1.8379e-28
816.00 1.9926e-28
816.20 2.2037e-28
816.40 2.2905e-28
816.60 2.2683e-28
816.80 2.3112e-28
817.00 2.3156e-28
817.20 2.4666e-28
817.40 2.4815e-28
817.60 2.4461e-28
817.80 2.4340e-28
818.00 2.4428e-28
818.20 2.5704e-28
818.40 2.6598e-28
818.60 2.6777e-28
818.80 2.6600e-28
819.00 2.6040e-28
819.20 2.6396e-28
819.40 2.6464e-28
819.60 2.7131e-28
819.80 2.7268e-28
820.00 2.8395e-28
820.20 2.7308e-28
820.40 2.7626e-28
820.60 2.7645e-28
820.80 2.9448e-28
821.00 3.0906e-28
821.20 3.1273e-28
821.40 3.2814e-28
821.60 3.3982e-28
821.80 3.4116e-28
822.00 3.4534e-28
822.20 3.6941e-28
822.40 3.7838e-28
822.60 3.9147e-28
822.80 3.9556e-28
823.00 4.2402e-28
823.20 4.3876e-28
823.40 4.3258e-28
823.60 4.4154e-28
823.80 4.5272e-28
824.00 4.2294e-28
824.20 3.9384e-28
824.40 4.3771e-28
824.60 4.5542e-28
824.80 4.4428e-28
825.00 4.5155e-28
825.20 4.8545e-28
825.40 4.7868e-28
825.60 4.3421e-28
825.80 4.6137e-28
826.00 5.2752e-28
826.20 5.0190e-28
826.40 4.8416e-28
826.60 5.6227e-28
826.80 6.0385e-28
827.00 6.0151e-28
827.20 5.9090e-28
827.40 6.3231e-28
827.60 6.2100e-28
827.80 5.5955e-28
828.00 5.9891e-28
828.20 6.7767e-28
828.40 6.2602e-28
828.60 5.6130e-28
828.80 6.4889e-28
829.00 6.6517e-28
829.20 5.8702e-28
829.40 5.6003e-28
829.60 6.7374e-28
829.80 6.4936e-28
830.00 5.5445e-28
830.20 6.4240e-28
830.40 7.9863e-28
830.60 7.5483e-28
830.80 7.3330e-28
831.00 8.7807e-28
831.20 9.1822e-28
831.40 8.6918e-28
831.60 8.7214e-28
831.80 1.0456e-27
832.00 1.0109e-27
832.20 9.2412e-28
832.40 1.0287e-27
832.60 1.1944e-27
832.80 1.1630e-27
833.00 1.1804e-27
833.20 1.4394e-27
833.40 1.5565e-27
833.60 1.4486e-27
833.80 1.5291e-27
834.00 1.7737e-27
834.20 1.7844e-27
834.40 1.6844e-27
834.60 1.8761e-27
834.80 2.0468e-27
835.00 1.8913e-27
835.20 1.7588e-27
835.40 1.9005e-27
835.60 1.8947e-27
835.80 1.6663e-27
836.00 1.7392e-27
836.20 2.0455e-27
836.40 2.1047e-27
836.60 2.1111e-27
836.80 2.4164e-27
837.00 2.6746e-27
837.20 2.5659e-27
837.40 2.5707e-27
837.60 2.9181e-27
837.80 3.0357e-27
838.00 2.9052e-27
838.20 3.0530e-27
838.40 3.4076e-27
838.60 3.3601e-27
838.80 3.2216e-27
839.00 3.4724e-27
839.20 3.6976e-27
839.40 3.5356e-27
839.60 3.5312e-27
839.80 3.8832e-27
840.00 3.9749e-27
840.20 3.8141e-27
840.40 4.0284e-27
840.60 4.4361e-27
840.80 4.4031e-27
841.00 4.3278e-27
841.20 4.7571e-27
841.40 5.0920e-27
841.60 4.9819e-27
841.80 5.1748e-27
842.00 5.7504e-27
842.20 6.0431e-27
842.40 5.9366e-27
842.60 6.3043e-27
842.80 6.8151e-27
843.00 6.7686e-27
843.20 6.6448e-27
843.40 7.0545e-27
843.60 7.3345e-27
843.80 7.1310e-27
844.00 7.2654e-27
844.20 7.8211e-27
844.40 7.9401e-27
844.60 7.7519e-27
844.80 8.1066e-27
845.00 8.7185e-27
845.20 8.6955e-27
845.40 8.7497e-27
845.60 9.4457e-27
845.80 9.8505e-27
846.00 9.6451e-27
846.20 9.7969e-27
846.40 1.0513e-26
846.60 1.0702e-26
846.80 1.0628e-26
847.00 1.1247e-26
847.20 1.2033e-26
847.40 1.2106e-26
847.60 1.2310e-26
847.80 1.3287e-26
848.00 1.3949e-26
848.20 1.4008e-26
848.40 1.4608e-26
848.60 1.5599e-26
848.80 1.5912e-26
849.00 1.5764e-26
849.20 1.6361e-26
849.40 1.6943e-26
849.60 1.6712e-26
849.80 1.6754e-26
850.00 1.7747e-26
850.20 1.8370e-26
850.40 1.8404e-26
850.60 1.9192e-26
850.80 2.0532e-26
851.00 2.0980e-26
851.20 2.1189e-26
851.40 2.2416e-26
851.60 2.3606e-26
851.80 2.3743e-26
852.00 2.4225e-26
852.20 2.5472e-26
852.40 2.6060e-26
852.60 2.5893e-26
852.80 2.6553e-26
853.00 2.7794e-26
853.20 2.8057e-26
853.40 2.8294e-26
853.60 2.9656e-26
853.80 3.0937e-26
854.00 3.1099e-26
854.20 3.1874e-26
854.40 3.3694e-26
854.60 3.4625e-26
854.80 3.4767e-26
855.00 3.5969e-26
855.20 3.7752e-26
855.40 3.8315e-26
855.60 3.8906e-26
855.80 4.0892e-26
856.00 4.2656e-26
856.20 4.3301e-26
856.40 4.4618e-26
856.60 4.6969e-26
856.80 4.8486e-26
857.00 4.9174e-26
857.20 5.1092e-26
857.40 5.3482e-26
857.60 5.4427e-26
857.80 5.5547e-26
858.00 5.8150e-26
858.20 6.0157e-26
858.40 6.0566e-26
858.60 6.1903e-26
858.80 6.4215e-26
859.00 6.5452e-26
859.20 6.5784e-26
859.40 6.7743e-26
859.60 7.0154e-26
859.80 7.0915e-26
860.00 7.1997e-26
860.20 7.4962e-26
860.40 7.7589e-26
860.60 7.8958e-26
860.80 8.1736e-26
861.00 8.5934e-26
861.20 8.8731e-26
861.40 9.0680e-26
861.60 9.4447e-26
861.80 9.8196e-26
862.00 9.9961e-26
862.20 1.0204e-25
862.40 1.0596e-25
862.60 1.0881e-25
862.80 1.0991e-25
863.00 1.1233e-25
863.20 1.1633e-25
863.40 1.1879e-25
863.60 1.2076e-25
863.80 1.2519e-25
864.00 1.3003e-25
864.20 1.3285e-25
864.40 1.3637e-25
864.60 1.4222e-25
864.80 1.4692e-25
865.00 1.4992e-25
865.20 1.5484e-25
865.40 1.6089e-25
865.60 1.6469e-25
865.80 1.6809e-25
866.00 1.7377e-25
866.20 1.7943e-25
866.40 1.8259e-25
866.60 1.8689e-25
866.80 1.9366e-25
867.00 1.9928e-25
867.20 2.0319e-25
867.40 2.0948e-25
867.60 2.1698e-25
867.80 2.2201e-25
868.00 2.2668e-25
868.20 2.3447e-25
868.40 2.4204e-25
868.60 2.4701e-25
868.80 2.5331e-25
869.00 2.6214e-25
869.20 2.6914e-25
869.40 2.7463e-25
869.60 2.8374e-25
869.80 2.9405e-25
870.00 3.0170e-25
870.20 3.0922e-25
870.40 3.2025e-25
870.60 3.3047e-25
870.80 3.3749e-25
871.00 3.4641e-25
871.20 3.5843e-25
871.40 3.6825e-25
871.60 3.7607e-25
871.80 3.8733e-25
872.00 4.0010e-25
872.20 4.0911e-25
872.40 4.1852e-25
872.60 4.3207e-25
872.80 4.4514e-25
873.00 4.5561e-25
873.20 4.6901e-25
873.40 4.8590e-25
873.60 4.9938e-25
873.80 5.1087e-25
874.00 5.2629e-25
874.20 5.4309e-25
874.40 5.5598e-25
874.60 5.6961e-25
874.80 5.8880e-25
875.00 6.0699e-25
875.20 6.2126e-25
875.40 6.3915e-25
875.60 6.6067e-25
875.80 6.7888e-25
876.00 6.9529e-25
876.20 7.1777e-25
876.40 7.4160e-25
876.60 7.6125e-25
876.80 7.8279e-25
877.00 8.0943e-25
877.20 8.3378e-25
877.40 8.5422e-25
877.60 8.7890e-25
877.80 9.0787e-25
878.00 9.3260e-25
878.20 9.5641e-25
878.40 9.8592e-25
878.60 1.0170e-24
878.80 1.0427e-24
879.00 1.0711e-24
879.20 1.1064e-24
879.40 1.1385e-24
879.60 1.1662e-24
879.80 1.1993e-24
880.00 1.2381e-24
880.20 1.2721e-24
880.40 1.3061e-24
880.60 1.3477e-24
880.80 1.3896e-24
881.00 1.4254e-24
881.20 1.4650e-24
881.40 1.5124e-24
881.60 1.5572e-24
881.80 1.5972e-24
882.00 1.6445e-24
882.20 1.6957e-24
882.40 1.7424e-24
882.60 1.7898e-24
882.80 1.8464e-24
883.00 1.9033e-24
883.20 1.9539e-24
883.40 2.0092e-24
883.60 2.0744e-24
883.80 2.1366e-24
884.00 2.1950e-24
884.20 2.2610e-24
884.40 2.3311e-24
884.60 2.3940e-24
884.80 2.4580e-24
885.00 2.5329e-24
885.20 2.6085e-24
885.40 2.6772e-24
885.60 2.7523e-24
885.80 2.8365e-24
886.00 2.9164e-24
886.20 2.9936e-24
886.40 3.0810e-24
886.60 3.1731e-24
886.80 3.2595e-24
887.00 3.3490e-24
887.20 3.4516e-24
887.40 3.5524e-24
887.60 3.6452e-24
887.80 3.7459e-24
888.00 3.8556e-24
888.20 3.9604e-24
888.40 4.0618e-24
888.60 4.1777e-24
888.80 4.2989e-24
889.00 4.4126e-24
889.20 4.5324e-24
889.40 4.6666e-24
889.60 4.8004e-24
889.80 4.9283e-24
890.00 5.0669e-24
890.20 5.2160e-24
890.40 5.3578e-24
890.60 5.4992e-24
890.80 5.6551e-24
891.00 5.8154e-24
891.20 5.9639e-24
891.40 6.1206e-24
891.60 6.2917e-24
891.80 6.4581e-24
892.00 6.6162e-24
892.20 6.7888e-24
892.40 6.9750e-24
892.60 7.1525e-24
892.80 7.3303e-24
893.00 7.5279e-24
893.20 7.7307e-24
893.40 7.9254e-24
893.60 8.1301e-24
893.80 8.3518e-24
894.00 8.5696e-24
894.20 8.7783e-24
894.40 9.0059e-24
894.60 9.2482e-24
894.80 9.4814e-24
895.00 9.7185e-24
895.20 9.9780e-24
895.40 1.0240e-23
895.60 1.0492e-23
895.80 1.0758e-23
896.00 1.1047e-23
896.20 1.1330e-23
896.40 1.1608e-23
896.60 1.1909e-23
896.80 1.2225e-23
897.00 1.2531e-23
897.20 1.2841e-23
897.40 1.3177e-23
897.60 1.3516e-23
897.80 1.3842e-23
898.00 1.4185e-23
898.20 1.4553e-23
898.40 1.4920e-23
898.60 1.5281e-23
898.80 1.5668e-23
899.00 1.6072e-23
899.20 1.6462e-23
899.40 1.6865e-23
899.60 1.7300e-23
899.80 1.7739e-23
900.00 1.8167e-23
900.20 1.8619e-23
900.40 1.9099e-23
900.60 1.9569e-23
900.80 2.0035e-23
901.00 2.0534e-23
901.20 2.1047e-23
901.40 2.1549e-23
901.60 2.2063e-23
901.80 2.2615e-23
902.00 2.3171e-23
902.20 2.3714e-23
902.40 2.4281e-23
902.60 2.4878e-23
902.80 2.5469e-23
903.00 2.6063e-23
903.20 2.6699e-23
903.40 2.7350e-23
903.60 2.7984e-23
903.80 2.8636e-23
904.00 2.9327e-23
904.20 3.0017e-23
904.40 3.0694e-23
904.60 3.1403e-23
904.80 3.2147e-23
905.00 3.2877e-23
905.20 3.3618e-23
905.40 3.4405e-23
905.60 3.5204e-23
905.80 3.5984e-23
906.00 3.6780e-23
906.20 3.7620e-23
906.40 3.8459e-23
906.60 3.9294e-23
906.80 4.0165e-23
907.00 4.1069e-23
907.20 4.1960e-23
907.40 4.2852e-23
907.60 4.3797e-23
907.80 4.4759e-23
908.00 4.5697e-23
908.20 4.6665e-23
908.40 4.7685e-23
908.60 4.8708e-23
908.80 4.9719e-23
909.00 5.0781e-23
909.20 5.1879e-23
909.40 5.2956e-23
909.60 5.4036e-23
909.80 5.5168e-23
910.00 5.6316e-23
910.20 5.7440e-23
910.40 5.8597e-23
910.60 5.9809e-23
910.80 6.1010e-23
911.00 6.2193e-23
911.20 6.3427e-23
911.40 6.4699e-23
911.60 6.5947e-23
911.80 6.7193e-23
912.00 6.8514e-23
912.20 6.9861e-23
912.40 7.1180e-23
912.60 7.2533e-23
912.80 7.3958e-23
913.00 7.5372e-23
913.20 7.6758e-23
913.40 7.8202e-23
913.60 7.9687e-23
913.80 8.1136e-23
914.00 8.2598e-23
914.20 8.4130e-23
914.40 8.5665e-23
914.60 8.7154e-23
914.80 8.8693e-23
915.00 9.0295e-23
915.20 9.1876e-23
915.40 9.3437e-23
915.60 9.5067e-23
915.80 9.6747e-23
916.00 9.8379e-23
916.20 1.0003e-22
916.40 1.0176e-22
916.60 1.0350e-22
916.80 1.0518e-22
917.00 1.0692e-22
917.20 1.0873e-22
917.40 1.1053e-22
917.60 1.1229e-22
917.80 1.1414e-22
918.00 1.1601e-22
918.20 1.1783e-22
918.40 1.1969e-22
918.60 1.2165e-22
918.80 1.2359e-22
919.00 1.2549e-22
919.20 1.2744e-22
919.40 1.2946e-22
919.60 1.3142e-22
919.80 1.3336e-22
920.00 1.3540e-22
920.20 1.3746e-22
920.40 1.3946e-22
920.60 1.4149e-22
920.80 1.4363e-22
921.00 1.4575e-22
921.20 1.4781e-22
921.40 1.4995e-22
921.60 1.5215e-22
921.80 1.5428e-22
922.00 1.5642e-22
922.20 1.5867e-22
922.40 1.6093e-22
922.60 1.6311e-22
922.80 1.6537e-22
923.00 1.6771e-22
923.20 1.7000e-22
923.40 1.7225e-22
923.60 1.7461e-22
923.80 1.7703e-22
924.00 1.7941e-22
924.20 1.8176e-22
924.40 1.8424e-22
924.60 1.8673e-22
924.80 1.8912e-22
925.00 1.9161e-22
925.20 1.9420e-22
925.40 1.9674e-22
925.60 1.9924e-22
925.80 2.0185e-22
926.00 2.0454e-22
926.20 2.0715e-22
926.40 2.0976e-22
926.60 2.1250e-22
926.80 2.1524e-22
927.00 2.1790e-22
927.20 2.2065e-22
927.40 2.2351e-22
927.60 2.2629e-22
927.80 2.2904e-22
928.00 2.3192e-22
928.20 2.3487e-22
928.40 2.3773e-22
928.60 2.4061e-22
928.80 2.4368e-22
929.00 2.4676e-22
929.20 2.4978e-22
929.40 2.5292e-22
929.60 2.5616e-22
929.80 2.5931e-22
930.00 2.6241e-22
930.20 2.6566e-22
930.40 2.6898e-22
930.60 2.7221e-22
930.80 2.7551e-22
931.00 2.7898e-22
931.20 2.8242e-22
931.40 2.8578e-22
931.60 2.8928e-22
931.80 2.9294e-22
932.00 2.9652e-22
932.20 3.0004e-22
932.40 3.0379e-22
932.60 3.0762e-22
932.80 3.1140e-22
933.00 3.1524e-22
933.20 3.1925e-22
933.40 3.2322e-22
933.60 3.2707e-22
933.80 3.3110e-22
934.00 3.3525e-22
934.20 3.3928e-22
934.40 3.4334e-22
934.60 3.4766e-22
934.80 3.5201e-22
935.00 3.5620e-22
935.20 3.6051e-22
935.40 3.6501e-22
935.60 3.6943e-22
935.80 3.7373e-22
936.00 3.7823e-22
936.20 3.8290e-22
936.40 3.8748e-22
936.60 3.9205e-22
936.80 3.9685e-22
937.00 4.0171e-22
937.20 4.0644e-22
937.40 4.1124e-22
937.60 4.1630e-22
937.80 4.2121e-22
938.00 4.2606e-22
938.20 4.3110e-22
938.40 4.3632e-22
938.60 4.4138e-22
938.80 4.4638e-22
939.00 4.5168e-22
939.20 4.5698e-22
939.40 4.6208e-22
939.60 4.6736e-22
939.80 4.7288e-22
940.00 4.7829e-22
940.20 4.8364e-22
940.40 4.8924e-22
940.60 4.9503e-22
940.80 5.0062e-22
941.00 5.0622e-22
941.20 5.1211e-22
941.40 5.1797e-22
941.60 5.2356e-22
941.80 5.2936e-22
942.00 5.3540e-22
942.20 5.4132e-22
942.40 5.4706e-22
942.60 5.5307e-22
942.80 5.5922e-22
943.00 5.6517e-22
943.20 5.7116e-22
943.40 5.7744e-22
943.60 5.8371e-22
943.80 5.8976e-22
944.00 5.9604e-22
944.20 6.0259e-22
944.40 6.0888e-22
944.60 6.1505e-22
944.80 6.2158e-22
945.00 6.2826e-22
945.20 6.3459e-22
945.40 6.4103e-22
945.60 6.4782e-22
945.80 6.5456e-22
946.00 6.6101e-22
946.20 6.6768e-22
946.40 6.7466e-22
946.60 6.8137e-22
946.80 6.8800e-22
947.00 6.9493e-22
947.20 7.0189e-22
947.40 7.0852e-22
947.60 7.1521e-22
947.80 7.2229e-22
948.00 7.2916e-22
948.20 7.3573e-22
948.40 7.4265e-22
948.60 7.4990e-22
948.80 7.5680e-22
949.00 7.6359e-22
949.20 7.7081e-22
949.40 7.7816e-22
949.60 7.8509e-22
949.80 7.9216e-22
950.00 7.9973e-22
950.20 8.0712e-22
950.40 8.1424e-22
950.60 8.2176e-22
950.80 8.2953e-22
951.00 8.3697e-22
951.20 8.4422e-22
951.40 8.5206e-22
951.60 8.5981e-22
951.80 8.6706e-22
952.00 8.7453e-22
952.20 8.8244e-22
952.40 8.9008e-22
952.60 8.9734e-22
952.80 9.0513e-22
953.00 9.1314e-22
953.20 9.2069e-22
953.40 9.2814e-22
953.60 9.3626e-22
953.80 9.4445e-22
954.00 9.5224e-22
954.20 9.6038e-22
954.40 9.6914e-22
954.60 9.7764e-22
954.80 9.8581e-22
955.00 9.9448e-22
955.20 1.0036e-21
955.40 1.0121e-21
955.60 1.0207e-21
955.80 1.0300e-21
956.00 1.0393e-21
956.20 1.0482e-21
956.40 1.0575e-21
956.60 1.0674e-21
956.80 1.0771e-21
957.00 1.0865e-21
957.20 1.0968e-21
957.40 1.1074e-21
957.60 1.1176e-21
957.80 1.1280e-21
958.00 1.1392e-21
958.20 1.1505e-21
958.40 1.1613e-21
958.60 1.1726e-21
958.80 1.1847e-21
959.00 1.1964e-21
959.20 1.2078e-21
959.40 1.2201e-21
959.60 1.2328e-21
959.80 1.2451e-21
960.00 1.2576e-21
960.20 1.2711e-21
960.40 1.2846e-21
960.60 1.2978e-21
960.80 1.3118e-21
961.00 1.3265e-21
961.20 1.3411e-21
961.40 1.3557e-21
961.60 1.3714e-21
961.80 1.3875e-21
962.00 1.4032e-21
962.20 1.4194e-21
962.40 1.4366e-21
962.60 1.4539e-21
962.80 1.4708e-21
963.00 1.4886e-21
963.20 1.5074e-21
963.40 1.5258e-21
963.60 1.5444e-21
963.80 1.5640e-21
964.00 1.5843e-21
964.20 1.6042e-21
964.40 1.6251e-21
964.60 1.6472e-21
964.80 1.6694e-21
965.00 1.6917e-21
965.20 1.7153e-21
965.40 1.7398e-21
965.60 1.7646e-21
965.80 1.7900e-21
966.00 1.8168e-21
966.20 1.8447e-21
966.40 1.8726e-21
966.60 1.9017e-21
966.80 1.9328e-21
967.00 1.9646e-21
967.20 1.9972e-21
967.40 2.0320e-21
967.60 2.0692e-21
967.80 2.1080e-21
968.00 2.1488e-21
968.20 2.1930e-21
968.40 2.2410e-21
968.60 2.2921e-21
968.80 2.3476e-21
969.00 2.4093e-21
969.20 2.4777e-21
969.40 2.5540e-21
969.60 2.6403e-21
969.80 2.7391e-21
970.00 2.8523e-21
970.20 2.9820e-21
970.40 3.1333e-21
970.60 3.3106e-21
970.80 3.5171e-21
971.00 3.7570e-21
971.20 4.0367e-21
971.40 4.3582e-21
971.60 4.7357e-21
971.80 5.1417e-21
972.00 5.6034e-21
972.20 6.0921e-21
972.40 6.6090e-21
972.60 7.1103e-21
972.80 7.6563e-21
973.00 8.1574e-21
973.20 8.6382e-21
973.40 9.0763e-21
973.60 9.5017e-21
973.80 9.8685e-21
974.00 1.0169e-20
974.20 1.0420e-20
974.40 1.0637e-20
974.60 1.0810e-20
974.80 1.0942e-20
975.00 1.1065e-20
975.20 1.1192e-20
975.40 1.1309e-20
975.60 1.1414e-20
975.80 1.1520e-20
976.00 1.1626e-20
976.20 1.1729e-20
976.40 1.1830e-20
976.60 1.1963e-20
976.80 1.2031e-20
977.00 1.2096e-20
977.20 1.2141e-20
977.40 1.2168e-20
977.60 1.2116e-20
977.80 1.2014e-20
978.00 1.1877e-20
978.20 1.1696e-20
978.40 1.1453e-20
978.60 1.1169e-20
978.80 1.0862e-20
979.00 1.0520e-20
979.20 1.0132e-20
979.40 9.7338e-21
979.60 9.3127e-21
979.80 8.9182e-21
980.00 8.5224e-21
980.20 8.1551e-21
980.40 7.7921e-21
980.60 7.4504e-21
980.80 7.1230e-21
981.00 6.8293e-21
981.20 6.5464e-21
981.40 6.2846e-21
981.60 6.0435e-21
981.80 5.8221e-21
982.00 5.6182e-21
982.20 5.4343e-21
982.40 5.2689e-21
982.60 5.1184e-21
982.80 4.9842e-21
983.00 4.8652e-21
983.20 4.7589e-21
983.40 4.6632e-21
983.60 4.5782e-21
983.80 4.5028e-21
984.00 4.4352e-21
984.20 4.3753e-21
984.40 4.3239e-21
984.60 4.2807e-21
984.80 4.2441e-21
985.00 4.2131e-21
985.20 4.1874e-21
985.40 4.1645e-21
985.60 4.1441e-21
985.80 4.1257e-21
986.00 4.1093e-21
986.20 4.0955e-21
986.40 4.0852e-21
986.60 4.0786e-21
986.80 4.0755e-21
987.00 4.0750e-21
987.20 4.0760e-21
987.40 4.0771e-21
987.60 4.0775e-21
987.80 4.0768e-21
988.00 4.0755e-21
988.20 4.0742e-21
988.40 4.0740e-21
988.60 4.0754e-21
988.80 4.0786e-21
989.00 4.0831e-21
989.20 4.0880e-21
989.40 4.0924e-21
989.60 4.0954e-21
989.80 4.0967e-21
990.00 4.0970e-21
990.20 4.0974e-21
990.40 4.0988e-21
990.60 4.1019e-21
990.80 4.1071e-21
991.00 4.1144e-21
991.20 4.1234e-21
991.40 4.1331e-21
991.60 4.1429e-21
991.80 4.1519e-21
992.00 4.1596e-21
992.20 4.1660e-21
992.40 4.1713e-21
992.60 4.1758e-21
992.80 4.1801e-21
993.00 4.1849e-21
993.20 4.1908e-21
993.40 4.1981e-21
993.60 4.2070e-21
993.80 4.2175e-21
994.00 4.2293e-21
994.20 4.2421e-21
994.40 4.2553e-21
994.60 4.2687e-21
994.80 4.2820e-21
995.00 4.2953e-21
995.20 4.3089e-21
995.40 4.3233e-21
995.60 4.3390e-21
995.80 4.3559e-21
996.00 4.3738e-21
996.20 4.3920e-21
996.40 4.4094e-21
996.60 4.4250e-21
996.80 4.4380e-21
997.00 4.4486e-21
997.20 4.4574e-21
997.40 4.4659e-21
997.60 4.4758e-21
997.80 4.4885e-21
998.00 4.5048e-21
998.20 4.5241e-21
998.40 4.5450e-21
998.60 4.5647e-21
998.80 4.5806e-21
999.00 4.5903e-21
999.20 4.5927e-21
999.40 4.5885e-21
999.60 4.5796e-21
999.80 4.5696e-21
1000.00 4.5620e-21
1000.20 4.5600e-21
1000.40 4.5653e-21
1000.60 4.5781e-21
1000.80 4.5966e-21
1001.00 4.6182e-21
1001.20 4.6395e-21
1001.40 4.6580e-21
1001.60 4.6720e-21
1001.80 4.6816e-21
1002.00 4.6880e-21
1002.20 4.6931e-21
1002.40 4.6990e-21
1002.60 4.7072e-21
1002.80 4.7182e-21
1003.00 4.7314e-21
1003.20 4.7454e-21
1003.40 4.7585e-21
1003.60 4.7694e-21
1003.80 4.7772e-21
1004.00 4.7823e-21
1004.20 4.7856e-21
1004.40 4.7884e-21
1004.60 4.7920e-21
1004.80 4.7970e-21
1005.00 4.8036e-21
1005.20 4.8110e-21
1005.40 4.8183e-21
1005.60 4.8243e-21
1005.80 4.8283e-21
1006.00 4.8303e-21
1006.20 4.8307e-21
1006.40 4.8306e-21
1006.60 4.8311e-21
1006.80 4.8334e-21
1007.00 4.8377e-21
1007.20 4.8438e-21
1007.40 4.8511e-21
1007.60 4.8582e-21
1007.80 4.8639e-21
1008.00 4.8671e-21
1008.20 4.8675e-21
1008.40 4.8651e-21
1008.60 4.8608e-21
1008.80 4.8556e-21
1009.00 4.8508e-21
1009.20 4.8474e-21
1009.40 4.8461e-21
1009.60 4.8470e-21
1009.80 4.8496e-21
1010.00 4.8529e-21
1010.20 4.8559e-21
1010.40 4.8574e-21
1010.60 4.8568e-21
1010.80 4.8538e-21
1011.00 4.8487e-21
1011.20 4.8424e-21
1011.40 4.8360e-21
1011.60 4.8308e-21
1011.80 4.8276e-21
1012.00 4.8270e-21
1012.20 4.8286e-21
1012.40 4.8318e-21
1012.60 4.8352e-21
1012.80 4.8375e-21
1013.00 4.8375e-21
1013.20 4.8346e-21
1013.40 4.8287e-21
1013.60 4.8204e-21
1013.80 4.8107e-21
1014.00 4.8008e-21
1014.20 4.7916e-21
1014.40 4.7839e-21
1014.60 4.7776e-21
1014.80 4.7724e-21
1015.00 4.7677e-21
1015.20 4.7626e-21
1015.40 4.7567e-21
1015.60 4.7497e-21
1015.80 4.7420e-21
1016.00 4.7338e-21
1016.20 4.7259e-21
1016.40 4.7186e-21
1016.60 4.7121e-21
1016.80 4.7062e-21
1017.00 4.7006e-21
1017.20 4.6948e-21
1017.40 4.6883e-21
1017.60 4.6810e-21
1017.80 4.6727e-21
1018.00 4.6638e-21
1018.20 4.6546e-21
1018.40 4.6455e-21
1018.60 4.6365e-21
1018.80 4.6276e-21
1019.00 4.6185e-21
1019.20 4.6090e-21
1019.40 4.5987e-21
1019.60 4.5876e-21
1019.80 4.5758e-21
1020.00 4.5635e-21
1020.20 4.5513e-21
1020.40 4.5394e-21
1020.60 4.5281e-21
1020.80 4.5176e-21
1021.00 4.5077e-21
1021.20 4.4982e-21
1021.40 4.4889e-21
1021.60 4.4796e-21
1021.80 4.4703e-21
1022.00 4.4609e-21
1022.20 4.4514e-21
1022.40 4.4417e-21
1022.60 4.4318e-21
1022.80 4.4213e-21
1023.00 4.4101e-21
1023.20 4.3979e-21
1023.40 4.3848e-21
1023.60 4.3708e-21
1023.80 4.3563e-21
1024.00 4.3417e-21
1024.20 4.3276e-21
1024.40 4.3143e-21
1024.60 4.3019e-21
1024.80 4.2904e-21
1025.00 4.2797e-21
1025.20 4.2692e-21
1025.40 4.2585e-21
1025.60 4.2473e-21
1025.80 4.2352e-21
1026.00 4.2218e-21
1026.20 4.2072e-21
1026.40 4.1911e-21
1026.60 4.1738e-21
1026.80 4.1552e-21
1027.00 4.1358e-21
1027.20 4.1161e-21
1027.40 4.0965e-21
1027.60 4.0779e-21
1027.80 4.0605e-21
1028.00 4.0448e-21
1028.20 4.0305e-21
1028.40 4.0172e-21
1028.60 4.0041e-21
1028.80 3.9900e-21
1029.00 3.9743e-21
1029.20 3.9562e-21
1029.40 3.9358e-21
1029.60 3.9137e-21
1029.80 3.8908e-21
1030.00 3.8684e-21
1030.20 3.8475e-21
1030.40 3.8289e-21
1030.60 3.8130e-21
1030.80 3.7993e-21
1031.00 3.7870e-21
1031.20 3.7752e-21
1031.40 3.7628e-21
1031.60 3.7490e-21
1031.80 3.7337e-21
1032.00 3.7170e-21
1032.20 3.6993e-21
1032.40 3.6812e-21
1032.60 3.6634e-21
1032.80 3.6460e-21
1033.00 3.6292e-21
1033.20 3.6128e-21
1033.40 3.5965e-21
1033.60 3.5800e-21
1033.80 3.5632e-21
1034.00 3.5460e-21
1034.20 3.5285e-21
1034.40 3.5110e-21
1034.60 3.4934e-21
1034.80 3.4760e-21
1035.00 3.4586e-21
1035.20 3.4411e-21
1035.40 3.4234e-21
1035.60 3.4057e-21
1035.80 3.3879e-21
1036.00 3.3704e-21
1036.20 3.3535e-21
1036.40 3.3374e-21
1036.60 3.3223e-21
1036.80 3.3080e-21
1037.00 3.2943e-21
1037.20 3.2808e-21
1037.40 3.2669e-21
1037.60 3.2522e-21
1037.80 3.2367e-21
1038.00 3.2204e-21
1038.20 3.2035e-21
1038.40 3.1865e-21
1038.60 3.1699e-21
1038.80 3.1541e-21
1039.00 3.1393e-21
1039.20 3.1256e-21
1039.40 3.1128e-21
1039.60 3.1006e-21
1039.80 3.0885e-21
1040.00 3.0762e-21
1040.20 3.0633e-21
1040.40 3.0497e-21
1040.60 3.0353e-21
1040.80 3.0204e-21
1041.00 3.0053e-21
1041.20 2.9901e-21
1041.40 2.9754e-21
1041.60 2.9613e-21
1041.80 2.9481e-21
1042.00 2.9357e-21
1042.20 2.9240e-21
1042.40 2.9128e-21
1042.60 2.9017e-21
1042.80 2.8907e-21
1043.00 2.8794e-21
1043.20 2.8679e-21
1043.40 2.8563e-21
1043.60 2.8447e-21
1043.80 2.8333e-21
1044.00 2.8220e-21
1044.20 2.8109e-21
1044.40 2.7998e-21
1044.60 2.7885e-21
1044.80 2.7767e-21
1045.00 2.7644e-21
1045.20 2.7517e-21
1045.40 2.7389e-21
1045.60 2.7262e-21
1045.80 2.7142e-21
1046.00 2.7030e-21
1046.20 2.6927e-21
1046.40 2.6832e-21
1046.60 2.6738e-21
1046.80 2.6643e-21
1047.00 2.6541e-21
1047.20 2.6429e-21
1047.40 2.6308e-21
1047.60 2.6182e-21
1047.80 2.6054e-21
1048.00 2.5930e-21
1048.20 2.5815e-21
1048.40 2.5710e-21
1048.60 2.5613e-21
1048.80 2.5521e-21
1049.00 2.5430e-21
1049.20 2.5334e-21
1049.40 2.5233e-21
1049.60 2.5126e-21
1049.80 2.5015e-21
1050.00 2.4906e-21
1050.20 2.4803e-21
1050.40 2.4709e-21
1050.60 2.4625e-21
1050.80 2.4550e-21
1051.00 2.4478e-21
1051.20 2.4406e-21
1051.40 2.4329e-21
1051.60 2.4245e-21
1051.80 2.4153e-21
1052.00 2.4055e-21
1052.20 2.3954e-21
1052.40 2.3853e-21
1052.60 2.3755e-21
1052.80 2.3659e-21
1053.00 2.3566e-21
1053.20 2.3473e-21
1053.40 2.3379e-21
1053.60 2.3281e-21
1053.80 2.3178e-21
1054.00 2.3071e-21
1054.20 2.2962e-21
1054.40 2.2852e-21
1054.60 2.2744e-21
1054.80 2.2639e-21
1055.00 2.2540e-21
1055.20 2.2446e-21
1055.40 2.2358e-21
1055.60 2.2275e-21
1055.80 2.2195e-21
1056.00 2.2118e-21
1056.20 2.2041e-21
1056.40 2.1962e-21
1056.60 2.1878e-21
1056.80 2.1790e-21
1057.00 2.1695e-21
1057.20 2.1595e-21
1057.40 2.1491e-21
1057.60 2.1385e-21
1057.80 2.1280e-21
1058.00 2.1177e-21
1058.20 2.1077e-21
1058.40 2.0979e-21
1058.60 2.0881e-21
1058.80 2.0782e-21
1059.00 2.0680e-21
1059.20 2.0575e-21
1059.40 2.0468e-21
1059.60 2.0360e-21
1059.80 2.0255e-21
1060.00 2.0154e-21
1060.20 2.0057e-21
1060.40 1.9964e-21
1060.60 1.9871e-21
1060.80 1.9776e-21
1061.00 1.9676e-21
1061.20 1.9569e-21
1061.40 1.9456e-21
1061.60 1.9340e-21
1061.80 1.9224e-21
1062.00 1.9113e-21
1062.20 1.9008e-21
1062.40 1.8911e-21
1062.60 1.8819e-21
1062.80 1.8728e-21
1063.00 1.8635e-21
1063.20 1.8534e-21
1063.40 1.8425e-21
1063.60 1.8308e-21
1063.80 1.8187e-21
1064.00 1.8065e-21
1064.20 1.7949e-21
1064.40 1.7840e-21
1064.60 1.7742e-21
1064.80 1.7653e-21
1065.00 1.7571e-21
1065.20 1.7491e-21
1065.40 1.7410e-21
1065.60 1.7326e-21
1065.80 1.7236e-21
1066.00 1.7142e-21
1066.20 1.7044e-21
1066.40 1.6942e-21
1066.60 1.6837e-21
1066.80 1.6731e-21
1067.00 1.6621e-21
1067.20 1.6509e-21
1067.40 1.6394e-21
1067.60 1.6278e-21
1067.80 1.6163e-21
1068.00 1.6052e-21
1068.20 1.5946e-21
1068.40 1.5846e-21
1068.60 1.5751e-21
1068.80 1.5659e-21
1069.00 1.5568e-21
1069.20 1.5474e-21
1069.40 1.5375e-21
1069.60 1.5271e-21
1069.80 1.5162e-21
1070.00 1.5052e-21
1070.20 1.4942e-21
1070.40 1.4836e-21
1070.60 1.4734e-21
1070.80 1.4638e-21
1071.00 1.4546e-21
1071.20 1.4456e-21
1071.40 1.4365e-21
1071.60 1.4273e-21
1071.80 1.4178e-21
1072.00 1.4080e-21
1072.20 1.3980e-21
1072.40 1.3878e-21
1072.60 1.3775e-21
1072.80 1.3672e-21
1073.00 1.3570e-21
1073.20 1.3468e-21
1073.40 1.3368e-21
1073.60 1.3269e-21
1073.80 1.3171e-21
1074.00 1.3073e-21
1074.20 1.2976e-21
1074.40 1.2878e-21
1074.60 1.2780e-21
1074.80 1.2681e-21
1075.00 1.2580e-21
1075.20 1.2479e-21
1075.40 1.2379e-21
1075.60 1.2282e-21
1075.80 1.2189e-21
1076.00 1.2102e-21
1076.20 1.2020e-21
1076.40 1.1940e-21
1076.60 1.1861e-21
1076.80 1.1779e-21
1077.00 1.1692e-21
1077.20 1.1598e-21
1077.40 1.1497e-21
1077.60 1.1391e-21
1077.80 1.1284e-21
1078.00 1.1178e-21
1078.20 1.1076e-21
1078.40 1.0980e-21
1078.60 1.0890e-21
1078.80 1.0804e-21
1079.00 1.0721e-21
1079.20 1.0639e-21
1079.40 1.0556e-21
1079.60 1.0472e-21
1079.80 1.0386e-21
1080.00 1.0301e-21
1080.20 1.0217e-21
1080.40 1.0135e-21
1080.60 1.0054e-21
1080.80 9.9745e-22
1081.00 9.8951e-22
1081.20 9.8152e-22
1081.40 9.7347e-22
1081.60 9.6541e-22
1081.80 9.5744e-22
1082.00 9.4964e-22
1082.20 9.4208e-22
1082.40 9.3474e-22
1082.60 9.2753e-22
1082.80 9.2031e-22
1083.00 9.1295e-22
1083.20 9.0540e-22
1083.40 8.9766e-22
1083.60 8.8984e-22
1083.80 8.8208e-22
1084.00 8.7449e-22
1084.20 8.6713e-22
1084.40 8.5994e-22
1084.60 8.5274e-22
1084.80 8.4532e-22
1085.00 8.3748e-22
1085.20 8.2914e-22
1085.40 8.2037e-22
1085.60 8.1139e-22
1085.80 8.0254e-22
1086.00 7.9417e-22
1086.20 7.8655e-22
1086.40 7.7979e-22
1086.60 7.7380e-22
1086.80 7.6830e-22
1087.00 7.6293e-22
1087.20 7.5733e-22
1087.40 7.5123e-22
1087.60 7.4455e-22
1087.80 7.3737e-22
1088.00 7.2991e-22
1088.20 7.2244e-22
1088.40 7.1523e-22
1088.60 7.0842e-22
1088.80 7.0205e-22
1089.00 6.9603e-22
1089.20 6.9021e-22
1089.40 6.8442e-22
1089.60 6.7853e-22
1089.80 6.7249e-22
1090.00 6.6630e-22
1090.20 6.6001e-22
1090.40 6.5369e-22
1090.60 6.4740e-22
1090.80 6.4117e-22
1091.00 6.3500e-22
1091.20 6.2890e-22
1091.40 6.2289e-22
1091.60 6.1700e-22
1091.80 6.1126e-22
1092.00 6.0568e-22
1092.20 6.0026e-22
1092.40 5.9492e-22
1092.60 5.8957e-22
1092.80 5.8411e-22
1093.00 5.7846e-22
1093.20 5.7264e-22
1093.40 5.6673e-22
1093.60 5.6087e-22
1093.80 5.5527e-22
1094.00 5.5007e-22
1094.20 5.4535e-22
1094.40 5.4106e-22
1094.60 5.3705e-22
1094.80 5.3308e-22
1095.00 5.2892e-22
1095.20 5.2439e-22
1095.40 5.1944e-22
1095.60 5.1414e-22
1095.80 5.0865e-22
1096.00 5.0322e-22
1096.20 4.9802e-22
1096.40 4.9319e-22
1096.60 4.8873e-22
1096.80 4.8453e-22
1097.00 4.8043e-22
1097.20 4.7628e-22
1097.40 4.7196e-22
1097.60 4.6744e-22
1097.80 4.6278e-22
1098.00 4.5808e-22
1098.20 4.5345e-22
1098.40 4.4897e-22
1098.60 4.4463e-22
1098.80 4.4040e-22
1099.00 4.3618e-22
1099.20 4.3190e-22
1099.40 4.2752e-22
1099.60 4.2309e-22
1099.80 4.1869e-22
1100.00 4.1443e-22
1100.20 4.1039e-22
1100.40 4.0660e-22
1100.60 4.0304e-22
1100.80 3.9960e-22
1101.00 3.9615e-22
1101.20 3.9259e-22
1101.40 3.8886e-22
1101.60 3.8496e-22
1101.80 3.8097e-22
1102.00 3.7700e-22
1102.20 3.7314e-22
1102.40 3.6947e-22
1102.60 3.6597e-22
1102.80 3.6261e-22
1103.00 3.5931e-22
1103.20 3.5601e-22
1103.40 3.5267e-22
1103.60 3.4929e-22
1103.80 3.4593e-22
1104.00 3.4265e-22
1104.20 3.3947e-22
1104.40 3.3641e-22
1104.60 3.3341e-22
1104.80 3.3040e-22
1105.00 3.2732e-22
1105.20 3.2412e-22
1105.40 3.2082e-22
1105.60 3.1748e-22
1105.80 3.1417e-22
1106.00 3.1100e-22
1106.20 3.0800e-22
1106.40 3.0517e-22
1106.60 3.0243e-22
1106.80 2.9969e-22
1107.00 2.9686e-22
1107.20 2.9389e-22
1107.40 2.9081e-22
1107.60 2.8770e-22
1107.80 2.8469e-22
1108.00 2.8189e-22
1108.20 2.7939e-22
1108.40 2.7716e-22
1108.60 2.7513e-22
1108.80 2.7315e-22
1109.00 2.7108e-22
1109.20 2.6881e-22
1109.40 2.6631e-22
1109.60 2.6364e-22
1109.80 2.6091e-22
1110.00 2.5824e-22
1110.20 2.5573e-22
1110.40 2.5342e-22
1110.60 2.5126e-22
1110.80 2.4917e-22
1111.00 2.4702e-22
1111.20 2.4470e-22
1111.40 2.4220e-22
1111.60 2.3954e-22
1111.80 2.3684e-22
1112.00 2.3420e-22
1112.20 2.3177e-22
1112.40 2.2959e-22
1112.60 2.2766e-22
1112.80 2.2590e-22
1113.00 2.2423e-22
1113.20 2.2251e-22
1113.40 2.2068e-22
1113.60 2.1871e-22
1113.80 2.1665e-22
1114.00 2.1454e-22
1114.20 2.1249e-22
1114.40 2.1054e-22
1114.60 2.0872e-22
1114.80 2.0702e-22
1115.00 2.0540e-22
1115.20 2.0380e-22
1115.40 2.0216e-22
1115.60 2.0046e-22
1115.80 1.9868e-22
1116.00 1.9682e-22
1116.20 1.9489e-22
1116.40 1.9292e-22
1116.60 1.9093e-22
1116.80 1.8895e-22
1117.00 1.8702e-22
1117.20 1.8521e-22
1117.40 1.8354e-22
1117.60 1.8204e-22
1117.80 1.8070e-22
1118.00 1.7947e-22
1118.20 1.7826e-22
1118.40 1.7696e-22
1118.60 1.7550e-22
1118.80 1.7386e-22
1119.00 1.7205e-22
1119.20 1.7019e-22
1119.40 1.6841e-22
1119.60 1.6684e-22
1119.80 1.6555e-22
1120.00 1.6453e-22
1120.20 1.6367e-22
1120.40 1.6279e-22
1120.60 1.6172e-22
1120.80 1.6030e-22
1121.00 1.5849e-22
1121.20 1.5636e-22
1121.40 1.5408e-22
1121.60 1.5188e-22
1121.80 1.4997e-22
1122.00 1.4848e-22
1122.20 1.4744e-22
1122.40 1.4674e-22
1122.60 1.4622e-22
1122.80 1.4567e-22
1123.00 1.4496e-22
1123.20 1.4402e-22
1123.40 1.4287e-22
1123.60 1.4162e-22
1123.80 1.4037e-22
1124.00 1.3921e-22
1124.20 1.3813e-22
1124.40 1.3706e-22
1124.60 1.3591e-22
1124.80 1.3456e-22
1125.00 1.3300e-22
1125.20 1.3130e-22
1125.40 1.2961e-22
1125.60 1.2815e-22
1125.80 1.2708e-22
1126.00 1.2651e-22
1126.20 1.2639e-22
1126.40 1.2654e-22
1126.60 1.2669e-22
1126.80 1.2658e-22
1127.00 1.2600e-22
1127.20 1.2489e-22
1127.40 1.2335e-22
1127.60 1.2159e-22
1127.80 1.1985e-22
1128.00 1.1837e-22
1128.20 1.1726e-22
1128.40 1.1651e-22
1128.60 1.1598e-22
1128.80 1.1548e-22
1129.00 1.1485e-22
1129.20 1.1398e-22
1129.40 1.1290e-22
1129.60 1.1171e-22
1129.80 1.1059e-22
1130.00 1.0967e-22
1130.20 1.0902e-22
1130.40 1.0860e-22
1130.60 1.0826e-22
1130.80 1.0783e-22
1131.00 1.0717e-22
1131.20 1.0621e-22
1131.40 1.0499e-22
1131.60 1.0364e-22
1131.80 1.0235e-22
1132.00 1.0125e-22
1132.20 1.0041e-22
1132.40 9.9782e-23
1132.60 9.9237e-23
1132.80 9.8604e-23
1133.00 9.7743e-23
1133.20 9.6597e-23
1133.40 9.5221e-23
1133.60 9.3760e-23
1133.80 9.2397e-23
1134.00 9.1284e-23
1134.20 9.0489e-23
1134.40 8.9972e-23
1134.60 8.9605e-23
1134.80 8.9224e-23
1135.00 8.8701e-23
1135.20 8.7996e-23
1135.40 8.7175e-23
1135.60 8.6387e-23
1135.80 8.5803e-23
1136.00 8.5542e-23
1136.20 8.5615e-23
1136.40 8.5902e-23
1136.60 8.6189e-23
1136.80 8.6232e-23
1137.00 8.5846e-23
1137.20 8.4968e-23
1137.40 8.3691e-23
1137.60 8.2229e-23
1137.80 8.0854e-23
1138.00 7.9798e-23
1138.20 7.9176e-23
1138.40 7.8950e-23
1138.60 7.8948e-23
1138.80 7.8927e-23
1139.00 7.8663e-23
1139.20 7.8038e-23
1139.40 7.7075e-23
1139.60 7.5932e-23
1139.80 7.4836e-23
1140.00 7.3997e-23
1140.20 7.3526e-23
1140.40 7.3394e-23
1140.60 7.3443e-23
1140.80 7.3447e-23
1141.00 7.3199e-23
1141.20 7.2596e-23
1141.40 7.1676e-23
1141.60 7.0609e-23
1141.80 6.9632e-23
1142.00 6.8951e-23
1142.20 6.8665e-23
1142.40 6.8714e-23
1142.60 6.8899e-23
1142.80 6.8952e-23
1143.00 6.8635e-23
1143.20 6.7832e-23
1143.40 6.6604e-23
1143.60 6.5167e-23
1143.80 6.3825e-23
1144.00 6.2858e-23
1144.20 6.2421e-23
1144.40 6.2482e-23
1144.60 6.2838e-23
1144.80 6.3182e-23
1145.00 6.3226e-23
1145.20 6.2805e-23
1145.40 6.1944e-23
1145.60 6.0854e-23
1145.80 5.9848e-23
1146.00 5.9218e-23
1146.20 5.9115e-23
1146.40 5.9475e-23
1146.60 6.0030e-23
1146.80 6.0396e-23
1147.00 6.0228e-23
1147.20 5.9358e-23
1147.40 5.7892e-23
1147.60 5.6202e-23
1147.80 5.4813e-23
1148.00 5.4219e-23
1148.20 5.4671e-23
1148.40 5.6036e-23
1148.60 5.7750e-23
1148.80 5.8926e-23
1149.00 5.8566e-23
1149.20 5.5845e-23
1149.40 5.0362e-23
1149.60 4.2300e-23
1149.80 0.0000e+00