800.000000  -2.105054e-24
800.200000  -9.960739e-24
800.400000  -5.597104e-24
800.600000  1.515498e-24
800.800000  -7.099260e-24
801.000000  -1.220067e-23
801.200000  -1.968204e-24
801.400000  6.569860e-25
801.600000  -1.020097e-23
801.800000  -6.505398e-24
802.000000  3.012928e-24
802.200000  -2.467946e-24
802.400000  -1.158936e-23
802.600000  -4.082878e-24
802.800000  9.412343e-25
803.000000  -7.581997e-24
803.200000  -1.017214e-23
803.400000  -1.065174e-24
803.600000  -7.397846e-25
803.800000  -1.084802e-23
804.000000  -8.329088e-24
804.200000  3.055374e-24
804.400000  -4.365855e-24
804.600000  -1.233783e-23
804.800000  -2.259721e-24
805.000000  2.189184e-24
805.200000  -5.054279e-24
805.400000  -7.873926e-24
805.600000  3.679500e-24
805.800000  1.402376e-24
806.000000  -8.739853e-24
806.200000  -6.451865e-24
806.400000  2.237064e-24
806.600000  -3.810788e-24
806.800000  -1.118759e-23
807.000000  -4.136669e-24
807.200000  4.160574e-25
807.400000  -7.295113e-24
807.600000  -6.685090e-24
807.800000  4.876866e-24
808.000000  3.608639e-24
808.200000  -6.740926e-24
808.400000  -1.682587e-24
808.600000  6.023255e-24
808.800000  -1.096674e-24
809.000000  -8.187211e-24
809.200000  1.014835e-24
809.400000  6.508145e-24
809.600000  -4.329604e-24
809.800000  -5.384178e-24
810.000000  3.397170e-24
810.200000  1.750877e-24
810.400000  -7.511352e-24
810.600000  -6.395433e-25
810.800000  6.656461e-24
811.000000  -8.350576e-26
811.200000  -6.814150e-24
811.400000  3.823945e-24
811.600000  5.076081e-24
811.800000  -4.461102e-24
812.000000  -6.411798e-24
812.200000  3.105929e-24
812.400000  -5.795406e-25
812.600000  -9.569437e-24
812.800000  -2.206422e-24
813.000000  6.884098e-24
813.200000  -1.523835e-24
813.400000  -7.693301e-24
813.600000  2.948806e-24
813.800000  4.123140e-24
814.000000  -5.759615e-24
814.200000  -4.587892e-24
814.400000  8.156444e-24
814.600000  2.693750e-24
814.800000  -3.775284e-24
815.000000  2.832552e-24
815.200000  9.692397e-24
815.400000  1.632611e-24
815.600000  -2.172828e-24
815.800000  8.225964e-24
816.000000  9.647191e-24
816.200000  -1.560976e-24
816.400000  -3.423353e-25
816.600000  8.925143e-24
816.800000  5.201507e-24
817.000000  -2.385742e-24
817.200000  6.230449e-24
817.400000  1.160125e-23
817.600000  1.963635e-24
817.800000  -2.182704e-24
818.000000  8.987149e-24
818.200000  7.894493e-24
818.400000  -1.497234e-24
818.600000  1.661906e-24
818.800000  1.318494e-23
819.000000  7.639735e-24
819.200000  1.177668e-24
819.400000  6.610820e-24
819.600000  1.077879e-23
819.800000  8.169023e-25
820.000000  -9.039458e-25
820.200000  9.382069e-24
820.400000  8.889748e-24
820.600000  4.146753e-26
820.800000  4.057086e-24
821.000000  1.399387e-23
821.200000  7.614880e-24
821.400000  -1.000397e-24
821.600000  7.601334e-24
821.800000  1.276363e-23
822.000000  4.102560e-24
822.200000  1.355852e-24
822.400000  1.327401e-23
822.600000  1.163405e-23
822.800000  -6.663951e-25
823.000000  3.291649e-24
823.200000  1.444680e-23
823.400000  8.405315e-24
823.600000  3.142576e-24
823.800000  1.333464e-23
824.000000  1.651109e-23
824.200000  4.229734e-24
824.400000  3.385483e-24
824.600000  1.449877e-23
824.800000  1.190754e-23
825.000000  2.301235e-24
825.200000  8.777249e-24
825.400000  1.808130e-23
825.600000  9.515617e-24
825.800000  4.290144e-24
826.000000  1.518120e-23
826.200000  1.897340e-23
826.400000  9.698692e-24
826.600000  1.043280e-23
826.800000  1.868352e-23
827.000000  1.369552e-23
827.200000  4.642115e-24
827.400000  1.221243e-23
827.600000  2.035164e-23
827.800000  1.316037e-23
828.000000  7.788828e-24
828.200000  1.871700e-23
828.400000  2.035081e-23
828.600000  8.712256e-24
828.800000  8.719679e-24
829.000000  1.790131e-23
829.200000  1.300575e-23
829.400000  4.637961e-24
829.600000  1.293119e-23
829.800000  2.136110e-23
830.000000  1.282855e-23
830.200000  8.473892e-24
830.400000  1.805122e-23
830.600000  1.960903e-23
830.800000  1.053697e-23
831.000000  1.266220e-23
831.200000  2.326644e-23
831.400000  1.772649e-23
831.600000  1.083347e-23
831.800000  1.882242e-23
832.000000  2.519395e-23
832.200000  1.636458e-23
832.400000  1.259543e-23
832.600000  2.334304e-23
832.800000  2.161660e-23
833.000000  1.204971e-23
833.200000  1.495884e-23
833.400000  2.625727e-23
833.600000  2.057329e-23
833.800000  1.375052e-23
834.000000  2.433793e-23
834.200000  3.029443e-23
834.400000  2.175084e-23
834.600000  1.932354e-23
834.800000  2.725516e-23
835.000000  2.420541e-23
835.200000  1.416099e-23
835.400000  1.895673e-23
835.600000  2.933146e-23
835.800000  2.211739e-23
836.000000  1.605416e-23
836.200000  2.507332e-23
836.400000  2.923725e-23
836.600000  1.803303e-23
836.800000  1.659930e-23
837.000000  2.845680e-23
837.200000  2.841412e-23
837.400000  2.085579e-23
837.600000  2.626879e-23
837.800000  3.520057e-23
838.000000  2.718229e-23
838.200000  1.982727e-23
838.400000  2.914920e-23
838.600000  3.175929e-23
838.800000  2.210896e-23
839.000000  2.218247e-23
839.200000  3.392998e-23
839.400000  3.145791e-23
839.600000  2.172851e-23
839.800000  2.820645e-23
840.000000  3.632461e-23
840.200000  2.993122e-23
840.400000  2.294662e-23
840.600000  3.327090e-23
840.800000  3.503777e-23
841.000000  2.413998e-23
841.200000  2.404175e-23
841.400000  3.608515e-23
841.600000  3.408562e-23
841.800000  2.700762e-23
842.000000  3.459770e-23
842.200000  4.131732e-23
842.400000  3.353592e-23
842.600000  2.766444e-23
842.800000  3.904742e-23
843.000000  4.129567e-23
843.200000  3.038391e-23
843.400000  3.323061e-23
843.600000  4.430873e-23
843.800000  3.770285e-23
844.000000  2.933340e-23
844.200000  3.518621e-23
844.400000  4.509708e-23
844.600000  3.587933e-23
844.800000  3.181377e-23
845.000000  4.270415e-23
845.200000  4.407853e-23
845.400000  3.360239e-23
845.600000  3.572407e-23
845.800000  4.677919e-23
846.000000  4.202444e-23
846.200000  3.383600e-23
846.400000  4.306650e-23
846.600000  4.880668e-23
846.800000  4.145425e-23
847.000000  3.563356e-23
847.200000  4.693646e-23
847.400000  4.718053e-23
847.600000  3.742266e-23
847.800000  4.142358e-23
848.000000  5.369216e-23
848.200000  4.847151e-23
848.400000  4.147977e-23
848.600000  5.090842e-23
848.800000  5.630518e-23
849.000000  4.708186e-23
849.200000  4.477051e-23
849.400000  5.675369e-23
849.600000  5.546145e-23
849.800000  4.408506e-23
850.000000  4.838433e-23
850.200000  5.639918e-23
850.400000  4.912992e-23
850.600000  4.317052e-23
850.800000  5.409982e-23
851.000000  6.059041e-23
851.200000  5.194098e-23
851.400000  5.334777e-23
851.600000  6.553183e-23
851.800000  6.327669e-23
852.000000  5.258014e-23
852.200000  5.791495e-23
852.400000  6.612677e-23
852.600000  5.794034e-23
852.800000  5.062538e-23
853.000000  6.287309e-23
853.200000  6.683255e-23
853.400000  5.641760e-23
853.600000  5.719994e-23
853.800000  7.012871e-23
854.000000  6.725231e-23
854.200000  5.880799e-23
854.400000  6.495924e-23
854.600000  7.340934e-23
854.800000  6.587403e-23
855.000000  5.997959e-23
855.200000  7.094870e-23
855.400000  7.314913e-23
855.600000  6.478022e-23
855.800000  6.664209e-23
856.000000  7.981118e-23
856.200000  7.562118e-23
856.400000  6.598900e-23
856.600000  7.550373e-23
856.800000  8.295763e-23
857.000000  7.696526e-23
857.200000  7.243694e-23
857.400000  8.468151e-23
857.600000  8.578681e-23
857.800000  7.620597e-23
858.000000  7.872132e-23
858.200000  9.006594e-23
858.400000  8.648569e-23
858.600000  7.996520e-23
858.800000  8.723030e-23
859.000000  9.480822e-23
859.200000  8.709310e-23
859.400000  8.192907e-23
859.600000  9.460023e-23
859.800000  9.267228e-23
860.000000  8.289655e-23
860.200000  8.664288e-23
860.400000  9.844636e-23
860.600000  9.382640e-23
860.800000  8.760787e-23
861.000000  9.688320e-23
861.200000  1.056458e-22
861.400000  9.818465e-23
861.600000  9.578001e-23
861.800000  1.099846e-22
862.000000  1.110543e-22
862.200000  1.014460e-22
862.400000  1.048406e-22
862.600000  1.165084e-22
862.800000  1.090309e-22
863.000000  1.011705e-22
863.200000  1.116937e-22
863.400000  1.173905e-22
863.600000  1.101201e-22
863.800000  1.094571e-22
864.000000  1.216641e-22
864.200000  1.210786e-22
864.400000  1.120016e-22
864.600000  1.185134e-22
864.800000  1.308681e-22
865.000000  1.270500e-22
865.200000  1.212520e-22
865.400000  1.319032e-22
865.600000  1.361710e-22
865.800000  1.277743e-22
866.000000  1.280422e-22
866.200000  1.410393e-22
866.400000  1.404997e-22
866.600000  1.331975e-22
866.800000  1.394859e-22
867.000000  1.483542e-22
867.200000  1.415170e-22
867.400000  1.373841e-22
867.600000  1.507829e-22
867.800000  1.544486e-22
868.000000  1.482427e-22
868.200000  1.493858e-22
868.400000  1.621579e-22
868.600000  1.594617e-22
868.800000  1.525357e-22
869.000000  1.600155e-22
869.200000  1.698418e-22
869.400000  1.636453e-22
869.600000  1.605784e-22
869.800000  1.727947e-22
870.000000  1.772964e-22
870.200000  1.685676e-22
870.400000  1.718423e-22
870.600000  1.859075e-22
870.800000  1.858226e-22
871.000000  1.804405e-22
871.200000  1.897716e-22
871.400000  1.984972e-22
871.600000  1.892094e-22
871.800000  1.864342e-22
872.000000  1.993942e-22
872.200000  2.033064e-22
872.400000  1.953678e-22
872.600000  1.997606e-22
872.800000  2.152108e-22
873.000000  2.134190e-22
873.200000  2.066405e-22
873.400000  2.158810e-22
873.600000  2.265837e-22
873.800000  2.206445e-22
874.000000  2.186400e-22
874.200000  2.335876e-22
874.400000  2.363531e-22
874.600000  2.293473e-22
874.800000  2.351844e-22
875.000000  2.478518e-22
875.200000  2.453773e-22
875.400000  2.397828e-22
875.600000  2.517802e-22
875.800000  2.618063e-22
876.000000  2.575138e-22
876.200000  2.579189e-22
876.400000  2.727196e-22
876.600000  2.764282e-22
876.800000  2.682403e-22
877.000000  2.753460e-22
877.200000  2.912621e-22
877.400000  2.871101e-22
877.600000  2.848684e-22
877.800000  2.988677e-22
878.000000  3.099078e-22
878.200000  3.027431e-22
878.400000  3.043707e-22
878.600000  3.197719e-22
878.800000  3.211447e-22
879.000000  3.155412e-22
879.200000  3.263652e-22
879.400000  3.403339e-22
879.600000  3.382714e-22
879.800000  3.342139e-22
880.000000  3.506605e-22
880.200000  3.588437e-22
880.400000  3.562379e-22
880.600000  3.594359e-22
880.800000  3.762423e-22
881.000000  3.772719e-22
881.200000  3.709107e-22
881.400000  3.819224e-22
881.600000  3.993903e-22
881.800000  4.000242e-22
882.000000  3.980656e-22
882.200000  4.149008e-22
882.400000  4.222282e-22
882.600000  4.175049e-22
882.800000  4.234830e-22
883.000000  4.424752e-22
883.200000  4.467375e-22
883.400000  4.417554e-22
883.600000  4.538426e-22
883.800000  4.697163e-22
884.000000  4.695695e-22
884.200000  4.725201e-22
884.400000  4.909526e-22
884.600000  5.003430e-22
884.800000  4.979980e-22
885.000000  5.061572e-22
885.200000  5.243211e-22
885.400000  5.270531e-22
885.600000  5.223944e-22
885.800000  5.370648e-22
886.000000  5.514394e-22
886.200000  5.538988e-22
886.400000  5.576428e-22
886.600000  5.785839e-22
886.800000  5.881024e-22
887.000000  5.863978e-22
887.200000  5.969196e-22
887.400000  6.163730e-22
887.600000  6.189024e-22
887.800000  6.185143e-22
888.000000  6.345600e-22
888.200000  6.499025e-22
888.400000  6.516765e-22
888.600000  6.587101e-22
888.800000  6.783630e-22
889.000000  6.878331e-22
889.200000  6.848518e-22
889.400000  6.999269e-22
889.600000  7.201874e-22
889.800000  7.244079e-22
890.000000  7.260492e-22
890.200000  7.453553e-22
890.400000  7.642969e-22
890.600000  7.646064e-22
890.800000  7.734282e-22
891.000000  7.970862e-22
891.200000  8.057348e-22
891.400000  8.075826e-22
891.600000  8.214170e-22
891.800000  8.407536e-22
892.000000  8.442875e-22
892.200000  8.471249e-22
892.400000  8.693535e-22
892.600000  8.848611e-22
892.800000  8.865327e-22
893.000000  8.961413e-22
893.200000  9.205286e-22
893.400000  9.276297e-22
893.600000  9.299423e-22
893.800000  9.493819e-22
894.000000  9.725102e-22
894.200000  9.754063e-22
894.400000  9.805752e-22
894.600000  1.003447e-21
894.800000  1.020435e-21
895.000000  1.023523e-21
895.200000  1.034880e-21
895.400000  1.059363e-21
895.600000  1.068769e-21
895.800000  1.072900e-21
896.000000  1.092123e-21
896.200000  1.118251e-21
896.400000  1.124906e-21
896.600000  1.131421e-21
896.800000  1.157022e-21
897.000000  1.172340e-21
897.200000  1.177168e-21
897.400000  1.191835e-21
897.600000  1.218888e-21
897.800000  1.230083e-21
898.000000  1.235435e-21
898.200000  1.258999e-21
898.400000  1.282614e-21
898.600000  1.288472e-21
898.800000  1.298071e-21
899.000000  1.325631e-21
899.200000  1.344106e-21
899.400000  1.349705e-21
899.600000  1.365738e-21
899.800000  1.396139e-21
900.000000  1.408087e-21
900.200000  1.416914e-21
900.400000  1.439738e-21
900.600000  1.465212e-21
900.800000  1.475830e-21
901.000000  1.487424e-21
901.200000  1.521067e-21
901.400000  1.535530e-21
901.600000  1.541550e-21
901.800000  1.562407e-21
902.000000  1.591550e-21
902.200000  1.604508e-21
902.400000  1.612850e-21
902.600000  1.641299e-21
902.800000  1.666963e-21
903.000000  1.676437e-21
903.200000  1.695236e-21
903.400000  1.724924e-21
903.600000  1.741861e-21
903.800000  1.750121e-21
904.000000  1.770527e-21
904.200000  1.802915e-21
904.400000  1.817179e-21
904.600000  1.830139e-21
904.800000  1.858162e-21
905.000000  1.880746e-21
905.200000  1.893056e-21
905.400000  1.908405e-21
905.600000  1.941210e-21
905.800000  1.958453e-21
906.000000  1.967821e-21
906.200000  1.994158e-21
906.400000  2.022679e-21
906.600000  2.037908e-21
906.800000  2.049461e-21
907.000000  2.080330e-21
907.200000  2.102296e-21
907.400000  2.110769e-21
907.600000  2.129286e-21
907.800000  2.161512e-21
908.000000  2.179500e-21
908.200000  2.190343e-21
908.400000  2.216866e-21
908.600000  2.243968e-21
908.800000  2.258326e-21
909.000000  2.269326e-21
909.200000  2.300427e-21
909.400000  2.326061e-21
909.600000  2.335354e-21
909.800000  2.352004e-21
910.000000  2.386752e-21
910.200000  2.405014e-21
910.400000  2.413133e-21
910.600000  2.437369e-21
910.800000  2.466211e-21
911.000000  2.477809e-21
911.200000  2.488535e-21
911.400000  2.516688e-21
911.600000  2.539688e-21
911.800000  2.550694e-21
912.000000  2.567552e-21
912.200000  2.598519e-21
912.400000  2.614328e-21
912.600000  2.619580e-21
912.800000  2.645530e-21
913.000000  2.671626e-21
913.200000  2.682369e-21
913.400000  2.694926e-21
913.600000  2.724029e-21
913.800000  2.748630e-21
914.000000  2.754568e-21
914.200000  2.768934e-21
914.400000  2.797873e-21
914.600000  2.813489e-21
914.800000  2.814725e-21
915.000000  2.836677e-21
915.200000  2.864492e-21
915.400000  2.870717e-21
915.600000  2.878368e-21
915.800000  2.908698e-21
916.000000  2.923992e-21
916.200000  2.927804e-21
916.400000  2.946060e-21
916.600000  2.975104e-21
916.800000  2.983094e-21
917.000000  2.985609e-21
917.200000  3.006418e-21
917.400000  3.028461e-21
917.600000  3.031460e-21
917.800000  3.039671e-21
918.000000  3.068504e-21
918.200000  3.077446e-21
918.400000  3.084485e-21
918.600000  3.097323e-21
918.800000  3.125147e-21
919.000000  3.130502e-21
919.200000  3.130760e-21
919.400000  3.147509e-21
919.600000  3.168684e-21
919.800000  3.169326e-21
920.000000  3.178752e-21
920.200000  3.201913e-21
920.400000  3.209504e-21
920.600000  3.203314e-21
920.800000  3.221824e-21
921.000000  3.240243e-21
921.200000  3.242385e-21
921.400000  3.242469e-21
921.600000  3.263031e-21
921.800000  3.277798e-21
922.000000  3.275785e-21
922.200000  3.277311e-21
922.400000  3.299828e-21
922.600000  3.304233e-21
922.800000  3.300188e-21
923.000000  3.314484e-21
923.200000  3.330368e-21
923.400000  3.327085e-21
923.600000  3.325756e-21
923.800000  3.346150e-21
924.000000  3.356129e-21
924.200000  3.351261e-21
924.400000  3.357723e-21
924.600000  3.374593e-21
924.800000  3.372832e-21
925.000000  3.368949e-21
925.200000  3.383834e-21
925.400000  3.398026e-21
925.600000  3.391676e-21
925.800000  3.391997e-21
926.000000  3.406369e-21
926.200000  3.413606e-21
926.400000  3.407737e-21
926.600000  3.411980e-21
926.800000  3.432404e-21
927.000000  3.429436e-21
927.200000  3.423969e-21
927.400000  3.434358e-21
927.600000  3.442736e-21
927.800000  3.439900e-21
928.000000  3.435330e-21
928.200000  3.450382e-21
928.400000  3.457756e-21
928.600000  3.450814e-21
928.800000  3.453452e-21
929.000000  3.467028e-21
929.200000  3.462647e-21
929.400000  3.459832e-21
929.600000  3.471888e-21
929.800000  3.484251e-21
930.000000  3.475700e-21
930.200000  3.473311e-21
930.400000  3.490976e-21
930.600000  3.495285e-21
930.800000  3.487592e-21
931.000000  3.491088e-21
931.200000  3.501496e-21
931.400000  3.495838e-21
931.600000  3.488551e-21
931.800000  3.504660e-21
932.000000  3.515269e-21
932.200000  3.507692e-21
932.400000  3.511517e-21
932.600000  3.528541e-21
932.800000  3.526880e-21
933.000000  3.517391e-21
933.200000  3.525363e-21
933.400000  3.538379e-21
933.600000  3.535159e-21
933.800000  3.530280e-21
934.000000  3.542455e-21
934.200000  3.555507e-21
934.400000  3.548057e-21
934.600000  3.549848e-21
934.800000  3.559877e-21
935.000000  3.563056e-21
935.200000  3.554883e-21
935.400000  3.562033e-21
935.600000  3.574814e-21
935.800000  3.568278e-21
936.000000  3.566844e-21
936.200000  3.580942e-21
936.400000  3.588140e-21
936.600000  3.578208e-21
936.800000  3.577321e-21
937.000000  3.594404e-21
937.200000  3.591641e-21
937.400000  3.581773e-21
937.600000  3.592849e-21
937.800000  3.606679e-21
938.000000  3.599358e-21
938.200000  3.596724e-21
938.400000  3.605167e-21
938.600000  3.615935e-21
938.800000  3.603538e-21
939.000000  3.602919e-21
939.200000  3.614232e-21
939.400000  3.615772e-21
939.600000  3.600572e-21
939.800000  3.613277e-21
940.000000  3.620914e-21
940.200000  3.616037e-21
940.400000  3.608657e-21
940.600000  3.619451e-21
940.800000  3.626157e-21
941.000000  3.615758e-21
941.200000  3.616013e-21
941.400000  3.627954e-21
941.600000  3.623401e-21
941.800000  3.614875e-21
942.000000  3.623696e-21
942.200000  3.630137e-21
942.400000  3.618572e-21
942.600000  3.612669e-21
942.800000  3.623288e-21
943.000000  3.623915e-21
943.200000  3.607632e-21
943.400000  3.612895e-21
943.600000  3.622865e-21
943.800000  3.617118e-21
944.000000  3.603512e-21
944.200000  3.608958e-21
944.400000  3.617177e-21
944.600000  3.604416e-21
944.800000  3.599400e-21
945.000000  3.607841e-21
945.200000  3.604364e-21
945.400000  3.592551e-21
945.600000  3.589572e-21
945.800000  3.598300e-21
946.000000  3.589267e-21
946.200000  3.576393e-21
946.400000  3.585163e-21
946.600000  3.590150e-21
946.800000  3.574842e-21
947.000000  3.564632e-21
947.200000  3.573172e-21
947.400000  3.569098e-21
947.600000  3.553020e-21
947.800000  3.551483e-21
948.000000  3.557401e-21
948.200000  3.544828e-21
948.400000  3.530175e-21
948.600000  3.533539e-21
948.800000  3.530917e-21
949.000000  3.516877e-21
949.200000  3.508934e-21
949.400000  3.517507e-21
949.600000  3.508072e-21
949.800000  3.488357e-21
950.000000  3.490006e-21
950.200000  3.493878e-21
950.400000  3.479114e-21
950.600000  3.463522e-21
950.800000  3.470692e-21
951.000000  3.466889e-21
951.200000  3.450076e-21
951.400000  3.439191e-21
951.600000  3.448333e-21
951.800000  3.441119e-21
952.000000  3.420254e-21
952.200000  3.420884e-21
952.400000  3.422504e-21
952.600000  3.405252e-21
952.800000  3.387109e-21
953.000000  3.388417e-21
953.200000  3.388828e-21
953.400000  3.365090e-21
953.600000  3.360028e-21
953.800000  3.364504e-21
954.000000  3.353773e-21
954.200000  3.335312e-21
954.400000  3.334131e-21
954.600000  3.337122e-21
954.800000  3.318505e-21
955.000000  3.304597e-21
955.200000  3.312333e-21
955.400000  3.308451e-21
955.600000  3.289250e-21
955.800000  3.284332e-21
956.000000  3.289047e-21
956.200000  3.279511e-21
956.400000  3.260491e-21
956.600000  3.262216e-21
956.800000  3.265481e-21
957.000000  3.250058e-21
957.200000  3.236029e-21
957.400000  3.246136e-21
957.600000  3.246773e-21
957.800000  3.227725e-21
958.000000  3.226119e-21
958.200000  3.235306e-21
958.400000  3.225814e-21
958.600000  3.212534e-21
958.800000  3.218180e-21
959.000000  3.223192e-21
959.200000  3.207980e-21
959.400000  3.202241e-21
959.600000  3.213568e-21
959.800000  3.212140e-21
960.000000  3.195790e-21
960.200000  3.198626e-21
960.400000  3.210761e-21
960.600000  3.203580e-21
960.800000  3.190821e-21
961.000000  3.201224e-21
961.200000  3.210922e-21
961.400000  3.199210e-21
961.600000  3.197528e-21
961.800000  3.212493e-21
962.000000  3.215316e-21
962.200000  3.204046e-21
962.400000  3.214807e-21
962.600000  3.228992e-21
962.800000  3.224842e-21
963.000000  3.220674e-21
963.200000  3.235816e-21
963.400000  3.243617e-21
963.600000  3.239018e-21
963.800000  3.242423e-21
964.000000  3.259074e-21
964.200000  3.267339e-21
964.400000  3.261039e-21
964.600000  3.274157e-21
964.800000  3.296044e-21
965.000000  3.295303e-21
965.200000  3.295393e-21
965.400000  3.315931e-21
965.600000  3.335211e-21
965.800000  3.336720e-21
966.000000  3.345897e-21
966.200000  3.374576e-21
966.400000  3.383834e-21
966.600000  3.388818e-21
966.800000  3.410772e-21
967.000000  3.444080e-21
967.200000  3.453340e-21
967.400000  3.470868e-21
967.600000  3.503431e-21
967.800000  3.532870e-21
968.000000  3.548964e-21
968.200000  3.580975e-21
968.400000  3.628539e-21
968.600000  3.667927e-21
968.800000  3.704347e-21
969.000000  3.764915e-21
969.200000  3.834210e-21
969.400000  3.894828e-21
969.600000  3.965277e-21
969.800000  4.067591e-21
970.000000  4.178475e-21
970.200000  4.306297e-21
970.400000  4.436311e-21
970.600000  4.619833e-21
970.800000  4.833230e-21
971.000000  5.062616e-21
971.200000  5.346573e-21
971.400000  5.667904e-21
971.600000  6.045173e-21
971.800000  6.467188e-21
972.000000  6.949266e-21
972.200000  7.484842e-21
972.400000  8.070565e-21
972.600000  8.701541e-21
972.800000  9.338199e-21
973.000000  1.002357e-20
973.200000  1.065416e-20
973.400000  1.132402e-20
973.600000  1.146699e-20
973.800000  1.181967e-20
974.000000  1.226760e-20
974.200000  1.243992e-20
974.400000  1.249919e-20
974.600000  1.271285e-20
974.800000  1.235955e-20
975.000000  1.268933e-20
975.200000  1.270596e-20
975.400000  1.277912e-20
975.600000  1.225807e-20
975.800000  1.274398e-20
976.000000  1.287089e-20
976.200000  1.297377e-20
976.400000  1.246774e-20
976.600000  1.281198e-20
976.800000  1.315517e-20
977.000000  1.260701e-20
977.200000  1.254220e-20
977.400000  1.258493e-20
977.600000  1.244255e-20
977.800000  1.239589e-20
978.000000  1.213151e-20
978.200000  1.184730e-20
978.400000  1.158047e-20
978.600000  1.118975e-20
978.800000  1.078701e-20
979.000000  1.043469e-20
979.200000  9.970207e-21
979.400000  9.452081e-21
979.600000  8.991272e-21
979.800000  8.564321e-21
980.000000  8.089816e-21
980.200000  7.696242e-21
980.400000  7.286303e-21
980.600000  6.868783e-21
980.800000  6.506680e-21
981.000000  6.185752e-21
981.200000  5.845269e-21
981.400000  5.550008e-21
981.600000  5.275306e-21
981.800000  5.016023e-21
982.000000  4.770050e-21
982.200000  4.554945e-21
982.400000  4.354408e-21
982.600000  4.169089e-21
982.800000  3.997325e-21
983.000000  3.844851e-21
983.200000  3.703452e-21
983.400000  3.561717e-21
983.600000  3.449586e-21
983.800000  3.342284e-21
984.000000  3.230514e-21
984.200000  3.129442e-21
984.400000  3.052383e-21
984.600000  2.979175e-21
984.800000  2.891120e-21
985.000000  2.822546e-21
985.200000  2.775621e-21
985.400000  2.710196e-21
985.600000  2.643826e-21
985.800000  2.601822e-21
986.000000  2.565554e-21
986.200000  2.508691e-21
986.400000  2.461265e-21
986.600000  2.436092e-21
986.800000  2.398536e-21
987.000000  2.351081e-21
987.200000  2.321857e-21
987.400000  2.304734e-21
987.600000  2.270351e-21
987.800000  2.232269e-21
988.000000  2.217943e-21
988.200000  2.199056e-21
988.400000  2.164502e-21
988.600000  2.137834e-21
988.800000  2.132357e-21
989.000000  2.111773e-21
989.200000  2.079055e-21
989.400000  2.061915e-21
989.600000  2.057636e-21
989.800000  2.032658e-21
990.000000  2.004316e-21
990.200000  1.999087e-21
990.400000  1.988686e-21
990.600000  1.961421e-21
990.800000  1.944233e-21
991.000000  1.944498e-21
991.200000  1.926184e-21
991.400000  1.899404e-21
991.600000  1.890149e-21
991.800000  1.887243e-21
992.000000  1.866179e-21
992.200000  1.846401e-21
992.400000  1.847856e-21
992.600000  1.840936e-21
992.800000  1.815558e-21
993.000000  1.800981e-21
993.200000  1.802396e-21
993.400000  1.791934e-21
993.600000  1.766867e-21
993.800000  1.762941e-21
994.000000  1.765008e-21
994.200000  1.745992e-21
994.400000  1.726825e-21
994.600000  1.728792e-21
994.800000  1.722885e-21
995.000000  1.700087e-21
995.200000  1.690967e-21
995.400000  1.696310e-21
995.600000  1.683106e-21
995.800000  1.663455e-21
996.000000  1.664331e-21
996.200000  1.666053e-21
996.400000  1.649561e-21
996.600000  1.631620e-21
996.800000  1.637027e-21
997.000000  1.628742e-21
997.200000  1.605367e-21
997.400000  1.595955e-21
997.600000  1.601983e-21
997.800000  1.588590e-21
998.000000  1.569842e-21
998.200000  1.572893e-21
998.400000  1.576080e-21
998.600000  1.556238e-21
998.800000  1.541206e-21
999.000000  1.546560e-21
999.200000  1.539967e-21
999.400000  1.516614e-21
999.600000  1.508919e-21
999.800000  1.514292e-21
1000.000000  1.499059e-21
1000.200000  1.500123e-21
1000.400000  1.491504e-21
1000.600000  1.484265e-21
1000.800000  1.474046e-21
1001.000000  1.464538e-21
1001.200000  1.458253e-21
1001.400000  1.448446e-21
1001.600000  1.435183e-21
1001.800000  1.428171e-21
1002.000000  1.419708e-21
1002.200000  1.407161e-21
1002.400000  1.400124e-21
1002.600000  1.389876e-21
1002.800000  1.380875e-21
1003.000000  1.369809e-21
1003.200000  1.361007e-21
1003.400000  1.350509e-21
1003.600000  1.343933e-21
1003.800000  1.332150e-21
1004.000000  1.323723e-21
1004.200000  1.313752e-21
1004.400000  1.302209e-21
1004.600000  1.290095e-21
1004.800000  1.279657e-21
1005.000000  1.270676e-21
1005.200000  1.257005e-21
1005.400000  1.247058e-21
1005.600000  1.237490e-21
1005.800000  1.228921e-21
1006.000000  1.216485e-21
1006.200000  1.205722e-21
1006.400000  1.197171e-21
1006.600000  1.186588e-21
1006.800000  1.177802e-21
1007.000000  1.165998e-21
1007.200000  1.156844e-21
1007.400000  1.144084e-21
1007.600000  1.132962e-21
1007.800000  1.126137e-21
1008.000000  1.115279e-21
1008.200000  1.101256e-21
1008.400000  1.094336e-21
1008.600000  1.083214e-21
1008.800000  1.071301e-21
1009.000000  1.058724e-21
1009.200000  1.051091e-21
1009.400000  1.043006e-21
1009.600000  1.031937e-21
1009.800000  1.021216e-21
1010.000000  1.012743e-21
1010.200000  9.994647e-22
1010.400000  9.888740e-22
1010.600000  9.799166e-22
1010.800000  9.701399e-22
1011.000000  9.588294e-22
1011.200000  9.488918e-22
1011.400000  9.411322e-22
1011.600000  9.305043e-22
1011.800000  9.199909e-22
1012.000000  9.092872e-22
1012.200000  9.004809e-22
1012.400000  8.911064e-22
1012.600000  8.824271e-22
1012.800000  8.748110e-22
1013.000000  8.668860e-22
1013.200000  8.565644e-22
1013.400000  8.474611e-22
1013.600000  8.391330e-22
1013.800000  8.307432e-22
1014.000000  8.194370e-22
1014.200000  8.105822e-22
1014.400000  8.052518e-22
1014.600000  7.971311e-22
1014.800000  7.874354e-22
1015.000000  7.798467e-22
1015.200000  7.705737e-22
1015.400000  7.615975e-22
1015.600000  7.530324e-22
1015.800000  7.456398e-22
1016.000000  7.378619e-22
1016.200000  7.279234e-22
1016.400000  7.182297e-22
1016.600000  7.118662e-22
1016.800000  7.042276e-22
1017.000000  6.933606e-22
1017.200000  6.890428e-22
1017.400000  6.795261e-22
1017.600000  6.699967e-22
1017.800000  6.641909e-22
1018.000000  6.579165e-22
1018.200000  6.525212e-22
1018.400000  6.439692e-22
1018.600000  6.379694e-22
1018.800000  6.314399e-22
1019.000000  6.220801e-22
1019.200000  6.123067e-22
1019.400000  6.074109e-22
1019.600000  6.019258e-22
1019.800000  5.946508e-22
1020.000000  5.873148e-22
1020.200000  5.807973e-22
1020.400000  5.724200e-22
1020.600000  5.649803e-22
1020.800000  5.578731e-22
1021.000000  5.540062e-22
1021.200000  5.477263e-22
1021.400000  5.401495e-22
1021.600000  5.347153e-22
1021.800000  5.302174e-22
1022.000000  5.209095e-22
1022.200000  5.155081e-22
1022.400000  5.096399e-22
1022.600000  5.023317e-22
1022.800000  4.946391e-22
1023.000000  4.885277e-22
1023.200000  4.845682e-22
1023.400000  4.775251e-22
1023.600000  4.721284e-22
1023.800000  4.671205e-22
1024.000000  4.632976e-22
1024.200000  4.532007e-22
1024.400000  4.484179e-22
1024.600000  4.431717e-22
1024.800000  4.383702e-22
1025.000000  4.301344e-22
1025.200000  4.260624e-22
1025.400000  4.226347e-22
1025.600000  4.181758e-22
1025.800000  4.116131e-22
1026.000000  4.084312e-22
1026.200000  4.041596e-22
1026.400000  3.963670e-22
1026.600000  3.897629e-22
1026.800000  3.869493e-22
1027.000000  3.809693e-22
1027.200000  3.738319e-22
1027.400000  3.695596e-22
1027.600000  3.683952e-22
1027.800000  3.631197e-22
1028.000000  3.581865e-22
1028.200000  3.575087e-22
1028.400000  3.542354e-22
1028.600000  3.452746e-22
1028.800000  3.392234e-22
1029.000000  3.346108e-22
1029.200000  3.280039e-22
1029.400000  3.242687e-22
1029.600000  3.220920e-22
1029.800000  3.199059e-22
1030.000000  3.139961e-22
1030.200000  3.082265e-22
1030.400000  3.045196e-22
1030.600000  3.026068e-22
1030.800000  2.969542e-22
1031.000000  2.939904e-22
1031.200000  2.907363e-22
1031.400000  2.873575e-22
1031.600000  2.816189e-22
1031.800000  2.785356e-22
1032.000000  2.728162e-22
1032.200000  2.678167e-22
1032.400000  2.644697e-22
1032.600000  2.629714e-22
1032.800000  2.587095e-22
1033.000000  2.527760e-22
1033.200000  2.510404e-22
1033.400000  2.463663e-22
1033.600000  2.407315e-22
1033.800000  2.357440e-22
1034.000000  2.335170e-22
1034.200000  2.323392e-22
1034.400000  2.285803e-22
1034.600000  2.261183e-22
1034.800000  2.246438e-22
1035.000000  2.207262e-22
1035.200000  2.166201e-22
1035.400000  2.164911e-22
1035.600000  2.160246e-22
1035.800000  2.118965e-22
1036.000000  2.084412e-22
1036.200000  2.063966e-22
1036.400000  2.039414e-22
1036.600000  1.987032e-22
1036.800000  1.945272e-22
1037.000000  1.921524e-22
1037.200000  1.901732e-22
1037.400000  1.851748e-22
1037.600000  1.854958e-22
1037.800000  1.838892e-22
1038.000000  1.801326e-22
1038.200000  1.764190e-22
1038.400000  1.743742e-22
1038.600000  1.747790e-22
1038.800000  1.692055e-22
1039.000000  1.685364e-22
1039.200000  1.676951e-22
1039.400000  1.642781e-22
1039.600000  1.579055e-22
1039.800000  1.567207e-22
1040.000000  1.541279e-22
1040.200000  1.508504e-22
1040.400000  1.479471e-22
1040.600000  1.475877e-22
1040.800000  1.469022e-22
1041.000000  1.441190e-22
1041.200000  1.433636e-22
1041.400000  1.440391e-22
1041.600000  1.421457e-22
1041.800000  1.383839e-22
1042.000000  1.385263e-22
1042.200000  1.388393e-22
1042.400000  1.346400e-22
1042.600000  1.314760e-22
1042.800000  1.299231e-22
1043.000000  1.289676e-22
1043.200000  1.258887e-22
1043.400000  1.256303e-22
1043.600000  1.253307e-22
1043.800000  1.223997e-22
1044.000000  1.212238e-22
1044.200000  1.213485e-22
1044.400000  1.215458e-22
1044.600000  1.177401e-22
1044.800000  1.146877e-22
1045.000000  1.120739e-22
1045.200000  1.109266e-22
1045.400000  1.076670e-22
1045.600000  1.067583e-22
1045.800000  1.053290e-22
1046.000000  1.030252e-22
1046.200000  1.011017e-22
1046.400000  1.014198e-22
1046.600000  1.013497e-22
1046.800000  9.881264e-23
1047.000000  9.705933e-23
1047.200000  9.807670e-23
1047.400000  9.771390e-23
1047.600000  9.451531e-23
1047.800000  9.404572e-23
1048.000000  9.550871e-23
1048.200000  9.479151e-23
1048.400000  9.190672e-23
1048.600000  9.147563e-23
1048.800000  9.051904e-23
1049.000000  8.912464e-23
1049.200000  8.856141e-23
1049.400000  8.904151e-23
1049.600000  8.589004e-23
1049.800000  8.262553e-23
1050.000000  8.212544e-23
1050.200000  8.404911e-23
1050.400000  8.064029e-23
1050.600000  7.926640e-23
1050.800000  7.885168e-23
1051.000000  7.825725e-23
1051.200000  7.511664e-23
1051.400000  7.470318e-23
1051.600000  7.311813e-23
1051.800000  7.472314e-23
1052.000000  7.241510e-23
1052.200000  7.303733e-23
1052.400000  7.330240e-23
1052.600000  7.063603e-23
1052.800000  6.922276e-23
1053.000000  6.815730e-23
1053.200000  6.840480e-23
1053.400000  6.469733e-23
1053.600000  6.495498e-23
1053.800000  6.532929e-23
1054.000000  6.508880e-23
1054.200000  6.409206e-23
1054.400000  6.643887e-23
1054.600000  6.602301e-23
1054.800000  6.290619e-23
1055.000000  6.002886e-23
1055.200000  5.879458e-23
1055.400000  5.860296e-23
1055.600000  5.776378e-23
1055.800000  5.595941e-23
1056.000000  5.776934e-23
1056.200000  5.638712e-23
1056.400000  5.385356e-23
1056.600000  5.355557e-23
1056.800000  5.460229e-23
1057.000000  5.114904e-23
1057.200000  5.036446e-23
1057.400000  5.182267e-23
1057.600000  5.233720e-23
1057.800000  4.946385e-23
1058.000000  4.876436e-23
1058.200000  4.831073e-23
1058.400000  4.591577e-23
1058.600000  4.523198e-23
1058.800000  4.562634e-23
1059.000000  4.711139e-23
1059.200000  4.344096e-23
1059.400000  4.280558e-23
1059.600000  4.372685e-23
1059.800000  4.402761e-23
1060.000000  4.120954e-23
1060.200000  4.186861e-23
1060.400000  4.218330e-23
1060.600000  4.114256e-23
1060.800000  4.000152e-23
1061.000000  4.013524e-23
1061.200000  3.772875e-23
1061.400000  3.557664e-23
1061.600000  3.336734e-23
1061.800000  3.608978e-23
1062.000000  3.529515e-23
1062.200000  3.318596e-23
1062.400000  3.326063e-23
1062.600000  3.510630e-23
1062.800000  3.403398e-23
1063.000000  3.511569e-23
1063.200000  3.482087e-23
1063.400000  3.657958e-23
1063.600000  3.425662e-23
1063.800000  3.405582e-23
1064.000000  3.389161e-23
1064.200000  3.382680e-23
1064.400000  3.152045e-23
1064.600000  3.112632e-23
1064.800000  3.259717e-23
1065.000000  3.038104e-23
1065.200000  2.759567e-23
1065.400000  2.650577e-23
1065.600000  2.731881e-23
1065.800000  2.535337e-23
1066.000000  2.800770e-23
1066.200000  2.869905e-23
1066.400000  2.828333e-23
1066.600000  2.679848e-23
1066.800000  2.977005e-23
1067.000000  2.880030e-23
1067.200000  2.769466e-23
1067.400000  2.573890e-23
1067.600000  2.756784e-23
1067.800000  2.886897e-23
1068.000000  2.605325e-23
1068.200000  2.683970e-23
1068.400000  2.474889e-23
1068.600000  2.180604e-23
1068.800000  1.897346e-23
1069.000000  1.988550e-23
1069.200000  1.968763e-23
1069.400000  2.044791e-23
1069.600000  2.080585e-23
1069.800000  1.548305e-23
1070.000000  2.872525e-23
1070.200000  2.572273e-23
1070.400000  9.723199e-24
1070.600000  1.306854e-23
1070.800000  2.510476e-23
1071.000000  1.672765e-23
1071.200000  7.028325e-24
1071.400000  1.899979e-23
1071.600000  2.794072e-23
1071.800000  1.636843e-23
1072.000000  1.110496e-23
1072.200000  2.517710e-23
1072.400000  2.256556e-23
1072.600000  7.665000e-24
1072.800000  1.419676e-23
1073.000000  2.903388e-23
1073.200000  1.971489e-23
1073.400000  1.076975e-23
1073.600000  1.919068e-23
1073.800000  2.470052e-23
1074.000000  1.156364e-23
1074.200000  9.006832e-24
1074.400000  2.280243e-23
1074.600000  2.254073e-23
1074.800000  6.822359e-24
1075.000000  1.323142e-23
1075.200000  2.235933e-23
1075.400000  1.204199e-23
1075.600000  3.776543e-24
1075.800000  1.512349e-23
1076.000000  2.143341e-23
1076.200000  5.305676e-24
1076.400000  3.388286e-24
1076.600000  1.831019e-23
1076.800000  1.485013e-23
1077.000000  7.823525e-25
1077.200000  9.581281e-24
1077.400000  2.056670e-23
1077.600000  1.009872e-23
1077.800000  5.878698e-25
1078.000000  1.470698e-23
1078.200000  1.779537e-23
1078.400000  4.094054e-24
1078.600000  4.340298e-24
1078.800000  2.099639e-23
1079.000000  1.634613e-23
1079.200000  2.940253e-24
1079.400000  1.120859e-23
1079.600000  1.960495e-23
1079.800000  7.127129e-24
1080.000000  2.831314e-25
1080.200000  1.537184e-23
1080.400000  1.857951e-23
1080.600000  3.341735e-24
1080.800000  5.337160e-24
1081.000000  1.965662e-23
1081.200000  1.307124e-23
1081.400000  9.400333e-25
1081.600000  9.152251e-24
1081.800000  1.952508e-23
1082.000000  7.889636e-24
1082.200000  2.957446e-24
1082.400000  1.596187e-23
1082.600000  1.616217e-23
1082.800000  6.629645e-25
1083.000000  4.383425e-24
1083.200000  1.638222e-23
1083.400000  9.995730e-24
1083.600000  -2.100972e-25
1083.800000  1.133561e-23
1084.000000  2.048721e-23
1084.200000  7.904249e-24
1084.400000  2.028713e-24
1084.600000  1.428648e-23
1084.800000  1.289360e-23
1085.000000  -6.291052e-25
1085.200000  7.185596e-24
1085.400000  2.097054e-23
1085.600000  1.031737e-23
1085.800000  -1.176794e-24
1086.000000  7.328306e-24
1086.200000  1.415156e-23
1086.400000  1.531250e-24
1086.600000  -1.604377e-24
1086.800000  1.339514e-23
1087.000000  9.637972e-24
1087.200000  -3.191003e-24
1087.400000  2.304836e-24
1087.600000  1.431754e-23
1087.800000  2.007692e-24
1088.000000  -7.994101e-24
1088.200000  4.990292e-24
1088.400000  1.360967e-23
1088.600000  4.042345e-25
1088.800000  -1.403797e-25
1089.000000  1.335988e-23
1089.200000  9.757230e-24
1089.400000  -4.024380e-24
1089.600000  5.571812e-25
1089.800000  1.183598e-23
1090.000000  3.279686e-24
1090.200000  -4.447347e-24
1090.400000  8.019881e-24
1090.600000  1.322515e-23
1090.800000  5.435252e-25
1091.000000  2.168802e-25
1091.200000  1.456745e-23
1091.400000  9.534254e-24
1091.600000  -6.436907e-24
1091.800000  3.292149e-24
1092.000000  1.269480e-23
1092.200000  1.566265e-24
1092.400000  -8.316867e-24
1092.600000  5.538127e-24
1092.800000  8.108440e-24
1093.000000  -4.716896e-24
1093.200000  -5.545179e-24
1093.400000  1.003257e-23
1093.600000  4.292884e-24
1093.800000  -8.405471e-24
1094.000000  2.750157e-24
1094.200000  1.351271e-23
1094.400000  1.169603e-24
1094.600000  -6.222983e-24
1094.800000  8.711500e-24
1095.000000  1.086064e-23
1095.200000  -2.449110e-24
1095.400000  3.081236e-26
1095.600000  1.263292e-23
1095.800000  5.855621e-24
1096.000000  -5.474080e-24
1096.200000  2.941398e-24
1096.400000  1.471865e-23
1096.600000  3.374051e-25
1096.800000  -5.243430e-24
1097.000000  8.582900e-24
1097.200000  1.017277e-23
1097.400000  -4.941170e-24
1097.600000  -1.613109e-24
1097.800000  1.004906e-23
1098.000000  2.733142e-24
1098.200000  -9.104724e-24
1098.400000  1.944196e-24
1098.600000  7.748450e-24
1098.800000  -4.135140e-24
1099.000000  -9.557617e-24
1099.200000  6.453612e-24
1099.400000  5.144076e-24
1099.600000  -7.806035e-24
1099.800000  -2.635026e-24
1100.000000  1.237153e-23
1100.200000  3.656032e-24
1100.400000  -6.183144e-24
1100.600000  3.928329e-24
1100.800000  1.131345e-23
1101.000000  -3.832030e-24
1101.200000  -5.735089e-24
1101.400000  1.001058e-23
1101.600000  6.429934e-24
1101.800000  -5.816014e-24
1102.000000  -3.382239e-25
1102.200000  1.139476e-23
1102.400000  4.473000e-25
1102.600000  -1.594493e-24
1102.800000  -1.391387e-24
1103.000000  -4.965037e-26
1103.200000  9.353213e-25
1103.400000  9.868955e-26
1103.600000  3.783938e-24
1103.800000  2.854547e-24
1104.000000  -8.434487e-25
1104.200000  -1.221803e-24
1104.400000  -2.136841e-24
1104.600000  5.967517e-26
1104.800000  -2.653917e-24
1105.000000  -2.554506e-24
1105.200000  -2.241731e-24
1105.400000  -4.548812e-25
1105.600000  -1.536516e-24
1105.800000  -8.744104e-25
1106.000000  1.016561e-24
1106.200000  2.238429e-24
1106.400000  3.804992e-25
1106.600000  1.570368e-25
1106.800000  2.796603e-24
1107.000000  -1.501762e-24
1107.200000  -1.756299e-24
1107.400000  -3.203152e-25
1107.600000  -9.461398e-25
1107.800000  -4.037018e-24
1108.000000  -3.683017e-24
1108.200000  -4.865049e-26
1108.400000  -1.493860e-24
1108.600000  -1.858110e-24
1108.800000  -2.742479e-24
1109.000000  1.664115e-24
1109.200000  -1.073948e-24
1109.400000  -2.860545e-26
1109.600000  2.954705e-24
1109.800000  1.074033e-24
1110.000000  -7.633229e-25
1110.200000  -3.315982e-24
1110.400000  -4.060374e-25
1110.600000  -2.257156e-24
1110.800000  -2.337778e-24
1111.000000  5.035590e-25
1111.200000  1.930147e-24
1111.400000  -2.191429e-24
1111.600000  -2.768734e-24
1111.800000  -6.094700e-25
1112.000000  8.375053e-25
1112.200000  -4.725835e-26
1112.400000  5.815462e-25
1112.600000  2.150791e-24
1112.800000  2.314854e-25
1113.000000  -6.635107e-25
1113.200000  -6.561343e-25
1113.400000  1.391462e-24
1113.600000  -1.219596e-24
1113.800000  -2.428369e-24
1114.000000  4.703510e-25
1114.200000  3.327545e-24
1114.400000  7.788121e-25
1114.600000  8.325862e-25
1114.800000  -1.393784e-24
1115.000000  3.088400e-26
1115.200000  -1.816646e-24
1115.400000  -1.252587e-25
1115.600000  7.763527e-25
1115.800000  -1.520527e-24
1116.000000  8.378205e-25
1116.200000  2.109344e-24
1116.400000  1.591690e-24
1116.600000  6.206924e-25
1116.800000  9.450412e-25
1117.000000  1.888510e-24
1117.200000  1.856491e-25
1117.400000  -1.443371e-24
1117.600000  1.376128e-24
1117.800000  4.169060e-25
1118.000000  1.783980e-25
1118.200000  -1.495941e-24
1118.400000  -1.039980e-24
1118.600000  -1.656856e-24
1118.800000  -2.695678e-24
1119.000000  -1.017853e-24
1119.200000  1.410652e-24
1119.400000  8.354797e-25
1119.600000  1.108499e-24
1119.800000  -1.181248e-24
1120.000000  3.012522e-25
1120.200000  -1.571701e-24
1120.400000  2.416735e-25
1120.600000  7.550375e-25
1120.800000  -2.423963e-24
1121.000000  -1.611272e-24
1121.200000  1.389554e-24
1121.400000  2.097671e-24
1121.600000  2.136618e-24
1121.800000  3.510520e-24
1122.000000  2.789692e-24
1122.200000  2.904803e-24
1122.400000  -6.963918e-25
1122.600000  -2.501687e-24
1122.800000  -4.244726e-24
1123.000000  -3.100125e-24
1123.200000  -3.042399e-24
1123.400000  4.513938e-25
1123.600000  1.577336e-24
1123.800000  -2.294820e-24
1124.000000  -2.410543e-24
1124.200000  -2.480072e-24
1124.400000  -1.258366e-24
1124.600000  -3.388282e-25
1124.800000  1.114537e-25
1125.000000  9.543701e-25
1125.200000  8.319015e-25
1125.400000  -4.620367e-25
1125.600000  4.822557e-25
1125.800000  2.311538e-24
1126.000000  -2.862445e-24
1126.200000  5.298698e-25
1126.400000  -9.189376e-25
1126.600000  2.980571e-25
1126.800000  -1.737036e-24
1127.000000  -1.527231e-24
1127.200000  3.639923e-26
1127.400000  -2.963342e-24
1127.600000  -1.141767e-24
1127.800000  -1.487870e-24
1128.000000  2.550366e-24
1128.200000  9.406695e-25
1128.400000  1.749885e-24
1128.600000  1.472791e-24
1128.800000  1.372382e-24
1129.000000  -8.587510e-25
1129.200000  -1.910248e-24
1129.400000  -6.218084e-25
1129.600000  -2.385078e-24
1129.800000  -4.267043e-24
1130.000000  -2.929884e-24
1130.200000  -1.027073e-24
1130.400000  -2.553085e-24
1130.600000  -2.280355e-24
1130.800000  -6.850829e-25
1131.000000  1.807002e-26
1131.200000  -1.053066e-24
1131.400000  -1.247500e-25
1131.600000  7.905820e-25
1131.800000  -4.110077e-26
1132.000000  -1.442474e-25
1132.200000  5.414700e-25
1132.400000  1.508980e-25
1132.600000  -1.008497e-25
1132.800000  -1.141929e-24
1133.000000  -1.024464e-24
1133.200000  -2.676203e-24
1133.400000  -3.569080e-24
1133.600000  -3.054061e-24
1133.800000  -1.183848e-24
1134.000000  -3.707579e-24
1134.200000  -2.636134e-24
1134.400000  -1.686229e-24
1134.600000  -1.063982e-24
1134.800000  -3.439437e-24
1135.000000  -1.257466e-24
1135.200000  1.106668e-25
1135.400000  3.409541e-25
1135.600000  -1.969114e-24
1135.800000  -9.328748e-25
1136.000000  2.224218e-24
1136.200000  6.051465e-26
1136.400000  -1.467114e-24
1136.600000  4.312311e-25
1136.800000  -1.659321e-24
1137.000000  -3.375502e-24
1137.200000  -2.156636e-24
1137.400000  9.754115e-26
1137.600000  -7.731062e-25
1137.800000  -1.181208e-24
1138.000000  -1.080065e-24
1138.200000  8.486728e-26
1138.400000  -9.683675e-25
1138.600000  -8.014507e-25
1138.800000  3.832470e-24
1139.000000  3.971899e-24
1139.200000  2.327458e-24
1139.400000  -1.277500e-24
1139.600000  2.056448e-24
1139.800000  -1.726401e-24
1140.000000  -1.474641e-24
1140.200000  -4.733953e-25
1140.400000  1.752619e-24
1140.600000  -2.435302e-25
1140.800000  -1.763569e-24
1141.000000  -7.039828e-25
1141.200000  -2.395319e-24
1141.400000  -4.027714e-24
1141.600000  -2.293196e-24
1141.800000  -2.563284e-25
1142.000000  -3.207498e-24
1142.200000  -2.956658e-24
1142.400000  -4.017591e-25
1142.600000  1.993625e-24
1142.800000  1.278714e-24
1143.000000  -2.607349e-27
1143.200000  1.726357e-24
1143.400000  3.906067e-24
1143.600000  2.444270e-24
1143.800000  1.403222e-24
1144.000000  1.135549e-24
1144.200000  1.675264e-24
1144.400000  2.174559e-24
1144.600000  3.657407e-24
1144.800000  2.616875e-24
1145.000000  5.222282e-25
1145.200000  -1.036874e-25
1145.400000  1.511819e-26
1145.600000  -4.691195e-25
1145.800000  -5.539732e-25
1146.000000  -6.380363e-25
1146.200000  1.952589e-24
1146.400000  9.979455e-25
1146.600000  1.961088e-24
1146.800000  -2.292897e-25
1147.000000  2.541575e-25
1147.200000  -4.382429e-25
1147.400000  -8.710671e-26
1147.600000  1.642692e-24
1147.800000  1.201740e-24
1148.000000  2.983626e-25
1148.200000  6.302457e-25
1148.400000  2.086685e-24
1148.600000  1.206984e-24
1148.800000  4.856138e-25
1149.000000  2.159674e-24
1149.200000  4.956528e-24
1149.400000  7.255804e-25
1149.600000  1.255092e-24
1149.800000  -6.112587e-25
1150.000000  -2.140084e-25
