800.000000  9.487419e-023
800.200000  7.994425e-023
800.400000  1.072682e-022
800.600000  9.707867e-023
800.800000  9.378649e-023
801.000000  4.522039e-023
801.200000  1.083385e-022
801.400000  9.554487e-023
801.600000  4.522224e-023
801.800000  4.113978e-023
802.000000  6.849506e-023
802.200000  8.146701e-023
802.400000  7.621477e-023
802.600000  7.977616e-023
802.800000  7.647681e-023
803.000000  7.412570e-023
803.200000  5.938060e-023
803.400000  7.324231e-023
803.600000  1.333337e-022
803.800000  8.761285e-023
804.000000  8.774702e-023
804.200000  8.928035e-023
804.400000  1.502060e-022
804.600000  6.211840e-023
804.800000  8.104302e-023
805.000000  1.191813e-022
805.200000  1.006269e-022
805.400000  7.505423e-023
805.600000  8.662388e-023
805.800000  9.374957e-023
806.000000  5.360631e-023
806.200000  8.773147e-023
806.400000  4.619146e-023
806.600000  1.191517e-022
806.800000  3.852954e-023
807.000000  4.399336e-023
807.200000  4.012339e-023
807.400000  5.766880e-023
807.600000  5.506816e-023
807.800000  3.100234e-023
808.000000  4.381864e-023
808.200000  6.938874e-023
808.400000  2.388768e-023
808.600000  2.461145e-023
808.800000  1.114714e-022
809.000000  5.743604e-023
809.200000  6.492332e-023
809.400000  5.710612e-023
809.600000  5.373240e-023
809.800000  5.117916e-023
810.000000  -2.078114e-024
810.200000  3.784835e-023
810.400000  5.247636e-023
810.600000  7.501795e-023
810.800000  1.481386e-023
811.000000  3.871220e-023
811.200000  8.709892e-023
811.400000  3.933510e-023
811.600000  4.340908e-023
811.800000  6.426567e-023
812.000000  5.251800e-023
812.200000  6.649508e-023
812.400000  1.627194e-023
812.600000  6.946112e-023
812.800000  6.915942e-023
813.000000  4.627168e-023
813.200000  1.583834e-023
813.400000  2.937993e-023
813.600000  6.566140e-023
813.800000  -9.613963e-024
814.000000  3.904119e-023
814.200000  2.175503e-023
814.400000  5.810799e-023
814.600000  1.499726e-023
814.800000  -1.618406e-023
815.000000  4.386784e-023
815.200000  3.812531e-023
815.400000  -2.795126e-025
815.600000  -1.353405e-023
815.800000  7.940271e-023
816.000000  5.506366e-023
816.200000  -2.626365e-024
816.400000  1.512326e-023
816.600000  3.331719e-023
816.800000  2.694060e-023
817.000000  4.449015e-023
817.200000  1.516771e-023
817.400000  7.459002e-023
817.600000  1.983168e-023
817.800000  -2.723995e-023
818.000000  1.398000e-023
818.200000  1.692550e-023
818.400000  1.913308e-023
818.600000  -2.126331e-023
818.800000  2.553645e-023
819.000000  1.888104e-023
819.200000  4.817212e-024
819.400000  -1.836900e-023
819.600000  3.765723e-023
819.800000  3.746113e-023
820.000000  1.673868e-023
820.200000  1.189595e-023
820.400000  2.323115e-023
820.600000  6.572852e-023
820.800000  2.243658e-023
821.000000  -1.893621e-023
821.200000  2.610248e-024
821.400000  1.562922e-023
821.600000  1.939401e-023
821.800000  -2.269625e-023
822.000000  4.911338e-023
822.200000  1.798259e-024
822.400000  7.774504e-024
822.600000  -6.770880e-025
822.800000  4.581220e-023
823.000000  8.500600e-024
823.200000  -2.642714e-023
823.400000  1.252624e-023
823.600000  3.978160e-023
823.800000  7.066908e-023
824.000000  1.219310e-023
824.200000  1.363351e-023
824.400000  2.911463e-023
824.600000  3.205865e-023
824.800000  1.262150e-023
825.000000  -7.775621e-025
825.200000  4.621983e-023
825.400000  -2.637178e-023
825.600000  -1.223009e-023
825.800000  8.561942e-024
826.000000  8.998251e-024
826.200000  1.182849e-023
826.400000  -1.736294e-023
826.600000  1.087028e-023
826.800000  1.130676e-023
827.000000  1.690183e-023
827.200000  5.325952e-023
827.400000  3.087590e-023
827.600000  8.922148e-024
827.800000  -1.882374e-023
828.000000  4.746021e-024
828.200000  1.953848e-023
828.400000  -2.251159e-024
828.600000  -6.231179e-024
828.800000  4.920275e-023
829.000000  3.375465e-025
829.200000  5.537005e-024
829.400000  8.059524e-024
829.600000  2.389172e-023
829.800000  1.286273e-023
830.000000  1.241425e-023
830.200000  -2.499058e-023
830.400000  2.574146e-023
830.600000  2.335004e-023
830.800000  -1.744454e-023
831.000000  -3.734930e-023
831.200000  -3.607141e-023
831.400000  -1.635834e-023
831.600000  -1.844494e-023
831.800000  -3.529360e-024
832.000000  -3.492590e-024
832.200000  3.854748e-023
832.400000  9.057569e-024
832.600000  -1.469224e-023
832.800000  1.533938e-023
833.000000  -2.200062e-024
833.200000  2.255388e-023
833.400000  -2.380379e-023
833.600000  1.778505e-023
833.800000  7.463161e-024
834.000000  -7.197471e-024
834.200000  -2.094080e-023
834.400000  1.334327e-023
834.600000  4.997867e-024
834.800000  -2.852081e-023
835.000000  -2.184054e-023
835.200000  2.265692e-023
835.400000  8.276541e-024
835.600000  -1.528134e-023
835.800000  1.190474e-023
836.000000  3.213223e-023
836.200000  -8.070973e-025
836.400000  1.626072e-023
836.600000  1.677883e-023
836.800000  6.637019e-024
837.000000  5.843047e-024
837.200000  -1.910844e-024
837.400000  1.914737e-023
837.600000  1.638703e-023
837.800000  -1.356651e-023
838.000000  -4.122653e-023
838.200000  1.866436e-023
838.400000  4.650541e-024
838.600000  -2.582729e-023
838.800000  -2.928772e-023
839.000000  9.802784e-024
839.200000  -4.514299e-023
839.400000  -2.778379e-023
839.600000  -1.799448e-023
839.800000  -1.092018e-023
840.000000  5.407814e-024
840.200000  3.361217e-024
840.400000  -1.624348e-024
840.600000  -1.815099e-023
840.800000  1.320074e-023
841.000000  -1.827395e-023
841.200000  -4.614678e-024
841.400000  -2.183544e-024
841.600000  -1.083907e-023
841.800000  5.084164e-023
842.000000  -2.156105e-023
842.200000  7.100400e-024
842.400000  1.785045e-023
842.600000  2.499613e-023
842.800000  -3.051340e-024
843.000000  -4.531713e-025
843.200000  8.873237e-024
843.400000  -6.427186e-025
843.600000  -6.814999e-024
843.800000  -3.183833e-023
844.000000  -2.957914e-023
844.200000  -4.360738e-024
844.400000  -2.812064e-023
844.600000  -3.902742e-023
844.800000  -4.363689e-023
845.000000  -2.487745e-023
845.200000  -1.523673e-023
845.400000  7.021592e-025
845.600000  7.469639e-024
845.800000  -2.770700e-023
846.000000  1.571768e-023
846.200000  -1.043784e-023
846.400000  -1.107969e-023
846.600000  6.974088e-024
846.800000  1.448667e-023
847.000000  -6.253611e-024
847.200000  -2.771395e-023
847.400000  2.366466e-023
847.600000  2.536664e-023
847.800000  6.793500e-024
848.000000  -2.905652e-024
848.200000  -3.022431e-024
848.400000  2.744458e-023
848.600000  -8.929426e-024
848.800000  -5.390948e-024
849.000000  -8.510644e-024
849.200000  -1.245320e-023
849.400000  1.507450e-024
849.600000  -1.822710e-023
849.800000  -4.590926e-025
850.000000  -4.703463e-023
850.200000  -2.384374e-023
850.400000  -1.544496e-023
850.600000  2.783922e-025
850.800000  -3.325103e-023
851.000000  -2.372017e-023
851.200000  3.348331e-024
851.400000  -2.120335e-023
851.600000  1.454527e-024
851.800000  -7.179774e-024
852.000000  -1.343260e-023
852.200000  -8.439600e-024
852.400000  -1.863193e-023
852.600000  1.810605e-023
852.800000  5.762355e-024
853.000000  -6.079609e-024
853.200000  -4.605841e-023
853.400000  -7.796334e-024
853.600000  -6.673731e-025
853.800000  -1.249726e-023
854.000000  -1.255009e-023
854.200000  2.613644e-023
854.400000  8.940868e-024
854.600000  -3.454904e-023
854.800000  -6.194743e-024
855.000000  1.040922e-023
855.200000  -2.273068e-023
855.400000  -4.031359e-023
855.600000  -3.390766e-024
855.800000  -3.158928e-023
856.000000  -2.349054e-023
856.200000  -5.628443e-023
856.400000  3.194665e-024
856.600000  -2.371357e-023
856.800000  -3.355660e-023
857.000000  1.602533e-024
857.200000  -1.715600e-023
857.400000  -4.461255e-024
857.600000  -3.801248e-024
857.800000  4.100987e-024
858.000000  -1.271593e-023
858.200000  -1.182486e-023
858.400000  -2.200800e-023
858.600000  -3.332740e-023
858.800000  -4.008010e-023
859.000000  -5.538089e-023
859.200000  -3.178144e-023
859.400000  -2.087664e-023
859.600000  -4.286255e-023
859.800000  -2.274809e-023
860.000000  9.406498e-024
860.200000  -1.014721e-023
860.400000  -3.055421e-024
860.600000  -8.710055e-024
860.800000  6.809590e-024
861.000000  -1.150915e-023
861.200000  -1.033605e-024
861.400000  -1.385344e-023
861.600000  -3.758157e-023
861.800000  -1.743718e-023
862.000000  -1.139764e-023
862.200000  7.669859e-025
862.400000  -3.861493e-023
862.600000  -9.783099e-024
862.800000  -8.472041e-026
863.000000  -1.020197e-023
863.200000  -4.581095e-023
863.400000  -1.452581e-023
863.600000  -1.257034e-023
863.800000  -2.791986e-023
864.000000  6.118374e-024
864.200000  8.537018e-024
864.400000  1.757206e-023
864.600000  2.086922e-023
864.800000  7.533517e-024
865.000000  2.810819e-023
865.200000  2.365791e-023
865.400000  9.228621e-024
865.600000  3.944143e-023
865.800000  6.057356e-023
866.000000  9.145271e-024
866.200000  2.058061e-023
866.400000  2.385083e-023
866.600000  4.399372e-023
866.800000  -9.699675e-024
867.000000  2.495227e-024
867.200000  1.244023e-023
867.400000  -3.574965e-024
867.600000  -3.638208e-023
867.800000  2.282416e-023
868.000000  1.917694e-023
868.200000  1.142229e-023
868.400000  -4.368711e-023
868.600000  1.290152e-023
868.800000  1.628114e-023
869.000000  -3.186561e-023
869.200000  2.370320e-024
869.400000  1.540120e-023
869.600000  2.912343e-024
869.800000  -3.257349e-023
870.000000  -5.855792e-024
870.200000  2.959003e-023
870.400000  3.076738e-024
870.600000  -4.952586e-024
870.800000  1.412770e-023
871.000000  1.401754e-023
871.200000  3.194004e-023
871.400000  1.732605e-023
871.600000  3.803367e-023
871.800000  1.299966e-023
872.000000  4.382749e-023
872.200000  6.715342e-024
872.400000  4.067601e-023
872.600000  2.661472e-023
872.800000  -6.522062e-024
873.000000  4.152195e-024
873.200000  4.576198e-023
873.400000  3.803835e-025
873.600000  3.394001e-023
873.800000  2.543757e-023
874.000000  -4.601722e-024
874.200000  1.046524e-023
874.400000  2.159372e-023
874.600000  -8.183331e-024
874.800000  -2.434937e-024
875.000000  -3.609840e-025
875.200000  2.443906e-023
875.400000  1.230596e-024
875.600000  9.152679e-024
875.800000  2.294285e-023
876.000000  3.122499e-023
876.200000  1.191886e-023
876.400000  3.951010e-023
876.600000  3.918274e-023
876.800000  6.993796e-023
877.000000  1.350266e-023
877.200000  2.769539e-023
877.400000  4.928657e-023
877.600000  3.075855e-023
877.800000  2.934165e-023
878.000000  3.503416e-023
878.200000  6.671983e-023
878.400000  3.282850e-023
878.600000  4.613514e-023
878.800000  7.211800e-023
879.000000  9.492921e-023
879.200000  9.537702e-023
879.400000  9.089737e-023
879.600000  1.094642e-022
879.800000  1.208790e-022
880.000000  1.410745e-022
880.200000  1.359800e-022
880.400000  1.513858e-022
880.600000  1.196246e-022
880.800000  1.163377e-022
881.000000  1.370866e-022
881.200000  1.174835e-022
881.400000  9.319942e-023
881.600000  1.123050e-022
881.800000  1.460226e-022
882.000000  7.478086e-023
882.200000  7.642713e-023
882.400000  8.119220e-023
882.600000  1.014609e-022
882.800000  1.015689e-022
883.000000  9.904579e-023
883.200000  7.794206e-023
883.400000  1.089324e-022
883.600000  9.206811e-023
883.800000  8.449872e-023
884.000000  1.185613e-022
884.200000  1.332467e-022
884.400000  7.722728e-023
884.600000  1.029871e-022
884.800000  1.168121e-022
885.000000  1.359680e-022
885.200000  1.292477e-022
885.400000  1.424242e-022
885.600000  1.622833e-022
885.800000  1.472657e-022
886.000000  1.453259e-022
886.200000  1.619846e-022
886.400000  1.694809e-022
886.600000  1.732832e-022
886.800000  1.757831e-022
887.000000  2.014342e-022
887.200000  1.728610e-022
887.400000  1.821385e-022
887.600000  1.921867e-022
887.800000  1.619714e-022
888.000000  2.115136e-022
888.200000  1.781370e-022
888.400000  1.765073e-022
888.600000  1.774187e-022
888.800000  1.839386e-022
889.000000  2.416889e-022
889.200000  1.768470e-022
889.400000  1.736598e-022
889.600000  1.883242e-022
889.800000  1.887673e-022
890.000000  2.121743e-022
890.200000  1.856369e-022
890.400000  2.226349e-022
890.600000  1.773537e-022
890.800000  2.168823e-022
891.000000  2.047435e-022
891.200000  2.633561e-022
891.400000  2.504274e-022
891.600000  2.376872e-022
891.800000  2.543581e-022
892.000000  2.894940e-022
892.200000  3.098278e-022
892.400000  2.725606e-022
892.600000  3.097555e-022
892.800000  3.139626e-022
893.000000  3.284115e-022
893.200000  3.049539e-022
893.400000  3.443216e-022
893.600000  3.339526e-022
893.800000  3.412548e-022
894.000000  2.918562e-022
894.200000  3.509064e-022
894.400000  3.226803e-022
894.600000  3.082756e-022
894.800000  3.234783e-022
895.000000  3.644152e-022
895.200000  3.555018e-022
895.400000  3.428890e-022
895.600000  3.516668e-022
895.800000  3.734410e-022
896.000000  3.876367e-022
896.200000  3.580486e-022
896.400000  3.997938e-022
896.600000  4.241062e-022
896.800000  3.768649e-022
897.000000  4.129827e-022
897.200000  4.533513e-022
897.400000  4.486193e-022
897.600000  4.785801e-022
897.800000  4.645505e-022
898.000000  5.171813e-022
898.200000  4.896233e-022
898.400000  4.745102e-022
898.600000  4.939375e-022
898.800000  5.274075e-022
899.000000  5.491872e-022
899.200000  5.421215e-022
899.400000  5.590342e-022
899.600000  5.876348e-022
899.800000  5.551963e-022
900.000000  6.188177e-022
900.200000  5.981098e-022
900.400000  6.257575e-022
900.600000  5.971011e-022
900.800000  6.365455e-022
901.000000  6.203661e-022
901.200000  6.134329e-022
901.400000  6.349052e-022
901.600000  6.790483e-022
901.800000  6.746768e-022
902.000000  6.688042e-022
902.200000  7.005486e-022
902.400000  7.193364e-022
902.600000  7.249582e-022
902.800000  7.649810e-022
903.000000  8.273413e-022
903.200000  8.156220e-022
903.400000  8.117075e-022
903.600000  8.423728e-022
903.800000  8.838667e-022
904.000000  8.958448e-022
904.200000  8.696128e-022
904.400000  9.264679e-022
904.600000  9.612129e-022
904.800000  9.330138e-022
905.000000  9.676451e-022
905.200000  1.010036e-021
905.400000  1.003228e-021
905.600000  1.029258e-021
905.800000  1.058449e-021
906.000000  1.082642e-021
906.200000  1.084093e-021
906.400000  1.132884e-021
906.600000  1.149265e-021
906.800000  1.117121e-021
907.000000  1.164861e-021
907.200000  1.139882e-021
907.400000  1.175232e-021
907.600000  1.202186e-021
907.800000  1.187047e-021
908.000000  1.276013e-021
908.200000  1.307808e-021
908.400000  1.293704e-021
908.600000  1.324241e-021
908.800000  1.357715e-021
909.000000  1.378312e-021
909.200000  1.428530e-021
909.400000  1.408874e-021
909.600000  1.452892e-021
909.800000  1.462008e-021
910.000000  1.489648e-021
910.200000  1.512520e-021
910.400000  1.567003e-021
910.600000  1.551535e-021
910.800000  1.666520e-021
911.000000  1.672747e-021
911.200000  1.623643e-021
911.400000  1.654258e-021
911.600000  1.726562e-021
911.800000  1.793720e-021
912.000000  1.742887e-021
912.200000  1.766199e-021
912.400000  1.897337e-021
912.600000  1.888522e-021
912.800000  1.891023e-021
913.000000  1.907582e-021
913.200000  1.956323e-021
913.400000  2.016669e-021
913.600000  1.997364e-021
913.800000  2.097080e-021
914.000000  2.138377e-021
914.200000  2.159510e-021
914.400000  2.153903e-021
914.600000  2.239767e-021
914.800000  2.248039e-021
915.000000  2.275332e-021
915.200000  2.301734e-021
915.400000  2.369519e-021
915.600000  2.421225e-021
915.800000  2.372195e-021
916.000000  2.487808e-021
916.200000  2.528580e-021
916.400000  2.590943e-021
916.600000  2.495279e-021
916.800000  2.634948e-021
917.000000  2.660397e-021
917.200000  2.649102e-021
917.400000  2.721113e-021
917.600000  2.747470e-021
917.800000  2.744135e-021
918.000000  2.824578e-021
918.200000  2.810147e-021
918.400000  2.853750e-021
918.600000  2.895881e-021
918.800000  2.951689e-021
919.000000  3.027227e-021
919.200000  3.016725e-021
919.400000  3.022028e-021
919.600000  3.162532e-021
919.800000  3.164022e-021
920.000000  3.203483e-021
920.200000  3.176158e-021
920.400000  3.242036e-021
920.600000  3.250255e-021
920.800000  3.328776e-021
921.000000  3.210077e-021
921.200000  3.328981e-021
921.400000  3.312570e-021
921.600000  3.363022e-021
921.800000  3.500125e-021
922.000000  3.457878e-021
922.200000  3.387428e-021
922.400000  3.431151e-021
922.600000  3.474932e-021
922.800000  3.462423e-021
923.000000  3.394268e-021
923.200000  3.565905e-021
923.400000  3.424628e-021
923.600000  3.562832e-021
923.800000  3.456093e-021
924.000000  3.677645e-021
924.200000  3.682349e-021
924.400000  3.611704e-021
924.600000  3.637597e-021
924.800000  3.567868e-021
925.000000  3.821415e-021
925.200000  3.520730e-021
925.400000  3.680600e-021
925.600000  3.652091e-021
925.800000  3.794885e-021
926.000000  3.643882e-021
926.200000  3.656732e-021
926.400000  3.773001e-021
926.600000  3.720877e-021
926.800000  3.654414e-021
927.000000  3.645017e-021
927.200000  3.837748e-021
927.400000  3.660678e-021
927.600000  3.732029e-021
927.800000  3.691866e-021
928.000000  3.689066e-021
928.200000  3.679096e-021
928.400000  3.612516e-021
928.600000  3.710537e-021
928.800000  3.621227e-021
929.000000  3.635167e-021
929.200000  3.682864e-021
929.400000  3.640218e-021
929.600000  3.616981e-021
929.800000  3.502883e-021
930.000000  3.618232e-021
930.200000  3.546280e-021
930.400000  3.603968e-021
930.600000  3.614589e-021
930.800000  3.661243e-021
931.000000  3.615118e-021
931.200000  3.574986e-021
931.400000  3.532138e-021
931.600000  3.551475e-021
931.800000  3.625541e-021
932.000000  3.509740e-021
932.200000  3.564961e-021
932.400000  3.578473e-021
932.600000  3.513178e-021
932.800000  3.506874e-021
933.000000  3.422346e-021
933.200000  3.476649e-021
933.400000  3.489637e-021
933.600000  3.483500e-021
933.800000  3.418275e-021
934.000000  3.483305e-021
934.200000  3.391606e-021
934.400000  3.400561e-021
934.600000  3.395850e-021
934.800000  3.459349e-021
935.000000  3.548487e-021
935.200000  3.369188e-021
935.400000  3.341660e-021
935.600000  3.482458e-021
935.800000  3.415270e-021
936.000000  3.488323e-021
936.200000  3.371718e-021
936.400000  3.441447e-021
936.600000  3.485158e-021
936.800000  3.385010e-021
937.000000  3.405144e-021
937.200000  3.508731e-021
937.400000  3.465164e-021
937.600000  3.387303e-021
937.800000  3.456966e-021
938.000000  3.490819e-021
938.200000  3.378054e-021
938.400000  3.438915e-021
938.600000  3.473982e-021
938.800000  3.507370e-021
939.000000  3.408782e-021
939.200000  3.457142e-021
939.400000  3.461220e-021
939.600000  3.526846e-021
939.800000  3.398419e-021
940.000000  3.439884e-021
940.200000  3.581187e-021
940.400000  3.452246e-021
940.600000  3.408647e-021
940.800000  3.452899e-021
941.000000  3.500716e-021
941.200000  3.525714e-021
941.400000  3.560757e-021
941.600000  3.720876e-021
941.800000  3.600663e-021
942.000000  3.588349e-021
942.200000  3.528600e-021
942.400000  3.674093e-021
942.600000  3.678867e-021
942.800000  3.628171e-021
943.000000  3.576344e-021
943.200000  3.753132e-021
943.400000  3.757303e-021
943.600000  3.490118e-021
943.800000  3.710174e-021
944.000000  3.731654e-021
944.200000  3.777291e-021
944.400000  3.661884e-021
944.600000  3.811165e-021
944.800000  3.765314e-021
945.000000  3.707608e-021
945.200000  3.758366e-021
945.400000  3.755765e-021
945.600000  3.880528e-021
945.800000  3.756166e-021
946.000000  3.852369e-021
946.200000  3.791050e-021
946.400000  3.928353e-021
946.600000  3.720826e-021
946.800000  3.896436e-021
947.000000  3.955960e-021
947.200000  3.916620e-021
947.400000  3.938983e-021
947.600000  3.823394e-021
947.800000  4.067314e-021
948.000000  3.993395e-021
948.200000  4.020461e-021
948.400000  3.917264e-021
948.600000  4.147162e-021
948.800000  4.039438e-021
949.000000  4.150211e-021
949.200000  3.988512e-021
949.400000  4.063691e-021
949.600000  4.153722e-021
949.800000  4.052169e-021
950.000000  4.066391e-021
950.200000  4.043738e-021
950.400000  4.238252e-021
950.600000  4.132970e-021
950.800000  4.103589e-021
951.000000  4.060791e-021
951.200000  4.261508e-021
951.400000  4.199427e-021
951.600000  4.123602e-021
951.800000  4.280290e-021
952.000000  4.230542e-021
952.200000  4.301919e-021
952.400000  4.174369e-021
952.600000  4.259206e-021
952.800000  4.263771e-021
953.000000  4.142864e-021
953.200000  4.188759e-021
953.400000  4.243108e-021
953.600000  4.294478e-021
953.800000  4.249217e-021
954.000000  4.267163e-021
954.200000  4.204127e-021
954.400000  4.284471e-021
954.600000  4.109183e-021
954.800000  4.389456e-021
955.000000  4.309033e-021
955.200000  4.307137e-021
955.400000  4.288610e-021
955.600000  4.214005e-021
955.800000  4.368257e-021
956.000000  4.278034e-021
956.200000  4.213322e-021
956.400000  4.312039e-021
956.600000  4.273820e-021
956.800000  4.281188e-021
957.000000  4.137925e-021
957.200000  4.182978e-021
957.400000  4.235779e-021
957.600000  4.137836e-021
957.800000  4.090435e-021
958.000000  3.998597e-021
958.200000  4.140418e-021
958.400000  4.137818e-021
958.600000  3.948936e-021
958.800000  4.029116e-021
959.000000  4.063350e-021
959.200000  3.929624e-021
959.400000  3.920670e-021
959.600000  3.838755e-021
959.800000  3.980529e-021
960.000000  3.876595e-021
960.200000  3.795417e-021
960.400000  3.743957e-021
960.600000  3.798794e-021
960.800000  3.572387e-021
961.000000  3.584277e-021
961.200000  3.674229e-021
961.400000  3.668137e-021
961.600000  3.591814e-021
961.800000  3.552763e-021
962.000000  3.588834e-021
962.200000  3.495325e-021
962.400000  3.440017e-021
962.600000  3.288703e-021
962.800000  3.396880e-021
963.000000  3.273880e-021
963.200000  3.249634e-021
963.400000  3.156242e-021
963.600000  3.219776e-021
963.800000  3.080773e-021
964.000000  2.985041e-021
964.200000  3.108037e-021
964.400000  3.087209e-021
964.600000  2.874632e-021
964.800000  2.852470e-021
965.000000  2.874914e-021
965.200000  2.785479e-021
965.400000  2.740437e-021
965.600000  2.693891e-021
965.800000  2.683796e-021
966.000000  2.688264e-021
966.200000  2.566376e-021
966.400000  2.537969e-021
966.600000  2.509325e-021
966.800000  2.491791e-021
967.000000  2.480206e-021
967.200000  2.493278e-021
967.400000  2.424223e-021
967.600000  2.416043e-021
967.800000  2.408676e-021
968.000000  2.399244e-021
968.200000  2.388714e-021
968.400000  2.355938e-021
968.600000  2.337790e-021
968.800000  2.377580e-021
969.000000  2.353476e-021
969.200000  2.359823e-021
969.400000  2.426139e-021
969.600000  2.422969e-021
969.800000  2.464072e-021
970.000000  2.552209e-021
970.200000  2.679740e-021
970.400000  2.800647e-021
970.600000  3.012852e-021
970.800000  3.211346e-021
971.000000  3.420601e-021
971.200000  3.714956e-021
971.400000  4.075887e-021
971.600000  4.529171e-021
971.800000  5.045868e-021
972.000000  5.676037e-021
972.200000  6.433555e-021
972.400000  7.289610e-021
972.600000  8.282380e-021
972.800000  9.420924e-021
973.000000  1.069215e-020
973.200000  1.207514e-020
973.400000  1.364123e-020
973.600000  1.529108e-020
973.800000  1.713165e-020
974.000000  1.905284e-020
974.200000  2.105147e-020
974.400000  2.334011e-020
974.600000  2.609105e-020
974.800000  2.570298e-020
975.000000  2.493832e-020
975.200000  2.453762e-020
975.400000  2.411968e-020
975.600000  2.365110e-020
975.800000  2.319759e-020
976.000000  2.283378e-020
976.200000  2.196415e-020
976.400000  2.079476e-020
976.600000  1.979270e-020
976.800000  1.858738e-020
977.000000  1.734456e-020
977.200000  1.612673e-020
977.400000  1.505908e-020
977.600000  1.396934e-020
977.800000  1.295125e-020
978.000000  1.200264e-020
978.200000  1.109938e-020
978.400000  1.025573e-020
978.600000  9.458434e-021
978.800000  8.737529e-021
979.000000  8.056684e-021
979.200000  7.393223e-021
979.400000  6.811289e-021
979.600000  6.256689e-021
979.800000  5.755018e-021
980.000000  5.268419e-021
980.200000  4.854482e-021
980.400000  4.436862e-021
980.600000  4.081470e-021
980.800000  3.725628e-021
981.000000  3.462368e-021
981.200000  3.174950e-021
981.400000  2.762277e-021
981.600000  2.573132e-021
981.800000  2.389032e-021
982.000000  2.206015e-021
982.200000  1.885974e-021
982.400000  1.797311e-021
982.600000  1.697388e-021
982.800000  1.565151e-021
983.000000  1.475212e-021
983.200000  1.397129e-021
983.400000  1.311965e-021
983.600000  1.252032e-021
983.800000  1.189512e-021
984.000000  1.138224e-021
984.200000  1.113575e-021
984.400000  1.060309e-021
984.600000  1.032576e-021
984.800000  9.952051e-022
985.000000  9.622648e-022
985.200000  9.394412e-022
985.400000  9.229196e-022
985.600000  8.862767e-022
985.800000  8.543784e-022
986.000000  8.315439e-022
986.200000  8.242488e-022
986.400000  8.093964e-022
986.600000  7.849775e-022
986.800000  7.868033e-022
987.000000  7.749981e-022
987.200000  7.709773e-022
987.400000  7.332122e-022
987.600000  7.289548e-022
987.800000  7.360930e-022
988.000000  7.279966e-022
988.200000  7.062239e-022
988.400000  6.959292e-022
988.600000  7.035959e-022
988.800000  6.890893e-022
989.000000  6.965835e-022
989.200000  6.928824e-022
989.400000  6.955238e-022
989.600000  6.979211e-022
989.800000  6.940247e-022
990.000000  6.918640e-022
990.200000  7.117329e-022
990.400000  7.085210e-022
990.600000  7.041506e-022
990.800000  7.136192e-022
991.000000  6.992182e-022
991.200000  6.987872e-022
991.400000  7.069213e-022
991.600000  7.043018e-022
991.800000  6.834559e-022
992.000000  6.862232e-022
992.200000  7.002054e-022
992.400000  6.823030e-022
992.600000  6.958859e-022
992.800000  6.907442e-022
993.000000  6.895095e-022
993.200000  6.806217e-022
993.400000  6.706684e-022
993.600000  6.684790e-022
993.800000  6.498812e-022
994.000000  6.542266e-022
994.200000  6.315042e-022
994.400000  6.293358e-022
994.600000  6.119607e-022
994.800000  5.976420e-022
995.000000  5.753972e-022
995.200000  5.749051e-022
995.400000  5.669690e-022
995.600000  5.591804e-022
995.800000  5.500284e-022
996.000000  5.321546e-022
996.200000  5.281702e-022
996.400000  5.089885e-022
996.600000  5.127597e-022
996.800000  4.822274e-022
997.000000  4.847280e-022
997.200000  4.496412e-022
997.400000  4.514299e-022
997.600000  4.493555e-022
997.800000  4.471277e-022
998.000000  4.354574e-022
998.200000  4.235065e-022
998.400000  4.169471e-022
998.600000  4.087776e-022
998.800000  3.974654e-022
999.000000  3.798621e-022
999.200000  3.572454e-022
999.400000  3.563427e-022
999.600000  3.301259e-022
999.800000  3.268326e-022
1000.000000  3.074841e-022
1000.200000  3.000322e-022
1000.400000  3.015803e-022
1000.600000  2.789456e-022
1000.800000  2.847713e-022
1001.000000  2.856743e-022
1001.200000  2.641950e-022
1001.400000  2.505876e-022
1001.600000  2.470622e-022
1001.800000  2.356102e-022
1002.000000  2.136190e-022
1002.200000  2.215554e-022
1002.400000  2.095412e-022
1002.600000  2.035877e-022
1002.800000  2.053702e-022
1003.000000  2.161929e-022
1003.200000  1.896466e-022
1003.400000  2.108248e-022
1003.600000  1.923075e-022
1003.800000  2.108760e-022
1004.000000  1.960454e-022
1004.200000  1.761750e-022
1004.400000  1.655817e-022
1004.600000  1.688286e-022
1004.800000  1.517820e-022
1005.000000  1.364523e-022
1005.200000  1.399301e-022
1005.400000  1.328191e-022
1005.600000  1.307283e-022
1005.800000  1.279809e-022
1006.000000  1.203629e-022
1006.200000  1.077450e-022
1006.400000  1.079842e-022
1006.600000  9.570003e-023
1006.800000  1.037469e-022
1007.000000  1.078683e-022
1007.200000  7.747697e-023
1007.400000  8.367180e-023
1007.600000  6.328794e-023
1007.800000  5.532520e-023
1008.000000  5.373311e-023
1008.200000  4.143955e-023
1008.400000  5.286951e-023
1008.600000  4.931813e-023
1008.800000  1.983519e-023
1009.000000  3.270329e-023
1009.200000  1.697663e-023
1009.400000  2.179677e-023
1009.600000  1.224459e-023
1009.800000  4.007207e-024
1010.000000  1.307739e-024
1010.200000  1.506451e-023
1010.400000  1.045680e-023
1010.600000  1.242413e-023
1010.800000  6.919805e-024
1011.000000  1.207117e-023
1011.200000  -4.030949e-024
1011.400000  2.016624e-023
1011.600000  1.136046e-023
1011.800000  1.176342e-023
1012.000000  1.478914e-023
1012.200000  -1.138713e-024
1012.400000  7.845824e-025
1012.600000  -7.529564e-024
1012.800000  -2.340940e-023
1013.000000  -1.019532e-023
1013.200000  -2.716505e-023
1013.400000  -2.870560e-023
1013.600000  -3.790730e-023
1013.800000  -3.155188e-023
1014.000000  -2.775208e-023
1014.200000  -3.180119e-023
1014.400000  -4.093725e-023
1014.600000  -4.708695e-023
1014.800000  -3.597407e-023
1015.000000  -3.950037e-023
1015.200000  -2.830307e-023
1015.400000  -2.995100e-023
1015.600000  -3.857784e-023
1015.800000  -3.129144e-023
1016.000000  -3.970650e-023
1016.200000  -2.926278e-023
1016.400000  -3.475833e-023
1016.600000  -4.459043e-023
1016.800000  -4.993472e-023
1017.000000  -6.369174e-023
1017.200000  -5.849849e-023
1017.400000  -7.019503e-023
1017.600000  -7.543332e-023
1017.800000  -7.575227e-023
1018.000000  -9.140190e-023
1018.200000  -9.435672e-023
1018.400000  -1.035413e-022
1018.600000  -9.365334e-023
1018.800000  -9.579448e-023
1019.000000  -8.544611e-023
1019.200000  -9.120268e-023
1019.400000  -8.440654e-023
1019.600000  -9.547442e-023
1019.800000  -9.109469e-023
1020.000000  -8.869661e-023
1020.200000  -9.774212e-023
1020.400000  -8.358150e-023
1020.600000  -8.432783e-023
1020.800000  -7.526317e-023
1021.000000  -7.673770e-023
1021.200000  -9.732379e-023
1021.400000  -6.882055e-023
1021.600000  -6.990179e-023
1021.800000  -8.865238e-023
1022.000000  -8.564491e-023
1022.200000  -6.724929e-023
1022.400000  -8.948190e-023
1022.600000  -9.240110e-023
1022.800000  -9.364155e-023
1023.000000  -9.067158e-023
1023.200000  -9.323378e-023
1023.400000  -9.886355e-023
1023.600000  -8.689662e-023
1023.800000  -7.374781e-023
1024.000000  -8.502843e-023
1024.200000  -7.714476e-023
1024.400000  -7.208191e-023
1024.600000  -8.575743e-023
1024.800000  -8.595105e-023
1025.000000  -9.391555e-023
1025.200000  -9.094159e-023
1025.400000  -1.024487e-022
1025.600000  -1.005118e-022
1025.800000  -1.017091e-022
1026.000000  -8.447296e-023
1026.200000  -9.872776e-023
1026.400000  -8.727431e-023
1026.600000  -1.082845e-022
1026.800000  -8.600935e-023
1027.000000  -9.292304e-023
1027.200000  -9.304358e-023
1027.400000  -8.430418e-023
1027.600000  -9.101561e-023
1027.800000  -9.169284e-023
1028.000000  -1.029501e-022
1028.200000  -9.292709e-023
1028.400000  -9.300784e-023
1028.600000  -1.013891e-022
1028.800000  -9.290514e-023
1029.000000  -9.078468e-023
1029.200000  -8.602844e-023
1029.400000  -7.387394e-023
1029.600000  -7.824024e-023
1029.800000  -7.396979e-023
1030.000000  -9.274363e-023
1030.200000  -8.529524e-023
1030.400000  -8.411414e-023
1030.600000  -8.236193e-023
1030.800000  -9.375501e-023
1031.000000  -9.439551e-023
1031.200000  -1.002217e-022
1031.400000  -8.956712e-023
1031.600000  -1.037208e-022
1031.800000  -1.103540e-022
1032.000000  -9.941905e-023
1032.200000  -8.897227e-023
1032.400000  -9.663835e-023
1032.600000  -9.627113e-023
1032.800000  -1.050467e-022
1033.000000  -1.021647e-022
1033.200000  -9.417321e-023
1033.400000  -1.042744e-022
1033.600000  -1.113969e-022
1033.800000  -1.098567e-022
1034.000000  -1.130768e-022
1034.200000  -1.091807e-022
1034.400000  -1.076419e-022
1034.600000  -1.050992e-022
1034.800000  -1.098619e-022
1035.000000  -1.034192e-022
1035.200000  -1.106653e-022
1035.400000  -1.123918e-022
1035.600000  -1.137536e-022
1035.800000  -1.038119e-022
1036.000000  -1.123223e-022
1036.200000  -9.243005e-023
1036.400000  -1.141569e-022
1036.600000  -1.112412e-022
1036.800000  -9.279440e-023
1037.000000  -7.895612e-023
1037.200000  -8.162663e-023
1037.400000  -9.758159e-023
1037.600000  -7.889224e-023
1037.800000  -7.950302e-023
1038.000000  -8.996187e-023
1038.200000  -8.477774e-023
1038.400000  -8.320851e-023
1038.600000  -9.832464e-023
1038.800000  -9.429568e-023
1039.000000  -1.027147e-022
1039.200000  -1.003825e-022
1039.400000  -7.782427e-023
1039.600000  -8.737421e-023
1039.800000  -7.431998e-023
1040.000000  -7.214827e-023
1040.200000  -6.580224e-023
1040.400000  -7.014469e-023
1040.600000  -6.010656e-023
1040.800000  -6.574174e-023
1041.000000  -8.496486e-023
1041.200000  -7.426702e-023
1041.400000  -9.252381e-023
1041.600000  -9.247816e-023
1041.800000  -1.054662e-022
1042.000000  -1.023266e-022
1042.200000  -1.095207e-022
1042.400000  -1.229087e-022
1042.600000  -1.105170e-022
1042.800000  -1.278227e-022
1043.000000  -1.438724e-022
1043.200000  -1.338722e-022
1043.400000  -1.418763e-022
1043.600000  -1.452111e-022
1043.800000  -1.405827e-022
1044.000000  -1.282289e-022
1044.200000  -1.580080e-022
1044.400000  -1.486962e-022
1044.600000  -1.440834e-022
1044.800000  -1.594263e-022
1045.000000  -1.312431e-022
1045.200000  -1.348696e-022
1045.400000  -1.312989e-022
1045.600000  -1.106032e-022
1045.800000  -1.272602e-022
1046.000000  -1.397046e-022
1046.200000  -1.359576e-022
1046.400000  -1.394973e-022
1046.600000  -1.459618e-022
1046.800000  -1.408989e-022
1047.000000  -1.682458e-022
1047.200000  -1.641421e-022
1047.400000  -1.775742e-022
1047.600000  -1.456900e-022
1047.800000  -1.690314e-022
1048.000000  -1.497133e-022
1048.200000  -1.632256e-022
1048.400000  -1.399486e-022
1048.600000  -1.514305e-022
1048.800000  -1.294456e-022
1049.000000  -1.482593e-022
1049.200000  -1.526555e-022
1049.400000  -1.327788e-022
1049.600000  -1.291412e-022
1049.800000  -1.380130e-022
1050.000000  -1.247409e-022
1050.200000  -9.703439e-023
1050.400000  -9.121532e-023
1050.600000  -7.999758e-023
1050.800000  -8.084249e-023
1051.000000  -7.544881e-023
1051.200000  -8.643421e-023
1051.400000  -8.838891e-023
1051.600000  -8.155936e-023
1051.800000  -8.123931e-023
1052.000000  -9.375979e-023
1052.200000  -9.792897e-023
1052.400000  -8.021225e-023
1052.600000  -7.819347e-023
1052.800000  -8.193980e-023
1053.000000  -7.656094e-023
1053.200000  -6.754619e-023
1053.400000  -8.384879e-023
1053.600000  -7.164993e-023
1053.800000  -5.138318e-023
1054.000000  -6.719929e-023
1054.200000  -7.109810e-023
1054.400000  -6.128852e-023
1054.600000  -6.660413e-023
1054.800000  -7.552610e-023
1055.000000  -8.183512e-023
1055.200000  -7.458775e-023
1055.400000  -8.530909e-023
1055.600000  -6.622457e-023
1055.800000  -7.472060e-023
1056.000000  -6.738726e-023
1056.200000  -6.623733e-023
1056.400000  -6.940480e-023
1056.600000  -6.650185e-023
1056.800000  -6.348273e-023
1057.000000  -6.408903e-023
1057.200000  -8.039010e-023
1057.400000  -7.611841e-023
1057.600000  -8.406056e-023
1057.800000  -7.598586e-023
1058.000000  -8.659462e-023
1058.200000  -9.653849e-023
1058.400000  -8.569096e-023
1058.600000  -8.440477e-023
1058.800000  -9.280299e-023
1059.000000  -7.890694e-023
1059.200000  -5.171743e-023
1059.400000  -6.274522e-023
1059.600000  -5.093074e-023
1059.800000  -5.256873e-023
1060.000000  -5.279318e-023
1060.200000  -3.552378e-023
1060.400000  -4.027492e-023
1060.600000  -4.379579e-023
1060.800000  -4.252036e-023
1061.000000  -2.895817e-023
1061.200000  -4.177362e-023
1061.400000  -3.323655e-023
1061.600000  -3.480419e-023
1061.800000  -1.610014e-023
1062.000000  -2.706600e-023
1062.200000  -1.678703e-023
1062.400000  -9.134879e-024
1062.600000  -7.546689e-024
1062.800000  -1.023892e-023
1063.000000  -1.454665e-023
1063.200000  -2.269672e-023
1063.400000  -1.945543e-023
1063.600000  -3.480010e-023
1063.800000  -2.603584e-023
1064.000000  -3.381313e-023
1064.200000  -3.776695e-023
1064.400000  -5.323917e-023
1064.600000  -4.156595e-023
1064.800000  -4.893189e-023
1065.000000  -5.308479e-023
1065.200000  -5.094316e-023
1065.400000  -5.816259e-023
1065.600000  -5.299111e-023
1065.800000  -5.639895e-023
1066.000000  -5.592901e-023
1066.200000  -5.519311e-023
1066.400000  -6.104554e-023
1066.600000  -4.673454e-023
1066.800000  -6.758094e-023
1067.000000  -6.079250e-023
1067.200000  -6.007399e-023
1067.400000  -5.655685e-023
1067.600000  -4.992128e-023
1067.800000  -6.001808e-023
1068.000000  -4.852583e-023
1068.200000  -5.746357e-023
1068.400000  -4.877316e-023
1068.600000  -6.441782e-023
1068.800000  -6.360933e-023
1069.000000  -6.604264e-023
1069.200000  -7.605440e-023
1069.400000  -5.836123e-023
1069.600000  -5.567950e-023
1069.800000  -7.041636e-023
1070.000000  -5.221508e-023
1070.200000  -5.297313e-023
1070.400000  -4.650923e-023
1070.600000  -3.360341e-023
1070.800000  -3.585811e-023
1071.000000  -5.665133e-023
1071.200000  -4.062474e-023
1071.400000  -4.538323e-023
1071.600000  -4.295600e-023
1071.800000  -3.703147e-023
1072.000000  -3.139714e-023
1072.200000  -3.071762e-023
1072.400000  -2.352536e-023
1072.600000  -1.662866e-023
1072.800000  -1.404591e-023
1073.000000  -1.275357e-023
1073.200000  -8.611486e-025
1073.400000  -1.833668e-023
1073.600000  -1.291506e-023
1073.800000  -1.082188e-023
1074.000000  -1.011704e-023
1074.200000  -1.698518e-023
1074.400000  -1.949210e-023
1074.600000  -2.159426e-023
1074.800000  -3.194931e-023
1075.000000  -2.055867e-023
1075.200000  -9.530009e-024
1075.400000  -2.102629e-023
1075.600000  -2.025960e-023
1075.800000  -2.501306e-023
1076.000000  -2.108932e-023
1076.200000  -1.858316e-023
1076.400000  -1.269680e-023
1076.600000  -1.059548e-023
1076.800000  -2.661890e-023
1077.000000  -3.130550e-023
1077.200000  -3.044108e-023
1077.400000  -3.985837e-023
1077.600000  -4.276696e-023
1077.800000  -5.567177e-023
1078.000000  -5.435391e-023
1078.200000  -4.812517e-023
1078.400000  -4.753043e-023
1078.600000  -5.077847e-023
1078.800000  -3.066306e-023
1079.000000  -3.473767e-023
1079.200000  -4.275206e-023
1079.400000  -4.435140e-023
1079.600000  -3.978498e-023
1079.800000  -4.779469e-023
1080.000000  -4.455617e-023
1080.200000  -5.315983e-023
1080.400000  -4.647360e-023
1080.600000  -5.222348e-023
1080.800000  -4.393810e-023
1081.000000  -5.308209e-023
1081.200000  -5.070322e-023
1081.400000  -5.183181e-023
1081.600000  -5.466159e-023
1081.800000  -5.284714e-023
1082.000000  -5.341421e-023
1082.200000  -4.626277e-023
1082.400000  -5.587476e-023
1082.600000  -6.023345e-023
1082.800000  -6.743242e-023
1083.000000  -6.808248e-023
1083.200000  -7.158964e-023
1083.400000  -6.275622e-023
1083.600000  -4.929138e-023
1083.800000  -5.135852e-023
1084.000000  -5.340356e-023
1084.200000  -4.302982e-023
1084.400000  -4.168249e-023
1084.600000  -3.694815e-023
1084.800000  -4.873539e-023
1085.000000  -4.471061e-023
1085.200000  -3.301863e-023
1085.400000  -4.399764e-023
1085.600000  -3.737618e-023
1085.800000  -3.616474e-023
1086.000000  -4.899501e-023
1086.200000  -3.472884e-023
1086.400000  -2.135188e-023
1086.600000  -1.575750e-023
1086.800000  -8.506311e-025
1087.000000  9.716257e-024
1087.200000  1.280376e-023
1087.400000  2.262021e-023
1087.600000  3.598653e-023
1087.800000  2.497364e-023
1088.000000  1.470896e-023
1088.200000  2.763746e-023
1088.400000  2.072559e-023
1088.600000  2.337896e-023
1088.800000  1.594425e-023
1089.000000  1.620423e-023
1089.200000  3.148909e-023
1089.400000  2.253489e-023
1089.600000  2.142189e-023
1089.800000  1.293351e-023
1090.000000  1.303132e-023
1090.200000  1.117659e-023
1090.400000  4.882597e-024
1090.600000  6.085770e-024
1090.800000  1.016445e-023
1091.000000  3.197721e-024
1091.200000  -2.963294e-024
1091.400000  -1.284372e-023
1091.600000  -1.072280e-023
1091.800000  -1.335110e-023
1092.000000  -5.127218e-024
1092.200000  -8.109412e-024
1092.400000  -8.757966e-024
1092.600000  -9.654994e-024
1092.800000  -1.615046e-023
1093.000000  -1.297534e-023
1093.200000  -1.291065e-023
1093.400000  -1.352617e-023
1093.600000  3.307048e-024
1093.800000  -1.281549e-023
1094.000000  3.911801e-024
1094.200000  -2.278966e-024
1094.400000  1.689932e-023
1094.600000  2.309789e-023
1094.800000  2.415650e-023
1095.000000  1.527727e-023
1095.200000  2.707107e-023
1095.400000  3.438658e-023
1095.600000  3.434081e-023
1095.800000  3.626189e-023
1096.000000  3.424111e-023
1096.200000  3.637944e-023
1096.400000  4.800979e-023
1096.600000  2.984959e-023
1096.800000  3.702510e-023
1097.000000  2.709404e-023
1097.200000  4.455407e-023
1097.400000  4.302855e-023
1097.600000  3.534222e-023
1097.800000  2.395474e-023
1098.000000  3.570346e-023
1098.200000  2.202410e-023
1098.400000  2.273209e-023
1098.600000  2.602979e-023
1098.800000  3.479158e-023
1099.000000  2.523349e-023
1099.200000  2.621476e-023
1099.400000  3.111406e-023
1099.600000  3.563840e-023
1099.800000  4.667769e-023
1100.000000  3.620927e-023
