800.000000  NaN
800.200000  NaN
800.400000  NaN
800.600000  4.137974e-028
800.800000  5.914614e-028
801.000000  2.944645e-028
801.200000  5.016839e-028
801.400000  5.719855e-028
801.600000  4.765822e-028
801.800000  1.934165e-028
802.000000  5.516022e-028
802.200000  5.450284e-028
802.400000  5.405337e-028
802.600000  3.947416e-028
802.800000  5.894371e-028
803.000000  6.630293e-028
803.200000  5.053751e-028
803.400000  6.485970e-028
803.600000  9.943666e-028
803.800000  6.785621e-028
804.000000  6.322848e-028
804.200000  5.481939e-028
804.400000  1.078250e-027
804.600000  5.982768e-028
804.800000  7.927446e-028
805.000000  9.557288e-028
805.200000  9.787537e-028
805.400000  7.806003e-028
805.600000  5.578286e-028
805.800000  8.171464e-028
806.000000  5.527606e-028
806.200000  6.868385e-028
806.400000  3.219499e-028
806.600000  8.386714e-028
806.800000  3.422319e-028
807.000000  1.304302e-028
807.200000  2.387742e-028
807.400000  5.568702e-028
807.600000  6.025664e-028
807.800000  2.839126e-028
808.000000  4.185373e-028
808.200000  8.150288e-028
808.400000  1.763445e-028
808.600000  3.266443e-028
808.800000  1.096319e-027
809.000000  1.006496e-027
809.200000  7.222167e-028
809.400000  9.436512e-028
809.600000  7.462904e-028
809.800000  6.144832e-028
810.000000  5.484509e-028
810.200000  7.287667e-028
810.400000  1.060455e-027
810.600000  1.204780e-027
810.800000  5.762807e-028
811.000000  4.769596e-028
811.200000  6.546740e-028
811.400000  7.618525e-028
811.600000  8.566082e-028
811.800000  7.094556e-028
812.000000  7.243620e-028
812.200000  9.708962e-028
812.400000  2.296474e-028
812.600000  9.770327e-028
812.800000  1.232149e-027
813.000000  8.311063e-028
813.200000  7.150550e-028
813.400000  3.793624e-028
813.600000  1.189297e-027
813.800000  4.925273e-028
814.000000  5.952095e-028
814.200000  4.132564e-028
814.400000  1.259298e-027
814.600000  8.720249e-028
814.800000  -3.831221e-028
815.000000  8.621516e-028
815.200000  1.375076e-027
815.400000  1.868453e-028
815.600000  -2.400344e-028
815.800000  1.302004e-027
816.000000  1.490165e-027
816.200000  6.029396e-028
816.400000  5.645030e-028
816.600000  8.527027e-028
816.800000  7.375999e-028
817.000000  8.666053e-028
817.200000  6.529689e-028
817.400000  1.229651e-027
817.600000  8.387529e-028
817.800000  -4.692581e-028
818.000000  -3.055212e-028
818.200000  7.602011e-028
818.400000  1.007614e-027
818.600000  -6.640071e-028
818.800000  5.117751e-028
819.000000  1.721203e-027
819.200000  5.159179e-028
819.400000  -1.561388e-028
819.600000  1.095949e-027
819.800000  1.633540e-027
820.000000  3.226923e-028
820.200000  8.014835e-028
820.400000  1.607315e-027
820.600000  1.474110e-027
820.800000  5.168017e-028
821.000000  -8.904025e-028
821.200000  9.268455e-028
821.400000  8.982159e-028
821.600000  -1.717960e-028
821.800000  -1.349982e-028
822.000000  1.415156e-027
822.200000  5.487033e-028
822.400000  5.611025e-028
822.600000  1.496417e-027
822.800000  2.812970e-027
823.000000  8.548614e-028
823.200000  -7.366021e-028
823.400000  1.156548e-027
823.600000  1.720068e-027
823.800000  1.642084e-027
824.000000  1.249308e-027
824.200000  9.596532e-028
824.400000  1.412587e-027
824.600000  6.160282e-028
824.800000  3.598547e-028
825.000000  -3.918254e-028
825.200000  2.706286e-027
825.400000  -3.068160e-028
825.600000  -1.799379e-028
825.800000  5.870790e-028
826.000000  1.308190e-027
826.200000  2.903868e-027
826.400000  3.743964e-028
826.600000  1.693726e-027
826.800000  2.267674e-027
827.000000  2.050658e-027
827.200000  2.552446e-027
827.400000  2.313366e-027
827.600000  1.751401e-027
827.800000  -3.455198e-028
828.000000  3.255912e-028
828.200000  2.589306e-027
828.400000  5.378492e-028
828.600000  1.430520e-028
828.800000  2.653397e-027
829.000000  1.103570e-027
829.200000  2.304803e-027
829.400000  8.357799e-028
829.600000  1.304484e-027
829.800000  3.310500e-027
830.000000  2.163067e-027
830.200000  -1.677355e-027
830.400000  2.549823e-027
830.600000  3.489774e-027
830.800000  -4.914549e-030
831.000000  -3.008221e-027
831.200000  -1.784604e-027
831.400000  -2.640555e-028
831.600000  -2.291285e-027
831.800000  -1.527643e-027
832.000000  1.367884e-027
832.200000  3.972051e-027
832.400000  5.856662e-028
832.600000  -1.768957e-027
832.800000  4.349474e-027
833.000000  1.577453e-027
833.200000  2.603320e-027
833.400000  1.187103e-027
833.600000  4.622232e-027
833.800000  2.068998e-027
834.000000  -1.013633e-027
834.200000  -9.219085e-028
834.400000  9.058124e-028
834.600000  -4.676818e-028
834.800000  -2.866211e-027
835.000000  -6.925894e-028
835.200000  2.157129e-027
835.400000  -2.900989e-027
835.600000  2.609219e-028
835.800000  2.619320e-027
836.000000  3.302626e-027
836.200000  6.347413e-029
836.400000  2.547176e-027
836.600000  2.736323e-027
836.800000  3.237744e-027
837.000000  1.701616e-027
837.200000  3.166678e-027
837.400000  2.572841e-027
837.600000  5.568811e-028
837.800000  -1.047871e-027
838.000000  -4.370698e-027
838.200000  1.947580e-027
838.400000  -4.521297e-027
838.600000  -3.731656e-027
838.800000  -3.785252e-027
839.000000  -2.053410e-028
839.200000  -4.705355e-027
839.400000  -3.749395e-027
839.600000  -4.393156e-027
839.800000  -1.926288e-028
840.000000  2.034863e-027
840.200000  2.060314e-027
840.400000  5.451463e-028
840.600000  -1.112748e-027
840.800000  6.343613e-028
841.000000  -6.308490e-027
841.200000  -1.265509e-027
841.400000  3.479325e-028
841.600000  -1.031112e-027
841.800000  2.441221e-027
842.000000  -6.740698e-027
842.200000  4.534580e-027
842.400000  1.103481e-027
842.600000  2.529957e-027
842.800000  3.184495e-027
843.000000  4.610679e-027
843.200000  2.582627e-027
843.400000  -2.053815e-027
843.600000  4.924758e-027
843.800000  -4.298952e-027
844.000000  -6.095733e-027
844.200000  2.585007e-027
844.400000  -3.916366e-027
844.600000  -4.981567e-027
844.800000  -7.495630e-027
845.000000  2.911013e-028
845.200000  9.291568e-028
845.400000  -3.283941e-028
845.600000  -3.728624e-028
845.800000  2.036232e-027
846.000000  3.559529e-027
846.200000  -1.317075e-027
846.400000  -3.520059e-027
846.600000  9.783843e-027
846.800000  4.177282e-027
847.000000  1.200388e-027
847.200000  -2.433397e-027
847.400000  2.810673e-027
847.600000  8.123821e-027
847.800000  -3.100134e-027
848.000000  -1.162000e-027
848.200000  4.040057e-027
848.400000  6.168041e-027
848.600000  -6.430305e-027
848.800000  4.989291e-027
849.000000  3.742098e-027
849.200000  -3.933682e-027
849.400000  1.169369e-027
849.600000  8.283508e-029
849.800000  6.067875e-028
850.000000  -1.615371e-026
850.200000  -1.075424e-026
850.400000  -6.259366e-028
850.600000  -1.302320e-027
850.800000  -1.391794e-026
851.000000  -1.270573e-026
851.200000  3.000604e-028
851.400000  -1.027131e-026
851.600000  -2.319764e-027
851.800000  -9.855004e-027
852.000000  -5.143367e-027
852.200000  -3.527403e-027
852.400000  -8.104148e-027
852.600000  -4.435822e-027
852.800000  -2.738215e-027
853.000000  1.243145e-027
853.200000  -1.794796e-026
853.400000  -5.132044e-028
853.600000  -6.633364e-029
853.800000  -7.051705e-027
854.000000  -5.463453e-027
854.200000  6.459221e-027
854.400000  -9.500698e-027
854.600000  -1.148534e-026
854.800000  -8.057039e-027
855.000000  -1.693673e-027
855.200000  -2.239520e-027
855.400000  -1.976859e-026
855.600000  8.896667e-028
855.800000  -8.693641e-027
856.000000  6.441641e-027
856.200000  -1.809944e-026
856.400000  -6.968639e-028
856.600000  -1.113003e-026
856.800000  -6.983760e-027
857.000000  -8.200383e-027
857.200000  -1.591975e-026
857.400000  -2.571319e-027
857.600000  6.883018e-029
857.800000  -2.108847e-027
858.000000  -1.742776e-026
858.200000  4.691572e-027
858.400000  -1.503164e-026
858.600000  -1.907988e-026
858.800000  -7.167941e-027
859.000000  -1.245078e-026
859.200000  -1.193534e-026
859.400000  -2.141568e-026
859.600000  -9.406355e-027
859.800000  2.222395e-027
860.000000  -6.340950e-028
860.200000  -2.132186e-026
860.400000  6.744183e-027
860.600000  5.483373e-027
860.800000  -3.821041e-029
861.000000  -7.308368e-027
861.200000  8.058794e-027
861.400000  1.015163e-027
861.600000  -2.628340e-026
861.800000  -1.735969e-026
862.000000  -1.185481e-026
862.200000  -9.667472e-027
862.400000  -4.859690e-026
862.600000  2.596890e-027
862.800000  -6.809534e-027
863.000000  -1.542394e-026
863.200000  -4.334976e-026
863.400000  -2.130202e-026
863.600000  -5.920605e-027
863.800000  -3.730416e-026
864.000000  -5.641651e-027
864.200000  4.212964e-028
864.400000  1.954519e-026
864.600000  -5.596354e-029
864.800000  3.767334e-027
865.000000  1.927980e-026
865.200000  1.752855e-027
865.400000  -1.581609e-026
865.600000  3.775831e-027
865.800000  3.723377e-026
866.000000  1.769793e-026
866.200000  1.264959e-026
866.400000  2.231872e-026
866.600000  3.018072e-026
866.800000  -8.930702e-027
867.000000  -4.718558e-027
867.200000  9.541592e-027
867.400000  1.697087e-026
867.600000  -1.262501e-026
867.800000  -1.951697e-027
868.000000  1.240066e-026
868.200000  1.915467e-027
868.400000  -2.291985e-026
868.600000  1.151132e-027
868.800000  5.762407e-028
869.000000  -4.950927e-026
869.200000  -7.940376e-027
869.400000  -1.020055e-026
869.600000  -8.872520e-027
869.800000  5.532935e-028
870.000000  1.030605e-026
870.200000  2.816827e-026
870.400000  -6.763120e-027
870.600000  9.517930e-027
870.800000  1.046895e-026
871.000000  -1.010630e-026
871.200000  3.832587e-026
871.400000  7.268622e-027
871.600000  5.028437e-026
871.800000  2.464482e-026
872.000000  4.524441e-026
872.200000  1.680159e-026
872.400000  3.675855e-026
872.600000  3.064296e-026
872.800000  1.996630e-026
873.000000  2.064966e-026
873.200000  2.294020e-026
873.400000  -3.806935e-026
873.600000  6.154771e-026
873.800000  6.584964e-026
874.000000  -1.646009e-026
874.200000  3.155959e-026
874.400000  4.550270e-026
874.600000  3.003565e-027
874.800000  -7.126485e-027
875.000000  3.017191e-026
875.200000  6.071620e-026
875.400000  2.807446e-026
875.600000  4.431797e-026
875.800000  6.440117e-026
876.000000  6.826315e-026
876.200000  1.845795e-027
876.400000  4.034822e-026
876.600000  5.564795e-026
876.800000  1.351900e-025
877.000000  5.928436e-026
877.200000  3.995604e-026
877.400000  1.229770e-025
877.600000  9.525351e-026
877.800000  3.067780e-026
878.000000  1.410304e-025
878.200000  1.563970e-025
878.400000  1.182849e-025
878.600000  1.403567e-025
878.800000  1.873339e-025
879.000000  2.443385e-025
879.200000  1.780175e-025
879.400000  2.402328e-025
879.600000  3.070191e-025
879.800000  3.808597e-025
880.000000  3.175445e-025
880.200000  3.273850e-025
880.400000  3.911353e-025
880.600000  2.637637e-025
880.800000  2.423912e-025
881.000000  3.570446e-025
881.200000  4.054294e-025
881.400000  3.163892e-025
881.600000  3.512969e-025
881.800000  4.325180e-025
882.000000  3.042175e-025
882.200000  2.579369e-025
882.400000  2.660763e-025
882.600000  3.111501e-025
882.800000  3.308501e-025
883.000000  3.898878e-025
883.200000  2.291640e-025
883.400000  3.516802e-025
883.600000  3.284126e-025
883.800000  2.994543e-025
884.000000  4.101058e-025
884.200000  4.981954e-025
884.400000  3.095205e-025
884.600000  4.661947e-025
884.800000  4.420132e-025
885.000000  5.047614e-025
885.200000  5.971592e-025
885.400000  4.998789e-025
885.600000  5.248271e-025
885.800000  5.641849e-025
886.000000  6.085665e-025
886.200000  5.510947e-025
886.400000  5.949277e-025
886.600000  7.617592e-025
886.800000  7.481676e-025
887.000000  8.389689e-025
887.200000  8.195774e-025
887.400000  9.255701e-025
887.600000  8.327408e-025
887.800000  6.938719e-025
888.000000  9.837163e-025
888.200000  9.454278e-025
888.400000  8.569414e-025
888.600000  7.642884e-025
888.800000  9.632721e-025
889.000000  1.070347e-024
889.200000  8.380060e-025
889.400000  8.871079e-025
889.600000  1.097489e-024
889.800000  1.181059e-024
890.000000  1.092370e-024
890.200000  1.006365e-024
890.400000  1.368257e-024
890.600000  1.233082e-024
890.800000  1.059214e-024
891.000000  1.246240e-024
891.200000  1.658957e-024
891.400000  1.596291e-024
891.600000  1.543910e-024
891.800000  1.724883e-024
892.000000  1.802390e-024
892.200000  1.912679e-024
892.400000  1.778941e-024
892.600000  2.068020e-024
892.800000  2.205059e-024
893.000000  2.382948e-024
893.200000  2.259532e-024
893.400000  2.464315e-024
893.600000  2.378130e-024
893.800000  2.432877e-024
894.000000  2.342047e-024
894.200000  2.670009e-024
894.400000  2.613234e-024
894.600000  2.435191e-024
894.800000  2.716343e-024
895.000000  3.043465e-024
895.200000  2.838602e-024
895.400000  2.791284e-024
895.600000  3.053938e-024
895.800000  3.334243e-024
896.000000  3.177147e-024
896.200000  3.148454e-024
896.400000  3.400908e-024
896.600000  3.579866e-024
896.800000  3.633035e-024
897.000000  3.694373e-024
897.200000  4.118479e-024
897.400000  4.274111e-024
897.600000  4.452873e-024
897.800000  4.478561e-024
898.000000  4.782924e-024
898.200000  4.752099e-024
898.400000  4.999293e-024
898.600000  4.953805e-024
898.800000  5.349074e-024
899.000000  5.668727e-024
899.200000  5.466587e-024
899.400000  5.726574e-024
899.600000  6.278561e-024
899.800000  6.112052e-024
900.000000  6.525989e-024
900.200000  6.796362e-024
900.400000  6.789108e-024
900.600000  6.991433e-024
900.800000  7.299827e-024
901.000000  7.361108e-024
901.200000  7.861358e-024
901.400000  7.756905e-024
901.600000  8.382512e-024
901.800000  8.147137e-024
902.000000  8.653948e-024
902.200000  9.296604e-024
902.400000  9.491705e-024
902.600000  9.526755e-024
902.800000  1.011321e-023
903.000000  1.063895e-023
903.200000  1.050876e-023
903.400000  1.133673e-023
903.600000  1.145312e-023
903.800000  1.231657e-023
904.000000  1.244355e-023
904.200000  1.281874e-023
904.400000  1.354024e-023
904.600000  1.339525e-023
904.800000  1.383064e-023
905.000000  1.480715e-023
905.200000  1.513742e-023
905.400000  1.546021e-023
905.600000  1.626745e-023
905.800000  1.639517e-023
906.000000  1.658193e-023
906.200000  1.703486e-023
906.400000  1.754662e-023
906.600000  1.897068e-023
906.800000  1.880754e-023
907.000000  1.899136e-023
907.200000  1.950033e-023
907.400000  2.129423e-023
907.600000  1.990108e-023
907.800000  2.126540e-023
908.000000  2.256878e-023
908.200000  2.362941e-023
908.400000  2.348057e-023
908.600000  2.394217e-023
908.800000  2.535999e-023
909.000000  2.594348e-023
909.200000  2.581459e-023
909.400000  2.816982e-023
909.600000  2.858732e-023
909.800000  2.904101e-023
910.000000  2.981785e-023
910.200000  3.050732e-023
910.400000  3.054837e-023
910.600000  3.157647e-023
910.800000  3.280994e-023
911.000000  3.485923e-023
911.200000  3.509717e-023
911.400000  3.580845e-023
911.600000  3.652251e-023
911.800000  3.834053e-023
912.000000  3.839738e-023
912.200000  4.001129e-023
912.400000  4.192311e-023
912.600000  4.211128e-023
912.800000  4.360491e-023
913.000000  4.395861e-023
913.200000  4.635358e-023
913.400000  4.816889e-023
913.600000  4.772140e-023
913.800000  5.007918e-023
914.000000  5.162781e-023
914.200000  5.242052e-023
914.400000  5.616366e-023
914.600000  5.718756e-023
914.800000  5.819792e-023
915.000000  6.210922e-023
915.200000  6.482061e-023
915.400000  6.481243e-023
915.600000  6.656497e-023
915.800000  6.719721e-023
916.000000  7.121215e-023
916.200000  7.166408e-023
916.400000  7.320844e-023
916.600000  7.639747e-023
916.800000  7.806704e-023
917.000000  7.851632e-023
917.200000  8.188256e-023
917.400000  8.494033e-023
917.600000  8.472412e-023
917.800000  8.718037e-023
918.000000  9.137019e-023
918.200000  9.124362e-023
918.400000  9.403209e-023
918.600000  9.556041e-023
918.800000  9.858192e-023
919.000000  1.001972e-022
919.200000  1.006084e-022
919.400000  1.068816e-022
919.600000  1.071201e-022
919.800000  1.096403e-022
920.000000  1.111456e-022
920.200000  1.178834e-022
920.400000  1.188843e-022
920.600000  1.178562e-022
920.800000  1.204689e-022
921.000000  1.232933e-022
921.200000  1.255092e-022
921.400000  1.261574e-022
921.600000  1.374422e-022
921.800000  1.403139e-022
922.000000  1.425978e-022
922.200000  1.355994e-022
922.400000  1.498956e-022
922.600000  1.417093e-022
922.800000  1.520808e-022
923.000000  1.518588e-022
923.200000  1.614843e-022
923.400000  1.581184e-022
923.600000  1.628246e-022
923.800000  1.641703e-022
924.000000  1.627360e-022
924.200000  1.690907e-022
924.400000  1.696694e-022
924.600000  1.714359e-022
924.800000  1.844130e-022
925.000000  1.851222e-022
925.200000  1.843088e-022
925.400000  1.848756e-022
925.600000  1.932049e-022
925.800000  1.887179e-022
926.000000  1.955114e-022
926.200000  1.978739e-022
926.400000  2.056830e-022
926.600000  2.027957e-022
926.800000  2.022590e-022
927.000000  2.160875e-022
927.200000  2.154920e-022
927.400000  2.137542e-022
927.600000  2.163514e-022
927.800000  2.224464e-022
928.000000  2.219133e-022
928.200000  2.214402e-022
928.400000  2.256396e-022
928.600000  2.299389e-022
928.800000  2.322659e-022
929.000000  2.371366e-022
929.200000  2.412535e-022
929.400000  2.445111e-022
929.600000  2.399314e-022
929.800000  2.442296e-022
930.000000  2.470797e-022
930.200000  2.515323e-022
930.400000  2.590349e-022
930.600000  2.540849e-022
930.800000  2.762969e-022
931.000000  2.632528e-022
931.200000  2.635366e-022
931.400000  2.716003e-022
931.600000  2.780983e-022
931.800000  2.742034e-022
932.000000  2.792275e-022
932.200000  2.828999e-022
932.400000  2.896394e-022
932.600000  2.921391e-022
932.800000  2.910297e-022
933.000000  3.029727e-022
933.200000  3.025728e-022
933.400000  3.117754e-022
933.600000  3.086404e-022
933.800000  3.151533e-022
934.000000  3.279585e-022
934.200000  3.273569e-022
934.400000  3.229009e-022
934.600000  3.456176e-022
934.800000  3.360517e-022
935.000000  3.447000e-022
935.200000  3.374975e-022
935.400000  3.524993e-022
935.600000  3.522696e-022
935.800000  3.576388e-022
936.000000  3.627947e-022
936.200000  3.663370e-022
936.400000  3.747776e-022
936.600000  3.799451e-022
936.800000  3.831141e-022
937.000000  4.100800e-022
937.200000  3.996421e-022
937.400000  4.098483e-022
937.600000  4.090587e-022
937.800000  4.141344e-022
938.000000  4.239969e-022
938.200000  4.296576e-022
938.400000  4.328958e-022
938.600000  4.545204e-022
938.800000  4.416968e-022
939.000000  4.425397e-022
939.200000  4.659180e-022
939.400000  4.567643e-022
939.600000  4.792233e-022
939.800000  4.648082e-022
940.000000  4.952059e-022
940.200000  4.850058e-022
940.400000  4.858155e-022
940.600000  5.006429e-022
940.800000  5.105012e-022
941.000000  5.281623e-022
941.200000  5.266336e-022
941.400000  5.352708e-022
941.600000  5.349383e-022
941.800000  5.483931e-022
942.000000  5.484957e-022
942.200000  5.844177e-022
942.400000  5.764887e-022
942.600000  5.825215e-022
942.800000  6.050914e-022
943.000000  5.972608e-022
943.200000  6.261545e-022
943.400000  6.204435e-022
943.600000  6.485510e-022
943.800000  6.520911e-022
944.000000  6.719865e-022
944.200000  6.736291e-022
944.400000  6.749580e-022
944.600000  7.079224e-022
944.800000  7.171049e-022
945.000000  7.055297e-022
945.200000  7.273002e-022
945.400000  7.374923e-022
945.600000  7.519386e-022
945.800000  7.685574e-022
946.000000  7.713590e-022
946.200000  7.757259e-022
946.400000  7.826436e-022
946.600000  8.074655e-022
946.800000  8.209662e-022
947.000000  8.374753e-022
947.200000  8.346496e-022
947.400000  8.504037e-022
947.600000  8.629797e-022
947.800000  8.900253e-022
948.000000  8.817970e-022
948.200000  9.157147e-022
948.400000  9.351239e-022
948.600000  9.354995e-022
948.800000  9.743729e-022
949.000000  9.696371e-022
949.200000  9.902178e-022
949.400000  9.915198e-022
949.600000  9.967649e-022
949.800000  1.013718e-021
950.000000  1.014055e-021
950.200000  1.070173e-021
950.400000  1.062915e-021
950.600000  1.090528e-021
950.800000  1.088976e-021
951.000000  1.133319e-021
951.200000  1.121139e-021
951.400000  1.128369e-021
951.600000  1.175699e-021
951.800000  1.165805e-021
952.000000  1.181719e-021
952.200000  1.174339e-021
952.400000  1.228853e-021
952.600000  1.234902e-021
952.800000  1.242494e-021
953.000000  1.251777e-021
953.200000  1.300627e-021
953.400000  1.273036e-021
953.600000  1.301409e-021
953.800000  1.332484e-021
954.000000  1.363675e-021
954.200000  1.390557e-021
954.400000  1.372636e-021
954.600000  1.407908e-021
954.800000  1.422509e-021
955.000000  1.449271e-021
955.200000  1.421792e-021
955.400000  1.518142e-021
955.600000  1.507472e-021
955.800000  1.512941e-021
956.000000  1.527230e-021
956.200000  1.525960e-021
956.400000  1.615030e-021
956.600000  1.572777e-021
956.800000  1.572105e-021
957.000000  1.621733e-021
957.200000  1.656534e-021
957.400000  1.654320e-021
957.600000  1.678498e-021
957.800000  1.692756e-021
958.000000  1.698809e-021
958.200000  1.714737e-021
958.400000  1.706346e-021
958.600000  1.768727e-021
958.800000  1.767389e-021
959.000000  1.765439e-021
959.200000  1.791063e-021
959.400000  1.832366e-021
959.600000  1.836184e-021
959.800000  1.797635e-021
960.000000  1.871708e-021
960.200000  1.881341e-021
960.400000  1.899797e-021
960.600000  1.898869e-021
960.800000  1.910986e-021
961.000000  1.934160e-021
961.200000  1.980253e-021
961.400000  1.956969e-021
961.600000  1.993866e-021
961.800000  2.092893e-021
962.000000  2.016482e-021
962.200000  2.052433e-021
962.400000  2.069303e-021
962.600000  2.094429e-021
962.800000  2.111713e-021
963.000000  2.143458e-021
963.200000  2.202591e-021
963.400000  2.215154e-021
963.600000  2.195598e-021
963.800000  2.193121e-021
964.000000  2.263387e-021
964.200000  2.311647e-021
964.400000  2.290685e-021
964.600000  2.371545e-021
964.800000  2.380769e-021
965.000000  2.423180e-021
965.200000  2.440737e-021
965.400000  2.498100e-021
965.600000  2.482610e-021
965.800000  2.495343e-021
966.000000  2.497310e-021
966.200000  2.530511e-021
966.400000  2.549266e-021
966.600000  2.576246e-021
966.800000  2.641577e-021
967.000000  2.680724e-021
967.200000  2.757363e-021
967.400000  2.740545e-021
967.600000  2.825851e-021
967.800000  2.888210e-021
968.000000  2.932567e-021
968.200000  2.980823e-021
968.400000  3.032907e-021
968.600000  3.192850e-021
968.800000  3.189001e-021
969.000000  3.260753e-021
969.200000  3.378262e-021
969.400000  3.550604e-021
969.600000  3.632504e-021
969.800000  3.736019e-021
970.000000  3.839726e-021
970.200000  4.243384e-021
970.400000  4.414546e-021
970.600000  4.679233e-021
970.800000  4.960220e-021
971.000000  5.245837e-021
971.200000  5.605703e-021
971.400000  6.019730e-021
971.600000  6.512374e-021
971.800000  7.047560e-021
972.000000  7.674112e-021
972.200000  8.398423e-021
972.400000  9.187628e-021
972.600000  1.008395e-020
972.800000  1.108045e-020
973.000000  1.214924e-020
973.200000  1.326197e-020
973.400000  1.447874e-020
973.600000  1.565561e-020
973.800000  1.685762e-020
974.000000  1.807722e-020
974.200000  1.925153e-020
974.400000  2.027167e-020
974.600000  2.121994e-020
974.800000  2.196746e-020
975.000000  2.222924e-020
975.200000  2.231887e-020
975.400000  2.224048e-020
975.600000  2.200392e-020
975.800000  2.171404e-020
976.000000  2.129405e-020
976.200000  2.078114e-020
976.400000  2.008998e-020
976.600000  1.940807e-020
976.800000  1.863839e-020
977.000000  1.787082e-020
977.200000  1.709605e-020
977.400000  1.640563e-020
977.600000  1.567209e-020
977.800000  1.497683e-020
978.000000  1.431607e-020
978.200000  1.366652e-020
978.400000  1.305003e-020
978.600000  1.246143e-020
978.800000  1.193829e-020
979.000000  1.142472e-020
979.200000  1.089601e-020
979.400000  1.045037e-020
979.600000  1.000272e-020
979.800000  9.598693e-021
980.000000  9.181626e-021
980.200000  8.847001e-021
980.400000  8.470550e-021
980.600000  8.164828e-021
980.800000  7.827745e-021
981.000000  7.624234e-021
981.200000  7.351715e-021
981.400000  7.114884e-021
981.600000  6.922731e-021
981.800000  6.717465e-021
982.000000  6.511242e-021
982.200000  6.313072e-021
982.400000  6.157266e-021
982.600000  6.002243e-021
982.800000  5.848841e-021
983.000000  5.722085e-021
983.200000  5.698974e-021
983.400000  5.458881e-021
983.600000  5.428923e-021
983.800000  5.382101e-021
984.000000  5.390366e-021
984.200000  5.206829e-021
984.400000  5.160078e-021
984.600000  5.122042e-021
984.800000  5.083365e-021
985.000000  4.976325e-021
985.200000  4.834584e-021
985.400000  4.856391e-021
985.600000  4.710949e-021
985.800000  4.677661e-021
986.000000  4.682710e-021
986.200000  4.639860e-021
986.400000  4.621170e-021
986.600000  4.563874e-021
986.800000  4.653741e-021
987.000000  4.838657e-021
987.200000  4.803438e-021
987.400000  4.773032e-021
987.600000  4.804394e-021
987.800000  4.876126e-021
988.000000  4.743522e-021
988.200000  4.802949e-021
988.400000  4.908659e-021
988.600000  4.730561e-021
988.800000  4.858987e-021
989.000000  4.815299e-021
989.200000  4.825947e-021
989.400000  4.832692e-021
989.600000  4.911759e-021
989.800000  4.973936e-021
990.000000  4.968611e-021
990.200000  4.931612e-021
990.400000  4.956339e-021
990.600000  5.134935e-021
990.800000  5.170372e-021
991.000000  5.062664e-021
991.200000  5.181358e-021
991.400000  5.180080e-021
991.600000  5.268337e-021
991.800000  5.240813e-021
992.000000  5.396907e-021
992.200000  5.319408e-021
992.400000  5.343918e-021
992.600000  5.371672e-021
992.800000  5.489286e-021
993.000000  5.507425e-021
993.200000  5.527736e-021
993.400000  5.527041e-021
993.600000  5.612691e-021
993.800000  5.579631e-021
994.000000  5.660831e-021
994.200000  5.621500e-021
994.400000  5.633748e-021
994.600000  5.623081e-021
994.800000  5.669941e-021
995.000000  5.618469e-021
995.200000  5.567371e-021
995.400000  5.694253e-021
995.600000  5.742509e-021
995.800000  5.653204e-021
996.000000  5.687780e-021
996.200000  5.793152e-021
996.400000  5.782832e-021
996.600000  5.807890e-021
996.800000  5.730807e-021
997.000000  5.803216e-021
997.200000  5.734108e-021
997.400000  5.722191e-021
997.600000  5.813247e-021
997.800000  5.895001e-021
998.000000  5.757017e-021
998.200000  5.865501e-021
998.400000  5.839517e-021
998.600000  5.809834e-021
998.800000  5.878526e-021
999.000000  5.808291e-021
999.200000  5.801077e-021
999.400000  5.832110e-021
999.600000  5.738158e-021
999.800000  5.801788e-021
1000.000000  5.838623e-021
1000.200000  5.814445e-021
1000.400000  5.756788e-021
1000.600000  5.767327e-021
1000.800000  5.844293e-021
1001.000000  5.713069e-021
1001.200000  5.717836e-021
1001.400000  5.740237e-021
1001.600000  5.823568e-021
1001.800000  5.663610e-021
1002.000000  5.586966e-021
1002.200000  5.793386e-021
1002.400000  5.652062e-021
1002.600000  5.639506e-021
1002.800000  5.758452e-021
1003.000000  5.798354e-021
1003.200000  5.617043e-021
1003.400000  5.715645e-021
1003.600000  5.732627e-021
1003.800000  5.794518e-021
1004.000000  5.685039e-021
1004.200000  5.654228e-021
1004.400000  5.617582e-021
1004.600000  5.680424e-021
1004.800000  5.422094e-021
1005.000000  5.514388e-021
1005.200000  5.527788e-021
1005.400000  5.456940e-021
1005.600000  5.412307e-021
1005.800000  5.502339e-021
1006.000000  5.292833e-021
1006.200000  5.282380e-021
1006.400000  5.320423e-021
1006.600000  5.181527e-021
1006.800000  5.206124e-021
1007.000000  5.207518e-021
1007.200000  5.174630e-021
1007.400000  5.082705e-021
1007.600000  5.088461e-021
1007.800000  5.059015e-021
1008.000000  4.993139e-021
1008.200000  4.996820e-021
1008.400000  4.973043e-021
1008.600000  4.973054e-021
1008.800000  4.826175e-021
1009.000000  4.861609e-021
1009.200000  4.861324e-021
1009.400000  4.825612e-021
1009.600000  4.811094e-021
1009.800000  4.738095e-021
1010.000000  4.723444e-021
1010.200000  4.695752e-021
1010.400000  4.696210e-021
1010.600000  4.658670e-021
1010.800000  4.686648e-021
1011.000000  4.742620e-021
1011.200000  4.752835e-021
1011.400000  4.751462e-021
1011.600000  4.732297e-021
1011.800000  4.713638e-021
1012.000000  4.725445e-021
1012.200000  4.721289e-021
1012.400000  4.688934e-021
1012.600000  4.721391e-021
1012.800000  4.734391e-021
1013.000000  4.690789e-021
1013.200000  4.676991e-021
1013.400000  4.693331e-021
1013.600000  4.694915e-021
1013.800000  4.663661e-021
1014.000000  4.694198e-021
1014.200000  4.712836e-021
1014.400000  4.691048e-021
1014.600000  4.687497e-021
1014.800000  4.699986e-021
1015.000000  4.704099e-021
1015.200000  4.670934e-021
1015.400000  4.673488e-021
1015.600000  4.697669e-021
1015.800000  4.676552e-021
1016.000000  4.662259e-021
1016.200000  4.667489e-021
1016.400000  4.657137e-021
1016.600000  4.638800e-021
1016.800000  4.627475e-021
1017.000000  4.652822e-021
1017.200000  4.652415e-021
1017.400000  4.637486e-021
1017.600000  4.636639e-021
1017.800000  4.646892e-021
1018.000000  4.650835e-021
1018.200000  4.636591e-021
1018.400000  4.652535e-021
1018.600000  4.661047e-021
1018.800000  4.630667e-021
1019.000000  4.594143e-021
1019.200000  4.606155e-021
1019.400000  4.585815e-021
1019.600000  4.525602e-021
1019.800000  4.531797e-021
1020.000000  4.528504e-021
1020.200000  4.487927e-021
1020.400000  4.458349e-021
1020.600000  4.465252e-021
1020.800000  4.464719e-021
1021.000000  4.421674e-021
1021.200000  4.416330e-021
1021.400000  4.417327e-021
1021.600000  4.408557e-021
1021.800000  4.371881e-021
1022.000000  4.354548e-021
1022.200000  4.352076e-021
1022.400000  4.329734e-021
1022.600000  4.288780e-021
1022.800000  4.296181e-021
1023.000000  4.294657e-021
1023.200000  4.264647e-021
1023.400000  4.232623e-021
1023.600000  4.247973e-021
1023.800000  4.231700e-021
1024.000000  4.173027e-021
1024.200000  4.173711e-021
1024.400000  4.165344e-021
1024.600000  4.128544e-021
1024.800000  4.093513e-021
1025.000000  4.092165e-021
1025.200000  4.076893e-021
1025.400000  4.043495e-021
1025.600000  4.013437e-021
1025.800000  4.006600e-021
1026.000000  3.988301e-021
1026.200000  3.947577e-021
1026.400000  3.936007e-021
1026.600000  3.922541e-021
1026.800000  3.895130e-021
1027.000000  3.850969e-021
1027.200000  3.843605e-021
1027.400000  3.830293e-021
1027.600000  3.784251e-021
1027.800000  3.750118e-021
1028.000000  3.755108e-021
1028.200000  3.735519e-021
1028.400000  3.684604e-021
1028.600000  3.696233e-021
1028.800000  3.692808e-021
1029.000000  3.676885e-021
1029.200000  3.645659e-021
1029.400000  3.660543e-021
1029.600000  3.645058e-021
1029.800000  3.610149e-021
1030.000000  3.596462e-021
1030.200000  3.586477e-021
1030.400000  3.555038e-021
1030.600000  3.525475e-021
1030.800000  3.526471e-021
1031.000000  3.518911e-021
1031.200000  3.474321e-021
1031.400000  3.457209e-021
1031.600000  3.435369e-021
1031.800000  3.410969e-021
1032.000000  3.386065e-021
1032.200000  3.346924e-021
1032.400000  3.339185e-021
1032.600000  3.331422e-021
1032.800000  3.276312e-021
1033.000000  3.270393e-021
1033.200000  3.259887e-021
1033.400000  3.228254e-021
1033.600000  3.201765e-021
1033.800000  3.207436e-021
1034.000000  3.213306e-021
1034.200000  3.177296e-021
1034.400000  3.179932e-021
1034.600000  3.184070e-021
1034.800000  3.148845e-021
1035.000000  3.132536e-021
1035.200000  3.121090e-021
1035.400000  3.112071e-021
1035.600000  3.091818e-021
1035.800000  3.089296e-021
1036.000000  3.076913e-021
1036.200000  3.073932e-021
1036.400000  3.053815e-021
1036.600000  3.035762e-021
1036.800000  3.029670e-021
1037.000000  3.010239e-021
1037.200000  2.965305e-021
1037.400000  2.967160e-021
1037.600000  2.972744e-021
1037.800000  2.934436e-021
1038.000000  2.923290e-021
1038.200000  2.930145e-021
1038.400000  2.916322e-021
1038.600000  2.884871e-021
1038.800000  2.887101e-021
1039.000000  2.887738e-021
1039.200000  2.881751e-021
1039.400000  2.859677e-021
1039.600000  2.867917e-021
1039.800000  2.869199e-021
1040.000000  2.851604e-021
1040.200000  2.841887e-021
1040.400000  2.834702e-021
1040.600000  2.822944e-021
1040.800000  2.808009e-021
1041.000000  2.811835e-021
1041.200000  2.808574e-021
1041.400000  2.801941e-021
1041.600000  2.754952e-021
1041.800000  2.736719e-021
1042.000000  2.740055e-021
1042.200000  2.715808e-021
1042.400000  2.699441e-021
1042.600000  2.717780e-021
1042.800000  2.708929e-021
1043.000000  2.673408e-021
1043.200000  2.680510e-021
1043.400000  2.683392e-021
1043.600000  2.646380e-021
1043.800000  2.639358e-021
1044.000000  2.646181e-021
1044.200000  2.637262e-021
1044.400000  2.618219e-021
1044.600000  2.608882e-021
1044.800000  2.604423e-021
1045.000000  2.597674e-021
1045.200000  2.568278e-021
1045.400000  2.558221e-021
1045.600000  2.546024e-021
1045.800000  2.529981e-021
1046.000000  2.526583e-021
1046.200000  2.516429e-021
1046.400000  2.507444e-021
1046.600000  2.502955e-021
1046.800000  2.497976e-021
1047.000000  2.479152e-021
1047.200000  2.477911e-021
1047.400000  2.477027e-021
1047.600000  2.468754e-021
1047.800000  2.442308e-021
1048.000000  2.439813e-021
1048.200000  2.434042e-021
1048.400000  2.404175e-021
1048.600000  2.384264e-021
1048.800000  2.374478e-021
1049.000000  2.351684e-021
1049.200000  2.318509e-021
1049.400000  2.284276e-021
1049.600000  2.248603e-021
1049.800000  2.212598e-021
1050.000000  2.199499e-021
1050.200000  2.155417e-021
1050.400000  2.152664e-021
1050.600000  2.135812e-021
1050.800000  2.102796e-021
1051.000000  2.086719e-021
1051.200000  2.095440e-021
1051.400000  2.076649e-021
1051.600000  2.056572e-021
1051.800000  2.064827e-021
1052.000000  2.067839e-021
1052.200000  2.030735e-021
1052.400000  2.023414e-021
1052.600000  2.019164e-021
1052.800000  2.001695e-021
1053.000000  1.969999e-021
1053.200000  1.963258e-021
1053.400000  1.953737e-021
1053.600000  1.933281e-021
1053.800000  1.905830e-021
1054.000000  1.899859e-021
1054.200000  1.888780e-021
1054.400000  1.858695e-021
1054.600000  1.841427e-021
1054.800000  1.835326e-021
1055.000000  1.828646e-021
1055.200000  1.798752e-021
1055.400000  1.801963e-021
1055.600000  1.803871e-021
1055.800000  1.781091e-021
1056.000000  1.769655e-021
1056.200000  1.772845e-021
1056.400000  1.763953e-021
1056.600000  1.741964e-021
1056.800000  1.734881e-021
1057.000000  1.730407e-021
1057.200000  1.715407e-021
1057.400000  1.682805e-021
1057.600000  1.681891e-021
1057.800000  1.675182e-021
1058.000000  1.658146e-021
1058.200000  1.632399e-021
1058.400000  1.627088e-021
1058.600000  1.615059e-021
1058.800000  1.589528e-021
1059.000000  1.578998e-021
1059.200000  1.545487e-021
1059.400000  1.543159e-021
1059.600000  1.532731e-021
1059.800000  1.508129e-021
1060.000000  1.483743e-021
1060.200000  1.478545e-021
1060.400000  1.476074e-021
1060.600000  1.446180e-021
1060.800000  1.426669e-021
1061.000000  1.425025e-021
1061.200000  1.403069e-021
1061.400000  1.386628e-021
1061.600000  1.376044e-021
1061.800000  1.370178e-021
1062.000000  1.346262e-021
1062.200000  1.324786e-021
1062.400000  1.324166e-021
1062.600000  1.313273e-021
1062.800000  1.292022e-021
1063.000000  1.279131e-021
1063.200000  1.270589e-021
1063.400000  1.267194e-021
1063.600000  1.248328e-021
1063.800000  1.244470e-021
1064.000000  1.242748e-021
1064.200000  1.225563e-021
1064.400000  1.211172e-021
1064.600000  1.207028e-021
1064.800000  1.197098e-021
1065.000000  1.174138e-021
1065.200000  1.168735e-021
1065.400000  1.172815e-021
1065.600000  1.155288e-021
1065.800000  1.134451e-021
1066.000000  1.132766e-021
1066.200000  1.127618e-021
1066.400000  1.109456e-021
1066.600000  1.099392e-021
1066.800000  1.092260e-021
1067.000000  1.076504e-021
1067.200000  1.055323e-021
1067.400000  1.050513e-021
1067.600000  1.047093e-021
1067.800000  1.033333e-021
1068.000000  1.016765e-021
1068.200000  1.002992e-021
1068.400000  9.937339e-022
1068.600000  9.786744e-022
1068.800000  9.674899e-022
1069.000000  9.638529e-022
1069.200000  9.537558e-022
1069.400000  9.406604e-022
1069.600000  9.294286e-022
1069.800000  9.242565e-022
1070.000000  9.111285e-022
1070.200000  9.013587e-022
1070.400000  8.946112e-022
1070.600000  8.880363e-022
1070.800000  8.665149e-022
1071.000000  8.552860e-022
1071.200000  8.611288e-022
1071.400000  8.490704e-022
1071.600000  8.263972e-022
1071.800000  8.167090e-022
1072.000000  8.122280e-022
1072.200000  7.887876e-022
1072.400000  7.770830e-022
1072.600000  7.702146e-022
1072.800000  7.697356e-022
1073.000000  7.483108e-022
1073.200000  7.369256e-022
1073.400000  7.310163e-022
1073.600000  7.265783e-022
1073.800000  7.080267e-022
1074.000000  7.030703e-022
1074.200000  6.998474e-022
1074.400000  6.867325e-022
1074.600000  6.688243e-022
1074.800000  6.682682e-022
1075.000000  6.627975e-022
1075.200000  6.521512e-022
1075.400000  6.413186e-022
1075.600000  6.403754e-022
1075.800000  6.298764e-022
1076.000000  6.143039e-022
1076.200000  6.139744e-022
1076.400000  6.114048e-022
1076.600000  6.027271e-022
1076.800000  5.972923e-022
1077.000000  5.976370e-022
1077.200000  5.980698e-022
1077.400000  5.859062e-022
1077.600000  5.839436e-022
1077.800000  5.789295e-022
1078.000000  5.724010e-022
1078.200000  5.649230e-022
1078.400000  5.604638e-022
1078.600000  5.547264e-022
1078.800000  5.469740e-022
1079.000000  5.361971e-022
1079.200000  5.381521e-022
1079.400000  5.335185e-022
1079.600000  5.237209e-022
1079.800000  5.172927e-022
1080.000000  5.139190e-022
1080.200000  5.080950e-022
1080.400000  4.998727e-022
1080.600000  5.006129e-022
1080.800000  4.970662e-022
1081.000000  4.847384e-022
1081.200000  4.766131e-022
1081.400000  4.773001e-022
1081.600000  4.738312e-022
1081.800000  4.651689e-022
1082.000000  4.627889e-022
1082.200000  4.537948e-022
1082.400000  4.500294e-022
1082.600000  4.452077e-022
1082.800000  4.388418e-022
1083.000000  4.341801e-022
1083.200000  4.271145e-022
1083.400000  4.210714e-022
1083.600000  4.186770e-022
1083.800000  4.165106e-022
1084.000000  4.032677e-022
1084.200000  4.011852e-022
1084.400000  4.019789e-022
1084.600000  3.990280e-022
1084.800000  3.858226e-022
1085.000000  3.883816e-022
1085.200000  3.866574e-022
1085.400000  3.741149e-022
1085.600000  3.723135e-022
1085.800000  3.709404e-022
1086.000000  3.670864e-022
1086.200000  3.455402e-022
1086.400000  3.492495e-022
1086.600000  3.466131e-022
1086.800000  3.408812e-022
1087.000000  3.383732e-022
1087.200000  3.390106e-022
1087.400000  3.330397e-022
1087.600000  3.335335e-022
1087.800000  3.227968e-022
1088.000000  3.226098e-022
1088.200000  3.162420e-022
1088.400000  3.073253e-022
1088.600000  3.096894e-022
1088.800000  2.989821e-022
1089.000000  2.982687e-022
1089.200000  2.933303e-022
1089.400000  2.989460e-022
1089.600000  2.924236e-022
1089.800000  2.822447e-022
1090.000000  2.827019e-022
1090.200000  2.794242e-022
1090.400000  2.768326e-022
1090.600000  2.713676e-022
1090.800000  2.686518e-022
1091.000000  2.695731e-022
1091.200000  2.643532e-022
1091.400000  2.623640e-022
1091.600000  2.600971e-022
1091.800000  2.532454e-022
1092.000000  2.528293e-022
1092.200000  2.553901e-022
1092.400000  2.495819e-022
1092.600000  2.442247e-022
1092.800000  2.440822e-022
1093.000000  2.430604e-022
1093.200000  2.382461e-022
1093.400000  2.350218e-022
1093.600000  2.357864e-022
1093.800000  2.324827e-022
1094.000000  2.292705e-022
1094.200000  2.270181e-022
1094.400000  2.245212e-022
1094.600000  2.225118e-022
1094.800000  2.198172e-022
1095.000000  2.208502e-022
1095.200000  2.174798e-022
1095.400000  2.118519e-022
1095.600000  2.077532e-022
1095.800000  2.058851e-022
1096.000000  2.075177e-022
1096.200000  1.984315e-022
1096.400000  2.005636e-022
1096.600000  1.975733e-022
1096.800000  1.901084e-022
1097.000000  1.841640e-022
1097.200000  1.832454e-022
1097.400000  1.833022e-022
1097.600000  1.785634e-022
1097.800000  1.717717e-022
1098.000000  1.726635e-022
1098.200000  1.669063e-022
1098.400000  1.649221e-022
1098.600000  1.634107e-022
1098.800000  1.636485e-022
1099.000000  1.612497e-022
1099.200000  1.559268e-022
1099.400000  1.536375e-022
1099.600000  1.518118e-022
1099.800000  1.494205e-022
1100.000000  1.461808e-022
