800.000000  NaN
800.200000  NaN
800.400000  NaN
800.600000  9.869835e-028
800.800000  2.064703e-027
801.000000  9.181239e-028
801.200000  1.446563e-027
801.400000  5.981066e-028
801.600000  1.069715e-027
801.800000  6.907442e-028
802.000000  1.298844e-027
802.200000  1.650998e-027
802.400000  1.533263e-027
802.600000  1.307183e-027
802.800000  9.729092e-028
803.000000  1.269898e-027
803.200000  1.819011e-027
803.400000  1.195116e-027
803.600000  2.699181e-027
803.800000  1.697330e-027
804.000000  1.991862e-027
804.200000  1.645643e-027
804.400000  3.173244e-027
804.600000  1.459343e-027
804.800000  3.227874e-027
805.000000  3.075731e-027
805.200000  2.630566e-027
805.400000  3.319974e-027
805.600000  1.712775e-027
805.800000  1.579208e-027
806.000000  7.254754e-028
806.200000  2.054196e-027
806.400000  8.695976e-028
806.600000  3.092742e-027
806.800000  5.440950e-028
807.000000  7.058934e-028
807.200000  1.431136e-027
807.400000  3.137411e-029
807.600000  3.284816e-028
807.800000  -4.173673e-028
808.000000  -1.173917e-028
808.200000  2.289738e-027
808.400000  -1.205184e-028
808.600000  5.049453e-028
808.800000  3.288075e-027
809.000000  2.997850e-027
809.200000  2.475799e-027
809.400000  2.631479e-027
809.600000  2.558428e-027
809.800000  2.150871e-027
810.000000  -1.504763e-027
810.200000  2.117953e-027
810.400000  2.613322e-027
810.600000  4.009844e-027
810.800000  1.390667e-027
811.000000  1.847179e-028
811.200000  1.447074e-027
811.400000  6.401239e-028
811.600000  -1.034611e-027
811.800000  1.587184e-027
812.000000  2.026300e-027
812.200000  6.965940e-028
812.400000  -7.288439e-029
812.600000  4.267826e-027
812.800000  2.556132e-027
813.000000  4.855414e-028
813.200000  1.375324e-027
813.400000  5.747704e-028
813.600000  3.196813e-027
813.800000  -2.053030e-027
814.000000  1.945057e-027
814.200000  -9.254184e-028
814.400000  1.333342e-027
814.600000  1.022574e-027
814.800000  -1.660223e-027
815.000000  1.484515e-027
815.200000  8.849086e-028
815.400000  2.123085e-028
815.600000  3.821762e-028
815.800000  3.836542e-027
816.000000  2.500562e-027
816.200000  3.935012e-028
816.400000  2.819414e-027
816.600000  -1.123963e-028
816.800000  -8.713972e-028
817.000000  3.745989e-027
817.200000  5.407232e-028
817.400000  2.352478e-028
817.600000  -2.983095e-027
817.800000  -1.642129e-027
818.000000  -1.419817e-027
818.200000  -3.029031e-027
818.400000  -1.883016e-027
818.600000  2.233753e-028
818.800000  -2.573404e-027
819.000000  6.869097e-029
819.200000  -1.833229e-027
819.400000  -5.015954e-027
819.600000  -1.219393e-027
819.800000  -1.564529e-027
820.000000  -3.107695e-029
820.200000  -1.132356e-027
820.400000  1.869108e-027
820.600000  4.899152e-027
820.800000  4.978839e-027
821.000000  -6.876696e-027
821.200000  -2.426263e-027
821.400000  1.113820e-029
821.600000  -3.901898e-027
821.800000  -2.407274e-027
822.000000  2.776215e-027
822.200000  -5.561935e-028
822.400000  4.940326e-027
822.600000  4.443664e-027
822.800000  8.238013e-027
823.000000  2.461615e-027
823.200000  -7.337688e-027
823.400000  6.020208e-028
823.600000  4.692110e-027
823.800000  5.269714e-027
824.000000  -4.318260e-028
824.200000  5.452649e-027
824.400000  7.112739e-028
824.600000  3.681643e-027
824.800000  -1.749361e-027
825.000000  1.069627e-027
825.200000  4.140002e-027
825.400000  -9.998475e-027
825.600000  -3.287137e-027
825.800000  -1.712305e-027
826.000000  -7.601924e-028
826.200000  1.985805e-027
826.400000  1.010181e-027
826.600000  1.771542e-027
826.800000  5.892370e-027
827.000000  -1.901870e-027
827.200000  4.283846e-027
827.400000  3.103229e-027
827.600000  -4.503116e-028
827.800000  -1.074039e-027
828.000000  3.407674e-027
828.200000  3.220831e-027
828.400000  -3.436963e-028
828.600000  -6.984483e-027
828.800000  9.070686e-027
829.000000  -3.690995e-027
829.200000  -1.687824e-027
829.400000  5.450161e-027
829.600000  3.993438e-027
829.800000  1.960488e-027
830.000000  1.657553e-027
830.200000  -5.634409e-027
830.400000  4.621839e-027
830.600000  2.823364e-027
830.800000  -5.460832e-028
831.000000  -6.461127e-027
831.200000  -1.287212e-026
831.400000  -7.207889e-027
831.600000  -2.908663e-027
831.800000  -3.131524e-027
832.000000  -3.966149e-027
832.200000  4.479645e-027
832.400000  -4.366622e-028
832.600000  -6.264558e-027
832.800000  5.446032e-027
833.000000  -3.699260e-028
833.200000  9.942449e-027
833.400000  -3.797290e-027
833.600000  1.952903e-027
833.800000  1.374585e-027
834.000000  3.070559e-027
834.200000  -1.553181e-027
834.400000  8.636040e-028
834.600000  -1.006410e-026
834.800000  -1.145699e-026
835.000000  -3.086111e-027
835.200000  3.471169e-027
835.400000  -7.048913e-027
835.600000  3.106858e-027
835.800000  1.039354e-026
836.000000  6.180327e-027
836.200000  1.513234e-027
836.400000  5.881641e-028
836.600000  -2.911879e-027
836.800000  4.306702e-027
837.000000  -6.967340e-027
837.200000  2.986403e-027
837.400000  1.003515e-026
837.600000  -9.250110e-027
837.800000  -1.040309e-026
838.000000  -1.198627e-026
838.200000  -1.000448e-027
838.400000  -8.052695e-027
838.600000  -1.238088e-026
838.800000  -1.946183e-026
839.000000  2.148577e-027
839.200000  -2.659564e-026
839.400000  -2.122640e-026
839.600000  -1.573317e-026
839.800000  -1.393932e-026
840.000000  -9.762868e-027
840.200000  2.705329e-027
840.400000  -1.100516e-026
840.600000  -6.305108e-027
840.800000  -3.270529e-027
841.000000  -2.514159e-026
841.200000  1.929910e-027
841.400000  -8.847741e-027
841.600000  -1.452727e-026
841.800000  1.693072e-026
842.000000  -1.805577e-026
842.200000  -1.220827e-027
842.400000  -5.391358e-027
842.600000  4.351888e-027
842.800000  5.820248e-027
843.000000  4.433894e-027
843.200000  1.682749e-026
843.400000  1.582247e-026
843.600000  1.237296e-026
843.800000  -2.432717e-026
844.000000  -8.607765e-027
844.200000  7.360233e-027
844.400000  -1.854316e-026
844.600000  -1.846425e-026
844.800000  -3.816840e-027
845.000000  -1.312722e-026
845.200000  -2.182455e-026
845.400000  -1.444451e-027
845.600000  1.955337e-026
845.800000  -2.069674e-026
846.000000  -4.563913e-027
846.200000  -5.691175e-027
846.400000  -1.381176e-026
846.600000  2.049694e-028
846.800000  -1.851791e-027
847.000000  1.652473e-027
847.200000  8.066351e-027
847.400000  1.525202e-026
847.600000  2.584251e-026
847.800000  1.008391e-026
848.000000  3.053229e-027
848.200000  -9.184928e-027
848.400000  6.155716e-027
848.600000  -1.099227e-026
848.800000  -1.326444e-029
849.000000  -2.727425e-026
849.200000  -3.739403e-027
849.400000  4.837670e-027
849.600000  -2.001803e-026
849.800000  1.355658e-027
850.000000  -3.367155e-026
850.200000  -2.257544e-026
850.400000  -8.589717e-027
850.600000  -2.803073e-026
850.800000  -3.792807e-026
851.000000  -3.362713e-026
851.200000  -1.701796e-026
851.400000  -2.837875e-026
851.600000  -3.587529e-026
851.800000  -7.899281e-027
852.000000  -1.390935e-026
852.200000  -1.931159e-026
852.400000  -5.865984e-028
852.600000  -1.545771e-026
852.800000  -1.690306e-026
853.000000  -2.128710e-026
853.200000  -6.027016e-026
853.400000  -4.801999e-027
853.600000  -1.684918e-026
853.800000  -3.132318e-026
854.000000  -2.432640e-026
854.200000  2.428992e-026
854.400000  -6.738951e-027
854.600000  -5.380828e-026
854.800000  -2.472372e-027
855.000000  -5.697045e-027
855.200000  -6.193427e-027
855.400000  -6.875469e-026
855.600000  1.697599e-026
855.800000  -2.627587e-026
856.000000  -2.323349e-026
856.200000  -2.737111e-026
856.400000  8.534205e-027
856.600000  -1.137716e-026
856.800000  -3.780100e-026
857.000000  -1.216186e-026
857.200000  -3.571071e-026
857.400000  9.660119e-027
857.600000  -3.362790e-026
857.800000  1.266446e-026
858.000000  -3.421713e-026
858.200000  -2.942178e-026
858.400000  -8.348923e-026
858.600000  -5.041608e-026
858.800000  -4.984492e-026
859.000000  -6.998924e-026
859.200000  -6.054465e-026
859.400000  4.431164e-027
859.600000  -4.136017e-026
859.800000  -1.895778e-026
860.000000  5.123609e-027
860.200000  4.669636e-027
860.400000  9.622201e-027
860.600000  -3.700892e-026
860.800000  3.492991e-026
861.000000  -1.463878e-026
861.200000  2.157622e-026
861.400000  9.850640e-028
861.600000  -3.741542e-026
861.800000  -1.858393e-026
862.000000  -4.648641e-026
862.200000  -4.456597e-026
862.400000  -7.759083e-026
862.600000  -2.115059e-026
862.800000  -2.816536e-026
863.000000  -6.281025e-026
863.200000  -7.640485e-026
863.400000  -1.050142e-025
863.600000  -3.260378e-026
863.800000  -4.840401e-026
864.000000  2.668088e-026
864.200000  -7.512705e-028
864.400000  3.359035e-026
864.600000  3.439056e-026
864.800000  -2.370373e-026
865.000000  4.739383e-026
865.200000  -4.549781e-027
865.400000  -5.935768e-028
865.600000  3.655149e-026
865.800000  7.338096e-026
866.000000  9.548295e-026
866.200000  7.232777e-026
866.400000  8.215374e-026
866.600000  7.804077e-026
866.800000  3.704924e-026
867.000000  7.417000e-026
867.200000  1.942373e-026
867.400000  6.187690e-026
867.600000  -3.208118e-026
867.800000  4.333586e-026
868.000000  -2.649182e-026
868.200000  6.589607e-026
868.400000  -1.199135e-025
868.600000  -1.564677e-026
868.800000  7.509939e-027
869.000000  -5.536406e-026
869.200000  1.047940e-026
869.400000  -4.108648e-026
869.600000  5.057747e-026
869.800000  -5.337107e-026
870.000000  -1.849998e-026
870.200000  4.413173e-026
870.400000  -3.733865e-027
870.600000  1.428144e-027
870.800000  4.288504e-027
871.000000  1.127303e-025
871.200000  1.542470e-025
871.400000  7.394752e-026
871.600000  1.260154e-025
871.800000  1.832309e-025
872.000000  2.642899e-025
872.200000  5.236631e-026
872.400000  1.755953e-025
872.600000  1.826244e-025
872.800000  7.331802e-027
873.000000  1.373523e-026
873.200000  1.328356e-025
873.400000  5.362544e-026
873.600000  8.785065e-026
873.800000  1.985345e-025
874.000000  1.271794e-025
874.200000  9.595164e-026
874.400000  1.087969e-025
874.600000  6.877195e-026
874.800000  1.259328e-025
875.000000  2.043338e-026
875.200000  1.945539e-026
875.400000  4.434690e-026
875.600000  1.571289e-025
875.800000  6.800021e-026
876.000000  8.147331e-026
876.200000  1.800596e-025
876.400000  2.493998e-025
876.600000  1.136547e-025
876.800000  3.492583e-025
877.000000  2.114368e-025
877.200000  1.980136e-025
877.400000  2.766363e-025
877.600000  3.309092e-025
877.800000  3.908140e-025
878.000000  2.716376e-025
878.200000  4.777447e-025
878.400000  4.078715e-025
878.600000  5.021803e-025
878.800000  4.567541e-025
879.000000  6.025770e-025
879.200000  6.471144e-025
879.400000  6.899728e-025
879.600000  5.855080e-025
879.800000  8.063994e-025
880.000000  9.043072e-025
880.200000  9.204561e-025
880.400000  1.034950e-024
880.600000  8.153349e-025
880.800000  7.834760e-025
881.000000  9.393767e-025
881.200000  9.339079e-025
881.400000  8.220095e-025
881.600000  7.113726e-025
881.800000  9.161930e-025
882.000000  4.889727e-025
882.200000  6.898081e-025
882.400000  9.619657e-025
882.600000  7.630878e-025
882.800000  9.968741e-025
883.000000  1.030543e-024
883.200000  8.104871e-025
883.400000  9.938741e-025
883.600000  8.999139e-025
883.800000  7.169705e-025
884.000000  1.004641e-024
884.200000  1.142216e-024
884.400000  8.421764e-025
884.600000  1.074519e-024
884.800000  1.140326e-024
885.000000  1.320918e-024
885.200000  1.224561e-024
885.400000  1.270218e-024
885.600000  1.599620e-024
885.800000  1.298149e-024
886.000000  1.292907e-024
886.200000  1.360097e-024
886.400000  1.728922e-024
886.600000  1.603523e-024
886.800000  1.580640e-024
887.000000  1.759306e-024
887.200000  1.807519e-024
887.400000  1.742998e-024
887.600000  1.853182e-024
887.800000  1.944629e-024
888.000000  2.337784e-024
888.200000  1.798155e-024
888.400000  1.979495e-024
888.600000  2.020547e-024
888.800000  2.247734e-024
889.000000  2.534444e-024
889.200000  1.971822e-024
889.400000  2.190671e-024
889.600000  2.193684e-024
889.800000  2.346872e-024
890.000000  2.661510e-024
890.200000  2.566333e-024
890.400000  2.841227e-024
890.600000  2.247888e-024
890.800000  2.879469e-024
891.000000  2.666514e-024
891.200000  3.341208e-024
891.400000  3.139181e-024
891.600000  3.615057e-024
891.800000  3.705982e-024
892.000000  3.945921e-024
892.200000  4.250041e-024
892.400000  4.086487e-024
892.600000  4.350593e-024
892.800000  4.519737e-024
893.000000  5.013003e-024
893.200000  5.037961e-024
893.400000  5.094030e-024
893.600000  5.128231e-024
893.800000  5.544337e-024
894.000000  5.253354e-024
894.200000  5.315236e-024
894.400000  5.518082e-024
894.600000  5.470937e-024
894.800000  5.730895e-024
895.000000  5.936012e-024
895.200000  6.320350e-024
895.400000  6.217310e-024
895.600000  6.215289e-024
895.800000  6.816743e-024
896.000000  7.129196e-024
896.200000  6.450898e-024
896.400000  7.152502e-024
896.600000  7.453465e-024
896.800000  7.309999e-024
897.000000  7.230209e-024
897.200000  7.715570e-024
897.400000  8.070602e-024
897.600000  8.951133e-024
897.800000  8.236541e-024
898.000000  9.548784e-024
898.200000  9.391345e-024
898.400000  9.414644e-024
898.600000  1.007716e-023
898.800000  1.023319e-023
899.000000  1.126894e-023
899.200000  1.082322e-023
899.400000  1.058118e-023
899.600000  1.221642e-023
899.800000  1.189331e-023
900.000000  1.235493e-023
900.200000  1.285914e-023
900.400000  1.363300e-023
900.600000  1.246365e-023
900.800000  1.405029e-023
901.000000  1.422014e-023
901.200000  1.415684e-023
901.400000  1.531024e-023
901.600000  1.538404e-023
901.800000  1.549235e-023
902.000000  1.650983e-023
902.200000  1.727972e-023
902.400000  1.764724e-023
902.600000  1.872483e-023
902.800000  1.863898e-023
903.000000  1.953990e-023
903.200000  1.992176e-023
903.400000  2.090942e-023
903.600000  2.087864e-023
903.800000  2.263864e-023
904.000000  2.299168e-023
904.200000  2.285179e-023
904.400000  2.395205e-023
904.600000  2.531129e-023
904.800000  2.606956e-023
905.000000  2.534821e-023
905.200000  2.823445e-023
905.400000  2.862034e-023
905.600000  2.936837e-023
905.800000  2.993344e-023
906.000000  2.960901e-023
906.200000  3.118881e-023
906.400000  3.103478e-023
906.600000  3.248716e-023
906.800000  3.280447e-023
907.000000  3.607018e-023
907.200000  3.509299e-023
907.400000  3.464936e-023
907.600000  3.655903e-023
907.800000  3.837888e-023
908.000000  3.839820e-023
908.200000  4.048916e-023
908.400000  3.939554e-023
908.600000  4.163338e-023
908.800000  4.171149e-023
909.000000  4.351814e-023
909.200000  4.679455e-023
909.400000  4.605086e-023
909.600000  4.756001e-023
909.800000  4.875917e-023
910.000000  4.984152e-023
910.200000  5.200601e-023
910.400000  5.496953e-023
910.600000  5.527985e-023
910.800000  5.761909e-023
911.000000  5.887503e-023
911.200000  6.012691e-023
911.400000  6.123236e-023
911.600000  6.319149e-023
911.800000  6.396481e-023
912.000000  6.264941e-023
912.200000  6.873937e-023
912.400000  6.729697e-023
912.600000  6.945350e-023
912.800000  7.171223e-023
913.000000  7.262254e-023
913.200000  7.491801e-023
913.400000  7.952690e-023
913.600000  7.837373e-023
913.800000  8.340328e-023
914.000000  8.311931e-023
914.200000  8.546806e-023
914.400000  8.697345e-023
914.600000  9.222094e-023
914.800000  9.123195e-023
915.000000  9.549147e-023
915.200000  1.004714e-022
915.400000  9.881774e-023
915.600000  9.974520e-023
915.800000  1.072168e-022
916.000000  1.017292e-022
916.200000  1.135630e-022
916.400000  1.158045e-022
916.600000  1.183630e-022
916.800000  1.222916e-022
917.000000  1.201860e-022
917.200000  1.239271e-022
917.400000  1.258791e-022
917.600000  1.326025e-022
917.800000  1.336479e-022
918.000000  1.350903e-022
918.200000  1.407513e-022
918.400000  1.433568e-022
918.600000  1.432801e-022
918.800000  1.497473e-022
919.000000  1.512885e-022
919.200000  1.505548e-022
919.400000  1.593990e-022
919.600000  1.597621e-022
919.800000  1.651452e-022
920.000000  1.686908e-022
920.200000  1.672913e-022
920.400000  1.686198e-022
920.600000  1.747633e-022
920.800000  1.747082e-022
921.000000  1.738786e-022
921.200000  1.838106e-022
921.400000  1.896667e-022
921.600000  1.872130e-022
921.800000  1.893730e-022
922.000000  1.962415e-022
922.200000  1.978964e-022
922.400000  2.047936e-022
922.600000  2.009944e-022
922.800000  2.111177e-022
923.000000  2.071240e-022
923.200000  2.159395e-022
923.400000  2.125775e-022
923.600000  2.211743e-022
923.800000  2.192192e-022
924.000000  2.301764e-022
924.200000  2.306983e-022
924.400000  2.324033e-022
924.600000  2.337099e-022
924.800000  2.435780e-022
925.000000  2.421743e-022
925.200000  2.475820e-022
925.400000  2.503595e-022
925.600000  2.512348e-022
925.800000  2.559769e-022
926.000000  2.588025e-022
926.200000  2.599403e-022
926.400000  2.660506e-022
926.600000  2.707056e-022
926.800000  2.713599e-022
927.000000  2.762885e-022
927.200000  2.796804e-022
927.400000  2.933089e-022
927.600000  2.969561e-022
927.800000  3.020500e-022
928.000000  2.959189e-022
928.200000  3.073828e-022
928.400000  2.976751e-022
928.600000  2.970591e-022
928.800000  3.052079e-022
929.000000  3.076521e-022
929.200000  3.063955e-022
929.400000  3.276300e-022
929.600000  3.120224e-022
929.800000  3.206218e-022
930.000000  3.187739e-022
930.200000  3.274243e-022
930.400000  3.291809e-022
930.600000  3.549243e-022
930.800000  3.383039e-022
931.000000  3.434602e-022
931.200000  3.427441e-022
931.400000  3.509163e-022
931.600000  3.548461e-022
931.800000  3.623033e-022
932.000000  3.543554e-022
932.200000  3.851554e-022
932.400000  3.736215e-022
932.600000  3.754008e-022
932.800000  3.799600e-022
933.000000  4.029190e-022
933.200000  3.888710e-022
933.400000  3.857718e-022
933.600000  4.188674e-022
933.800000  3.965406e-022
934.000000  4.228234e-022
934.200000  4.111414e-022
934.400000  4.189575e-022
934.600000  4.462433e-022
934.800000  4.291371e-022
935.000000  4.278830e-022
935.200000  4.587310e-022
935.400000  4.411656e-022
935.600000  4.644322e-022
935.800000  4.446671e-022
936.000000  4.893922e-022
936.200000  4.548891e-022
936.400000  4.659912e-022
936.600000  4.916928e-022
936.800000  5.001121e-022
937.000000  5.048672e-022
937.200000  5.109006e-022
937.400000  5.144988e-022
937.600000  5.148813e-022
937.800000  5.002549e-022
938.000000  5.353895e-022
938.200000  5.488389e-022
938.400000  5.439290e-022
938.600000  5.541235e-022
938.800000  5.727447e-022
939.000000  5.577727e-022
939.200000  5.835324e-022
939.400000  5.836937e-022
939.600000  5.950420e-022
939.800000  6.038655e-022
940.000000  6.091902e-022
940.200000  6.150593e-022
940.400000  6.162779e-022
940.600000  6.379381e-022
940.800000  6.489230e-022
941.000000  6.395286e-022
941.200000  6.606338e-022
941.400000  6.674127e-022
941.600000  6.739599e-022
941.800000  6.814178e-022
942.000000  6.991316e-022
942.200000  6.953978e-022
942.400000  7.351885e-022
942.600000  7.149123e-022
942.800000  7.265406e-022
943.000000  7.706897e-022
943.200000  7.741629e-022
943.400000  7.605296e-022
943.600000  7.781411e-022
943.800000  7.989222e-022
944.000000  8.134718e-022
944.200000  7.963528e-022
944.400000  8.261045e-022
944.600000  8.379011e-022
944.800000  8.498218e-022
945.000000  8.509559e-022
945.200000  8.805795e-022
945.400000  8.889407e-022
945.600000  9.039906e-022
945.800000  8.955440e-022
946.000000  9.412210e-022
946.200000  9.248548e-022
946.400000  9.361232e-022
946.600000  9.563133e-022
946.800000  9.691249e-022
947.000000  9.819957e-022
947.200000  9.831267e-022
947.400000  1.005180e-021
947.600000  1.012575e-021
947.800000  1.032529e-021
948.000000  1.035008e-021
948.200000  1.068556e-021
948.400000  1.084524e-021
948.600000  1.092301e-021
948.800000  1.106693e-021
949.000000  1.111033e-021
949.200000  1.147239e-021
949.400000  1.145027e-021
949.600000  1.159594e-021
949.800000  1.181732e-021
950.000000  1.186890e-021
950.200000  1.201705e-021
950.400000  1.186899e-021
950.600000  1.242843e-021
950.800000  1.222010e-021
951.000000  1.261631e-021
951.200000  1.258808e-021
951.400000  1.305560e-021
951.600000  1.287721e-021
951.800000  1.305026e-021
952.000000  1.314373e-021
952.200000  1.381991e-021
952.400000  1.353575e-021
952.600000  1.385825e-021
952.800000  1.396221e-021
953.000000  1.419464e-021
953.200000  1.478192e-021
953.400000  1.458945e-021
953.600000  1.450735e-021
953.800000  1.512311e-021
954.000000  1.524483e-021
954.200000  1.490019e-021
954.400000  1.541122e-021
954.600000  1.587034e-021
954.800000  1.578331e-021
955.000000  1.571496e-021
955.200000  1.608297e-021
955.400000  1.674726e-021
955.600000  1.661654e-021
955.800000  1.637621e-021
956.000000  1.683870e-021
956.200000  1.746870e-021
956.400000  1.710845e-021
956.600000  1.702893e-021
956.800000  1.790602e-021
957.000000  1.771761e-021
957.200000  1.785286e-021
957.400000  1.795318e-021
957.600000  1.838950e-021
957.800000  1.866376e-021
958.000000  1.825969e-021
958.200000  1.882930e-021
958.400000  1.934924e-021
958.600000  1.934314e-021
958.800000  1.941126e-021
959.000000  1.970670e-021
959.200000  1.991761e-021
959.400000  1.992497e-021
959.600000  2.001431e-021
959.800000  2.040426e-021
960.000000  2.065487e-021
960.200000  2.020562e-021
960.400000  2.018242e-021
960.600000  2.113224e-021
960.800000  2.150413e-021
961.000000  2.100398e-021
961.200000  2.150242e-021
961.400000  2.231575e-021
961.600000  2.272211e-021
961.800000  2.235288e-021
962.000000  2.274563e-021
962.200000  2.306223e-021
962.400000  2.311017e-021
962.600000  2.335415e-021
962.800000  2.415438e-021
963.000000  2.400929e-021
963.200000  2.414066e-021
963.400000  2.388867e-021
963.600000  2.480010e-021
963.800000  2.489175e-021
964.000000  2.558343e-021
964.200000  2.559589e-021
964.400000  2.595700e-021
964.600000  2.630160e-021
964.800000  2.662038e-021
965.000000  2.680034e-021
965.200000  2.753162e-021
965.400000  2.764588e-021
965.600000  2.776062e-021
965.800000  2.780962e-021
966.000000  2.866574e-021
966.200000  2.874816e-021
966.400000  2.900137e-021
966.600000  2.962243e-021
966.800000  2.998723e-021
967.000000  3.100813e-021
967.200000  3.144604e-021
967.400000  3.128162e-021
967.600000  3.225915e-021
967.800000  3.336194e-021
968.000000  3.364524e-021
968.200000  3.463193e-021
968.400000  3.503265e-021
968.600000  3.642774e-021
968.800000  3.677481e-021
969.000000  3.751819e-021
969.200000  3.847310e-021
969.400000  4.042747e-021
969.600000  4.116914e-021
969.800000  4.355310e-021
970.000000  4.640063e-021
970.200000  4.649724e-021
970.400000  4.827089e-021
970.600000  5.095658e-021
970.800000  5.373856e-021
971.000000  5.654270e-021
971.200000  6.008070e-021
971.400000  6.405500e-021
971.600000  6.872111e-021
971.800000  7.372277e-021
972.000000  7.951291e-021
972.200000  8.614704e-021
972.400000  9.322057e-021
972.600000  1.010768e-020
972.800000  1.097068e-020
973.000000  1.189215e-020
973.200000  1.281052e-020
973.400000  1.379832e-020
973.600000  1.477090e-020
973.800000  1.578730e-020
974.000000  1.671437e-020
974.200000  1.758658e-020
974.400000  1.834621e-020
974.600000  1.895569e-020
974.800000  1.941381e-020
975.000000  1.966111e-020
975.200000  1.978516e-020
975.400000  1.973884e-020
975.600000  1.957508e-020
975.800000  1.928033e-020
976.000000  1.890293e-020
976.200000  1.845344e-020
976.400000  1.787819e-020
976.600000  1.731095e-020
976.800000  1.670906e-020
977.000000  1.608572e-020
977.200000  1.543272e-020
977.400000  1.485629e-020
977.600000  1.424021e-020
977.800000  1.366073e-020
978.000000  1.310380e-020
978.200000  1.256843e-020
978.400000  1.206131e-020
978.600000  1.157665e-020
978.800000  1.114252e-020
979.000000  1.071403e-020
979.200000  1.026679e-020
979.400000  9.890898e-021
979.600000  9.509289e-021
979.800000  9.165986e-021
980.000000  8.807364e-021
980.200000  8.523872e-021
980.400000  8.199083e-021
980.600000  7.941058e-021
980.800000  7.649776e-021
981.000000  7.481228e-021
981.200000  7.243071e-021
981.400000  7.037637e-021
981.600000  6.875748e-021
981.800000  6.698259e-021
982.000000  6.519903e-021
982.200000  6.348047e-021
982.400000  6.215493e-021
982.600000  6.077179e-021
982.800000  5.939818e-021
983.000000  5.819619e-021
983.200000  5.733310e-021
983.400000  5.588989e-021
983.600000  5.545613e-021
983.800000  5.466264e-021
984.000000  5.464530e-021
984.200000  5.392465e-021
984.400000  5.327009e-021
984.600000  5.283145e-021
984.800000  5.222156e-021
985.000000  5.202841e-021
985.200000  5.213810e-021
985.400000  5.188210e-021
985.600000  5.012013e-021
985.800000  5.023431e-021
986.000000  4.978709e-021
986.200000  4.973608e-021
986.400000  4.967993e-021
986.600000  4.864323e-021
986.800000  4.915865e-021
987.000000  4.571400e-021
987.200000  4.555549e-021
987.400000  4.573572e-021
987.600000  4.560291e-021
987.800000  4.571968e-021
988.000000  4.552187e-021
988.200000  4.574211e-021
988.400000  4.571591e-021
988.600000  4.548610e-021
988.800000  4.565464e-021
989.000000  4.599744e-021
989.200000  4.542700e-021
989.400000  4.604940e-021
989.600000  4.610797e-021
989.800000  4.601445e-021
990.000000  4.617612e-021
990.200000  4.657423e-021
990.400000  4.676423e-021
990.600000  4.652536e-021
990.800000  4.722754e-021
991.000000  4.763482e-021
991.200000  4.725737e-021
991.400000  4.758121e-021
991.600000  4.797496e-021
991.800000  4.827050e-021
992.000000  4.872551e-021
992.200000  4.863546e-021
992.400000  4.881628e-021
992.600000  4.920312e-021
992.800000  4.975249e-021
993.000000  4.970906e-021
993.200000  5.040540e-021
993.400000  5.039111e-021
993.600000  5.088237e-021
993.800000  5.074944e-021
994.000000  5.110430e-021
994.200000  5.121526e-021
994.400000  5.105480e-021
994.600000  5.100249e-021
994.800000  5.185976e-021
995.000000  5.134872e-021
995.200000  5.155318e-021
995.400000  5.201571e-021
995.600000  5.220013e-021
995.800000  5.233242e-021
996.000000  5.244290e-021
996.200000  5.250982e-021
996.400000  5.234559e-021
996.600000  5.253553e-021
996.800000  5.265971e-021
997.000000  5.268410e-021
997.200000  5.285246e-021
997.400000  5.232488e-021
997.600000  5.233884e-021
997.800000  5.320084e-021
998.000000  5.333005e-021
998.200000  5.344583e-021
998.400000  5.321726e-021
998.600000  5.338931e-021
998.800000  5.359162e-021
999.000000  5.369052e-021
999.200000  5.231377e-021
999.400000  5.272647e-021
999.600000  5.280328e-021
999.800000  5.272728e-021
1000.000000  5.283044e-021
1000.200000  5.302131e-021
1000.400000  5.309371e-021
1000.600000  5.303479e-021
1000.800000  5.260976e-021
1001.000000  5.326009e-021
1001.200000  5.320584e-021
1001.400000  5.325749e-021
1001.600000  5.243927e-021
1001.800000  5.252691e-021
1002.000000  5.234147e-021
1002.200000  5.272118e-021
1002.400000  5.185850e-021
1002.600000  5.247036e-021
1002.800000  5.185762e-021
1003.000000  5.239137e-021
1003.200000  5.128169e-021
1003.400000  5.250560e-021
1003.600000  5.178455e-021
1003.800000  5.189556e-021
1004.000000  5.211952e-021
1004.200000  5.217535e-021
1004.400000  5.148940e-021
1004.600000  5.101542e-021
1004.800000  5.100420e-021
1005.000000  5.075124e-021
1005.200000  5.072389e-021
1005.400000  4.997293e-021
1005.600000  5.014683e-021
1005.800000  5.008913e-021
1006.000000  4.961870e-021
1006.200000  4.958190e-021
1006.400000  4.987242e-021
1006.600000  4.966255e-021
1006.800000  4.948316e-021
1007.000000  4.931705e-021
1007.200000  4.898072e-021
1007.400000  4.837136e-021
1007.600000  4.781227e-021
1007.800000  4.809186e-021
1008.000000  4.952666e-021
1008.200000  4.931353e-021
1008.400000  4.891406e-021
1008.600000  4.892839e-021
1008.800000  4.898794e-021
1009.000000  4.862253e-021
1009.200000  4.821416e-021
1009.400000  4.789075e-021
1009.600000  4.800509e-021
1009.800000  4.775745e-021
1010.000000  4.713058e-021
1010.200000  4.710659e-021
1010.400000  4.671605e-021
1010.600000  4.648918e-021
1010.800000  4.642938e-021
1011.000000  4.628544e-021
1011.200000  4.636326e-021
1011.400000  4.639626e-021
1011.600000  4.620685e-021
1011.800000  4.599151e-021
1012.000000  4.630510e-021
1012.200000  4.595600e-021
1012.400000  4.563291e-021
1012.600000  4.593166e-021
1012.800000  4.595562e-021
1013.000000  4.577416e-021
1013.200000  4.580288e-021
1013.400000  4.585936e-021
1013.600000  4.609911e-021
1013.800000  4.599978e-021
1014.000000  4.575819e-021
1014.200000  4.593987e-021
1014.400000  4.593158e-021
1014.600000  4.580483e-021
1014.800000  4.570021e-021
1015.000000  4.581878e-021
1015.200000  4.573811e-021
1015.400000  4.559840e-021
1015.600000  4.539848e-021
1015.800000  4.554495e-021
1016.000000  4.548883e-021
1016.200000  4.506594e-021
1016.400000  4.499067e-021
1016.600000  4.492042e-021
1016.800000  4.513078e-021
1017.000000  4.507612e-021
1017.200000  4.533058e-021
1017.400000  4.524463e-021
1017.600000  4.524093e-021
1017.800000  4.529935e-021
1018.000000  4.552315e-021
1018.200000  4.568828e-021
1018.400000  4.516570e-021
1018.600000  4.530646e-021
1018.800000  4.529645e-021
1019.000000  4.517856e-021
1019.200000  4.463722e-021
1019.400000  4.480924e-021
1019.600000  4.440949e-021
1019.800000  4.415170e-021
1020.000000  4.369607e-021
1020.200000  4.378898e-021
1020.400000  4.361382e-021
1020.600000  4.335596e-021
1020.800000  4.312709e-021
1021.000000  4.307965e-021
1021.200000  4.297744e-021
1021.400000  4.256831e-021
1021.600000  4.264880e-021
1021.800000  4.233312e-021
1022.000000  4.231859e-021
1022.200000  4.193853e-021
1022.400000  4.213070e-021
1022.600000  4.189306e-021
1022.800000  4.159467e-021
1023.000000  4.161817e-021
1023.200000  4.122232e-021
1023.400000  4.142332e-021
1023.600000  4.086602e-021
1023.800000  4.095103e-021
1024.000000  4.080038e-021
1024.200000  4.053533e-021
1024.400000  4.024690e-021
1024.600000  4.012815e-021
1024.800000  4.000914e-021
1025.000000  3.955314e-021
1025.200000  3.965767e-021
1025.400000  3.952744e-021
1025.600000  3.931131e-021
1025.800000  3.889750e-021
1026.000000  3.864524e-021
1026.200000  3.864806e-021
1026.400000  3.838203e-021
1026.600000  3.811941e-021
1026.800000  3.788672e-021
1027.000000  3.763897e-021
1027.200000  3.714841e-021
1027.400000  3.717421e-021
1027.600000  3.706708e-021
1027.800000  3.673828e-021
1028.000000  3.646689e-021
1028.200000  3.635856e-021
1028.400000  3.645103e-021
1028.600000  3.593073e-021
1028.800000  3.587871e-021
1029.000000  3.596992e-021
1029.200000  3.577164e-021
1029.400000  3.528684e-021
1029.600000  3.538863e-021
1029.800000  3.535761e-021
1030.000000  3.479572e-021
1030.200000  3.452343e-021
1030.400000  3.443721e-021
1030.600000  3.429067e-021
1030.800000  3.424644e-021
1031.000000  3.382749e-021
1031.200000  3.354266e-021
1031.400000  3.334587e-021
1031.600000  3.329970e-021
1031.800000  3.265337e-021
1032.000000  3.280105e-021
1032.200000  3.278625e-021
1032.400000  3.275523e-021
1032.600000  3.240409e-021
1032.800000  3.240558e-021
1033.000000  3.222710e-021
1033.200000  3.207188e-021
1033.400000  3.190747e-021
1033.600000  3.167629e-021
1033.800000  3.175483e-021
1034.000000  3.141748e-021
1034.200000  3.143580e-021
1034.400000  3.146274e-021
1034.600000  3.102892e-021
1034.800000  3.081967e-021
1035.000000  3.066879e-021
1035.200000  3.075815e-021
1035.400000  3.052922e-021
1035.600000  3.028471e-021
1035.800000  3.041715e-021
1036.000000  3.047458e-021
1036.200000  3.014388e-021
1036.400000  3.001487e-021
1036.600000  2.972608e-021
1036.800000  2.965850e-021
1037.000000  2.935531e-021
1037.200000  2.930869e-021
1037.400000  2.899379e-021
1037.600000  2.915937e-021
1037.800000  2.866521e-021
1038.000000  2.878844e-021
1038.200000  2.869500e-021
1038.400000  2.847682e-021
1038.600000  2.828070e-021
1038.800000  2.839922e-021
1039.000000  2.837353e-021
1039.200000  2.805042e-021
1039.400000  2.789763e-021
1039.600000  2.766616e-021
1039.800000  2.750337e-021
1040.000000  2.738837e-021
1040.200000  2.721870e-021
1040.400000  2.702578e-021
1040.600000  2.689894e-021
1040.800000  2.690200e-021
1041.000000  2.684804e-021
1041.200000  2.695546e-021
1041.400000  2.695052e-021
1041.600000  2.648733e-021
1041.800000  2.609504e-021
1042.000000  2.624343e-021
1042.200000  2.620562e-021
1042.400000  2.636917e-021
1042.600000  2.628777e-021
1042.800000  2.624333e-021
1043.000000  2.604842e-021
1043.200000  2.626591e-021
1043.400000  2.595017e-021
1043.600000  2.587228e-021
1043.800000  2.574791e-021
1044.000000  2.578232e-021
1044.200000  2.561111e-021
1044.400000  2.562905e-021
1044.600000  2.550451e-021
1044.800000  2.538405e-021
1045.000000  2.540513e-021
1045.200000  2.514401e-021
1045.400000  2.514423e-021
1045.600000  2.493894e-021
1045.800000  2.496284e-021
1046.000000  2.475875e-021
1046.200000  2.493659e-021
1046.400000  2.482283e-021
1046.600000  2.467582e-021
1046.800000  2.466711e-021
1047.000000  2.466248e-021
1047.200000  2.462375e-021
1047.400000  2.435857e-021
1047.600000  2.438343e-021
1047.800000  2.405175e-021
1048.000000  2.361289e-021
1048.200000  2.357898e-021
1048.400000  2.351387e-021
1048.600000  2.328503e-021
1048.800000  2.295318e-021
1049.000000  2.292436e-021
1049.200000  2.261198e-021
1049.400000  2.227069e-021
1049.600000  2.193809e-021
1049.800000  2.179586e-021
1050.000000  2.163627e-021
1050.200000  2.138897e-021
1050.400000  2.118993e-021
1050.600000  2.109038e-021
1050.800000  2.114650e-021
1051.000000  2.067152e-021
1051.200000  2.047727e-021
1051.400000  2.046283e-021
1051.600000  2.055749e-021
1051.800000  2.015825e-021
1052.000000  2.022630e-021
1052.200000  2.022028e-021
1052.400000  1.986239e-021
1052.600000  1.962475e-021
1052.800000  1.963989e-021
1053.000000  1.946594e-021
1053.200000  1.906476e-021
1053.400000  1.899012e-021
1053.600000  1.883794e-021
1053.800000  1.871336e-021
1054.000000  1.840281e-021
1054.200000  1.843826e-021
1054.400000  1.833776e-021
1054.600000  1.810422e-021
1054.800000  1.786132e-021
1055.000000  1.791528e-021
1055.200000  1.787939e-021
1055.400000  1.769312e-021
1055.600000  1.768560e-021
1055.800000  1.782971e-021
1056.000000  1.759241e-021
1056.200000  1.726132e-021
1056.400000  1.721614e-021
1056.600000  1.733167e-021
1056.800000  1.693856e-021
1057.000000  1.674141e-021
1057.200000  1.670355e-021
1057.400000  1.657443e-021
1057.600000  1.627736e-021
1057.800000  1.630065e-021
1058.000000  1.629856e-021
1058.200000  1.605311e-021
1058.400000  1.572926e-021
1058.600000  1.560498e-021
1058.800000  1.557635e-021
1059.000000  1.528341e-021
1059.200000  1.506603e-021
1059.400000  1.504852e-021
1059.600000  1.489793e-021
1059.800000  1.454009e-021
1060.000000  1.443135e-021
1060.200000  1.429537e-021
1060.400000  1.418221e-021
1060.600000  1.402266e-021
1060.800000  1.390430e-021
1061.000000  1.382214e-021
1061.200000  1.356319e-021
1061.400000  1.345724e-021
1061.600000  1.344472e-021
1061.800000  1.336521e-021
1062.000000  1.310909e-021
1062.200000  1.305719e-021
1062.400000  1.299391e-021
1062.600000  1.284028e-021
1062.800000  1.259283e-021
1063.000000  1.257141e-021
1063.200000  1.254586e-021
1063.400000  1.249710e-021
1063.600000  1.240442e-021
1063.800000  1.239620e-021
1064.000000  1.241833e-021
1064.200000  1.215956e-021
1064.400000  1.215523e-021
1064.600000  1.217997e-021
1064.800000  1.193581e-021
1065.000000  1.183722e-021
1065.200000  1.169220e-021
1065.400000  1.161841e-021
1065.600000  1.139287e-021
1065.800000  1.135797e-021
1066.000000  1.124314e-021
1066.200000  1.117043e-021
1066.400000  1.093897e-021
1066.600000  1.093359e-021
1066.800000  1.075367e-021
1067.000000  1.061303e-021
1067.200000  1.041458e-021
1067.400000  1.046440e-021
1067.600000  1.029111e-021
1067.800000  1.003568e-021
1068.000000  9.988983e-022
1068.200000  9.942523e-022
1068.400000  9.764553e-022
1068.600000  9.608800e-022
1068.800000  9.524954e-022
1069.000000  9.436038e-022
1069.200000  9.266499e-022
1069.400000  9.226152e-022
1069.600000  9.238666e-022
1069.800000  9.230281e-022
1070.000000  8.981288e-022
1070.200000  8.938954e-022
1070.400000  8.830695e-022
1070.600000  8.772850e-022
1070.800000  8.533500e-022
1071.000000  8.487855e-022
1071.200000  8.425202e-022
1071.400000  8.230888e-022
1071.600000  8.128077e-022
1071.800000  8.115542e-022
1072.000000  8.009678e-022
1072.200000  7.727566e-022
1072.400000  7.641041e-022
1072.600000  7.675318e-022
1072.800000  7.628884e-022
1073.000000  7.351274e-022
1073.200000  7.306083e-022
1073.400000  7.332740e-022
1073.600000  7.168160e-022
1073.800000  6.962879e-022
1074.000000  6.954570e-022
1074.200000  6.913447e-022
1074.400000  6.764973e-022
1074.600000  6.704812e-022
1074.800000  6.607833e-022
1075.000000  6.605501e-022
1075.200000  6.489996e-022
1075.400000  6.497160e-022
1075.600000  6.405823e-022
1075.800000  6.392594e-022
1076.000000  6.255028e-022
1076.200000  6.164836e-022
1076.400000  6.158613e-022
1076.600000  6.070328e-022
1076.800000  5.994308e-022
1077.000000  5.959072e-022
1077.200000  5.905303e-022
1077.400000  5.821926e-022
1077.600000  5.772640e-022
1077.800000  5.756879e-022
1078.000000  5.694192e-022
1078.200000  5.640209e-022
1078.400000  5.505223e-022
1078.600000  5.524427e-022
1078.800000  5.477607e-022
1079.000000  5.441517e-022
1079.200000  5.420386e-022
1079.400000  5.363189e-022
1079.600000  5.288490e-022
1079.800000  5.271726e-022
1080.000000  5.225671e-022
1080.200000  5.155182e-022
1080.400000  5.076386e-022
1080.600000  5.057661e-022
1080.800000  4.952941e-022
1081.000000  4.926718e-022
1081.200000  4.820003e-022
1081.400000  4.816906e-022
1081.600000  4.805652e-022
1081.800000  4.732411e-022
1082.000000  4.656665e-022
1082.200000  4.617973e-022
1082.400000  4.450343e-022
1082.600000  4.542874e-022
1082.800000  4.442430e-022
1083.000000  4.446859e-022
1083.200000  4.311107e-022
1083.400000  4.316375e-022
1083.600000  4.317888e-022
1083.800000  4.202134e-022
1084.000000  4.107672e-022
1084.200000  4.132733e-022
1084.400000  4.101771e-022
1084.600000  4.051942e-022
1084.800000  4.044172e-022
1085.000000  3.928938e-022
1085.200000  3.876537e-022
1085.400000  3.861997e-022
1085.600000  3.725612e-022
1085.800000  3.766510e-022
1086.000000  3.627773e-022
1086.200000  3.520199e-022
1086.400000  3.479410e-022
1086.600000  3.425083e-022
1086.800000  3.400256e-022
1087.000000  3.410625e-022
1087.200000  3.423444e-022
1087.400000  3.364893e-022
1087.600000  3.275264e-022
1087.800000  3.228249e-022
1088.000000  3.212960e-022
1088.200000  3.187975e-022
1088.400000  3.131688e-022
1088.600000  3.063540e-022
1088.800000  3.076787e-022
1089.000000  2.888014e-022
1089.200000  2.937927e-022
1089.400000  2.929820e-022
1089.600000  2.850777e-022
1089.800000  2.891194e-022
1090.000000  2.868391e-022
1090.200000  2.830488e-022
1090.400000  2.768906e-022
1090.600000  2.766006e-022
1090.800000  2.819425e-022
1091.000000  2.727135e-022
1091.200000  2.671132e-022
1091.400000  2.634607e-022
1091.600000  2.637880e-022
1091.800000  2.626815e-022
1092.000000  2.580428e-022
1092.200000  2.598727e-022
1092.400000  2.547565e-022
1092.600000  2.522785e-022
1092.800000  2.478283e-022
1093.000000  2.472915e-022
1093.200000  2.403871e-022
1093.400000  2.407807e-022
1093.600000  2.481977e-022
1093.800000  2.398841e-022
1094.000000  2.341770e-022
1094.200000  2.321339e-022
1094.400000  2.286546e-022
1094.600000  2.293993e-022
1094.800000  2.244346e-022
1095.000000  2.158711e-022
1095.200000  2.227900e-022
1095.400000  2.156491e-022
1095.600000  2.154576e-022
1095.800000  2.099918e-022
1096.000000  2.081818e-022
1096.200000  2.021225e-022
1096.400000  1.987559e-022
1096.600000  1.979442e-022
1096.800000  1.964924e-022
1097.000000  1.910222e-022
1097.200000  1.845339e-022
1097.400000  1.857816e-022
1097.600000  1.777729e-022
1097.800000  1.766890e-022
1098.000000  1.744731e-022
1098.200000  1.706622e-022
1098.400000  1.691233e-022
1098.600000  1.665773e-022
1098.800000  1.636699e-022
1099.000000  1.644118e-022
1099.200000  1.571806e-022
1099.400000  1.573237e-022
1099.600000  1.559496e-022
1099.800000  1.514814e-022
1100.000000  1.519449e-022
