800.000000  NaN
800.200000  NaN
800.400000  NaN
800.600000  2.313498e-029
800.800000  3.505416e-029
801.000000  1.046974e-030
801.200000  1.557150e-029
801.400000  1.442821e-029
801.600000  1.844018e-029
801.800000  -1.659081e-029
802.000000  8.818094e-030
802.200000  1.834182e-029
802.400000  4.697566e-029
802.600000  1.958419e-029
802.800000  -1.321659e-030
803.000000  2.062849e-029
803.200000  4.054396e-029
803.400000  1.045871e-029
803.600000  5.701047e-029
803.800000  4.635843e-029
804.000000  4.848587e-029
804.200000  2.901867e-030
804.400000  6.593649e-029
804.600000  2.038003e-029
804.800000  3.022173e-029
805.000000  4.298754e-029
805.200000  6.211150e-029
805.400000  5.695486e-029
805.600000  1.792111e-029
805.800000  2.638805e-029
806.000000  3.463518e-029
806.200000  4.417844e-029
806.400000  7.782261e-030
806.600000  4.361320e-029
806.800000  1.132354e-029
807.000000  -7.602088e-031
807.200000  -2.890047e-029
807.400000  -3.206300e-030
807.600000  -1.434790e-029
807.800000  -1.703779e-029
808.000000  -6.452903e-030
808.200000  1.969445e-029
808.400000  5.127433e-031
808.600000  -5.961356e-029
808.800000  5.033004e-029
809.000000  7.377265e-029
809.200000  1.881119e-029
809.400000  5.910248e-029
809.600000  7.946661e-029
809.800000  8.081287e-029
810.000000  -3.117117e-029
810.200000  -7.485622e-031
810.400000  5.923495e-029
810.600000  8.087675e-029
810.800000  -2.566517e-029
811.000000  1.588853e-029
811.200000  7.482090e-029
811.400000  -2.957338e-029
811.600000  1.584950e-029
811.800000  7.944903e-029
812.000000  5.800588e-029
812.200000  5.158873e-029
812.400000  -1.538791e-029
812.600000  9.242355e-029
812.800000  5.865664e-029
813.000000  3.701819e-029
813.200000  3.730309e-029
813.400000  2.728349e-029
813.600000  6.145069e-029
813.800000  -1.539584e-029
814.000000  6.141158e-029
814.200000  -7.575846e-029
814.400000  -2.127349e-030
814.600000  -2.342757e-029
814.800000  -3.971333e-029
815.000000  -1.724548e-029
815.200000  -6.609369e-029
815.400000  -7.339647e-029
815.600000  -4.545325e-029
815.800000  1.147044e-028
816.000000  5.064732e-029
816.200000  5.432422e-029
816.400000  -2.897589e-029
816.600000  -4.547797e-029
816.800000  -3.001819e-029
817.000000  6.337221e-030
817.200000  -1.203422e-028
817.400000  -3.315844e-029
817.600000  -9.067395e-029
817.800000  -1.044997e-028
818.000000  -1.179883e-028
818.200000  -1.069222e-028
818.400000  -1.321164e-028
818.600000  -9.198671e-029
818.800000  -9.269885e-029
819.000000  -5.538049e-029
819.200000  6.247970e-029
819.400000  -1.610198e-028
819.600000  2.259178e-029
819.800000  7.599241e-029
820.000000  -1.445269e-029
820.200000  -8.936798e-029
820.400000  1.079770e-028
820.600000  7.802801e-029
820.800000  -7.810304e-029
821.000000  -1.736711e-028
821.200000  1.308210e-029
821.400000  -5.662480e-029
821.600000  -1.989810e-028
821.800000  -1.345620e-028
822.000000  6.976784e-029
822.200000  -8.698313e-029
822.400000  4.706842e-029
822.600000  2.542649e-029
822.800000  3.643290e-028
823.000000  -3.696691e-030
823.200000  -2.061269e-028
823.400000  7.430917e-029
823.600000  1.568912e-028
823.800000  1.598050e-028
824.000000  -2.980901e-029
824.200000  6.805576e-029
824.400000  7.791603e-029
824.600000  -1.027491e-028
824.800000  -1.339759e-028
825.000000  -1.058836e-028
825.200000  1.738307e-029
825.400000  -4.108813e-028
825.600000  -2.274771e-028
825.800000  9.524743e-031
826.000000  -2.612948e-028
826.200000  4.871366e-029
826.400000  -1.803302e-029
826.600000  6.904517e-029
826.800000  -1.274883e-028
827.000000  -7.732561e-029
827.200000  3.396152e-028
827.400000  -1.225167e-028
827.600000  -8.948479e-029
827.800000  -2.210525e-029
828.000000  -1.130238e-028
828.200000  -1.305829e-029
828.400000  -2.045259e-028
828.600000  -1.684035e-028
828.800000  2.038477e-028
829.000000  -2.474269e-028
829.200000  -1.118302e-028
829.400000  1.122956e-028
829.600000  5.911697e-029
829.800000  -1.028426e-028
830.000000  2.547491e-028
830.200000  -1.366101e-028
830.400000  2.016820e-029
830.600000  1.299286e-028
830.800000  -1.059804e-028
831.000000  -3.628049e-028
831.200000  -6.132535e-028
831.400000  -3.949537e-028
831.600000  -4.734530e-028
831.800000  -3.855263e-028
832.000000  -4.715666e-028
832.200000  1.186576e-030
832.400000  -2.678739e-028
832.600000  -3.969660e-028
832.800000  1.574470e-029
833.000000  -1.556464e-028
833.200000  1.535315e-028
833.400000  -3.214850e-028
833.600000  2.567455e-028
833.800000  -4.251471e-029
834.000000  -1.211214e-028
834.200000  -6.224978e-029
834.400000  -4.914597e-029
834.600000  -2.485408e-028
834.800000  -7.793969e-028
835.000000  -4.714308e-028
835.200000  -1.347701e-031
835.400000  -6.679849e-028
835.600000  -4.259486e-028
835.800000  8.817731e-029
836.000000  2.543013e-028
836.200000  -2.900837e-028
836.400000  9.744488e-032
836.600000  7.687032e-029
836.800000  1.879764e-028
837.000000  8.964652e-029
837.200000  2.474046e-029
837.400000  6.714440e-029
837.600000  -1.470240e-029
837.800000  -4.838659e-028
838.000000  -7.161610e-028
838.200000  1.349814e-028
838.400000  -8.696063e-028
838.600000  -1.025646e-027
838.800000  -1.049483e-027
839.000000  -5.861395e-028
839.200000  -1.841081e-027
839.400000  -1.069853e-027
839.600000  -5.368839e-028
839.800000  -1.873308e-028
840.000000  -5.835546e-028
840.200000  4.514885e-028
840.400000  -4.507596e-028
840.600000  -9.405384e-028
840.800000  -3.406766e-028
841.000000  -1.156920e-027
841.200000  -6.788975e-028
841.400000  -1.259796e-027
841.600000  -7.746503e-028
841.800000  9.430243e-030
842.000000  -1.484030e-027
842.200000  7.710910e-029
842.400000  1.352109e-028
842.600000  4.396505e-028
842.800000  1.712001e-028
843.000000  1.647404e-028
843.200000  1.558413e-027
843.400000  8.106809e-028
843.600000  7.933798e-028
843.800000  -7.273428e-028
844.000000  -3.390014e-028
844.200000  1.082778e-027
844.400000  -1.268928e-027
844.600000  -1.194170e-027
844.800000  -8.148712e-028
845.000000  -1.013039e-027
845.200000  -1.244971e-027
845.400000  1.468552e-028
845.600000  2.517724e-029
845.800000  -1.039796e-027
846.000000  -4.455639e-028
846.200000  -1.955144e-028
846.400000  -1.355873e-027
846.600000  5.364180e-029
846.800000  -4.618134e-028
847.000000  -7.701721e-028
847.200000  -9.266083e-028
847.400000  1.159201e-027
847.600000  6.150633e-028
847.800000  8.533835e-028
848.000000  -2.524474e-029
848.200000  7.864608e-028
848.400000  1.784076e-027
848.600000  -1.018549e-027
848.800000  -5.792169e-028
849.000000  1.504813e-028
849.200000  -1.435239e-027
849.400000  -5.388828e-028
849.600000  -9.664665e-028
849.800000  -5.999130e-028
850.000000  -2.610210e-027
850.200000  -3.089660e-027
850.400000  -2.030451e-027
850.600000  -4.335693e-028
850.800000  -2.577528e-027
851.000000  -2.094903e-027
851.200000  -2.140002e-028
851.400000  -1.993603e-027
851.600000  -2.444236e-027
851.800000  -2.367730e-027
852.000000  -1.865031e-027
852.200000  -3.088870e-027
852.400000  -1.812561e-027
852.600000  -1.791257e-027
852.800000  -2.005058e-027
853.000000  -2.937571e-027
853.200000  -4.801000e-027
853.400000  -2.888096e-027
853.600000  -6.948105e-028
853.800000  -3.664518e-027
854.000000  3.351693e-028
854.200000  6.625741e-028
854.400000  -1.127447e-027
854.600000  -4.332963e-027
854.800000  -3.035736e-027
855.000000  5.132367e-028
855.200000  -2.530623e-027
855.400000  -4.235890e-027
855.600000  -1.032511e-027
855.800000  -2.198924e-027
856.000000  -2.074525e-027
856.200000  -3.955885e-027
856.400000  1.901493e-028
856.600000  -1.078756e-027
856.800000  -2.751689e-027
857.000000  -8.336101e-028
857.200000  -1.500484e-027
857.400000  -1.072148e-027
857.600000  1.438942e-027
857.800000  1.355018e-027
858.000000  -4.087511e-028
858.200000  -3.432346e-027
858.400000  -3.531971e-027
858.600000  -3.305418e-027
858.800000  -4.062203e-027
859.000000  -8.332350e-027
859.200000  -4.884198e-027
859.400000  -6.138084e-028
859.600000  -5.185548e-027
859.800000  -1.276346e-027
860.000000  3.129507e-027
860.200000  1.974355e-028
860.400000  2.654777e-027
860.600000  -4.735925e-028
860.800000  4.845426e-027
861.000000  -1.542240e-027
861.200000  4.491412e-027
861.400000  1.351216e-027
861.600000  -1.440743e-027
861.800000  -2.529217e-028
862.000000  -5.610473e-027
862.200000  1.183584e-027
862.400000  -1.338183e-026
862.600000  -3.938289e-027
862.800000  -4.392030e-027
863.000000  -4.440718e-027
863.200000  -1.052284e-026
863.400000  -1.112166e-026
863.600000  -1.472042e-027
863.800000  -4.861217e-027
864.000000  -6.645382e-028
864.200000  3.761979e-027
864.400000  5.062983e-027
864.600000  -8.505831e-028
864.800000  -2.419899e-028
865.000000  4.164063e-028
865.200000  3.746781e-027
865.400000  -3.010946e-027
865.600000  9.436420e-028
865.800000  1.528919e-026
866.000000  6.428155e-027
866.200000  3.621131e-027
866.400000  9.870103e-027
866.600000  1.916347e-026
866.800000  -1.144411e-027
867.000000  5.425477e-027
867.200000  3.682716e-027
867.400000  9.254432e-027
867.600000  -6.618888e-027
867.800000  3.614109e-027
868.000000  2.351978e-027
868.200000  3.428274e-027
868.400000  -9.119253e-027
868.600000  -5.397149e-027
868.800000  1.143150e-027
869.000000  -1.820208e-026
869.200000  6.380010e-028
869.400000  -5.084650e-027
869.600000  7.384951e-027
869.800000  -2.036612e-027
870.000000  -5.526332e-027
870.200000  9.965913e-027
870.400000  7.305639e-027
870.600000  -1.567685e-027
870.800000  4.703331e-027
871.000000  1.231902e-026
871.200000  1.332539e-026
871.400000  1.073985e-026
871.600000  2.147397e-026
871.800000  1.603533e-026
872.000000  2.437612e-026
872.200000  9.763199e-027
872.400000  2.976855e-026
872.600000  1.940318e-026
872.800000  6.778354e-027
873.000000  1.598261e-026
873.200000  2.993431e-026
873.400000  1.345448e-026
873.600000  2.152998e-026
873.800000  3.220902e-026
874.000000  1.485739e-026
874.200000  9.684113e-027
874.400000  2.891033e-026
874.600000  1.994925e-026
874.800000  1.591203e-026
875.000000  -5.913049e-029
875.200000  7.763504e-027
875.400000  1.589911e-026
875.600000  1.291475e-026
875.800000  1.238042e-026
876.000000  9.210327e-027
876.200000  1.344205e-026
876.400000  2.757137e-026
876.600000  1.927428e-026
876.800000  7.161463e-026
877.000000  2.856647e-026
877.200000  2.046138e-026
877.400000  4.313577e-026
877.600000  4.758893e-026
877.800000  3.670513e-026
878.000000  4.434481e-026
878.200000  5.326613e-026
878.400000  4.993693e-026
878.600000  4.485176e-026
878.800000  6.352764e-026
879.000000  7.727202e-026
879.200000  8.229381e-026
879.400000  8.158662e-026
879.600000  9.839454e-026
879.800000  1.317658e-025
880.000000  1.334292e-025
880.200000  1.289873e-025
880.400000  1.444193e-025
880.600000  1.363561e-025
880.800000  1.188030e-025
881.000000  1.394708e-025
881.200000  1.464191e-025
881.400000  1.236855e-025
881.600000  1.032509e-025
881.800000  1.313741e-025
882.000000  1.140628e-025
882.200000  9.017039e-026
882.400000  1.088179e-025
882.600000  1.299143e-025
882.800000  1.237744e-025
883.000000  1.441105e-025
883.200000  9.669561e-026
883.400000  1.635650e-025
883.600000  1.848844e-025
883.800000  9.602867e-026
884.000000  1.588627e-025
884.200000  2.034163e-025
884.400000  1.274046e-025
884.600000  1.984429e-025
884.800000  1.730088e-025
885.000000  1.962924e-025
885.200000  2.035533e-025
885.400000  2.129864e-025
885.600000  2.343767e-025
885.800000  2.244298e-025
886.000000  2.072493e-025
886.200000  2.384311e-025
886.400000  2.757797e-025
886.600000  2.315060e-025
886.800000  2.721837e-025
887.000000  2.916905e-025
887.200000  2.695035e-025
887.400000  2.880603e-025
887.600000  3.017762e-025
887.800000  2.765102e-025
888.000000  3.569389e-025
888.200000  3.253232e-025
888.400000  3.484682e-025
888.600000  3.388067e-025
888.800000  3.545580e-025
889.000000  4.175630e-025
889.200000  3.822766e-025
889.400000  4.006773e-025
889.600000  3.587138e-025
889.800000  4.396457e-025
890.000000  5.009426e-025
890.200000  4.134412e-025
890.400000  4.560030e-025
890.600000  4.303123e-025
890.800000  5.266611e-025
891.000000  5.263651e-025
891.200000  6.207504e-025
891.400000  6.116666e-025
891.600000  6.178892e-025
891.800000  6.848246e-025
892.000000  7.993721e-025
892.200000  8.198138e-025
892.400000  8.099331e-025
892.600000  8.058204e-025
892.800000  9.243471e-025
893.000000  9.238648e-025
893.200000  9.110382e-025
893.400000  9.641011e-025
893.600000  1.063118e-024
893.800000  1.093434e-024
894.000000  9.496910e-025
894.200000  1.033646e-024
894.400000  1.175370e-024
894.600000  1.094964e-024
894.800000  1.045863e-024
895.000000  1.260726e-024
895.200000  1.224659e-024
895.400000  1.242464e-024
895.600000  1.236113e-024
895.800000  1.360231e-024
896.000000  1.340255e-024
896.200000  1.311177e-024
896.400000  1.480045e-024
896.600000  1.512944e-024
896.800000  1.527961e-024
897.000000  1.567926e-024
897.200000  1.858477e-024
897.400000  1.711499e-024
897.600000  1.835205e-024
897.800000  1.975666e-024
898.000000  2.084066e-024
898.200000  1.978738e-024
898.400000  2.167844e-024
898.600000  2.042612e-024
898.800000  2.248395e-024
899.000000  2.262044e-024
899.200000  2.462717e-024
899.400000  2.527616e-024
899.600000  2.788960e-024
899.800000  2.515040e-024
900.000000  2.875955e-024
900.200000  2.927714e-024
900.400000  2.958936e-024
900.600000  3.058474e-024
900.800000  3.197410e-024
901.000000  3.234915e-024
901.200000  3.369365e-024
901.400000  3.557249e-024
901.600000  3.683438e-024
901.800000  3.622979e-024
902.000000  3.848096e-024
902.200000  4.046603e-024
902.400000  4.212648e-024
902.600000  4.332020e-024
902.800000  4.737307e-024
903.000000  4.886345e-024
903.200000  5.071213e-024
903.400000  5.192710e-024
903.600000  5.443423e-024
903.800000  5.684153e-024
904.000000  5.780236e-024
904.200000  5.828798e-024
904.400000  6.268062e-024
904.600000  6.209470e-024
904.800000  6.394918e-024
905.000000  6.797245e-024
905.200000  7.316515e-024
905.400000  7.257252e-024
905.600000  7.651226e-024
905.800000  8.044091e-024
906.000000  7.713227e-024
906.200000  8.235803e-024
906.400000  8.081961e-024
906.600000  9.178294e-024
906.800000  9.100327e-024
907.000000  9.371532e-024
907.200000  9.330729e-024
907.400000  9.954808e-024
907.600000  9.972802e-024
907.800000  1.019977e-023
908.000000  1.073267e-023
908.200000  1.152212e-023
908.400000  1.136450e-023
908.600000  1.172850e-023
908.800000  1.228979e-023
909.000000  1.259304e-023
909.200000  1.269459e-023
909.400000  1.320663e-023
909.600000  1.371138e-023
909.800000  1.447205e-023
910.000000  1.461869e-023
910.200000  1.543571e-023
910.400000  1.549767e-023
910.600000  1.655573e-023
910.800000  1.705651e-023
911.000000  1.779971e-023
911.200000  1.842629e-023
911.400000  1.845829e-023
911.600000  1.934406e-023
911.800000  1.935657e-023
912.000000  2.014270e-023
912.200000  2.102560e-023
912.400000  2.145890e-023
912.600000  2.158887e-023
912.800000  2.244415e-023
913.000000  2.268986e-023
913.200000  2.438639e-023
913.400000  2.536911e-023
913.600000  2.604833e-023
913.800000  2.658990e-023
914.000000  2.791338e-023
914.200000  3.008645e-023
914.400000  3.021898e-023
914.600000  3.100114e-023
914.800000  3.193447e-023
915.000000  3.367349e-023
915.200000  3.452231e-023
915.400000  3.434758e-023
915.600000  3.547771e-023
915.800000  3.637719e-023
916.000000  3.757711e-023
916.200000  3.979333e-023
916.400000  4.028824e-023
916.600000  4.129184e-023
916.800000  4.222446e-023
917.000000  4.325757e-023
917.200000  4.432027e-023
917.400000  4.536583e-023
917.600000  4.720461e-023
917.800000  4.818775e-023
918.000000  5.077387e-023
918.200000  5.080339e-023
918.400000  5.161461e-023
918.600000  5.440651e-023
918.800000  5.592151e-023
919.000000  5.536742e-023
919.200000  5.782674e-023
919.400000  5.939830e-023
919.600000  6.074630e-023
919.800000  6.318697e-023
920.000000  6.334430e-023
920.200000  6.901401e-023
920.400000  6.711480e-023
920.600000  6.880385e-023
920.800000  7.051780e-023
921.000000  7.548500e-023
921.200000  7.526503e-023
921.400000  7.613572e-023
921.600000  7.953051e-023
921.800000  8.069011e-023
922.000000  8.187085e-023
922.200000  8.196862e-023
922.400000  8.322744e-023
922.600000  8.586424e-023
922.800000  8.591827e-023
923.000000  8.819147e-023
923.200000  9.343451e-023
923.400000  9.486824e-023
923.600000  9.206890e-023
923.800000  9.361355e-023
924.000000  9.789885e-023
924.200000  1.014223e-022
924.400000  9.948579e-023
924.600000  1.028110e-022
924.800000  1.070224e-022
925.000000  1.059179e-022
925.200000  1.074114e-022
925.400000  1.088353e-022
925.600000  1.111051e-022
925.800000  1.161141e-022
926.000000  1.188147e-022
926.200000  1.188494e-022
926.400000  1.227417e-022
926.600000  1.267738e-022
926.800000  1.192916e-022
927.000000  1.286117e-022
927.200000  1.338225e-022
927.400000  1.331806e-022
927.600000  1.325335e-022
927.800000  1.366688e-022
928.000000  1.397621e-022
928.200000  1.433234e-022
928.400000  1.427890e-022
928.600000  1.424017e-022
928.800000  1.461397e-022
929.000000  1.482987e-022
929.200000  1.453456e-022
929.400000  1.507754e-022
929.600000  1.531693e-022
929.800000  1.528176e-022
930.000000  1.550900e-022
930.200000  1.587275e-022
930.400000  1.611286e-022
930.600000  1.678713e-022
930.800000  1.683304e-022
931.000000  1.722970e-022
931.200000  1.718986e-022
931.400000  1.714654e-022
931.600000  1.751521e-022
931.800000  1.846829e-022
932.000000  1.790506e-022
932.200000  1.837739e-022
932.400000  1.929938e-022
932.600000  1.926954e-022
932.800000  1.856314e-022
933.000000  1.930399e-022
933.200000  2.008931e-022
933.400000  2.000266e-022
933.600000  2.036252e-022
933.800000  2.026882e-022
934.000000  2.160484e-022
934.200000  2.131154e-022
934.400000  2.221824e-022
934.600000  2.259415e-022
934.800000  2.299559e-022
935.000000  2.268244e-022
935.200000  2.307608e-022
935.400000  2.356275e-022
935.600000  2.375436e-022
935.800000  2.428810e-022
936.000000  2.400315e-022
936.200000  2.497006e-022
936.400000  2.559529e-022
936.600000  2.524846e-022
936.800000  2.529780e-022
937.000000  2.675020e-022
937.200000  2.760376e-022
937.400000  2.720482e-022
937.600000  2.804087e-022
937.800000  2.803283e-022
938.000000  2.955676e-022
938.200000  2.899162e-022
938.400000  2.990679e-022
938.600000  2.987189e-022
938.800000  3.153998e-022
939.000000  3.100790e-022
939.200000  3.182295e-022
939.400000  3.186202e-022
939.600000  3.353631e-022
939.800000  3.260989e-022
940.000000  3.371325e-022
940.200000  3.509485e-022
940.400000  3.514085e-022
940.600000  3.589147e-022
940.800000  3.493839e-022
941.000000  3.634098e-022
941.200000  3.870827e-022
941.400000  3.814120e-022
941.600000  3.820799e-022
941.800000  3.951793e-022
942.000000  4.019173e-022
942.200000  4.054221e-022
942.400000  4.381814e-022
942.600000  4.170325e-022
942.800000  4.311353e-022
943.000000  4.349116e-022
943.200000  4.539771e-022
943.400000  4.609280e-022
943.600000  4.596104e-022
943.800000  4.741869e-022
944.000000  5.014913e-022
944.200000  4.917864e-022
944.400000  4.935870e-022
944.600000  5.134681e-022
944.800000  5.293088e-022
945.000000  5.300875e-022
945.200000  5.385863e-022
945.400000  5.515838e-022
945.600000  5.693320e-022
945.800000  5.564497e-022
946.000000  5.705351e-022
946.200000  5.917404e-022
946.400000  6.027993e-022
946.600000  6.039020e-022
946.800000  6.115295e-022
947.000000  6.325797e-022
947.200000  6.381265e-022
947.400000  6.499376e-022
947.600000  6.561648e-022
947.800000  6.822667e-022
948.000000  6.743143e-022
948.200000  7.084337e-022
948.400000  7.146269e-022
948.600000  7.248207e-022
948.800000  7.372396e-022
949.000000  7.307253e-022
949.200000  7.548731e-022
949.400000  7.818620e-022
949.600000  7.954747e-022
949.800000  7.933849e-022
950.000000  8.079897e-022
950.200000  8.175157e-022
950.400000  8.329075e-022
950.600000  8.594321e-022
950.800000  8.505502e-022
951.000000  8.719654e-022
951.200000  8.857432e-022
951.400000  9.064543e-022
951.600000  9.402340e-022
951.800000  9.147330e-022
952.000000  9.656185e-022
952.200000  9.769335e-022
952.400000  9.986136e-022
952.600000  9.718690e-022
952.800000  1.013268e-021
953.000000  1.020037e-021
953.200000  1.040042e-021
953.400000  1.064885e-021
953.600000  1.089651e-021
953.800000  1.088084e-021
954.000000  1.117188e-021
954.200000  1.100908e-021
954.400000  1.143360e-021
954.600000  1.172200e-021
954.800000  1.167644e-021
955.000000  1.209702e-021
955.200000  1.218581e-021
955.400000  1.252826e-021
955.600000  1.254379e-021
955.800000  1.241729e-021
956.000000  1.299538e-021
956.200000  1.313848e-021
956.400000  1.320017e-021
956.600000  1.311675e-021
956.800000  1.374635e-021
957.000000  1.362089e-021
957.200000  1.358725e-021
957.400000  1.398635e-021
957.600000  1.418919e-021
957.800000  1.437546e-021
958.000000  1.396187e-021
958.200000  1.487558e-021
958.400000  1.508891e-021
958.600000  1.506898e-021
958.800000  1.466288e-021
959.000000  1.546990e-021
959.200000  1.573021e-021
959.400000  1.535175e-021
959.600000  1.546894e-021
959.800000  1.648282e-021
960.000000  1.635128e-021
960.200000  1.600717e-021
960.400000  1.634683e-021
960.600000  1.673535e-021
960.800000  1.674312e-021
961.000000  1.639932e-021
961.200000  1.684213e-021
961.400000  1.763635e-021
961.600000  1.703766e-021
961.800000  1.730687e-021
962.000000  1.771003e-021
962.200000  1.821562e-021
962.400000  1.809852e-021
962.600000  1.819857e-021
962.800000  1.880567e-021
963.000000  1.883754e-021
963.200000  1.892283e-021
963.400000  1.862915e-021
963.600000  1.939878e-021
963.800000  1.899315e-021
964.000000  2.002039e-021
964.200000  1.991597e-021
964.400000  2.042307e-021
964.600000  2.044780e-021
964.800000  2.087027e-021
965.000000  2.089730e-021
965.200000  2.154090e-021
965.400000  2.168574e-021
965.600000  2.167665e-021
965.800000  2.162148e-021
966.000000  2.201872e-021
966.200000  2.237901e-021
966.400000  2.277515e-021
966.600000  2.267802e-021
966.800000  2.324426e-021
967.000000  2.389052e-021
967.200000  2.388275e-021
967.400000  2.396050e-021
967.600000  2.510416e-021
967.800000  2.525581e-021
968.000000  2.601300e-021
968.200000  2.632690e-021
968.400000  2.711871e-021
968.600000  2.769639e-021
968.800000  2.882892e-021
969.000000  2.891272e-021
969.200000  2.990320e-021
969.400000  3.113070e-021
969.600000  3.212146e-021
969.800000  3.378986e-021
970.000000  3.488563e-021
970.200000  3.654352e-021
970.400000  3.819399e-021
970.600000  4.074754e-021
970.800000  4.348076e-021
971.000000  4.630757e-021
971.200000  4.991730e-021
971.400000  5.411039e-021
971.600000  5.919196e-021
971.800000  6.483714e-021
972.000000  7.152527e-021
972.200000  7.940234e-021
972.400000  8.812549e-021
972.600000  9.813279e-021
972.800000  1.094182e-020
973.000000  1.218312e-020
973.200000  1.349957e-020
973.400000  1.494208e-020
973.600000  1.642378e-020
973.800000  1.797457e-020
974.000000  1.949398e-020
974.200000  2.092524e-020
974.400000  2.216997e-020
974.600000  2.329694e-020
974.800000  2.415949e-020
975.000000  2.501445e-020
975.200000  2.521177e-020
975.400000  2.525409e-020
975.600000  2.528142e-020
975.800000  2.485729e-020
976.000000  2.439943e-020
976.200000  2.377500e-020
976.400000  2.303288e-020
976.600000  2.213984e-020
976.800000  2.116471e-020
977.000000  2.022917e-020
977.200000  1.928595e-020
977.400000  1.843526e-020
977.600000  1.753730e-020
977.800000  1.669733e-020
978.000000  1.588537e-020
978.200000  1.509399e-020
978.400000  1.435066e-020
978.600000  1.363664e-020
978.800000  1.298836e-020
979.000000  1.235736e-020
979.200000  1.171038e-020
979.400000  1.115278e-020
979.600000  1.060126e-020
979.800000  1.010531e-020
980.000000  9.599903e-021
980.200000  9.187487e-021
980.400000  8.737516e-021
980.600000  8.364139e-021
980.800000  7.957451e-021
981.000000  7.698245e-021
981.200000  7.369301e-021
981.400000  7.082945e-021
981.600000  6.849710e-021
981.800000  6.606933e-021
982.000000  6.367605e-021
982.200000  6.135173e-021
982.400000  6.042730e-021
982.600000  5.799049e-021
982.800000  5.635331e-021
983.000000  5.564214e-021
983.200000  5.434379e-021
983.400000  5.175604e-021
983.600000  5.172781e-021
983.800000  5.133170e-021
984.000000  5.010146e-021
984.200000  4.886170e-021
984.400000  4.876475e-021
984.600000  4.880792e-021
984.800000  4.730918e-021
985.000000  4.701182e-021
985.200000  4.957396e-021
985.400000  5.003535e-021
985.600000  4.849100e-021
985.800000  4.781740e-021
986.000000  4.793735e-021
986.200000  4.802547e-021
986.400000  4.770184e-021
986.600000  4.742617e-021
986.800000  4.796655e-021
987.000000  4.780414e-021
987.200000  4.695734e-021
987.400000  4.823578e-021
987.600000  4.774965e-021
987.800000  4.770962e-021
988.000000  4.724952e-021
988.200000  4.829113e-021
988.400000  4.822148e-021
988.600000  4.758973e-021
988.800000  4.789251e-021
989.000000  4.951613e-021
989.200000  4.877486e-021
989.400000  4.804696e-021
989.600000  4.873742e-021
989.800000  5.030728e-021
990.000000  5.026420e-021
990.200000  5.036095e-021
990.400000  5.197025e-021
990.600000  5.220950e-021
990.800000  5.285328e-021
991.000000  5.316592e-021
991.200000  5.461726e-021
991.400000  5.547338e-021
991.600000  5.543256e-021
991.800000  5.527899e-021
992.000000  5.676122e-021
992.200000  5.866776e-021
992.400000  5.721450e-021
992.600000  5.853604e-021
992.800000  6.067609e-021
993.000000  6.039371e-021
993.200000  6.020641e-021
993.400000  6.130548e-021
993.600000  6.068146e-021
993.800000  6.247520e-021
994.000000  6.105563e-021
994.200000  6.115970e-021
994.400000  6.196191e-021
994.600000  6.189233e-021
994.800000  6.152531e-021
995.000000  6.283004e-021
995.200000  6.175239e-021
995.400000  6.192012e-021
995.600000  6.359213e-021
995.800000  6.339661e-021
996.000000  6.338839e-021
996.200000  6.241539e-021
996.400000  6.443560e-021
996.600000  6.412781e-021
996.800000  6.448782e-021
997.000000  6.473561e-021
997.200000  6.505458e-021
997.400000  6.369281e-021
997.600000  6.374497e-021
997.800000  6.493219e-021
998.000000  6.502463e-021
998.200000  6.661789e-021
998.400000  6.633271e-021
998.600000  6.732613e-021
998.800000  6.596095e-021
999.000000  6.591252e-021
999.200000  6.646233e-021
999.400000  6.627731e-021
999.600000  6.431830e-021
999.800000  6.558227e-021
1000.000000  6.718657e-021
1000.200000  6.699584e-021
1000.400000  6.609035e-021
1000.600000  6.546400e-021
1000.800000  6.791559e-021
1001.000000  6.651428e-021
1001.200000  6.548676e-021
1001.400000  6.692780e-021
1001.600000  6.560864e-021
1001.800000  6.411369e-021
1002.000000  6.320505e-021
1002.200000  6.562245e-021
1002.400000  6.461672e-021
1002.600000  6.314117e-021
1002.800000  6.314024e-021
1003.000000  6.628666e-021
1003.200000  6.260367e-021
1003.400000  6.362839e-021
1003.600000  6.559122e-021
1003.800000  6.565676e-021
1004.000000  6.416332e-021
1004.200000  6.438559e-021
1004.400000  6.416434e-021
1004.600000  6.325382e-021
1004.800000  6.096330e-021
1005.000000  6.259655e-021
1005.200000  6.532164e-021
1005.400000  6.154937e-021
1005.600000  5.910609e-021
1005.800000  6.225878e-021
1006.000000  5.956584e-021
1006.200000  5.782895e-021
1006.400000  5.768776e-021
1006.600000  5.831951e-021
1006.800000  5.831665e-021
1007.000000  5.766304e-021
1007.200000  5.689099e-021
1007.400000  5.770146e-021
1007.600000  5.664689e-021
1007.800000  5.621320e-021
1008.000000  5.551975e-021
1008.200000  5.724858e-021
1008.400000  5.593940e-021
1008.600000  5.557735e-021
1008.800000  5.539999e-021
1009.000000  5.535819e-021
1009.200000  5.412023e-021
1009.400000  5.396964e-021
1009.600000  5.424987e-021
1009.800000  5.263632e-021
1010.000000  5.275349e-021
1010.200000  5.329720e-021
1010.400000  5.258204e-021
1010.600000  5.227047e-021
1010.800000  5.222393e-021
1011.000000  5.181137e-021
1011.200000  5.152560e-021
1011.400000  5.154455e-021
1011.600000  5.146579e-021
1011.800000  5.101246e-021
1012.000000  5.080895e-021
1012.200000  5.097642e-021
1012.400000  5.083834e-021
1012.600000  5.058633e-021
1012.800000  5.051757e-021
1013.000000  5.053386e-021
1013.200000  5.033179e-021
1013.400000  5.016954e-021
1013.600000  5.027791e-021
1013.800000  5.047552e-021
1014.000000  5.043316e-021
1014.200000  5.037349e-021
1014.400000  5.029130e-021
1014.600000  5.040950e-021
1014.800000  5.013130e-021
1015.000000  5.006327e-021
1015.200000  5.025425e-021
1015.400000  5.009448e-021
1015.600000  4.984229e-021
1015.800000  5.000951e-021
1016.000000  5.007898e-021
1016.200000  4.968030e-021
1016.400000  4.966425e-021
1016.600000  4.981050e-021
1016.800000  4.978346e-021
1017.000000  4.954330e-021
1017.200000  4.959122e-021
1017.400000  4.978977e-021
1017.600000  4.951221e-021
1017.800000  4.923534e-021
1018.000000  4.956574e-021
1018.200000  4.969095e-021
1018.400000  4.955933e-021
1018.600000  4.956730e-021
1018.800000  4.975836e-021
1019.000000  4.974320e-021
1019.200000  4.947784e-021
1019.400000  4.947859e-021
1019.600000  4.944492e-021
1019.800000  4.929576e-021
1020.000000  4.892319e-021
1020.200000  4.889303e-021
1020.400000  4.879055e-021
1020.600000  4.854630e-021
1020.800000  4.818434e-021
1021.000000  4.829718e-021
1021.200000  4.820285e-021
1021.400000  4.753998e-021
1021.600000  4.766823e-021
1021.800000  4.740210e-021
1022.000000  4.702341e-021
1022.200000  4.660837e-021
1022.400000  4.681434e-021
1022.600000  4.663123e-021
1022.800000  4.636899e-021
1023.000000  4.621717e-021
1023.200000  4.644583e-021
1023.400000  4.621317e-021
1023.600000  4.572852e-021
1023.800000  4.564132e-021
1024.000000  4.541193e-021
1024.200000  4.499371e-021
1024.400000  4.449593e-021
1024.600000  4.446045e-021
1024.800000  4.422463e-021
1025.000000  4.387120e-021
1025.200000  4.361693e-021
1025.400000  4.340840e-021
1025.600000  4.300208e-021
1025.800000  4.257112e-021
1026.000000  4.235029e-021
1026.200000  4.198006e-021
1026.400000  4.168071e-021
1026.600000  4.117640e-021
1026.800000  4.099212e-021
1027.000000  4.064921e-021
1027.200000  4.023105e-021
1027.400000  3.981761e-021
1027.600000  3.974270e-021
1027.800000  3.939400e-021
1028.000000  3.874202e-021
1028.200000  3.881960e-021
1028.400000  3.887795e-021
1028.600000  3.849533e-021
1028.800000  3.847207e-021
1029.000000  3.876335e-021
1029.200000  3.873551e-021
1029.400000  3.838789e-021
1029.600000  3.841293e-021
1029.800000  3.844748e-021
1030.000000  3.801118e-021
1030.200000  3.769645e-021
1030.400000  3.781691e-021
1030.600000  3.768613e-021
1030.800000  3.754197e-021
1031.000000  3.749754e-021
1031.200000  3.732948e-021
1031.400000  3.715608e-021
1031.600000  3.667123e-021
1031.800000  3.653895e-021
1032.000000  3.628542e-021
1032.200000  3.603494e-021
1032.400000  3.547630e-021
1032.600000  3.541102e-021
1032.800000  3.531883e-021
1033.000000  3.467213e-021
1033.200000  3.435039e-021
1033.400000  3.442970e-021
1033.600000  3.417428e-021
1033.800000  3.385112e-021
1034.000000  3.381854e-021
1034.200000  3.381965e-021
1034.400000  3.352013e-021
1034.600000  3.338031e-021
1034.800000  3.330229e-021
1035.000000  3.330890e-021
1035.200000  3.286759e-021
1035.400000  3.259039e-021
1035.600000  3.274517e-021
1035.800000  3.263760e-021
1036.000000  3.226921e-021
1036.200000  3.235473e-021
1036.400000  3.247645e-021
1036.600000  3.226172e-021
1036.800000  3.200065e-021
1037.000000  3.193589e-021
1037.200000  3.175388e-021
1037.400000  3.152939e-021
1037.600000  3.140451e-021
1037.800000  3.135215e-021
1038.000000  3.132295e-021
1038.200000  3.128796e-021
1038.400000  3.105476e-021
1038.600000  3.113743e-021
1038.800000  3.109828e-021
1039.000000  3.086872e-021
1039.200000  3.098079e-021
1039.400000  3.097774e-021
1039.600000  3.086394e-021
1039.800000  3.092426e-021
1040.000000  3.095054e-021
1040.200000  3.076049e-021
1040.400000  3.045626e-021
1040.600000  3.041301e-021
1040.800000  3.059092e-021
1041.000000  3.027561e-021
1041.200000  3.022232e-021
1041.400000  3.015833e-021
1041.600000  2.969332e-021
1041.800000  2.934053e-021
1042.000000  2.920537e-021
1042.200000  2.893623e-021
1042.400000  2.862296e-021
1042.600000  2.856497e-021
1042.800000  2.823142e-021
1043.000000  2.778769e-021
1043.200000  2.784236e-021
1043.400000  2.763476e-021
1043.600000  2.713289e-021
1043.800000  2.704014e-021
1044.000000  2.714788e-021
1044.200000  2.687910e-021
1044.400000  2.666675e-021
1044.600000  2.660293e-021
1044.800000  2.656312e-021
1045.000000  2.635050e-021
1045.200000  2.619759e-021
1045.400000  2.609346e-021
1045.600000  2.598950e-021
1045.800000  2.576277e-021
1046.000000  2.578814e-021
1046.200000  2.577778e-021
1046.400000  2.578585e-021
1046.600000  2.550001e-021
1046.800000  2.554505e-021
1047.000000  2.566026e-021
1047.200000  2.554521e-021
1047.400000  2.541101e-021
1047.600000  2.539385e-021
1047.800000  2.545856e-021
1048.000000  2.509812e-021
1048.200000  2.514961e-021
1048.400000  2.506052e-021
1048.600000  2.491198e-021
1048.800000  2.459970e-021
1049.000000  2.455196e-021
1049.200000  2.433988e-021
1049.400000  2.394211e-021
1049.600000  2.353481e-021
1049.800000  2.331569e-021
1050.000000  2.327007e-021
1050.200000  2.282507e-021
1050.400000  2.253615e-021
1050.600000  2.239653e-021
1050.800000  2.229853e-021
1051.000000  2.187556e-021
1051.200000  2.173184e-021
1051.400000  2.173478e-021
1051.600000  2.168290e-021
1051.800000  2.137325e-021
1052.000000  2.119591e-021
1052.200000  2.117367e-021
1052.400000  2.083919e-021
1052.600000  2.046642e-021
1052.800000  2.050038e-021
1053.000000  2.041425e-021
1053.200000  1.999609e-021
1053.400000  1.982633e-021
1053.600000  1.979286e-021
1053.800000  1.961155e-021
1054.000000  1.929137e-021
1054.200000  1.926496e-021
1054.400000  1.914931e-021
1054.600000  1.890035e-021
1054.800000  1.871000e-021
1055.000000  1.870777e-021
1055.200000  1.860105e-021
1055.400000  1.839118e-021
1055.600000  1.824743e-021
1055.800000  1.816721e-021
1056.000000  1.804862e-021
1056.200000  1.779502e-021
1056.400000  1.767403e-021
1056.600000  1.768590e-021
1056.800000  1.743393e-021
1057.000000  1.725174e-021
1057.200000  1.719419e-021
1057.400000  1.715101e-021
1057.600000  1.683592e-021
1057.800000  1.681766e-021
1058.000000  1.681368e-021
1058.200000  1.673875e-021
1058.400000  1.649781e-021
1058.600000  1.639156e-021
1058.800000  1.638234e-021
1059.000000  1.608484e-021
1059.200000  1.585186e-021
1059.400000  1.580745e-021
1059.600000  1.566932e-021
1059.800000  1.527460e-021
1060.000000  1.515234e-021
1060.200000  1.509895e-021
1060.400000  1.495126e-021
1060.600000  1.472046e-021
1060.800000  1.459469e-021
1061.000000  1.447031e-021
1061.200000  1.424859e-021
1061.400000  1.398119e-021
1061.600000  1.391959e-021
1061.800000  1.382741e-021
1062.000000  1.345415e-021
1062.200000  1.334095e-021
1062.400000  1.328699e-021
1062.600000  1.321079e-021
1062.800000  1.292527e-021
1063.000000  1.285360e-021
1063.200000  1.281492e-021
1063.400000  1.255113e-021
1063.600000  1.243153e-021
1063.800000  1.240871e-021
1064.000000  1.241903e-021
1064.200000  1.220407e-021
1064.400000  1.207349e-021
1064.600000  1.199188e-021
1064.800000  1.185733e-021
1065.000000  1.169106e-021
1065.200000  1.156611e-021
1065.400000  1.152147e-021
1065.600000  1.137110e-021
1065.800000  1.117267e-021
1066.000000  1.105691e-021
1066.200000  1.097696e-021
1066.400000  1.078192e-021
1066.600000  1.072314e-021
1066.800000  1.065159e-021
1067.000000  1.050831e-021
1067.200000  1.026399e-021
1067.400000  1.022765e-021
1067.600000  1.017814e-021
1067.800000  1.000179e-021
1068.000000  9.881959e-022
1068.200000  9.797621e-022
1068.400000  9.691211e-022
1068.600000  9.485871e-022
1068.800000  9.359421e-022
1069.000000  9.372500e-022
1069.200000  9.237378e-022
1069.400000  9.100877e-022
1069.600000  9.080174e-022
1069.800000  8.979873e-022
1070.000000  8.868703e-022
1070.200000  8.773624e-022
1070.400000  8.683819e-022
1070.600000  8.597503e-022
1070.800000  8.445821e-022
1071.000000  8.362687e-022
1071.200000  8.257588e-022
1071.400000  8.225605e-022
1071.600000  7.987546e-022
1071.800000  7.984716e-022
1072.000000  7.865698e-022
1072.200000  7.695285e-022
1072.400000  7.589254e-022
1072.600000  7.511906e-022
1072.800000  7.457518e-022
1073.000000  7.306306e-022
1073.200000  7.216753e-022
1073.400000  7.177530e-022
1073.600000  7.064049e-022
1073.800000  6.898341e-022
1074.000000  6.850979e-022
1074.200000  6.760706e-022
1074.400000  6.665935e-022
1074.600000  6.562417e-022
1074.800000  6.463634e-022
1075.000000  6.385698e-022
1075.200000  6.242952e-022
1075.400000  6.199815e-022
1075.600000  6.168720e-022
1075.800000  6.013449e-022
1076.000000  5.840130e-022
1076.200000  5.851166e-022
1076.400000  5.804168e-022
1076.600000  5.682087e-022
1076.800000  5.652534e-022
1077.000000  5.676338e-022
1077.200000  5.567388e-022
1077.400000  5.468128e-022
1077.600000  5.477681e-022
1077.800000  5.509884e-022
1078.000000  5.361221e-022
1078.200000  5.301045e-022
1078.400000  5.280886e-022
1078.600000  5.257519e-022
1078.800000  5.177554e-022
1079.000000  5.108777e-022
1079.200000  5.102706e-022
1079.400000  5.013928e-022
1079.600000  4.930628e-022
1079.800000  4.869580e-022
1080.000000  4.827214e-022
1080.200000  4.731708e-022
1080.400000  4.675916e-022
1080.600000  4.616587e-022
1080.800000  4.535195e-022
1081.000000  4.471091e-022
1081.200000  4.420500e-022
1081.400000  4.380795e-022
1081.600000  4.347052e-022
1081.800000  4.238421e-022
1082.000000  4.206804e-022
1082.200000  4.167456e-022
1082.400000  4.079300e-022
1082.600000  4.020672e-022
1082.800000  4.025945e-022
1083.000000  3.958219e-022
1083.200000  3.889435e-022
1083.400000  3.814970e-022
1083.600000  3.846938e-022
1083.800000  3.756605e-022
1084.000000  3.747628e-022
1084.200000  3.675717e-022
1084.400000  3.670386e-022
1084.600000  3.619664e-022
1084.800000  3.603972e-022
1085.000000  3.587098e-022
1085.200000  3.524784e-022
1085.400000  3.442443e-022
1085.600000  3.444323e-022
1085.800000  3.433338e-022
1086.000000  3.319776e-022
1086.200000  3.196636e-022
1086.400000  3.210980e-022
1086.600000  3.133768e-022
1086.800000  3.058725e-022
1087.000000  3.061230e-022
1087.200000  3.091206e-022
1087.400000  3.008367e-022
1087.600000  2.944826e-022
1087.800000  2.954061e-022
1088.000000  2.923608e-022
1088.200000  2.875901e-022
1088.400000  2.817201e-022
1088.600000  2.822001e-022
1088.800000  2.771154e-022
1089.000000  2.675034e-022
1089.200000  2.709305e-022
1089.400000  2.632352e-022
1089.600000  2.658482e-022
1089.800000  2.653641e-022
1090.000000  2.654572e-022
1090.200000  2.599141e-022
1090.400000  2.543080e-022
1090.600000  2.486233e-022
1090.800000  2.507765e-022
1091.000000  2.459971e-022
1091.200000  2.382424e-022
1091.400000  2.353882e-022
1091.600000  2.333893e-022
1091.800000  2.307084e-022
1092.000000  2.269675e-022
1092.200000  2.284729e-022
1092.400000  2.281986e-022
1092.600000  2.246413e-022
1092.800000  2.216787e-022
1093.000000  2.230875e-022
1093.200000  2.197869e-022
1093.400000  2.131543e-022
1093.600000  2.115888e-022
1093.800000  2.096905e-022
1094.000000  2.107745e-022
1094.200000  2.038761e-022
1094.400000  2.031895e-022
1094.600000  1.994413e-022
1094.800000  1.997795e-022
1095.000000  1.929789e-022
1095.200000  1.967944e-022
1095.400000  1.901772e-022
1095.600000  1.857603e-022
1095.800000  1.879193e-022
1096.000000  1.840023e-022
1096.200000  1.806254e-022
1096.400000  1.759370e-022
1096.600000  1.729476e-022
1096.800000  1.649252e-022
1097.000000  1.675180e-022
1097.200000  1.718936e-022
1097.400000  1.658565e-022
1097.600000  1.577424e-022
1097.800000  1.562421e-022
1098.000000  1.537190e-022
1098.200000  1.562150e-022
1098.400000  1.436710e-022
1098.600000  1.507241e-022
1098.800000  1.511365e-022
1099.000000  1.485220e-022
1099.200000  1.396606e-022
1099.400000  1.374886e-022
1099.600000  1.358878e-022
1099.800000  1.382379e-022
1100.000000  1.326770e-022
