800.000000  NaN
800.200000  NaN
800.400000  NaN
800.600000  1.519979e-034
800.800000  2.127795e-034
801.000000  4.642175e-035
801.200000  2.213568e-034
801.400000  1.820838e-034
801.600000  1.073157e-034
801.800000  2.811101e-035
802.000000  3.089344e-034
802.200000  3.136815e-034
802.400000  3.290615e-034
802.600000  1.746475e-034
802.800000  1.904106e-034
803.000000  3.725739e-034
803.200000  2.219094e-034
803.400000  2.786876e-034
803.600000  5.062215e-034
803.800000  3.595590e-034
804.000000  3.469648e-034
804.200000  3.633233e-034
804.400000  6.272887e-034
804.600000  2.478387e-034
804.800000  4.178768e-034
805.000000  5.788723e-034
805.200000  6.095609e-034
805.400000  5.800135e-034
805.600000  5.252565e-034
805.800000  6.993254e-034
806.000000  2.892330e-034
806.200000  5.186621e-034
806.400000  1.816849e-035
806.600000  6.789232e-034
806.800000  7.220636e-035
807.000000  2.961105e-034
807.200000  5.294824e-035
807.400000  1.944830e-034
807.600000  2.510972e-034
807.800000  -1.081890e-034
808.000000  1.748068e-034
808.200000  4.578041e-034
808.400000  1.773141e-034
808.600000  -3.211056e-036
808.800000  1.227128e-033
809.000000  5.172793e-034
809.200000  4.611520e-034
809.400000  9.435402e-034
809.600000  8.731109e-034
809.800000  8.375011e-034
810.000000  -3.480729e-034
810.200000  3.430999e-034
810.400000  6.797110e-034
810.600000  1.190421e-033
810.800000  3.213745e-034
811.000000  4.753581e-034
811.200000  1.103686e-033
811.400000  1.515717e-034
811.600000  7.884847e-034
811.800000  5.785004e-034
812.000000  7.558694e-034
812.200000  7.570245e-034
812.400000  4.314127e-034
812.600000  7.916083e-034
812.800000  1.145565e-033
813.000000  9.476994e-034
813.200000  5.516062e-034
813.400000  4.886308e-034
813.600000  2.509768e-033
813.800000  5.130308e-035
814.000000  7.069331e-034
814.200000  -5.168988e-034
814.400000  3.506514e-033
814.600000  1.485567e-033
814.800000  -1.572004e-033
815.000000  3.319824e-034
815.200000  1.647246e-033
815.400000  3.766094e-034
815.600000  -8.935531e-034
815.800000  1.956014e-033
816.000000  2.187503e-033
816.200000  2.361342e-034
816.400000  8.224051e-034
816.600000  1.695037e-034
816.800000  2.627813e-033
817.000000  1.983351e-034
817.200000  -4.828545e-034
817.400000  2.895234e-033
817.600000  -2.184942e-034
817.800000  -9.532090e-035
818.000000  -1.540770e-033
818.200000  7.858057e-034
818.400000  1.280555e-033
818.600000  -2.143258e-033
818.800000  -5.413108e-034
819.000000  4.524579e-035
819.200000  2.054094e-033
819.400000  -6.154691e-033
819.600000  1.692516e-034
819.800000  2.633796e-033
820.000000  -1.307658e-033
820.200000  -2.654326e-033
820.400000  1.072886e-033
820.600000  5.943926e-033
820.800000  2.289563e-033
821.000000  -4.192877e-033
821.200000  3.262937e-033
821.400000  1.396098e-033
821.600000  9.565356e-034
821.800000  -4.479887e-033
822.000000  5.470788e-033
822.200000  -1.795236e-033
822.400000  -1.574615e-033
822.600000  2.127463e-033
822.800000  8.972633e-033
823.000000  3.606279e-035
823.200000  -6.881489e-033
823.400000  4.076188e-033
823.600000  4.351455e-033
823.800000  8.840141e-033
824.000000  3.658415e-033
824.200000  3.672975e-033
824.400000  9.454038e-034
824.600000  1.725817e-034
824.800000  3.290058e-034
825.000000  -8.252951e-033
825.200000  6.319270e-033
825.400000  -1.053601e-032
825.600000  -6.516206e-033
825.800000  -2.512217e-033
826.000000  2.715540e-033
826.200000  8.067772e-033
826.400000  -2.205279e-033
826.600000  -2.566703e-033
826.800000  1.779979e-032
827.000000  -3.154039e-034
827.200000  9.705343e-033
827.400000  1.404697e-032
827.600000  1.458025e-032
827.800000  -7.000651e-033
828.000000  -5.133162e-033
828.200000  1.449987e-032
828.400000  9.274453e-034
828.600000  -3.379438e-033
828.800000  7.735924e-033
829.000000  -1.722132e-033
829.200000  -3.176665e-033
829.400000  -2.916815e-033
829.600000  6.632621e-033
829.800000  1.108257e-033
830.000000  1.877793e-032
830.200000  -8.231511e-033
830.400000  1.905912e-033
830.600000  2.357595e-032
830.800000  -9.879342e-033
831.000000  -3.679758e-032
831.200000  -3.635178e-032
831.400000  2.646522e-033
831.600000  -2.746050e-032
831.800000  -4.272019e-032
832.000000  -1.181873e-032
832.200000  2.365177e-032
832.400000  -2.025183e-032
832.600000  -3.828995e-032
832.800000  2.672708e-032
833.000000  3.249867e-033
833.200000  7.670070e-033
833.400000  -2.147221e-032
833.600000  1.998261e-032
833.800000  1.263357e-032
834.000000  -1.299122e-032
834.200000  -1.720951e-032
834.400000  1.783575e-032
834.600000  -2.063886e-032
834.800000  -6.101440e-032
835.000000  -2.736179e-032
835.200000  4.154366e-032
835.400000  -3.713285e-032
835.600000  -7.820936e-034
835.800000  4.247498e-032
836.000000  4.742364e-032
836.200000  -3.879599e-033
836.400000  2.991884e-032
836.600000  1.450905e-032
836.800000  1.590958e-032
837.000000  -1.529506e-032
837.200000  2.724434e-032
837.400000  2.315032e-033
837.600000  7.551012e-033
837.800000  -5.312779e-032
838.000000  -8.331883e-032
838.200000  -1.213250e-033
838.400000  -3.168572e-032
838.600000  -5.376132e-032
838.800000  -8.144455e-032
839.000000  -4.780118e-032
839.200000  -1.211944e-031
839.400000  -1.242817e-031
839.600000  -1.263572e-031
839.800000  -1.965789e-032
840.000000  -1.089671e-032
840.200000  -1.492357e-032
840.400000  -5.009824e-032
840.600000  -1.754472e-032
840.800000  8.733206e-033
841.000000  -1.635461e-031
841.200000  -8.007182e-034
841.400000  -1.249136e-031
841.600000  8.260405e-033
841.800000  3.518005e-032
842.000000  -2.221852e-031
842.200000  4.666973e-032
842.400000  -2.860534e-032
842.600000  1.365479e-032
842.800000  -1.224604e-032
843.000000  8.889723e-032
843.200000  1.735806e-032
843.400000  -1.330313e-032
843.600000  1.948535e-031
843.800000  -1.809176e-031
844.000000  -2.765102e-031
844.200000  -8.275955e-032
844.400000  -5.460604e-032
844.600000  -1.975578e-031
844.800000  -2.692245e-031
845.000000  -2.008825e-031
845.200000  -1.072643e-031
845.400000  6.200561e-033
845.600000  -4.572434e-032
845.800000  -1.360458e-031
846.000000  1.716587e-031
846.200000  -2.730200e-032
846.400000  -2.401256e-031
846.600000  2.240416e-031
846.800000  1.486852e-031
847.000000  -6.397752e-032
847.200000  -8.565098e-032
847.400000  3.087408e-031
847.600000  3.331781e-031
847.800000  -2.046286e-031
848.000000  1.256355e-031
848.200000  2.176958e-031
848.400000  3.086861e-031
848.600000  -2.520569e-031
848.800000  1.594494e-031
849.000000  -2.437855e-032
849.200000  -1.591745e-031
849.400000  -5.666308e-032
849.600000  7.199599e-032
849.800000  -1.567132e-031
850.000000  -5.901283e-031
850.200000  -5.724845e-031
850.400000  -5.821929e-031
850.600000  -6.201567e-031
850.800000  -8.961246e-031
851.000000  -9.839985e-031
851.200000  -2.043159e-031
851.400000  -5.812733e-031
851.600000  -5.368028e-031
851.800000  -4.624864e-031
852.000000  -5.583899e-031
852.200000  -4.618243e-031
852.400000  -1.212731e-030
852.600000  -1.056372e-031
852.800000  -4.070915e-031
853.000000  -8.425770e-031
853.200000  -1.861059e-030
853.400000  -6.238169e-031
853.600000  -8.560299e-032
853.800000  -9.263978e-031
854.000000  -5.335341e-031
854.200000  4.329765e-032
854.400000  -2.822985e-031
854.600000  -1.615286e-030
854.800000  -3.816430e-031
855.000000  1.628441e-031
855.200000  -3.643465e-031
855.400000  -1.336185e-030
855.600000  -8.885347e-032
855.800000  -4.852739e-031
856.000000  -2.121417e-031
856.200000  -1.210546e-030
856.400000  -7.834044e-031
856.600000  -1.316094e-030
856.800000  -6.207773e-031
857.000000  -1.210163e-030
857.200000  -1.987514e-030
857.400000  -5.677965e-031
857.600000  1.010434e-030
857.800000  -5.604421e-031
858.000000  -1.869354e-030
858.200000  1.900588e-031
858.400000  -2.333910e-030
858.600000  -3.007027e-030
858.800000  -3.506418e-030
859.000000  -2.931239e-030
859.200000  -2.428098e-030
859.400000  -2.434117e-030
859.600000  -2.407108e-030
859.800000  1.205757e-030
860.000000  7.124697e-031
860.200000  -1.439337e-030
860.400000  4.654682e-031
860.600000  1.363848e-031
860.800000  6.629515e-031
861.000000  -2.036176e-030
861.200000  1.511100e-030
861.400000  5.123440e-031
861.600000  -3.203083e-030
861.800000  -3.715180e-030
862.000000  -2.331643e-030
862.200000  4.520260e-031
862.400000  -7.277578e-030
862.600000  1.479049e-032
862.800000  -2.719717e-030
863.000000  -8.694869e-031
863.200000  -7.558092e-030
863.400000  -3.830190e-030
863.600000  -1.662385e-030
863.800000  -3.856653e-030
864.000000  -5.366398e-030
864.200000  2.784850e-030
864.400000  3.648032e-030
864.600000  3.575288e-030
864.800000  -1.605547e-030
865.000000  5.247069e-030
865.200000  3.555816e-030
865.400000  1.287440e-030
865.600000  5.017534e-030
865.800000  1.469097e-029
866.000000  7.733367e-030
866.200000  8.199206e-030
866.400000  7.273831e-030
866.600000  1.520973e-029
866.800000  9.065031e-031
867.000000  2.945780e-030
867.200000  -4.004763e-030
867.400000  3.306047e-030
867.600000  -6.050505e-030
867.800000  5.004500e-030
868.000000  -1.472325e-030
868.200000  6.127731e-030
868.400000  -9.955574e-030
868.600000  3.791766e-032
868.800000  -4.588019e-030
869.000000  -5.617288e-030
869.200000  6.141857e-030
869.400000  2.497927e-030
869.600000  -5.976662e-030
869.800000  -3.020464e-030
870.000000  2.783865e-030
870.200000  1.125735e-029
870.400000  3.790765e-030
870.600000  2.253123e-030
870.800000  7.803208e-030
871.000000  1.057979e-029
871.200000  2.123645e-029
871.400000  1.785333e-029
871.600000  1.739060e-029
871.800000  2.389812e-029
872.000000  3.201550e-029
872.200000  5.579352e-030
872.400000  1.765452e-029
872.600000  1.069268e-029
872.800000  -3.993923e-030
873.000000  1.237922e-029
873.200000  1.634397e-029
873.400000  1.472287e-029
873.600000  3.724542e-029
873.800000  4.753299e-029
874.000000  2.442578e-030
874.200000  1.822490e-029
874.400000  2.105249e-029
874.600000  -1.265126e-029
874.800000  5.373775e-030
875.000000  9.691734e-030
875.200000  2.101714e-029
875.400000  1.436381e-029
875.600000  -1.251693e-029
875.800000  2.855007e-029
876.000000  2.695624e-029
876.200000  1.147374e-029
876.400000  1.671078e-030
876.600000  3.512783e-029
876.800000  8.200919e-029
877.000000  3.722068e-029
877.200000  1.216080e-029
877.400000  9.905087e-029
877.600000  4.947507e-029
877.800000  5.278185e-029
878.000000  3.819600e-029
878.200000  9.606110e-029
878.400000  6.121588e-029
878.600000  8.807746e-029
878.800000  1.546281e-028
879.000000  1.490498e-028
879.200000  1.840801e-028
879.400000  2.389125e-028
879.600000  2.306362e-028
879.800000  2.905645e-028
880.000000  2.956759e-028
880.200000  3.308812e-028
880.400000  3.790742e-028
880.600000  3.114736e-028
880.800000  3.256579e-028
881.000000  3.841989e-028
881.200000  3.612266e-028
881.400000  2.993606e-028
881.600000  2.859634e-028
881.800000  4.029239e-028
882.000000  3.092793e-028
882.200000  2.935432e-028
882.400000  3.719635e-028
882.600000  3.594529e-028
882.800000  4.172367e-028
883.000000  4.365337e-028
883.200000  3.230376e-028
883.400000  4.075889e-028
883.600000  3.987939e-028
883.800000  3.491646e-028
884.000000  4.520035e-028
884.200000  5.390715e-028
884.400000  4.352678e-028
884.600000  5.434496e-028
884.800000  4.439625e-028
885.000000  7.627083e-028
885.200000  6.414735e-028
885.400000  6.821501e-028
885.600000  8.644717e-028
885.800000  7.802808e-028
886.000000  8.925068e-028
886.200000  8.951556e-028
886.400000  1.010484e-027
886.600000  1.056826e-027
886.800000  1.145867e-027
887.000000  1.127004e-027
887.200000  1.116854e-027
887.400000  1.226380e-027
887.600000  1.468276e-027
887.800000  9.711667e-028
888.000000  1.564733e-027
888.200000  1.510574e-027
888.400000  1.363828e-027
888.600000  1.375657e-027
888.800000  1.614014e-027
889.000000  2.100142e-027
889.200000  1.428191e-027
889.400000  1.514192e-027
889.600000  1.916672e-027
889.800000  2.143736e-027
890.000000  1.948444e-027
890.200000  1.862267e-027
890.400000  2.412299e-027
890.600000  1.926545e-027
890.800000  2.450637e-027
891.000000  2.395598e-027
891.200000  3.101921e-027
891.400000  3.043043e-027
891.600000  2.886529e-027
891.800000  3.469341e-027
892.000000  3.943484e-027
892.200000  4.106541e-027
892.400000  3.885513e-027
892.600000  4.550604e-027
892.800000  5.177061e-027
893.000000  5.285074e-027
893.200000  4.979390e-027
893.400000  5.849193e-027
893.600000  6.405365e-027
893.800000  6.091953e-027
894.000000  5.691758e-027
894.200000  6.725558e-027
894.400000  7.166725e-027
894.600000  5.922703e-027
894.800000  7.401120e-027
895.000000  8.517579e-027
895.200000  8.816224e-027
895.400000  8.013515e-027
895.600000  7.953084e-027
895.800000  9.457781e-027
896.000000  9.573607e-027
896.200000  9.626759e-027
896.400000  1.039918e-026
896.600000  1.108274e-026
896.800000  1.148262e-026
897.000000  1.150737e-026
897.200000  1.410449e-026
897.400000  1.476624e-026
897.600000  1.582619e-026
897.800000  1.559076e-026
898.000000  1.635944e-026
898.200000  1.746032e-026
898.400000  1.724467e-026
898.600000  1.835423e-026
898.800000  1.958814e-026
899.000000  2.149951e-026
899.200000  2.260632e-026
899.400000  2.296571e-026
899.600000  2.540929e-026
899.800000  2.400177e-026
900.000000  2.738110e-026
900.200000  2.699097e-026
900.400000  2.981285e-026
900.600000  2.927066e-026
900.800000  3.152149e-026
901.000000  3.344523e-026
901.200000  3.564864e-026
901.400000  3.831820e-026
901.600000  3.813979e-026
901.800000  4.120490e-026
902.000000  4.254668e-026
902.200000  4.418248e-026
902.400000  4.713542e-026
902.600000  5.036401e-026
902.800000  5.425652e-026
903.000000  5.702701e-026
903.200000  5.851187e-026
903.400000  6.288183e-026
903.600000  6.644804e-026
903.800000  7.167600e-026
904.000000  7.289380e-026
904.200000  7.664006e-026
904.400000  8.196707e-026
904.600000  8.439425e-026
904.800000  8.508232e-026
905.000000  8.988578e-026
905.200000  9.938257e-026
905.400000  1.006354e-025
905.600000  1.055398e-025
905.800000  1.162410e-025
906.000000  1.173282e-025
906.200000  1.229571e-025
906.400000  1.266789e-025
906.600000  1.431343e-025
906.800000  1.422364e-025
907.000000  1.486055e-025
907.200000  1.566398e-025
907.400000  1.650257e-025
907.600000  1.632749e-025
907.800000  1.728818e-025
908.000000  1.911289e-025
908.200000  2.010921e-025
908.400000  2.012225e-025
908.600000  2.158383e-025
908.800000  2.320756e-025
909.000000  2.390364e-025
909.200000  2.408185e-025
909.400000  2.568947e-025
909.600000  2.802090e-025
909.800000  2.767033e-025
910.000000  2.995698e-025
910.200000  3.141924e-025
910.400000  3.251708e-025
910.600000  3.364971e-025
910.800000  3.562202e-025
911.000000  3.786885e-025
911.200000  4.037895e-025
911.400000  4.043314e-025
911.600000  4.358223e-025
911.800000  4.662738e-025
912.000000  4.652889e-025
912.200000  4.875183e-025
912.400000  5.310899e-025
912.600000  5.369689e-025
912.800000  5.812066e-025
913.000000  5.989385e-025
913.200000  6.174332e-025
913.400000  6.649984e-025
913.600000  6.951622e-025
913.800000  7.274557e-025
914.000000  7.635149e-025
914.200000  7.764803e-025
914.400000  8.431809e-025
914.600000  8.568968e-025
914.800000  8.916291e-025
915.000000  9.535274e-025
915.200000  9.968735e-025
915.400000  1.013322e-024
915.600000  1.049428e-024
915.800000  1.111343e-024
916.000000  1.136049e-024
916.200000  1.225389e-024
916.400000  1.274518e-024
916.600000  1.315019e-024
916.800000  1.385541e-024
917.000000  1.444976e-024
917.200000  1.455819e-024
917.400000  1.587957e-024
917.600000  1.640372e-024
917.800000  1.685713e-024
918.000000  1.792760e-024
918.200000  1.804474e-024
918.400000  1.899688e-024
918.600000  2.030444e-024
918.800000  2.108726e-024
919.000000  2.178086e-024
919.200000  2.249169e-024
919.400000  2.311787e-024
919.600000  2.472392e-024
919.800000  2.461649e-024
920.000000  2.620112e-024
920.200000  2.742963e-024
920.400000  2.848306e-024
920.600000  2.820550e-024
920.800000  3.050362e-024
921.000000  3.229582e-024
921.200000  3.293989e-024
921.400000  3.407496e-024
921.600000  3.488972e-024
921.800000  3.829951e-024
922.000000  3.716411e-024
922.200000  3.830349e-024
922.400000  4.205789e-024
922.600000  4.156098e-024
922.800000  4.202524e-024
923.000000  4.378040e-024
923.200000  4.658545e-024
923.400000  4.646856e-024
923.600000  4.872900e-024
923.800000  5.118393e-024
924.000000  5.434663e-024
924.200000  5.458044e-024
924.400000  5.661791e-024
924.600000  5.809148e-024
924.800000  6.024244e-024
925.000000  6.057473e-024
925.200000  6.506036e-024
925.400000  6.503348e-024
925.600000  6.932323e-024
925.800000  6.996844e-024
926.000000  7.168943e-024
926.200000  7.443775e-024
926.400000  7.630659e-024
926.600000  7.789986e-024
926.800000  7.881020e-024
927.000000  8.572327e-024
927.200000  8.601042e-024
927.400000  8.665596e-024
927.600000  9.186360e-024
927.800000  9.451335e-024
928.000000  9.458304e-024
928.200000  9.754057e-024
928.400000  1.017346e-023
928.600000  1.003126e-023
928.800000  1.052929e-023
929.000000  1.053623e-023
929.200000  1.109424e-023
929.400000  1.140673e-023
929.600000  1.165059e-023
929.800000  1.163841e-023
930.000000  1.226438e-023
930.200000  1.286988e-023
930.400000  1.269973e-023
930.600000  1.353282e-023
930.800000  1.382977e-023
931.000000  1.392711e-023
931.200000  1.424246e-023
931.400000  1.447951e-023
931.600000  1.488968e-023
931.800000  1.566134e-023
932.000000  1.532631e-023
932.200000  1.584137e-023
932.400000  1.684395e-023
932.600000  1.682979e-023
932.800000  1.756347e-023
933.000000  1.776731e-023
933.200000  1.847631e-023
933.400000  1.863268e-023
933.600000  1.881361e-023
933.800000  1.938244e-023
934.000000  2.054020e-023
934.200000  2.103810e-023
934.400000  2.123010e-023
934.600000  2.211848e-023
934.800000  2.308693e-023
935.000000  2.336537e-023
935.200000  2.279123e-023
935.400000  2.457094e-023
935.600000  2.460274e-023
935.800000  2.583111e-023
936.000000  2.662323e-023
936.200000  2.669826e-023
936.400000  2.787802e-023
936.600000  2.817985e-023
936.800000  2.913719e-023
937.000000  2.989045e-023
937.200000  3.144176e-023
937.400000  3.061327e-023
937.600000  3.224497e-023
937.800000  3.296331e-023
938.000000  3.419474e-023
938.200000  3.446570e-023
938.400000  3.685936e-023
938.600000  3.619118e-023
938.800000  3.799217e-023
939.000000  3.888398e-023
939.200000  3.987111e-023
939.400000  4.217080e-023
939.600000  4.156991e-023
939.800000  4.461634e-023
940.000000  4.576846e-023
940.200000  4.830223e-023
940.400000  4.844214e-023
940.600000  4.874136e-023
940.800000  5.207282e-023
941.000000  5.291498e-023
941.200000  5.470787e-023
941.400000  5.650799e-023
941.600000  5.819089e-023
941.800000  6.039089e-023
942.000000  6.174668e-023
942.200000  6.426423e-023
942.400000  6.627180e-023
942.600000  6.850271e-023
942.800000  6.809341e-023
943.000000  7.206862e-023
943.200000  7.432221e-023
943.400000  7.770637e-023
943.600000  7.787186e-023
943.800000  8.151018e-023
944.000000  8.236426e-023
944.200000  8.776566e-023
944.400000  8.854691e-023
944.600000  9.278367e-023
944.800000  9.371996e-023
945.000000  9.494252e-023
945.200000  9.789776e-023
945.400000  1.021976e-022
945.600000  1.071928e-022
945.800000  1.091264e-022
946.000000  1.119511e-022
946.200000  1.148383e-022
946.400000  1.222771e-022
946.600000  1.214557e-022
946.800000  1.266431e-022
947.000000  1.323397e-022
947.200000  1.366469e-022
947.400000  1.396418e-022
947.600000  1.437552e-022
947.800000  1.539198e-022
948.000000  1.501271e-022
948.200000  1.585297e-022
948.400000  1.627484e-022
948.600000  1.744215e-022
948.800000  1.756067e-022
949.000000  1.759584e-022
949.200000  1.782700e-022
949.400000  1.976078e-022
949.600000  1.938278e-022
949.800000  1.994547e-022
950.000000  2.074430e-022
950.200000  2.179137e-022
950.400000  2.202430e-022
950.600000  2.225994e-022
950.800000  2.302216e-022
951.000000  2.436030e-022
951.200000  2.488432e-022
951.400000  2.557902e-022
951.600000  2.644554e-022
951.800000  2.735590e-022
952.000000  2.809327e-022
952.200000  2.811269e-022
952.400000  2.998986e-022
952.600000  3.159993e-022
952.800000  3.092953e-022
953.000000  3.295323e-022
953.200000  3.339616e-022
953.400000  3.468144e-022
953.600000  3.436455e-022
953.800000  3.556666e-022
954.000000  3.618211e-022
954.200000  3.779971e-022
954.400000  3.845638e-022
954.600000  3.883248e-022
954.800000  4.158860e-022
955.000000  4.214249e-022
955.200000  4.369346e-022
955.400000  4.470841e-022
955.600000  4.602659e-022
955.800000  4.731844e-022
956.000000  4.823954e-022
956.200000  4.926237e-022
956.400000  5.012532e-022
956.600000  5.187746e-022
956.800000  5.323760e-022
957.000000  5.416121e-022
957.200000  5.542004e-022
957.400000  5.553741e-022
957.600000  5.819172e-022
957.800000  5.866998e-022
958.000000  5.970503e-022
958.200000  6.194065e-022
958.400000  6.363491e-022
958.600000  6.411638e-022
958.800000  6.506092e-022
959.000000  6.826440e-022
959.200000  6.829307e-022
959.400000  6.909339e-022
959.600000  7.074404e-022
959.800000  7.242215e-022
960.000000  7.086243e-022
960.200000  7.383969e-022
960.400000  7.422684e-022
960.600000  7.599600e-022
960.800000  7.580009e-022
961.000000  7.956289e-022
961.200000  7.842347e-022
961.400000  8.220422e-022
961.600000  8.148891e-022
961.800000  8.399536e-022
962.000000  8.611735e-022
962.200000  8.573100e-022
962.400000  8.774054e-022
962.600000  8.848144e-022
962.800000  8.905788e-022
963.000000  8.795728e-022
963.200000  8.942117e-022
963.400000  9.045022e-022
963.600000  9.340121e-022
963.800000  9.121902e-022
964.000000  9.345532e-022
964.200000  9.453767e-022
964.400000  9.364551e-022
964.600000  9.430075e-022
964.800000  9.792531e-022
965.000000  9.774149e-022
965.200000  9.869035e-022
965.400000  9.762243e-022
965.600000  1.001997e-021
965.800000  1.008439e-021
966.000000  1.008599e-021
966.200000  1.021413e-021
966.400000  1.021974e-021
966.600000  1.021616e-021
966.800000  1.036734e-021
967.000000  1.065400e-021
967.200000  1.073424e-021
967.400000  1.076814e-021
967.600000  1.078422e-021
967.800000  1.123918e-021
968.000000  1.125562e-021
968.200000  1.092640e-021
968.400000  1.122164e-021
968.600000  1.146610e-021
968.800000  1.160798e-021
969.000000  1.195363e-021
969.200000  1.218591e-021
969.400000  1.267315e-021
969.600000  1.295926e-021
969.800000  1.394213e-021
970.000000  1.485211e-021
970.200000  1.592840e-021
970.400000  1.707656e-021
970.600000  1.849783e-021
970.800000  2.054716e-021
971.000000  2.338865e-021
971.200000  2.572965e-021
971.400000  2.934454e-021
971.600000  3.393738e-021
971.800000  3.933449e-021
972.000000  4.605007e-021
972.200000  5.428356e-021
972.400000  6.384802e-021
972.600000  7.527428e-021
972.800000  8.880960e-021
973.000000  1.045207e-020
973.200000  1.223839e-020
973.400000  1.434033e-020
973.600000  1.664915e-020
973.800000  1.928658e-020
974.000000  2.230777e-020
974.200000  2.551091e-020
974.400000  2.831877e-020
974.600000  3.002901e-020
974.800000  3.359618e-020
975.000000  3.332655e-020
975.200000  3.249612e-020
975.400000  3.289028e-020
975.600000  3.288642e-020
975.800000  3.313559e-020
976.000000  3.345320e-020
976.200000  3.384922e-020
976.400000  3.285214e-020
976.600000  3.224802e-020
976.800000  3.149971e-020
977.000000  3.025548e-020
977.200000  2.898650e-020
977.400000  2.781938e-020
977.600000  2.648314e-020
977.800000  2.513713e-020
978.000000  2.380219e-020
978.200000  2.247823e-020
978.400000  2.121053e-020
978.600000  1.997026e-020
978.800000  1.882946e-020
979.000000  1.772642e-020
979.200000  1.660374e-020
979.400000  1.560018e-020
979.600000  1.460757e-020
979.800000  1.369102e-020
980.000000  1.276001e-020
980.200000  1.196297e-020
980.400000  1.111510e-020
980.600000  1.039074e-020
980.800000  9.628581e-021
981.000000  9.087073e-021
981.200000  8.059274e-021
981.400000  7.399939e-021
981.600000  6.995863e-021
981.800000  6.583019e-021
982.000000  5.836211e-021
982.200000  5.410431e-021
982.400000  5.005567e-021
982.600000  4.810566e-021
982.800000  4.537829e-021
983.000000  4.275485e-021
983.200000  4.138846e-021
983.400000  3.886062e-021
983.600000  3.758437e-021
983.800000  3.628548e-021
984.000000  3.614816e-021
984.200000  3.443263e-021
984.400000  3.441330e-021
984.600000  3.465178e-021
984.800000  3.388342e-021
985.000000  3.286890e-021
985.200000  3.344648e-021
985.400000  3.347248e-021
985.600000  3.241651e-021
985.800000  3.218947e-021
986.000000  3.304845e-021
986.200000  3.326663e-021
986.400000  3.321740e-021
986.600000  3.128103e-021
986.800000  3.508368e-021
987.000000  3.400236e-021
987.200000  3.464129e-021
987.400000  3.441228e-021
987.600000  3.582609e-021
987.800000  3.598878e-021
988.000000  3.477769e-021
988.200000  3.583633e-021
988.400000  3.736317e-021
988.600000  3.723234e-021
988.800000  3.681740e-021
989.000000  3.936467e-021
989.200000  4.048213e-021
989.400000  4.097557e-021
989.600000  4.168425e-021
989.800000  4.341442e-021
990.000000  4.424113e-021
990.200000  4.528211e-021
990.400000  4.665456e-021
990.600000  4.859115e-021
990.800000  4.887937e-021
991.000000  4.984879e-021
991.200000  5.244627e-021
991.400000  5.319095e-021
991.600000  5.368944e-021
991.800000  5.485639e-021
992.000000  5.653081e-021
992.200000  5.812362e-021
992.400000  5.825807e-021
992.600000  6.007584e-021
992.800000  6.155627e-021
993.000000  6.264113e-021
993.200000  6.368824e-021
993.400000  6.459499e-021
993.600000  6.550908e-021
993.800000  6.464215e-021
994.000000  6.474121e-021
994.200000  6.709522e-021
994.400000  6.796508e-021
994.600000  6.626650e-021
994.800000  6.781763e-021
995.000000  6.827612e-021
995.200000  6.730508e-021
995.400000  6.725139e-021
995.600000  6.996598e-021
995.800000  6.995997e-021
996.000000  6.809397e-021
996.200000  6.880678e-021
996.400000  7.329051e-021
996.600000  7.406368e-021
996.800000  7.391890e-021
997.000000  7.464225e-021
997.200000  7.498673e-021
997.400000  7.468851e-021
997.600000  7.555602e-021
997.800000  7.594498e-021
998.000000  7.614432e-021
998.200000  7.634779e-021
998.400000  7.687168e-021
998.600000  7.663361e-021
998.800000  7.694058e-021
999.000000  7.682787e-021
999.200000  7.354647e-021
999.400000  7.379056e-021
999.600000  7.357838e-021
999.800000  7.296920e-021
1000.000000  7.341407e-021
1000.200000  7.412208e-021
1000.400000  7.364458e-021
1000.600000  7.325362e-021
1000.800000  7.402402e-021
1001.000000  7.352624e-021
1001.200000  7.339006e-021
1001.400000  7.291286e-021
1001.600000  7.294466e-021
1001.800000  7.265127e-021
1002.000000  7.204576e-021
1002.200000  7.166269e-021
1002.400000  7.203962e-021
1002.600000  7.131932e-021
1002.800000  7.080009e-021
1003.000000  7.064170e-021
1003.200000  7.047381e-021
1003.400000  6.989227e-021
1003.600000  7.006076e-021
1003.800000  7.060929e-021
1004.000000  6.967024e-021
1004.200000  6.970336e-021
1004.400000  6.965584e-021
1004.600000  6.926817e-021
1004.800000  6.878356e-021
1005.000000  6.781797e-021
1005.200000  6.800153e-021
1005.400000  6.768459e-021
1005.600000  6.718434e-021
1005.800000  6.636586e-021
1006.000000  6.629955e-021
1006.200000  6.654872e-021
1006.400000  6.639033e-021
1006.600000  6.563466e-021
1006.800000  6.529995e-021
1007.000000  6.516121e-021
1007.200000  6.522921e-021
1007.400000  6.435143e-021
1007.600000  6.475258e-021
1007.800000  6.496916e-021
1008.000000  6.430850e-021
1008.200000  6.470737e-021
1008.400000  6.426770e-021
1008.600000  6.379996e-021
1008.800000  6.297868e-021
1009.000000  6.270040e-021
1009.200000  6.305446e-021
1009.400000  6.231443e-021
1009.600000  6.174738e-021
1009.800000  6.144203e-021
1010.000000  6.169685e-021
1010.200000  6.045991e-021
1010.400000  5.943941e-021
1010.600000  6.059607e-021
1010.800000  5.932877e-021
1011.000000  5.852007e-021
1011.200000  5.927826e-021
1011.400000  5.871829e-021
1011.600000  5.881244e-021
1011.800000  5.958470e-021
1012.000000  6.009816e-021
1012.200000  5.864488e-021
1012.400000  5.934549e-021
1012.600000  5.829803e-021
1012.800000  5.918950e-021
1013.000000  5.747226e-021
1013.200000  5.746981e-021
1013.400000  6.015980e-021
1013.600000  5.898244e-021
1013.800000  5.852511e-021
1014.000000  5.947526e-021
1014.200000  6.041326e-021
1014.400000  5.913400e-021
1014.600000  5.805464e-021
1014.800000  5.962543e-021
1015.000000  5.984076e-021
1015.200000  5.911724e-021
1015.400000  5.748430e-021
1015.600000  5.943092e-021
1015.800000  5.981611e-021
1016.000000  5.941565e-021
1016.200000  5.874821e-021
1016.400000  5.929613e-021
1016.600000  5.908929e-021
1016.800000  5.750717e-021
1017.000000  5.888847e-021
1017.200000  5.948030e-021
1017.400000  5.814857e-021
1017.600000  5.704929e-021
1017.800000  5.870215e-021
1018.000000  5.940597e-021
1018.200000  5.783162e-021
1018.400000  5.808771e-021
1018.600000  5.860455e-021
1018.800000  5.895640e-021
1019.000000  5.700266e-021
1019.200000  5.734566e-021
1019.400000  5.824437e-021
1019.600000  5.730872e-021
1019.800000  5.624865e-021
1020.000000  5.667667e-021
1020.200000  5.729882e-021
1020.400000  5.602831e-021
1020.600000  5.568535e-021
1020.800000  5.613588e-021
1021.000000  5.617320e-021
1021.200000  5.472815e-021
1021.400000  5.364334e-021
1021.600000  5.541696e-021
1021.800000  5.382676e-021
1022.000000  5.223549e-021
1022.200000  5.270052e-021
1022.400000  5.381775e-021
1022.600000  5.219139e-021
1022.800000  5.187473e-021
1023.000000  5.135582e-021
1023.200000  5.232305e-021
1023.400000  5.195306e-021
1023.600000  5.058210e-021
1023.800000  5.130365e-021
1024.000000  5.259944e-021
1024.200000  5.116237e-021
1024.400000  4.958083e-021
1024.600000  5.031936e-021
1024.800000  4.987468e-021
1025.000000  4.899872e-021
1025.200000  4.850499e-021
1025.400000  4.844729e-021
1025.600000  4.851427e-021
1025.800000  4.752296e-021
1026.000000  4.747044e-021
1026.200000  4.756448e-021
1026.400000  4.682413e-021
1026.600000  4.669288e-021
1026.800000  4.708855e-021
1027.000000  4.597141e-021
1027.200000  4.537059e-021
1027.400000  4.584484e-021
1027.600000  4.567061e-021
1027.800000  4.457049e-021
1028.000000  4.436382e-021
1028.200000  4.346105e-021
1028.400000  4.374198e-021
1028.600000  4.426810e-021
1028.800000  4.319281e-021
1029.000000  4.343832e-021
1029.200000  4.463363e-021
1029.400000  4.310037e-021
1029.600000  4.357590e-021
1029.800000  4.459247e-021
1030.000000  4.304308e-021
1030.200000  4.247530e-021
1030.400000  4.196455e-021
1030.600000  4.199841e-021
1030.800000  4.203583e-021
1031.000000  4.205104e-021
1031.200000  4.146436e-021
1031.400000  4.247695e-021
1031.600000  4.156216e-021
1031.800000  4.090469e-021
1032.000000  4.177188e-021
1032.200000  4.117521e-021
1032.400000  4.094405e-021
1032.600000  4.052575e-021
1032.800000  4.075163e-021
1033.000000  4.072535e-021
1033.200000  4.001649e-021
1033.400000  4.012427e-021
1033.600000  4.002809e-021
1033.800000  4.012002e-021
1034.000000  3.939743e-021
1034.200000  3.937001e-021
1034.400000  3.954863e-021
1034.600000  3.925353e-021
1034.800000  3.912040e-021
1035.000000  3.938607e-021
1035.200000  3.894086e-021
1035.400000  3.870271e-021
1035.600000  3.851605e-021
1035.800000  3.881990e-021
1036.000000  3.846370e-021
1036.200000  3.800008e-021
1036.400000  3.816484e-021
1036.600000  3.812815e-021
1036.800000  3.801085e-021
1037.000000  3.800212e-021
1037.200000  3.785320e-021
1037.400000  3.770272e-021
1037.600000  3.739106e-021
1037.800000  3.740686e-021
1038.000000  3.724707e-021
1038.200000  3.743920e-021
1038.400000  3.691897e-021
1038.600000  3.670951e-021
1038.800000  3.668503e-021
1039.000000  3.629381e-021
1039.200000  3.639816e-021
1039.400000  3.678787e-021
1039.600000  3.713110e-021
1039.800000  3.652504e-021
1040.000000  3.603165e-021
1040.200000  3.603802e-021
1040.400000  3.574741e-021
1040.600000  3.522847e-021
1040.800000  3.555453e-021
1041.000000  3.583290e-021
1041.200000  3.542610e-021
1041.400000  3.523653e-021
1041.600000  3.511230e-021
1041.800000  3.514234e-021
1042.000000  3.456693e-021
1042.200000  3.447757e-021
1042.400000  3.475927e-021
1042.600000  3.477247e-021
1042.800000  3.478252e-021
1043.000000  3.471651e-021
1043.200000  3.465419e-021
1043.400000  3.434608e-021
1043.600000  3.408985e-021
1043.800000  3.423026e-021
1044.000000  3.392736e-021
1044.200000  3.373290e-021
1044.400000  3.383227e-021
1044.600000  3.394408e-021
1044.800000  3.350730e-021
1045.000000  3.323405e-021
1045.200000  3.318389e-021
1045.400000  3.321226e-021
1045.600000  3.304455e-021
1045.800000  3.280237e-021
1046.000000  3.297315e-021
1046.200000  3.290769e-021
1046.400000  3.273177e-021
1046.600000  3.251756e-021
1046.800000  3.257588e-021
1047.000000  3.236003e-021
1047.200000  3.222563e-021
1047.400000  3.212993e-021
1047.600000  3.226702e-021
1047.800000  3.176121e-021
1048.000000  3.145049e-021
1048.200000  3.141663e-021
1048.400000  3.142687e-021
1048.600000  3.094611e-021
1048.800000  3.057753e-021
1049.000000  3.035551e-021
1049.200000  3.001024e-021
1049.400000  2.949706e-021
1049.600000  2.939536e-021
1049.800000  2.935403e-021
1050.000000  2.878586e-021
1050.200000  2.914939e-021
1050.400000  2.912305e-021
1050.600000  2.904360e-021
1050.800000  2.839454e-021
1051.000000  2.800335e-021
1051.200000  2.785997e-021
1051.400000  2.687697e-021
1051.600000  2.707676e-021
1051.800000  2.710465e-021
1052.000000  2.667105e-021
1052.200000  2.589838e-021
1052.400000  2.607299e-021
1052.600000  2.604469e-021
1052.800000  2.544740e-021
1053.000000  2.533104e-021
1053.200000  2.507517e-021
1053.400000  2.479685e-021
1053.600000  2.462213e-021
1053.800000  2.456220e-021
1054.000000  2.415410e-021
1054.200000  2.399368e-021
1054.400000  2.396918e-021
1054.600000  2.377690e-021
1054.800000  2.352422e-021
1055.000000  2.355313e-021
1055.200000  2.336170e-021
1055.400000  2.309503e-021
1055.600000  2.280553e-021
1055.800000  2.275244e-021
1056.000000  2.265391e-021
1056.200000  2.235294e-021
1056.400000  2.193264e-021
1056.600000  2.184505e-021
1056.800000  2.151693e-021
1057.000000  2.148479e-021
1057.200000  2.119119e-021
1057.400000  2.082462e-021
1057.600000  2.083662e-021
1057.800000  2.047103e-021
1058.000000  2.012840e-021
1058.200000  1.992152e-021
1058.400000  1.966900e-021
1058.600000  1.945893e-021
1058.800000  1.897800e-021
1059.000000  1.893600e-021
1059.200000  1.871328e-021
1059.400000  1.822247e-021
1059.600000  1.779049e-021
1059.800000  1.818065e-021
1060.000000  1.797300e-021
1060.200000  1.778390e-021
1060.400000  1.746886e-021
1060.600000  1.765060e-021
1060.800000  1.738087e-021
1061.000000  1.699781e-021
1061.200000  1.675092e-021
1061.400000  1.671498e-021
1061.600000  1.657674e-021
1061.800000  1.621480e-021
1062.000000  1.613419e-021
1062.200000  1.582965e-021
1062.400000  1.534421e-021
1062.600000  1.539231e-021
1062.800000  1.546155e-021
1063.000000  1.534599e-021
1063.200000  1.502523e-021
1063.400000  1.479634e-021
1063.600000  1.468601e-021
1063.800000  1.471548e-021
1064.000000  1.443088e-021
1064.200000  1.435921e-021
1064.400000  1.421963e-021
1064.600000  1.403644e-021
1064.800000  1.396027e-021
1065.000000  1.377442e-021
1065.200000  1.362131e-021
1065.400000  1.347130e-021
1065.600000  1.340232e-021
1065.800000  1.323878e-021
1066.000000  1.297441e-021
1066.200000  1.287644e-021
1066.400000  1.268619e-021
1066.600000  1.268100e-021
1066.800000  1.242585e-021
1067.000000  1.212892e-021
1067.200000  1.205645e-021
1067.400000  1.187446e-021
1067.600000  1.173661e-021
1067.800000  1.154293e-021
1068.000000  1.144109e-021
1068.200000  1.124037e-021
1068.400000  1.101902e-021
1068.600000  1.099427e-021
1068.800000  1.080477e-021
1069.000000  1.078753e-021
1069.200000  1.052180e-021
1069.400000  1.044141e-021
1069.600000  1.020608e-021
1069.800000  1.014257e-021
1070.000000  1.013157e-021
1070.200000  1.000813e-021
1070.400000  9.832581e-022
1070.600000  9.635927e-022
1070.800000  9.530499e-022
1071.000000  9.360777e-022
1071.200000  9.171495e-022
1071.400000  9.054040e-022
1071.600000  8.927947e-022
1071.800000  8.930342e-022
1072.000000  8.622883e-022
1072.200000  8.613344e-022
1072.400000  8.456166e-022
1072.600000  8.244939e-022
1072.800000  8.257396e-022
1073.000000  8.074867e-022
1073.200000  7.966962e-022
1073.400000  7.835035e-022
1073.600000  7.789616e-022
1073.800000  7.791764e-022
1074.000000  7.619356e-022
1074.200000  7.358383e-022
1074.400000  7.408538e-022
1074.600000  7.452698e-022
1074.800000  7.184382e-022
1075.000000  6.919903e-022
1075.200000  6.945854e-022
1075.400000  6.874976e-022
1075.600000  6.755330e-022
1075.800000  6.661088e-022
1076.000000  6.687091e-022
1076.200000  6.539461e-022
1076.400000  6.475249e-022
1076.600000  6.364360e-022
1076.800000  6.392047e-022
1077.000000  6.299736e-022
1077.200000  6.240963e-022
1077.400000  6.223624e-022
1077.600000  6.221278e-022
1077.800000  6.019615e-022
1078.000000  6.026887e-022
1078.200000  6.012495e-022
1078.400000  5.822974e-022
1078.600000  5.702586e-022
1078.800000  5.637137e-022
1079.000000  5.796209e-022
1079.200000  5.643273e-022
1079.400000  5.553354e-022
1079.600000  5.408519e-022
1079.800000  5.486713e-022
1080.000000  5.358332e-022
1080.200000  5.206245e-022
1080.400000  5.136003e-022
1080.600000  5.248318e-022
1080.800000  4.944767e-022
1081.000000  4.950328e-022
1081.200000  4.961176e-022
1081.400000  4.844048e-022
1081.600000  4.805696e-022
1081.800000  4.777212e-022
1082.000000  4.671796e-022
1082.200000  4.636448e-022
1082.400000  4.466351e-022
1082.600000  4.475144e-022
1082.800000  4.461802e-022
1083.000000  4.433922e-022
1083.200000  4.314750e-022
1083.400000  4.229330e-022
1083.600000  4.288113e-022
1083.800000  4.225336e-022
1084.000000  4.083335e-022
1084.200000  4.041894e-022
1084.400000  3.969992e-022
1084.600000  3.905051e-022
1084.800000  3.861143e-022
1085.000000  3.948789e-022
1085.200000  3.787359e-022
1085.400000  3.719401e-022
1085.600000  3.767744e-022
1085.800000  3.646884e-022
1086.000000  3.539630e-022
1086.200000  3.556733e-022
1086.400000  3.433081e-022
1086.600000  3.418077e-022
1086.800000  3.479469e-022
1087.000000  3.411341e-022
1087.200000  3.379152e-022
1087.400000  3.358610e-022
1087.600000  3.332210e-022
1087.800000  3.290912e-022
1088.000000  3.207940e-022
1088.200000  3.212726e-022
1088.400000  3.197947e-022
1088.600000  3.084655e-022
1088.800000  3.017622e-022
1089.000000  2.959670e-022
1089.200000  2.992080e-022
1089.400000  3.009207e-022
1089.600000  2.907661e-022
1089.800000  2.858667e-022
1090.000000  2.839752e-022
1090.200000  2.826181e-022
1090.400000  2.764140e-022
1090.600000  2.735201e-022
1090.800000  2.737198e-022
1091.000000  2.650534e-022
1091.200000  2.649070e-022
1091.400000  2.711031e-022
1091.600000  2.540067e-022
1091.800000  2.652800e-022
1092.000000  2.625923e-022
1092.200000  2.627235e-022
1092.400000  2.474318e-022
1092.600000  2.498015e-022
1092.800000  2.501680e-022
1093.000000  2.456063e-022
1093.200000  2.391862e-022
1093.400000  2.337496e-022
1093.600000  2.479904e-022
1093.800000  2.441338e-022
1094.000000  2.283581e-022
1094.200000  2.333505e-022
1094.400000  2.268982e-022
1094.600000  2.185771e-022
1094.800000  2.156135e-022
1095.000000  2.125691e-022
1095.200000  2.145903e-022
1095.400000  2.146950e-022
1095.600000  2.040288e-022
1095.800000  2.014449e-022
1096.000000  1.972483e-022
1096.200000  1.946157e-022
1096.400000  2.029233e-022
1096.600000  1.892454e-022
1096.800000  1.866817e-022
1097.000000  1.937318e-022
1097.200000  1.797515e-022
1097.400000  1.887976e-022
1097.600000  1.820508e-022
1097.800000  1.713640e-022
1098.000000  1.778920e-022
1098.200000  1.648773e-022
1098.400000  1.683861e-022
1098.600000  1.646675e-022
1098.800000  1.595623e-022
1099.000000  1.573716e-022
1099.200000  1.584027e-022
1099.400000  1.427876e-022
1099.600000  1.551859e-022
1099.800000  1.451207e-022
1100.000000  1.452527e-022
