800.000000  NaN
800.200000  NaN
800.400000  NaN
800.600000  2.409399e-031
800.800000  3.154131e-031
801.000000  1.879429e-031
801.200000  2.460937e-031
801.400000  2.966688e-031
801.600000  2.633202e-031
801.800000  7.416511e-032
802.000000  1.978178e-031
802.200000  3.326701e-031
802.400000  3.490389e-031
802.600000  2.796899e-031
802.800000  2.281010e-031
803.000000  2.767249e-031
803.200000  2.532634e-031
803.400000  2.172240e-031
803.600000  4.833741e-031
803.800000  4.401951e-031
804.000000  5.089202e-031
804.200000  3.026128e-031
804.400000  5.813528e-031
804.600000  3.050180e-031
804.800000  4.780573e-031
805.000000  5.004631e-031
805.200000  5.449067e-031
805.400000  6.204258e-031
805.600000  3.575975e-031
805.800000  3.187277e-031
806.000000  4.023032e-031
806.200000  4.716575e-031
806.400000  2.336089e-031
806.600000  5.451176e-031
806.800000  3.643815e-031
807.000000  2.810461e-031
807.200000  3.156660e-031
807.400000  3.381101e-031
807.600000  3.234236e-031
807.800000  2.533443e-031
808.000000  3.617218e-031
808.200000  6.170757e-031
808.400000  3.690669e-031
808.600000  2.874991e-031
808.800000  9.965376e-031
809.000000  7.686153e-031
809.200000  6.547568e-031
809.400000  8.653131e-031
809.600000  8.670517e-031
809.800000  5.590403e-031
810.000000  2.669399e-031
810.200000  5.714161e-031
810.400000  6.833564e-031
810.600000  9.260780e-031
810.800000  5.118385e-031
811.000000  5.348713e-031
811.200000  9.405530e-031
811.400000  1.644643e-031
811.600000  4.224838e-031
811.800000  9.790074e-031
812.000000  6.049647e-031
812.200000  6.702414e-031
812.400000  6.573558e-031
812.600000  8.553378e-031
812.800000  1.074546e-030
813.000000  9.051313e-031
813.200000  9.108425e-031
813.400000  4.909649e-031
813.600000  9.523243e-031
813.800000  3.952607e-031
814.000000  1.081977e-030
814.200000  5.912902e-032
814.400000  6.863468e-031
814.600000  8.802066e-031
814.800000  -2.083698e-031
815.000000  4.139368e-031
815.200000  6.888505e-031
815.400000  3.828503e-031
815.600000  4.357583e-031
815.800000  1.519740e-030
816.000000  1.417437e-030
816.200000  7.343390e-031
816.400000  8.299883e-031
816.600000  5.707416e-031
816.800000  1.039357e-030
817.000000  1.607039e-030
817.200000  4.323753e-031
817.400000  4.458516e-031
817.600000  4.130775e-031
817.800000  1.002094e-031
818.000000  2.808279e-031
818.200000  7.778394e-031
818.400000  1.054698e-030
818.600000  3.203841e-031
818.800000  5.315467e-031
819.000000  1.238448e-030
819.200000  7.318650e-031
819.400000  1.595728e-031
819.600000  1.371671e-030
819.800000  1.110265e-030
820.000000  8.989709e-031
820.200000  4.764762e-032
820.400000  2.012660e-030
820.600000  2.187041e-030
820.800000  7.731284e-031
821.000000  -2.322177e-031
821.200000  2.270181e-030
821.400000  2.030652e-030
821.600000  -7.652389e-032
821.800000  7.084129e-031
822.000000  2.172409e-030
822.200000  3.041415e-031
822.400000  1.916789e-030
822.600000  3.521686e-030
822.800000  4.994786e-030
823.000000  1.063219e-030
823.200000  -6.322586e-031
823.400000  1.304249e-030
823.600000  3.562893e-030
823.800000  4.138872e-030
824.000000  1.854758e-030
824.200000  3.234034e-030
824.400000  3.332794e-030
824.600000  3.372557e-030
824.800000  1.051919e-030
825.000000  1.120629e-030
825.200000  3.417609e-030
825.400000  2.573827e-031
825.600000  1.164433e-030
825.800000  5.913753e-031
826.000000  1.922698e-030
826.200000  3.609142e-030
826.400000  2.507458e-030
826.600000  3.266215e-031
826.800000  2.608568e-030
827.000000  4.183627e-030
827.200000  4.633630e-030
827.400000  2.352678e-030
827.600000  3.668397e-030
827.800000  3.272669e-030
828.000000  2.805489e-030
828.200000  2.237954e-030
828.400000  2.230294e-030
828.600000  3.757386e-030
828.800000  4.353233e-030
829.000000  8.006442e-031
829.200000  1.882171e-030
829.400000  3.017436e-030
829.600000  1.891156e-030
829.800000  3.227554e-030
830.000000  7.583725e-030
830.200000  2.420417e-030
830.400000  3.069667e-030
830.600000  7.216953e-030
830.800000  4.314213e-030
831.000000  -1.022717e-030
831.200000  -4.208299e-030
831.400000  2.735530e-030
831.600000  1.598563e-030
831.800000  8.929755e-031
832.000000  3.382952e-031
832.200000  8.267011e-030
832.400000  4.320242e-030
832.600000  -2.527752e-030
832.800000  7.415766e-030
833.000000  4.020940e-030
833.200000  5.175822e-030
833.400000  -1.143618e-031
833.600000  8.693214e-030
833.800000  3.713496e-030
834.000000  -8.232176e-031
834.200000  8.737178e-031
834.400000  7.070308e-031
834.600000  -1.037771e-030
834.800000  -8.114525e-030
835.000000  -3.183992e-031
835.200000  9.600236e-030
835.400000  -3.487038e-030
835.600000  5.653170e-030
835.800000  7.376085e-030
836.000000  1.275418e-029
836.200000  1.391462e-030
836.400000  8.622063e-030
836.600000  6.147371e-030
836.800000  1.256937e-030
837.000000  6.485158e-030
837.200000  4.008542e-030
837.400000  1.049342e-029
837.600000  5.572618e-030
837.800000  4.706584e-030
838.000000  -5.495797e-032
838.200000  8.223961e-030
838.400000  -1.045960e-029
838.600000  -1.317962e-029
838.800000  -1.023052e-029
839.000000  -3.667145e-030
839.200000  -1.768047e-029
839.400000  -1.310774e-029
839.600000  -8.064597e-030
839.800000  1.042753e-030
840.000000  7.046244e-030
840.200000  -5.337388e-030
840.400000  6.120149e-030
840.600000  -9.571190e-030
840.800000  2.113186e-030
841.000000  -2.055428e-029
841.200000  -8.716279e-030
841.400000  -1.406095e-029
841.600000  -6.062310e-030
841.800000  9.949788e-030
842.000000  -2.303768e-029
842.200000  1.411576e-029
842.400000  -4.784670e-030
842.600000  1.054503e-029
842.800000  5.453912e-030
843.000000  1.514793e-029
843.200000  2.541355e-029
843.400000  9.285518e-030
843.600000  2.021430e-029
843.800000  -6.608311e-030
844.000000  -1.451391e-029
844.200000  1.494679e-030
844.400000  -3.324410e-030
844.600000  -1.980622e-029
844.800000  -2.072745e-029
845.000000  -2.558117e-029
845.200000  -1.216153e-031
845.400000  2.731335e-029
845.600000  9.265971e-030
845.800000  7.851050e-030
846.000000  3.902545e-029
846.200000  1.877876e-029
846.400000  -2.339047e-029
846.600000  2.728210e-029
846.800000  1.803801e-029
847.000000  -2.549198e-031
847.200000  -7.042055e-030
847.400000  1.845855e-029
847.600000  4.642426e-029
847.800000  3.105335e-029
848.000000  -1.523234e-030
848.200000  1.271123e-029
848.400000  3.328927e-029
848.600000  -3.184843e-029
848.800000  1.008863e-030
849.000000  -1.074403e-029
849.200000  1.026121e-029
849.400000  -3.520422e-029
849.600000  -2.142655e-029
849.800000  1.343434e-029
850.000000  -6.202334e-029
850.200000  -8.601478e-029
850.400000  -3.394359e-029
850.600000  -1.995199e-029
850.800000  -5.565217e-029
851.000000  -5.210835e-029
851.200000  1.695449e-029
851.400000  -8.175130e-029
851.600000  -4.579645e-029
851.800000  1.951560e-029
852.000000  7.261854e-030
852.200000  -3.098402e-029
852.400000  -1.500452e-029
852.600000  4.855025e-029
852.800000  -1.196378e-029
853.000000  -6.478680e-029
853.200000  -1.213757e-028
853.400000  -3.617872e-029
853.600000  -1.786654e-030
853.800000  -7.977889e-029
854.000000  -2.225275e-029
854.200000  2.224589e-029
854.400000  -1.337209e-029
854.600000  -1.218446e-028
854.800000  -3.640596e-029
855.000000  8.110865e-030
855.200000  -7.508906e-029
855.400000  -8.856369e-029
855.600000  3.909523e-030
855.800000  -6.735455e-029
856.000000  -6.793824e-029
856.200000  -1.855977e-028
856.400000  -1.013038e-028
856.600000  -1.248581e-028
856.800000  -7.194792e-029
857.000000  -3.284038e-029
857.200000  -1.597026e-028
857.400000  -1.050917e-028
857.600000  2.743997e-029
857.800000  -4.170216e-029
858.000000  -5.570073e-029
858.200000  9.328305e-030
858.400000  -6.234153e-029
858.600000  -6.662029e-029
858.800000  -1.455725e-028
859.000000  -1.489251e-028
859.200000  -1.009221e-028
859.400000  -4.007376e-029
859.600000  -2.308960e-028
859.800000  -1.337280e-029
860.000000  1.904646e-028
860.200000  -1.027903e-028
860.400000  -4.169424e-030
860.600000  -1.226586e-028
860.800000  -7.950221e-030
861.000000  -6.514909e-029
861.200000  3.908093e-029
861.400000  6.818694e-029
861.600000  -2.779509e-028
861.800000  -2.492369e-028
862.000000  -2.058061e-028
862.200000  -1.312874e-028
862.400000  -4.402281e-028
862.600000  -2.163863e-028
862.800000  -1.529672e-028
863.000000  -1.786808e-029
863.200000  -4.534915e-028
863.400000  -3.121021e-028
863.600000  -1.190800e-028
863.800000  -2.918087e-028
864.000000  -3.001063e-028
864.200000  -1.562113e-028
864.400000  7.841323e-029
864.600000  -7.796036e-029
864.800000  5.231016e-029
865.000000  2.185982e-028
865.200000  7.250214e-029
865.400000  -1.219189e-028
865.600000  1.797237e-028
865.800000  6.010341e-028
866.000000  6.526667e-029
866.200000  7.594370e-029
866.400000  2.906934e-028
866.600000  5.360867e-028
866.800000  -1.035442e-028
867.000000  -1.799348e-028
867.200000  -2.751718e-028
867.400000  3.269709e-029
867.600000  -4.038396e-028
867.800000  -2.663929e-028
868.000000  -1.121095e-028
868.200000  4.947166e-029
868.400000  -9.828414e-028
868.600000  -4.758613e-028
868.800000  -1.818381e-028
869.000000  -5.506063e-028
869.200000  -3.789285e-028
869.400000  -2.438413e-028
869.600000  -3.370599e-028
869.800000  -6.234821e-028
870.000000  -3.013534e-028
870.200000  -1.984731e-028
870.400000  -6.940345e-028
870.600000  -4.408128e-029
870.800000  1.439606e-028
871.000000  7.460881e-030
871.200000  5.499203e-028
871.400000  2.998783e-029
871.600000  5.480334e-028
871.800000  1.514432e-028
872.000000  4.152564e-028
872.200000  2.296199e-028
872.400000  9.726345e-028
872.600000  2.140533e-028
872.800000  -4.800485e-028
873.000000  2.375396e-029
873.200000  5.542579e-028
873.400000  -2.210027e-028
873.600000  5.697324e-028
873.800000  1.157655e-027
874.000000  -2.540471e-028
874.200000  2.285180e-028
874.400000  6.765990e-028
874.600000  -5.513001e-029
874.800000  -2.720091e-030
875.000000  -1.125952e-028
875.200000  6.720701e-028
875.400000  -4.225972e-029
875.600000  2.011848e-028
875.800000  4.372549e-028
876.000000  1.407860e-028
876.200000  6.739869e-028
876.400000  4.119807e-028
876.600000  3.143913e-028
876.800000  3.318268e-027
877.000000  7.851351e-028
877.200000  6.076762e-028
877.400000  1.780423e-027
877.600000  8.982229e-028
877.800000  9.814981e-028
878.000000  1.103319e-027
878.200000  2.302823e-027
878.400000  2.913760e-027
878.600000  2.521853e-027
878.800000  2.504245e-027
879.000000  5.132328e-027
879.200000  4.268169e-027
879.400000  4.568323e-027
879.600000  4.824183e-027
879.800000  8.023244e-027
880.000000  7.169669e-027
880.200000  8.024714e-027
880.400000  9.400434e-027
880.600000  6.935660e-027
880.800000  5.685893e-027
881.000000  7.323983e-027
881.200000  8.627022e-027
881.400000  6.155991e-027
881.600000  6.270195e-027
881.800000  7.313294e-027
882.000000  5.780253e-027
882.200000  4.604292e-027
882.400000  5.370993e-027
882.600000  7.222128e-027
882.800000  7.211222e-027
883.000000  8.598482e-027
883.200000  3.764068e-027
883.400000  9.973610e-027
883.600000  7.185310e-027
883.800000  6.403930e-027
884.000000  8.806165e-027
884.200000  9.576423e-027
884.400000  7.207032e-027
884.600000  1.006619e-026
884.800000  9.034041e-027
885.000000  1.303243e-026
885.200000  1.148116e-026
885.400000  1.193197e-026
885.600000  1.376790e-026
885.800000  1.369684e-026
886.000000  1.459891e-026
886.200000  1.435177e-026
886.400000  1.599546e-026
886.600000  1.890554e-026
886.800000  2.087108e-026
887.000000  2.170280e-026
887.200000  2.199710e-026
887.400000  2.300306e-026
887.600000  2.342783e-026
887.800000  1.821332e-026
888.000000  2.699046e-026
888.200000  2.352453e-026
888.400000  2.323517e-026
888.600000  2.381218e-026
888.800000  2.621261e-026
889.000000  3.182133e-026
889.200000  2.993531e-026
889.400000  2.746767e-026
889.600000  3.014309e-026
889.800000  3.001927e-026
890.000000  3.479350e-026
890.200000  2.676724e-026
890.400000  3.649370e-026
890.600000  3.630502e-026
890.800000  3.752285e-026
891.000000  3.939320e-026
891.200000  5.178903e-026
891.400000  5.316140e-026
891.600000  4.861954e-026
891.800000  5.475217e-026
892.000000  6.563769e-026
892.200000  6.809368e-026
892.400000  6.667386e-026
892.600000  6.823620e-026
892.800000  8.340955e-026
893.000000  8.383746e-026
893.200000  7.493783e-026
893.400000  9.359327e-026
893.600000  9.678163e-026
893.800000  9.911523e-026
894.000000  8.807130e-026
894.200000  1.031267e-025
894.400000  1.127373e-025
894.600000  9.661131e-026
894.800000  9.691845e-026
895.000000  1.147344e-025
895.200000  1.186448e-025
895.400000  1.245926e-025
895.600000  1.182761e-025
895.800000  1.388166e-025
896.000000  1.397131e-025
896.200000  1.371730e-025
896.400000  1.415835e-025
896.600000  1.450184e-025
896.800000  1.567397e-025
897.000000  1.599222e-025
897.200000  1.808790e-025
897.400000  1.872232e-025
897.600000  2.075800e-025
897.800000  1.989848e-025
898.000000  2.260044e-025
898.200000  2.257940e-025
898.400000  2.363243e-025
898.600000  2.356814e-025
898.800000  2.685683e-025
899.000000  2.800027e-025
899.200000  2.814342e-025
899.400000  2.847426e-025
899.600000  3.144527e-025
899.800000  3.057983e-025
900.000000  3.342983e-025
900.200000  3.314478e-025
900.400000  3.572589e-025
900.600000  3.614945e-025
900.800000  3.753078e-025
901.000000  3.827944e-025
901.200000  4.134229e-025
901.400000  4.110370e-025
901.600000  4.717906e-025
901.800000  4.600353e-025
902.000000  4.875892e-025
902.200000  5.327518e-025
902.400000  5.323449e-025
902.600000  5.562122e-025
902.800000  5.840601e-025
903.000000  6.429799e-025
903.200000  6.439470e-025
903.400000  6.978628e-025
903.600000  7.114744e-025
903.800000  7.691509e-025
904.000000  7.681147e-025
904.200000  8.115437e-025
904.400000  8.816611e-025
904.600000  8.881210e-025
904.800000  9.206876e-025
905.000000  9.426831e-025
905.200000  1.024934e-024
905.400000  1.069573e-024
905.600000  1.104283e-024
905.800000  1.129373e-024
906.000000  1.166269e-024
906.200000  1.223779e-024
906.400000  1.279219e-024
906.600000  1.367064e-024
906.800000  1.387024e-024
907.000000  1.394007e-024
907.200000  1.425622e-024
907.400000  1.578177e-024
907.600000  1.594532e-024
907.800000  1.604290e-024
908.000000  1.732418e-024
908.200000  1.817947e-024
908.400000  1.856539e-024
908.600000  1.920877e-024
908.800000  2.003703e-024
909.000000  2.070273e-024
909.200000  2.243622e-024
909.400000  2.168330e-024
909.600000  2.407962e-024
909.800000  2.485502e-024
910.000000  2.546252e-024
910.200000  2.654346e-024
910.400000  2.709523e-024
910.600000  2.754795e-024
910.800000  3.061151e-024
911.000000  3.092498e-024
911.200000  3.194252e-024
911.400000  3.315062e-024
911.600000  3.493064e-024
911.800000  3.612424e-024
912.000000  3.658331e-024
912.200000  3.932534e-024
912.400000  4.030948e-024
912.600000  4.120088e-024
912.800000  4.199962e-024
913.000000  4.347175e-024
913.200000  4.747666e-024
913.400000  4.865520e-024
913.600000  5.022701e-024
913.800000  5.507510e-024
914.000000  5.745448e-024
914.200000  5.947275e-024
914.400000  6.177563e-024
914.600000  6.270180e-024
914.800000  6.563797e-024
915.000000  6.773146e-024
915.200000  7.101418e-024
915.400000  7.201653e-024
915.600000  7.508784e-024
915.800000  7.751689e-024
916.000000  7.971676e-024
916.200000  8.306969e-024
916.400000  8.944592e-024
916.600000  9.289962e-024
916.800000  9.483671e-024
917.000000  9.408756e-024
917.200000  1.011607e-023
917.400000  1.037229e-023
917.600000  1.092333e-023
917.800000  1.102177e-023
918.000000  1.157349e-023
918.200000  1.163462e-023
918.400000  1.192738e-023
918.600000  1.239077e-023
918.800000  1.375267e-023
919.000000  1.334290e-023
919.200000  1.416237e-023
919.400000  1.390627e-023
919.600000  1.552341e-023
919.800000  1.516148e-023
920.000000  1.623329e-023
920.200000  1.699849e-023
920.400000  1.736804e-023
920.600000  1.749506e-023
920.800000  1.781491e-023
921.000000  1.839512e-023
921.200000  1.974769e-023
921.400000  1.972678e-023
921.600000  2.010894e-023
921.800000  2.131786e-023
922.000000  2.191963e-023
922.200000  2.205301e-023
922.400000  2.255080e-023
922.600000  2.286104e-023
922.800000  2.415341e-023
923.000000  2.360233e-023
923.200000  2.496884e-023
923.400000  2.568970e-023
923.600000  2.678564e-023
923.800000  2.516479e-023
924.000000  2.834297e-023
924.200000  2.932774e-023
924.400000  2.911838e-023
924.600000  2.899703e-023
924.800000  3.071544e-023
925.000000  3.166252e-023
925.200000  3.149154e-023
925.400000  3.247757e-023
925.600000  3.367021e-023
925.800000  3.498738e-023
926.000000  3.492987e-023
926.200000  3.590251e-023
926.400000  3.703475e-023
926.600000  3.812959e-023
926.800000  3.808622e-023
927.000000  3.870681e-023
927.200000  4.107071e-023
927.400000  4.103815e-023
927.600000  4.065494e-023
927.800000  4.320978e-023
928.000000  4.406830e-023
928.200000  4.549346e-023
928.400000  4.443792e-023
928.600000  4.584760e-023
928.800000  4.678061e-023
929.000000  4.674100e-023
929.200000  4.814999e-023
929.400000  4.925279e-023
929.600000  4.972546e-023
929.800000  5.061038e-023
930.000000  5.310330e-023
930.200000  5.375403e-023
930.400000  5.449406e-023
930.600000  5.456773e-023
930.800000  5.655155e-023
931.000000  5.706636e-023
931.200000  5.817383e-023
931.400000  5.948100e-023
931.600000  6.140376e-023
931.800000  6.306629e-023
932.000000  6.388475e-023
932.200000  6.242217e-023
932.400000  6.615989e-023
932.600000  6.713195e-023
932.800000  6.816879e-023
933.000000  6.598790e-023
933.200000  7.272554e-023
933.400000  7.310749e-023
933.600000  7.325664e-023
933.800000  7.500271e-023
934.000000  7.537016e-023
934.200000  8.081902e-023
934.400000  7.923359e-023
934.600000  8.140835e-023
934.800000  8.321497e-023
935.000000  8.506657e-023
935.200000  8.443808e-023
935.400000  8.741927e-023
935.600000  9.133518e-023
935.800000  9.063818e-023
936.000000  9.573596e-023
936.200000  9.117749e-023
936.400000  9.932557e-023
936.600000  9.896370e-023
936.800000  1.013120e-022
937.000000  1.017727e-022
937.200000  1.071612e-022
937.400000  1.098997e-022
937.600000  1.081692e-022
937.800000  1.113339e-022
938.000000  1.166481e-022
938.200000  1.178748e-022
938.400000  1.197079e-022
938.600000  1.202981e-022
938.800000  1.280494e-022
939.000000  1.269456e-022
939.200000  1.293223e-022
939.400000  1.355211e-022
939.600000  1.355179e-022
939.800000  1.361052e-022
940.000000  1.423876e-022
940.200000  1.441833e-022
940.400000  1.473738e-022
940.600000  1.482056e-022
940.800000  1.498323e-022
941.000000  1.585512e-022
941.200000  1.625570e-022
941.400000  1.658240e-022
941.600000  1.699424e-022
941.800000  1.814379e-022
942.000000  1.810688e-022
942.200000  1.793791e-022
942.400000  1.930117e-022
942.600000  1.939243e-022
942.800000  1.921272e-022
943.000000  1.985067e-022
943.200000  2.111181e-022
943.400000  2.123999e-022
943.600000  2.155123e-022
943.800000  2.217406e-022
944.000000  2.296661e-022
944.200000  2.378930e-022
944.400000  2.379968e-022
944.600000  2.405289e-022
944.800000  2.553821e-022
945.000000  2.606514e-022
945.200000  2.562172e-022
945.400000  2.675715e-022
945.600000  2.759874e-022
945.800000  2.880746e-022
946.000000  2.869253e-022
946.200000  2.939845e-022
946.400000  3.027046e-022
946.600000  3.136429e-022
946.800000  3.172455e-022
947.000000  3.172871e-022
947.200000  3.402832e-022
947.400000  3.426644e-022
947.600000  3.472370e-022
947.800000  3.603034e-022
948.000000  3.630210e-022
948.200000  3.711192e-022
948.400000  3.861888e-022
948.600000  3.995859e-022
948.800000  4.012088e-022
949.000000  4.061705e-022
949.200000  4.152270e-022
949.400000  4.294908e-022
949.600000  4.284565e-022
949.800000  4.345210e-022
950.000000  4.481903e-022
950.200000  4.550597e-022
950.400000  4.705271e-022
950.600000  4.844419e-022
950.800000  4.796973e-022
951.000000  5.109796e-022
951.200000  5.161487e-022
951.400000  5.253186e-022
951.600000  5.400429e-022
951.800000  5.580800e-022
952.000000  5.527867e-022
952.200000  5.771439e-022
952.400000  5.967208e-022
952.600000  6.081664e-022
952.800000  6.251045e-022
953.000000  6.361882e-022
953.200000  6.371261e-022
953.400000  6.670321e-022
953.600000  6.724775e-022
953.800000  6.658273e-022
954.000000  7.122009e-022
954.200000  7.207793e-022
954.400000  7.085224e-022
954.600000  7.261997e-022
954.800000  7.586856e-022
955.000000  7.843538e-022
955.200000  8.002943e-022
955.400000  8.033701e-022
955.600000  8.450559e-022
955.800000  8.247741e-022
956.000000  8.762209e-022
956.200000  8.641877e-022
956.400000  8.854567e-022
956.600000  8.820033e-022
956.800000  9.016355e-022
957.000000  9.298448e-022
957.200000  9.575051e-022
957.400000  9.562717e-022
957.600000  9.706012e-022
957.800000  9.799079e-022
958.000000  1.013967e-021
958.200000  1.002525e-021
958.400000  1.013104e-021
958.600000  1.044321e-021
958.800000  1.065652e-021
959.000000  1.063636e-021
959.200000  1.092025e-021
959.400000  1.107386e-021
959.600000  1.110921e-021
959.800000  1.096872e-021
960.000000  1.146260e-021
960.200000  1.142546e-021
960.400000  1.156667e-021
960.600000  1.190985e-021
960.800000  1.175275e-021
961.000000  1.217681e-021
961.200000  1.212569e-021
961.400000  1.230191e-021
961.600000  1.259241e-021
961.800000  1.278201e-021
962.000000  1.301096e-021
962.200000  1.281757e-021
962.400000  1.318268e-021
962.600000  1.315668e-021
962.800000  1.346163e-021
963.000000  1.327359e-021
963.200000  1.362421e-021
963.400000  1.359471e-021
963.600000  1.404816e-021
963.800000  1.370169e-021
964.000000  1.430121e-021
964.200000  1.405941e-021
964.400000  1.435642e-021
964.600000  1.482608e-021
964.800000  1.494287e-021
965.000000  1.500741e-021
965.200000  1.528596e-021
965.400000  1.467723e-021
965.600000  1.482772e-021
965.800000  1.491257e-021
966.000000  1.519205e-021
966.200000  1.508833e-021
966.400000  1.546568e-021
966.600000  1.542350e-021
966.800000  1.547090e-021
967.000000  1.577550e-021
967.200000  1.606178e-021
967.400000  1.612845e-021
967.600000  1.656002e-021
967.800000  1.699578e-021
968.000000  1.716175e-021
968.200000  1.757311e-021
968.400000  1.794183e-021
968.600000  1.824698e-021
968.800000  1.880099e-021
969.000000  1.905089e-021
969.200000  1.949770e-021
969.400000  2.066741e-021
969.600000  2.126045e-021
969.800000  2.161958e-021
970.000000  2.394207e-021
970.200000  2.584004e-021
970.400000  2.716694e-021
970.600000  2.933207e-021
970.800000  3.170407e-021
971.000000  3.424452e-021
971.200000  3.759415e-021
971.400000  4.162657e-021
971.600000  4.662659e-021
971.800000  5.234692e-021
972.000000  5.926066e-021
972.200000  6.758762e-021
972.400000  7.706032e-021
972.600000  8.819655e-021
972.800000  1.010832e-020
973.000000  1.156640e-020
973.200000  1.316605e-020
973.400000  1.499592e-020
973.600000  1.697612e-020
973.800000  1.916271e-020
974.000000  2.156958e-020
974.200000  2.400891e-020
974.400000  2.633257e-020
974.600000  2.757650e-020
974.800000  2.827692e-020
975.000000  2.904949e-020
975.200000  2.991001e-020
975.400000  3.110026e-020
975.600000  3.084644e-020
975.800000  3.022419e-020
976.000000  2.961305e-020
976.200000  2.890485e-020
976.400000  2.808082e-020
976.600000  2.721706e-020
976.800000  2.635655e-020
977.000000  2.529242e-020
977.200000  2.412376e-020
977.400000  2.298475e-020
977.600000  2.176147e-020
977.800000  2.060082e-020
978.000000  1.948347e-020
978.200000  1.841503e-020
978.400000  1.739989e-020
978.600000  1.641803e-020
978.800000  1.551901e-020
979.000000  1.464976e-020
979.200000  1.376215e-020
979.400000  1.298380e-020
979.600000  1.222086e-020
979.800000  1.152345e-020
980.000000  1.081716e-020
980.200000  1.022416e-020
980.400000  9.590284e-021
980.600000  9.054391e-021
980.800000  8.489585e-021
981.000000  8.104994e-021
981.200000  7.640549e-021
981.400000  7.236527e-021
981.600000  6.651388e-021
981.800000  6.328158e-021
982.000000  5.967035e-021
982.200000  5.704911e-021
982.400000  5.479160e-021
982.600000  5.080792e-021
982.800000  4.873694e-021
983.000000  4.705978e-021
983.200000  4.562748e-021
983.400000  4.352073e-021
983.600000  4.324989e-021
983.800000  4.225926e-021
984.000000  4.134278e-021
984.200000  4.019358e-021
984.400000  4.073421e-021
984.600000  3.951596e-021
984.800000  3.927779e-021
985.000000  3.905668e-021
985.200000  3.893268e-021
985.400000  3.885378e-021
985.600000  3.803402e-021
985.800000  3.714893e-021
986.000000  3.749912e-021
986.200000  3.774951e-021
986.400000  3.732917e-021
986.600000  3.753008e-021
986.800000  3.764708e-021
987.000000  3.797818e-021
987.200000  3.775614e-021
987.400000  3.787455e-021
987.600000  3.865563e-021
987.800000  3.895107e-021
988.000000  3.897066e-021
988.200000  3.889606e-021
988.400000  3.905961e-021
988.600000  3.933770e-021
988.800000  3.929417e-021
989.000000  4.017750e-021
989.200000  4.076865e-021
989.400000  4.168355e-021
989.600000  4.203613e-021
989.800000  4.312465e-021
990.000000  4.407465e-021
990.200000  4.430241e-021
990.400000  4.510055e-021
990.600000  4.568779e-021
990.800000  4.692301e-021
991.000000  4.700909e-021
991.200000  4.795565e-021
991.400000  4.896002e-021
991.600000  4.951355e-021
991.800000  5.055310e-021
992.000000  5.197117e-021
992.200000  5.209604e-021
992.400000  5.291815e-021
992.600000  5.381543e-021
992.800000  5.475665e-021
993.000000  5.548079e-021
993.200000  5.595094e-021
993.400000  5.709461e-021
993.600000  5.774826e-021
993.800000  5.784853e-021
994.000000  5.833217e-021
994.200000  5.854860e-021
994.400000  5.909972e-021
994.600000  5.891092e-021
994.800000  5.964594e-021
995.000000  6.019715e-021
995.200000  6.024537e-021
995.400000  6.066819e-021
995.600000  6.193786e-021
995.800000  6.158233e-021
996.000000  6.171898e-021
996.200000  6.193457e-021
996.400000  6.294391e-021
996.600000  6.323293e-021
996.800000  6.312573e-021
997.000000  6.364127e-021
997.200000  6.463819e-021
997.400000  6.447424e-021
997.600000  6.453408e-021
997.800000  6.520330e-021
998.000000  6.546496e-021
998.200000  6.537437e-021
998.400000  6.550382e-021
998.600000  6.599946e-021
998.800000  6.613936e-021
999.000000  6.610731e-021
999.200000  6.452112e-021
999.400000  6.398587e-021
999.600000  6.430264e-021
999.800000  6.457716e-021
1000.000000  6.426836e-021
1000.200000  6.406310e-021
1000.400000  6.419872e-021
1000.600000  6.436628e-021
1000.800000  6.350911e-021
1001.000000  6.353522e-021
1001.200000  6.358420e-021
1001.400000  6.360107e-021
1001.600000  6.330528e-021
1001.800000  6.333638e-021
1002.000000  6.335525e-021
1002.200000  6.343897e-021
1002.400000  6.306986e-021
1002.600000  6.326415e-021
1002.800000  6.325382e-021
1003.000000  6.301253e-021
1003.200000  6.311254e-021
1003.400000  6.344718e-021
1003.600000  6.336645e-021
1003.800000  6.341410e-021
1004.000000  6.365054e-021
1004.200000  6.369922e-021
1004.400000  6.344992e-021
1004.600000  6.327165e-021
1004.800000  6.337612e-021
1005.000000  6.308543e-021
1005.200000  6.273880e-021
1005.400000  6.271955e-021
1005.600000  6.252738e-021
1005.800000  6.229590e-021
1006.000000  6.170849e-021
1006.200000  6.164460e-021
1006.400000  6.173778e-021
1006.600000  6.148794e-021
1006.800000  6.150920e-021
1007.000000  6.129127e-021
1007.200000  6.130460e-021
1007.400000  6.060311e-021
1007.600000  6.024643e-021
1007.800000  6.027750e-021
1008.000000  6.035839e-021
1008.200000  6.004943e-021
1008.400000  5.935831e-021
1008.600000  5.929094e-021
1008.800000  5.930573e-021
1009.000000  5.876844e-021
1009.200000  5.875323e-021
1009.400000  5.840931e-021
1009.600000  5.805780e-021
1009.800000  5.758908e-021
1010.000000  5.785390e-021
1010.200000  5.755187e-021
1010.400000  5.661093e-021
1010.600000  5.666444e-021
1010.800000  5.641995e-021
1011.000000  5.576479e-021
1011.200000  5.533558e-021
1011.400000  5.558638e-021
1011.600000  5.538778e-021
1011.800000  5.442728e-021
1012.000000  5.445116e-021
1012.200000  5.475007e-021
1012.400000  5.436295e-021
1012.600000  5.421031e-021
1012.800000  5.440664e-021
1013.000000  5.467187e-021
1013.200000  5.411878e-021
1013.400000  5.426962e-021
1013.600000  5.464007e-021
1013.800000  5.447506e-021
1014.000000  5.409602e-021
1014.200000  5.451587e-021
1014.400000  5.479839e-021
1014.600000  5.421899e-021
1014.800000  5.395995e-021
1015.000000  5.432232e-021
1015.200000  5.471370e-021
1015.400000  5.417625e-021
1015.600000  5.448498e-021
1015.800000  5.491157e-021
1016.000000  5.469616e-021
1016.200000  5.410130e-021
1016.400000  5.429124e-021
1016.600000  5.445731e-021
1016.800000  5.386933e-021
1017.000000  5.383331e-021
1017.200000  5.394639e-021
1017.400000  5.399058e-021
1017.600000  5.370571e-021
1017.800000  5.368643e-021
1018.000000  5.387985e-021
1018.200000  5.404663e-021
1018.400000  5.383583e-021
1018.600000  5.372120e-021
1018.800000  5.408077e-021
1019.000000  5.387966e-021
1019.200000  5.357593e-021
1019.400000  5.360205e-021
1019.600000  5.334923e-021
1019.800000  5.323700e-021
1020.000000  5.317536e-021
1020.200000  5.292550e-021
1020.400000  5.247431e-021
1020.600000  5.274199e-021
1020.800000  5.251438e-021
1021.000000  5.239750e-021
1021.200000  5.238173e-021
1021.400000  5.208982e-021
1021.600000  5.195924e-021
1021.800000  5.193198e-021
1022.000000  5.150437e-021
1022.200000  5.109613e-021
1022.400000  5.132692e-021
1022.600000  5.078382e-021
1022.800000  5.067110e-021
1023.000000  5.068364e-021
1023.200000  5.033171e-021
1023.400000  5.019107e-021
1023.600000  4.967637e-021
1023.800000  4.979275e-021
1024.000000  4.944434e-021
1024.200000  4.888329e-021
1024.400000  4.853760e-021
1024.600000  4.865241e-021
1024.800000  4.808539e-021
1025.000000  4.778113e-021
1025.200000  4.776953e-021
1025.400000  4.762801e-021
1025.600000  4.714346e-021
1025.800000  4.666285e-021
1026.000000  4.644973e-021
1026.200000  4.594838e-021
1026.400000  4.552790e-021
1026.600000  4.505350e-021
1026.800000  4.508466e-021
1027.000000  4.446728e-021
1027.200000  4.402705e-021
1027.400000  4.402930e-021
1027.600000  4.388650e-021
1027.800000  4.314234e-021
1028.000000  4.296081e-021
1028.200000  4.301705e-021
1028.400000  4.281607e-021
1028.600000  4.238053e-021
1028.800000  4.211202e-021
1029.000000  4.237285e-021
1029.200000  4.191155e-021
1029.400000  4.171846e-021
1029.600000  4.176422e-021
1029.800000  4.194392e-021
1030.000000  4.144109e-021
1030.200000  4.098046e-021
1030.400000  4.138793e-021
1030.600000  4.126192e-021
1030.800000  4.089775e-021
1031.000000  4.090318e-021
1031.200000  4.077327e-021
1031.400000  4.047514e-021
1031.600000  4.002309e-021
1031.800000  3.997056e-021
1032.000000  3.971633e-021
1032.200000  3.930279e-021
1032.400000  3.896791e-021
1032.600000  3.882913e-021
1032.800000  3.853019e-021
1033.000000  3.803125e-021
1033.200000  3.802896e-021
1033.400000  3.795629e-021
1033.600000  3.763799e-021
1033.800000  3.759957e-021
1034.000000  3.766092e-021
1034.200000  3.753421e-021
1034.400000  3.716565e-021
1034.600000  3.720199e-021
1034.800000  3.708296e-021
1035.000000  3.689891e-021
1035.200000  3.665863e-021
1035.400000  3.666586e-021
1035.600000  3.658521e-021
1035.800000  3.646448e-021
1036.000000  3.624061e-021
1036.200000  3.640067e-021
1036.400000  3.637932e-021
1036.600000  3.594759e-021
1036.800000  3.578062e-021
1037.000000  3.570796e-021
1037.200000  3.544015e-021
1037.400000  3.521896e-021
1037.600000  3.520431e-021
1037.800000  3.505080e-021
1038.000000  3.501766e-021
1038.200000  3.475679e-021
1038.400000  3.480937e-021
1038.600000  3.493388e-021
1038.800000  3.463542e-021
1039.000000  3.453477e-021
1039.200000  3.472421e-021
1039.400000  3.475212e-021
1039.600000  3.471972e-021
1039.800000  3.465855e-021
1040.000000  3.481690e-021
1040.200000  3.447266e-021
1040.400000  3.425942e-021
1040.600000  3.417779e-021
1040.800000  3.427949e-021
1041.000000  3.412095e-021
1041.200000  3.386287e-021
1041.400000  3.369093e-021
1041.600000  3.319965e-021
1041.800000  3.260932e-021
1042.000000  3.252951e-021
1042.200000  3.241867e-021
1042.400000  3.210854e-021
1042.600000  3.198978e-021
1042.800000  3.165700e-021
1043.000000  3.142049e-021
1043.200000  3.135192e-021
1043.400000  3.095729e-021
1043.600000  3.057237e-021
1043.800000  3.053169e-021
1044.000000  3.033338e-021
1044.200000  3.001665e-021
1044.400000  2.986121e-021
1044.600000  2.995475e-021
1044.800000  2.970675e-021
1045.000000  2.930081e-021
1045.200000  2.905687e-021
1045.400000  2.901381e-021
1045.600000  2.885887e-021
1045.800000  2.852835e-021
1046.000000  2.859361e-021
1046.200000  2.872435e-021
1046.400000  2.831895e-021
1046.600000  2.809521e-021
1046.800000  2.826081e-021
1047.000000  2.842680e-021
1047.200000  2.797043e-021
1047.400000  2.807322e-021
1047.600000  2.816301e-021
1047.800000  2.795146e-021
1048.000000  2.774218e-021
1048.200000  2.786892e-021
1048.400000  2.793987e-021
1048.600000  2.747450e-021
1048.800000  2.730155e-021
1049.000000  2.731491e-021
1049.200000  2.707263e-021
1049.400000  2.648355e-021
1049.600000  2.629090e-021
1049.800000  2.613286e-021
1050.000000  2.574893e-021
1050.200000  2.488304e-021
1050.400000  2.477657e-021
1050.600000  2.473280e-021
1050.800000  2.439967e-021
1051.000000  2.396679e-021
1051.200000  2.403905e-021
1051.400000  2.411781e-021
1051.600000  2.387353e-021
1051.800000  2.349577e-021
1052.000000  2.351882e-021
1052.200000  2.343431e-021
1052.400000  2.296640e-021
1052.600000  2.277097e-021
1052.800000  2.282961e-021
1053.000000  2.268721e-021
1053.200000  2.218821e-021
1053.400000  2.212581e-021
1053.600000  2.201559e-021
1053.800000  2.165900e-021
1054.000000  2.136447e-021
1054.200000  2.139742e-021
1054.400000  2.120862e-021
1054.600000  2.082182e-021
1054.800000  2.054924e-021
1055.000000  2.061908e-021
1055.200000  2.042324e-021
1055.400000  2.009053e-021
1055.600000  2.000088e-021
1055.800000  1.989006e-021
1056.000000  1.959896e-021
1056.200000  1.940294e-021
1056.400000  1.932844e-021
1056.600000  1.929068e-021
1056.800000  1.900612e-021
1057.000000  1.874202e-021
1057.200000  1.876583e-021
1057.400000  1.856461e-021
1057.600000  1.839051e-021
1057.800000  1.813234e-021
1058.000000  1.817010e-021
1058.200000  1.800267e-021
1058.400000  1.771351e-021
1058.600000  1.750564e-021
1058.800000  1.750865e-021
1059.000000  1.728637e-021
1059.200000  1.699532e-021
1059.400000  1.682823e-021
1059.600000  1.680576e-021
1059.800000  1.637280e-021
1060.000000  1.629064e-021
1060.200000  1.611974e-021
1060.400000  1.600537e-021
1060.600000  1.573665e-021
1060.800000  1.565249e-021
1061.000000  1.551933e-021
1061.200000  1.519306e-021
1061.400000  1.508784e-021
1061.600000  1.507676e-021
1061.800000  1.479902e-021
1062.000000  1.447310e-021
1062.200000  1.436716e-021
1062.400000  1.432857e-021
1062.600000  1.410471e-021
1062.800000  1.384421e-021
1063.000000  1.387530e-021
1063.200000  1.358765e-021
1063.400000  1.333696e-021
1063.600000  1.344598e-021
1063.800000  1.322972e-021
1064.000000  1.300030e-021
1064.200000  1.301333e-021
1064.400000  1.285548e-021
1064.600000  1.287697e-021
1064.800000  1.256869e-021
1065.000000  1.240669e-021
1065.200000  1.243716e-021
1065.400000  1.220793e-021
1065.600000  1.194010e-021
1065.800000  1.184674e-021
1066.000000  1.178906e-021
1066.200000  1.152983e-021
1066.400000  1.142966e-021
1066.600000  1.134056e-021
1066.800000  1.127002e-021
1067.000000  1.096110e-021
1067.200000  1.076923e-021
1067.400000  1.076412e-021
1067.600000  1.068869e-021
1067.800000  1.045456e-021
1068.000000  1.039584e-021
1068.200000  1.030986e-021
1068.400000  1.009513e-021
1068.600000  9.954813e-022
1068.800000  9.877199e-022
1069.000000  9.727812e-022
1069.200000  9.614456e-022
1069.400000  9.470135e-022
1069.600000  9.345902e-022
1069.800000  9.238068e-022
1070.000000  9.083360e-022
1070.200000  9.022490e-022
1070.400000  8.972479e-022
1070.600000  8.798807e-022
1070.800000  8.659896e-022
1071.000000  8.582854e-022
1071.200000  8.515936e-022
1071.400000  8.359730e-022
1071.600000  8.319547e-022
1071.800000  8.188653e-022
1072.000000  8.088230e-022
1072.200000  7.939106e-022
1072.400000  7.843042e-022
1072.600000  7.744066e-022
1072.800000  7.584351e-022
1073.000000  7.504720e-022
1073.200000  7.392534e-022
1073.400000  7.301893e-022
1073.600000  7.162383e-022
1073.800000  7.148612e-022
1074.000000  7.083281e-022
1074.200000  6.958547e-022
1074.400000  6.804592e-022
1074.600000  6.743569e-022
1074.800000  6.688006e-022
1075.000000  6.483739e-022
1075.200000  6.460642e-022
1075.400000  6.452184e-022
1075.600000  6.266733e-022
1075.800000  6.155818e-022
1076.000000  6.004670e-022
1076.200000  5.945328e-022
1076.400000  5.912312e-022
1076.600000  5.852458e-022
1076.800000  5.772757e-022
1077.000000  5.745221e-022
1077.200000  5.637405e-022
1077.400000  5.567629e-022
1077.600000  5.627329e-022
1077.800000  5.573605e-022
1078.000000  5.463198e-022
1078.200000  5.472260e-022
1078.400000  5.464101e-022
1078.600000  5.246101e-022
1078.800000  5.256727e-022
1079.000000  5.213589e-022
1079.200000  5.190232e-022
1079.400000  5.078228e-022
1079.600000  4.991768e-022
1079.800000  4.950641e-022
1080.000000  4.847620e-022
1080.200000  4.763711e-022
1080.400000  4.724387e-022
1080.600000  4.720684e-022
1080.800000  4.562467e-022
1081.000000  4.529588e-022
1081.200000  4.437543e-022
1081.400000  4.432131e-022
1081.600000  4.342631e-022
1081.800000  4.376396e-022
1082.000000  4.249706e-022
1082.200000  4.236148e-022
1082.400000  4.155435e-022
1082.600000  4.108260e-022
1082.800000  4.041516e-022
1083.000000  4.023609e-022
1083.200000  3.902455e-022
1083.400000  3.919910e-022
1083.600000  3.872765e-022
1083.800000  3.829626e-022
1084.000000  3.710349e-022
1084.200000  3.706536e-022
1084.400000  3.732624e-022
1084.600000  3.635336e-022
1084.800000  3.549572e-022
1085.000000  3.582290e-022
1085.200000  3.507778e-022
1085.400000  3.431796e-022
1085.600000  3.422122e-022
1085.800000  3.362924e-022
1086.000000  3.373946e-022
1086.200000  3.210800e-022
1086.400000  3.177375e-022
1086.600000  3.148578e-022
1086.800000  3.052427e-022
1087.000000  3.095240e-022
1087.200000  3.092753e-022
1087.400000  3.026893e-022
1087.600000  2.988657e-022
1087.800000  2.950992e-022
1088.000000  2.949121e-022
1088.200000  2.841442e-022
1088.400000  2.919458e-022
1088.600000  2.846842e-022
1088.800000  2.805704e-022
1089.000000  2.741616e-022
1089.200000  2.738956e-022
1089.400000  2.719501e-022
1089.600000  2.654551e-022
1089.800000  2.674413e-022
1090.000000  2.622034e-022
1090.200000  2.600425e-022
1090.400000  2.524615e-022
1090.600000  2.558324e-022
1090.800000  2.531832e-022
1091.000000  2.442888e-022
1091.200000  2.479563e-022
1091.400000  2.475634e-022
1091.600000  2.384301e-022
1091.800000  2.316047e-022
1092.000000  2.416307e-022
1092.200000  2.314739e-022
1092.400000  2.277567e-022
1092.600000  2.223250e-022
1092.800000  2.203878e-022
1093.000000  2.234817e-022
1093.200000  2.199192e-022
1093.400000  2.174725e-022
1093.600000  2.235405e-022
1093.800000  2.194194e-022
1094.000000  2.120489e-022
1094.200000  2.085910e-022
1094.400000  2.079475e-022
1094.600000  2.005560e-022
1094.800000  1.978278e-022
1095.000000  1.995950e-022
1095.200000  1.934478e-022
1095.400000  1.931784e-022
1095.600000  1.902948e-022
1095.800000  1.874125e-022
1096.000000  1.846999e-022
1096.200000  1.779727e-022
1096.400000  1.818918e-022
1096.600000  1.743516e-022
1096.800000  1.730728e-022
1097.000000  1.701194e-022
1097.200000  1.698178e-022
1097.400000  1.664600e-022
1097.600000  1.585525e-022
1097.800000  1.541132e-022
1098.000000  1.577788e-022
1098.200000  1.512842e-022
1098.400000  1.479021e-022
1098.600000  1.498454e-022
1098.800000  1.490139e-022
1099.000000  1.451480e-022
1099.200000  1.385872e-022
1099.400000  1.459685e-022
1099.600000  1.411305e-022
1099.800000  1.345528e-022
1100.000000  1.337658e-022
