9.80000e+02	7.58254e-01	9.03759e-01	5.43460e-01	5.43185e-01	1.27236e-01	1.32208e-01
9.80500e+02	7.51652e-01	9.03817e-01	5.25916e-01	5.25650e-01	1.11500e-01	1.16717e-01
9.81000e+02	7.44676e-01	9.03872e-01	5.07799e-01	5.07542e-01	9.69040e-02	1.02324e-01
9.81500e+02	7.37310e-01	9.03924e-01	4.89139e-01	4.88891e-01	8.34770e-02	8.90448e-02
9.82000e+02	7.29540e-01	9.03972e-01	4.69972e-01	4.69734e-01	7.12300e-02	7.68815e-02
9.82500e+02	7.21351e-01	9.04018e-01	4.50343e-01	4.50115e-01	6.01580e-02	6.58265e-02
9.83000e+02	7.12726e-01	9.04060e-01	4.30303e-01	4.30085e-01	5.02400e-02	5.58556e-02
9.83500e+02	7.03652e-01	9.04101e-01	4.09915e-01	4.09707e-01	4.14440e-02	4.69360e-02
9.84000e+02	6.94112e-01	9.04139e-01	3.89245e-01	3.89048e-01	3.37240e-02	3.90239e-02
9.84500e+02	6.84092e-01	9.04175e-01	3.68371e-01	3.68184e-01	2.70240e-02	3.20711e-02
9.85000e+02	6.73578e-01	9.04210e-01	3.47377e-01	3.47201e-01	2.12800e-02	2.60174e-02
9.85500e+02	6.62556e-01	9.04242e-01	3.26351e-01	3.26186e-01	1.64230e-02	2.08036e-02
9.86000e+02	6.51014e-01	9.04272e-01	3.05390e-01	3.05235e-01	1.23800e-02	1.63608e-02
9.86500e+02	6.38940e-01	9.04301e-01	2.84593e-01	2.84449e-01	9.07200e-03	1.26254e-02
9.87000e+02	6.26326e-01	9.04328e-01	2.64059e-01	2.63925e-01	6.42500e-03	9.52627e-03
9.87500e+02	6.13164e-01	9.04354e-01	2.43892e-01	2.43768e-01	4.36000e-03	6.99659e-03
9.88000e+02	5.99448e-01	9.04379e-01	2.24192e-01	2.24078e-01	2.80500e-03	4.97175e-03
9.88500e+02	5.85178e-01	9.04401e-01	2.05054e-01	2.04950e-01	1.68700e-03	3.38605e-03
9.89000e+02	5.70355e-01	9.04424e-01	1.86571e-01	1.86476e-01	9.38000e-04	2.18144e-03
9.89500e+02	5.54983e-01	9.04445e-01	1.68827e-01	1.68741e-01	4.97000e-04	1.29879e-03
9.90000e+02	5.39071e-01	9.04464e-01	1.51897e-01	1.51820e-01	3.03000e-04	6.85533e-04
9.90500e+02	5.22635e-01	9.04483e-01	1.35845e-01	1.35776e-01	3.05000e-04	2.94582e-04
9.91000e+02	5.05692e-01	4.91777e-01	1.20727e-01	1.20666e-01	4.54000e-04	7.99423e-05
9.91500e+02	4.88269e-01	4.75901e-01	1.06581e-01	1.06527e-01	7.07000e-04	2.19020e-06
9.92000e+02	4.70395e-01	4.59507e-01	9.34380e-02	9.33907e-02	1.02700e-03	2.62824e-05
9.92500e+02	4.52108e-01	4.42622e-01	8.13120e-02	8.12708e-02	1.38100e-03	1.22651e-04
9.93000e+02	4.33450e-01	4.25278e-01	7.02050e-02	7.01694e-02	1.74400e-03	2.62824e-04
9.93500e+02	4.14471e-01	4.07515e-01	6.01100e-02	6.00795e-02	2.09100e-03	4.24899e-04
9.94000e+02	3.95229e-01	3.89381e-01	5.10050e-02	5.09792e-02	2.40500e-03	5.91354e-04
9.94500e+02	3.75783e-01	3.70932e-01	4.28600e-02	4.28383e-02	2.67300e-03	7.46858e-04
9.95000e+02	3.56204e-01	3.52228e-01	3.56350e-02	3.56169e-02	2.88400e-03	8.81555e-04
9.95500e+02	3.36564e-01	3.33339e-01	2.92860e-02	2.92712e-02	3.03100e-03	9.85590e-04
9.96000e+02	3.16940e-01	3.14341e-01	2.37580e-02	2.37460e-02	3.11300e-03	1.05458e-03
9.96500e+02	2.97414e-01	2.95315e-01	1.89970e-02	1.89874e-02	3.12900e-03	1.08743e-03
9.97000e+02	2.78069e-01	2.76347e-01	1.49400e-02	1.49324e-02	3.08200e-03	1.08415e-03
9.97500e+02	2.58989e-01	2.57528e-01	1.15290e-02	1.15232e-02	2.97600e-03	1.04582e-03
9.98000e+02	2.40258e-01	2.38947e-01	8.69900e-03	8.69459e-03	2.81900e-03	9.79019e-04
9.98500e+02	2.21960e-01	2.20698e-01	6.38900e-03	6.38576e-03	2.62000e-03	8.88126e-04
9.99000e+02	2.04172e-01	2.02871e-01	4.54000e-03	4.53770e-03	2.38900e-03	7.79711e-04
9.99500e+02	1.86971e-01	1.85553e-01	3.09200e-03	3.09043e-03	2.13800e-03	6.64726e-04
1.00000e+03	1.70424e-01	1.68828e-01	1.99200e-03	1.99099e-03	1.88000e-03	5.51930e-04
1.00050e+03	1.54592e-01	1.52772e-01	1.18600e-03	1.18540e-03	1.62600e-03	4.50086e-04
1.00100e+03	1.39530e-01	1.37452e-01	6.26000e-04	6.25683e-04	1.39200e-03	3.71239e-04
1.00150e+03	1.25280e-01	1.22926e-01	2.69000e-04	2.68864e-04	1.18900e-03	3.25245e-04
1.00200e+03	1.11879e-01	1.09246e-01	7.30000e-05	7.29630e-05	1.03300e-03	3.23054e-04
1.00250e+03	9.93490e-02	9.64452e-02	2.00000e-06	1.99899e-06	9.35000e-04	3.74524e-04
1.00300e+03	8.77050e-02	8.45521e-02	2.40000e-05	2.39878e-05	9.09000e-04	4.90605e-04
1.00350e+03	7.69520e-02	7.35792e-02	1.12000e-04	1.11943e-04	9.65000e-04	6.80057e-04
1.00400e+03	6.70840e-02	6.35285e-02	2.40000e-04	2.39878e-04	1.11400e-03	9.50547e-04
1.00450e+03	5.80880e-02	5.43935e-02	3.88000e-04	3.87803e-04	1.36500e-03	1.31083e-03
1.00500e+03	4.99420e-02	4.61544e-02	5.40000e-04	5.39726e-04	1.72700e-03	1.76749e-03
1.00550e+03	4.26150e-02	3.87840e-02	6.82000e-04	6.81655e-04	2.20500e-03	2.32380e-03
1.00600e+03	3.60740e-02	3.22461e-02	8.05000e-04	8.04592e-04	2.80400e-03	2.98415e-03
1.00650e+03	3.02770e-02	2.65009e-02	9.00000e-04	8.99544e-04	3.52700e-03	3.75291e-03
1.00700e+03	2.51790e-02	2.14986e-02	9.63000e-04	9.62512e-04	4.37500e-03	4.62899e-03
1.00750e+03	2.07330e-02	1.71904e-02	9.93000e-04	9.92497e-04	5.34900e-03	5.61239e-03
1.00800e+03	1.68900e-02	1.35192e-02	9.90000e-04	9.89498e-04	6.44400e-03	6.70092e-03
1.00850e+03	1.35990e-02	1.04326e-02	9.55000e-04	9.54516e-04	7.65800e-03	7.89129e-03
1.00900e+03	1.08090e-02	7.87173e-03	8.94000e-04	8.93547e-04	8.98400e-03	9.17913e-03
1.00950e+03	8.46900e-03	5.78141e-03	8.11000e-04	8.10589e-04	1.04160e-02	1.05579e-02
1.01000e+03	6.53200e-03	4.10825e-03	7.12000e-04	7.11639e-04	1.19430e-02	1.20198e-02
1.01050e+03	4.94900e-03	2.79795e-03	6.07000e-04	6.06693e-04	1.35570e-02	1.35562e-02
1.01100e+03	3.67600e-03	1.80256e-03	5.04000e-04	5.03745e-04	1.52440e-02	1.51573e-02
1.01150e+03	2.67000e-03	1.07321e-03	4.11000e-04	4.10792e-04	1.69930e-02	1.68120e-02
1.01200e+03	1.89100e-03	5.66467e-04	3.39000e-04	3.38828e-04	1.87900e-02	1.85072e-02
1.01250e+03	1.30400e-03	2.43418e-04	2.97000e-04	2.96850e-04	2.06200e-02	2.02331e-02
1.01300e+03	8.76000e-04	6.60577e-05	2.95000e-04	2.94851e-04	2.24680e-02	2.19743e-02
1.01350e+03	5.75000e-04	1.80980e-06	3.42000e-04	3.41827e-04	2.43190e-02	2.37177e-02
1.01400e+03	3.75000e-04	2.17176e-05	4.48000e-04	4.47773e-04	2.61570e-02	2.54501e-02
1.01450e+03	2.53000e-04	1.01349e-04	6.21000e-04	6.20685e-04	2.79660e-02	2.71574e-02
1.01500e+03	1.87000e-04	2.17176e-04	8.68000e-04	8.67560e-04	2.97310e-02	2.88263e-02
1.01550e+03	1.62000e-04	3.51101e-04	1.19700e-03	1.19639e-03	3.14360e-02	3.04405e-02
1.01600e+03	1.62000e-04	4.88646e-04	1.61400e-03	1.61318e-03	3.30660e-02	3.19890e-02
1.01650e+03	1.75000e-04	6.17142e-04	2.12200e-03	2.12093e-03	3.46070e-02	3.34575e-02
1.01700e+03	1.92000e-04	7.28445e-04	2.72500e-03	2.72362e-03	3.60450e-02	3.48340e-02
1.01750e+03	2.06000e-04	8.14410e-04	3.42700e-03	3.42526e-03	3.73660e-02	3.61054e-02
1.01800e+03	2.13000e-04	8.71419e-04	4.22700e-03	4.22486e-03	3.85600e-02	3.72619e-02
1.01850e+03	2.09000e-04	8.98566e-04	5.12500e-03	5.12240e-03	3.96140e-02	3.82935e-02
1.01900e+03	1.95000e-04	8.95851e-04	6.11900e-03	6.11590e-03	4.05210e-02	3.91892e-02
1.01950e+03	1.70000e-04	8.64180e-04	7.20600e-03	7.20235e-03	4.12700e-02	3.99416e-02
1.02000e+03	1.37000e-04	8.08981e-04	8.38200e-03	8.37775e-03	4.18540e-02	4.05428e-02
1.02050e+03	1.00000e-04	7.33874e-04	9.64100e-03	9.63612e-03	4.22690e-02	4.09885e-02
1.02100e+03	6.30000e-05	6.44289e-04	1.09760e-02	1.09704e-02	4.25090e-02	4.12732e-02
1.02150e+03	3.10000e-05	5.49274e-04	1.23790e-02	1.23727e-02	4.25710e-02	4.13948e-02
1.02200e+03	1.10000e-05	4.56070e-04	1.38410e-02	1.38340e-02	4.24550e-02	4.13488e-02
1.02250e+03	9.00000e-06	3.71914e-04	1.53520e-02	1.53442e-02	4.21610e-02	4.11363e-02
1.02300e+03	3.20000e-05	3.06761e-04	1.69000e-02	1.68914e-02	4.16900e-02	4.07585e-02
1.02350e+03	8.60000e-05	2.68755e-04	1.84760e-02	1.84666e-02	4.10460e-02	4.02165e-02
1.02400e+03	1.80000e-04	2.66946e-04	2.00660e-02	2.00558e-02	4.02330e-02	3.95145e-02
1.02450e+03	3.20000e-04	3.09476e-04	2.16580e-02	2.16470e-02	3.92590e-02	3.86592e-02
1.02500e+03	5.12000e-04	4.05395e-04	2.32400e-02	2.32282e-02	3.81310e-02	3.76550e-02
1.02550e+03	7.63000e-04	5.61943e-04	2.47990e-02	2.47864e-02	3.68600e-02	3.65117e-02
1.02600e+03	1.07700e-03	7.85453e-04	2.63230e-02	2.63097e-02	3.54550e-02	3.52381e-02
1.02650e+03	1.46100e-03	1.08317e-03	2.77970e-02	2.77829e-02	3.39300e-02	3.38452e-02
1.02700e+03	1.91800e-03	1.46051e-03	2.92110e-02	2.91962e-02	3.22990e-02	3.23449e-02
1.02750e+03	2.45100e-03	1.92020e-03	3.05520e-02	3.05365e-02	3.05750e-02	3.07504e-02
1.02800e+03	3.06200e-03	2.46585e-03	3.18090e-02	3.17929e-02	2.87760e-02	2.90760e-02
1.02850e+03	3.75400e-03	3.10109e-03	3.29700e-02	3.29533e-02	2.69170e-02	2.73359e-02
1.02900e+03	4.52500e-03	3.82501e-03	3.40260e-02	3.40088e-02	2.50160e-02	2.55465e-02
1.02950e+03	5.37600e-03	4.63761e-03	3.49680e-02	3.49503e-02	2.30910e-02	2.37253e-02
1.03000e+03	6.30500e-03	5.53708e-03	3.57860e-02	3.57679e-02	2.11590e-02	2.18867e-02
1.03050e+03	7.30900e-03	6.52071e-03	3.64730e-02	3.64545e-02	1.92400e-02	2.00502e-02
1.03100e+03	8.38300e-03	7.58487e-03	3.70220e-02	3.70032e-02	1.73500e-02	1.82312e-02
1.03150e+03	9.52400e-03	8.72414e-03	3.74290e-02	3.74100e-02	1.55060e-02	1.64462e-02
1.03200e+03	1.07250e-02	9.93218e-03	3.76890e-02	3.76699e-02	1.37260e-02	1.47127e-02
1.03250e+03	1.19790e-02	1.12018e-02	3.78000e-02	3.77809e-02	1.20240e-02	1.30459e-02
1.03300e+03	1.32800e-02	1.25247e-02	3.77580e-02	3.77389e-02	1.04140e-02	1.14580e-02
1.03350e+03	1.46180e-02	1.38920e-02	3.75640e-02	3.75450e-02	8.90800e-03	9.96541e-03
1.03400e+03	1.59860e-02	1.52928e-02	3.72190e-02	3.72001e-02	7.51700e-03	8.57573e-03
1.03450e+03	1.73740e-02	1.67189e-02	3.67240e-02	3.67054e-02	6.24700e-03	7.30213e-03
1.03500e+03	1.87710e-02	1.81577e-02	3.60830e-02	3.60647e-02	5.10600e-03	6.15008e-03
1.03550e+03	2.01690e-02	1.95983e-02	3.53020e-02	3.52841e-02	4.09500e-03	5.12507e-03
1.03600e+03	2.15550e-02	2.10299e-02	3.43850e-02	3.43676e-02	3.21600e-03	4.23037e-03
1.03650e+03	2.29210e-02	2.24406e-02	3.33410e-02	3.33241e-02	2.46600e-03	3.46709e-03
1.03700e+03	2.42550e-02	2.38197e-02	3.21780e-02	3.21617e-02	1.84000e-03	2.83193e-03
1.03750e+03	2.55460e-02	2.51535e-02	3.09060e-02	3.08903e-02	1.33200e-03	2.32161e-03
1.03800e+03	2.67860e-02	2.64330e-02	2.95360e-02	2.95210e-02	9.32000e-04	1.92738e-03
1.03850e+03	2.79620e-02	2.76465e-02	2.80800e-02	2.80658e-02	6.27000e-04	1.64046e-03
1.03900e+03	2.90670e-02	2.87840e-02	2.65510e-02	2.65376e-02	4.06000e-04	1.44772e-03
1.03950e+03	3.00910e-02	2.98346e-02	2.49620e-02	2.49494e-02	2.53000e-04	1.33602e-03
1.04000e+03	3.10250e-02	3.07901e-02	2.33280e-02	2.33162e-02	1.54000e-04	1.28893e-03
1.04050e+03	3.18600e-02	3.16425e-02	2.16650e-02	2.16540e-02	9.40000e-05	1.29003e-03
1.04100e+03	3.25910e-02	3.23828e-02	1.99860e-02	1.99759e-02	6.00000e-05	1.32179e-03
1.04150e+03	3.32110e-02	3.30044e-02	1.83090e-02	1.82997e-02	4.00000e-05	1.36449e-03
1.04200e+03	3.37130e-02	3.35012e-02	1.66480e-02	1.66396e-02	2.50000e-05	1.40173e-03
1.04250e+03	3.40930e-02	3.38695e-02	1.50180e-02	1.50104e-02	1.20000e-05	1.41706e-03
1.04300e+03	3.43480e-02	3.41048e-02	1.34350e-02	1.34282e-02	2.00000e-06	1.39735e-03
1.04350e+03	3.44740e-02	3.42052e-02	1.19130e-02	1.19070e-02	4.00000e-06	1.33055e-03
1.04400e+03	3.44690e-02	3.41672e-02	1.04630e-02	1.04577e-02	3.80000e-05	1.21228e-03
1.04450e+03	3.43340e-02	3.39917e-02	9.10000e-03	9.09539e-03	1.33000e-04	1.04034e-03
1.04500e+03	3.40680e-02	3.36795e-02	7.83100e-03	7.82703e-03	3.32000e-04	8.24610e-04
1.04550e+03	3.36730e-02	3.32315e-02	6.66800e-03	6.66462e-03	6.95000e-04	5.78213e-04
1.04600e+03	3.31520e-02	3.26515e-02	5.61600e-03	5.61316e-03	1.29800e-03	3.30720e-04
1.04650e+03	3.25080e-02	3.19448e-02	4.68000e-03	4.67763e-03	2.24000e-03	1.21556e-04
1.04700e+03	3.17450e-02	3.11150e-02	3.86300e-03	3.86104e-03	3.64200e-03	6.57060e-06
1.04750e+03	3.08710e-02	3.01703e-02	3.16600e-03	3.16440e-03	5.65200e-03	5.69452e-05
1.04800e+03	2.98920e-02	2.91179e-02	2.58600e-03	2.58469e-03	8.44200e-03	3.69049e-04
1.04850e+03	2.88170e-02	2.79668e-02	2.12000e-03	2.11893e-03	1.22150e-02	1.05568e-03
1.04900e+03	2.76530e-02	2.67271e-02	1.76000e-03	1.75911e-03	1.71990e-02	2.25810e-03
1.04950e+03	2.64110e-02	2.54096e-02	1.49800e-03	1.49724e-03	2.36480e-02	4.14386e-03
1.05000e+03	2.51030e-02	2.40260e-02	1.32200e-03	1.32133e-03	3.18360e-02	6.90789e-03
1.05050e+03	2.37390e-02	2.25881e-02	1.22000e-03	1.21938e-03	4.20510e-02	1.07736e-02
1.05100e+03	2.23320e-02	2.11095e-02	1.17700e-03	1.17640e-03	5.45800e-02	1.59928e-02
1.05150e+03	2.08940e-02	1.96047e-02	1.17800e-03	1.17740e-03	6.97020e-02	2.28394e-02
1.05200e+03	1.94390e-02	1.80853e-02	1.20700e-03	1.20639e-03	8.76620e-02	3.16068e-02
1.05250e+03	1.79800e-02	1.65678e-02	1.24600e-03	1.24537e-03	1.08657e-01	4.25983e-02
1.05300e+03	1.65300e-02	1.50648e-02	1.28000e-03	1.27935e-03	1.32811e-01	5.61162e-02
1.05350e+03	1.51040e-02	1.35898e-02	1.29400e-03	1.29334e-03	1.60159e-01	7.24452e-02
1.05400e+03	1.37140e-02	1.21573e-02	1.27600e-03	1.27535e-03	1.90628e-01	9.18351e-02
1.05450e+03	1.23720e-02	1.07801e-02	1.21500e-03	1.21438e-03	2.24026e-01	1.14478e-01
1.05500e+03	1.10920e-02	9.46797e-03	1.10700e-03	1.10644e-03	2.60046e-01	1.40495e-01
1.05550e+03	9.88300e-03	8.23459e-03	9.50000e-04	9.49519e-04	2.98270e-01	1.69906e-01
1.05600e+03	8.75700e-03	7.08627e-03	7.53000e-04	7.52619e-04	3.38192e-01	2.02623e-01
1.05650e+03	7.72100e-03	6.03387e-03	5.28000e-04	5.27733e-04	3.79243e-01	2.38440e-01
1.05700e+03	6.78400e-03	5.08192e-03	3.02000e-04	3.01847e-04	4.20824e-01	2.77032e-01
1.05750e+03	5.95200e-03	4.23493e-03	1.11000e-04	1.10944e-04	4.62342e-01	3.17963e-01
1.05800e+03	5.22700e-03	3.49563e-03	6.00000e-06	5.99696e-06	5.03237e-01	3.60711e-01
1.05850e+03	4.61200e-03	2.86491e-03	5.20000e-05	5.19737e-05	5.43013e-01	4.04690e-01
1.05900e+03	4.10800e-03	2.34007e-03	3.37000e-04	3.36829e-04	5.81253e-01	4.49284e-01
1.05950e+03	3.71200e-03	1.91839e-03	9.64000e-04	9.63512e-04	6.17627e-01	4.93884e-01
1.06000e+03	3.42000e-03	1.59262e-03	2.06200e-03	2.06096e-03	6.51898e-01	5.37910e-01
1.06050e+03	3.22600e-03	1.35554e-03	3.78400e-03	3.78208e-03	6.83916e-01	5.80844e-01
1.06100e+03	3.12100e-03	1.19628e-03	6.30800e-03	6.30480e-03	7.13604e-01	6.22248e-01
1.06150e+03	3.09500e-03	1.10398e-03	9.83800e-03	9.83302e-03	7.40955e-01	6.61769e-01
1.06200e+03	3.13500e-03	1.06507e-03	1.46040e-02	1.45966e-02	7.66011e-01	6.99146e-01
1.06250e+03	3.22800e-03	1.06597e-03	2.08560e-02	2.08454e-02	7.88858e-01	7.34204e-01
1.06300e+03	3.35800e-03	1.09221e-03	2.88620e-02	2.88474e-02	8.09606e-01	7.66850e-01
1.06350e+03	3.51000e-03	1.12751e-03	3.88990e-02	3.88793e-02	8.28386e-01	7.97055e-01
1.06400e+03	3.66500e-03	1.15827e-03	5.12430e-02	5.12170e-02	8.45340e-01	8.24850e-01
1.06450e+03	3.80700e-03	1.17094e-03	6.61540e-02	6.61205e-02	8.60612e-01	8.50305e-01
1.06500e+03	3.91800e-03	1.15465e-03	8.38600e-02	8.38175e-02	8.74348e-01	8.73525e-01
1.06550e+03	3.98200e-03	1.09945e-03	1.04537e-01	1.04484e-01	8.86685e-01	8.94636e-01
1.06600e+03	3.98500e-03	1.00172e-03	1.28294e-01	1.28229e-01	8.97757e-01	9.13778e-01
1.06650e+03	3.91300e-03	8.59655e-04	1.55151e-01	1.55072e-01	9.07688e-01	9.31096e-01
1.06700e+03	3.75700e-03	6.81390e-04	1.85027e-01	1.84933e-01	9.16592e-01	9.46736e-01
1.06750e+03	3.51200e-03	4.77787e-04	2.17734e-01	2.17624e-01	9.24577e-01	9.60842e-01
1.06800e+03	3.17800e-03	2.73280e-04	2.52974e-01	2.52846e-01	9.31736e-01	9.73553e-01
1.06850e+03	2.76000e-03	1.00444e-04	2.90351e-01	2.90204e-01	9.38159e-01	9.84998e-01
1.06900e+03	2.27300e-03	5.42940e-06	3.29386e-01	3.29219e-01	9.43923e-01	9.95300e-01
1.06950e+03	1.74000e-03	4.70548e-05	3.69546e-01	3.69359e-01	9.49099e-01	1.00457e+00
1.07000e+03	1.19500e-03	3.04951e-04	4.10268e-01	4.10060e-01	9.53749e-01	1.01291e+00
1.07050e+03	6.84000e-04	8.72324e-04	4.50994e-01	4.50766e-01	9.57931e-01	1.02043e+00
1.07100e+03	2.69000e-04	1.86590e-03	4.91197e-01	4.90948e-01	9.61694e-01	1.02719e+00
1.07150e+03	2.80000e-05	3.42414e-03	5.30403e-01	5.30134e-01	9.65083e-01	1.03328e+00
1.07200e+03	5.70000e-05	5.70811e-03	5.68211e-01	5.67923e-01	9.68139e-01	1.03878e+00
1.07250e+03	4.74000e-04	8.90241e-03	6.04300e-01	6.03994e-01	9.70896e-01	1.04373e+00
1.07300e+03	1.41900e-03	1.32152e-02	6.38431e-01	6.38108e-01	9.73387e-01	1.04820e+00
1.07350e+03	3.05400e-03	1.88726e-02	6.70445e-01	6.70105e-01	9.75639e-01	1.05224e+00
1.07400e+03	5.56700e-03	2.61172e-02	7.00256e-01	6.99901e-01	9.77677e-01	1.05590e+00
1.07450e+03	9.16900e-03	3.51997e-02	7.27838e-01	7.27469e-01	9.79523e-01	1.05920e+00
1.07500e+03	1.40930e-02	4.63698e-02	7.53219e-01	7.52837e-01	9.81198e-01	1.06219e+00
1.07550e+03	2.05890e-02	5.98628e-02	7.76463e-01	7.76070e-01	9.82718e-01	1.06491e+00
1.07600e+03	2.89210e-02	7.58849e-02	7.97667e-01	7.97263e-01	9.84100e-01	1.06737e+00
1.07650e+03	3.93540e-02	9.45955e-02	8.16945e-01	8.16531e-01	9.85356e-01	1.06961e+00
1.07700e+03	5.21470e-02	1.16093e-01	8.34424e-01	8.34001e-01	9.86501e-01	1.07164e+00
1.07750e+03	6.75360e-02	1.40396e-01	8.50238e-01	8.49807e-01	9.87544e-01	1.07349e+00
1.07800e+03	8.57190e-02	1.67431e-01	8.64520e-01	8.64082e-01	9.88495e-01	1.07518e+00
1.07850e+03	1.06841e-01	1.97028e-01	8.77401e-01	8.76957e-01	9.89365e-01	1.07671e+00
1.07900e+03	1.30972e-01	2.28916e-01	8.89008e-01	8.88558e-01	9.90159e-01	1.07812e+00
1.07950e+03	1.58099e-01	2.62739e-01	8.99459e-01	8.99003e-01	9.90886e-01	1.07940e+00
1.08000e+03	1.88109e-01	2.98061e-01	9.08867e-01	9.08407e-01	9.91552e-01	1.08057e+00
1.08050e+03	2.20790e-01	3.34402e-01	9.17333e-01	9.16868e-01	9.92163e-01	1.08164e+00
1.08100e+03	2.55830e-01	3.71252e-01	9.24952e-01	9.24483e-01	9.92723e-01	1.08262e+00
1.08150e+03	2.92833e-01	4.08104e-01	9.31811e-01	9.31339e-01	9.93238e-01	1.08352e+00
1.08200e+03	3.31331e-01	4.44484e-01	9.37988e-01	9.37513e-01	9.93711e-01	1.08435e+00
1.08250e+03	3.70813e-01	4.79962e-01	9.43552e-01	9.43074e-01	9.94146e-01	1.08511e+00
1.08300e+03	4.10748e-01	5.14174e-01	9.48567e-01	9.48086e-01	9.94547e-01	1.08581e+00
1.08350e+03	4.50617e-01	5.46831e-01	9.53092e-01	9.52609e-01	9.94916e-01	1.08645e+00
1.08400e+03	4.89930e-01	5.77716e-01	9.57175e-01	9.56690e-01	9.95257e-01	1.08704e+00
1.08450e+03	5.28254e-01	6.06686e-01	9.60865e-01	9.60378e-01	9.95572e-01	1.08759e+00
1.08500e+03	5.65219e-01	6.33662e-01	9.64200e-01	9.63712e-01	9.95863e-01	1.08809e+00
1.08550e+03	6.00532e-01	6.58621e-01	9.67218e-01	9.66728e-01	9.96132e-01	1.08855e+00
1.08600e+03	6.33975e-01	6.81588e-01	9.69952e-01	9.69461e-01	9.96380e-01	1.08898e+00
1.08650e+03	6.65400e-01	7.02621e-01	9.72430e-01	9.71937e-01	9.96611e-01	1.08938e+00
1.08700e+03	6.94727e-01	7.21809e-01	9.74679e-01	9.74185e-01	9.96824e-01	1.08975e+00
1.08750e+03	7.21932e-01	7.39254e-01	9.76721e-01	9.76226e-01	9.97023e-01	1.09009e+00
1.08800e+03	7.47036e-01	7.55070e-01	9.78578e-01	9.78082e-01	9.97206e-01	1.09040e+00
1.08850e+03	7.70098e-01	7.69380e-01	9.80268e-01	9.79771e-01	9.97377e-01	1.09070e+00
1.08900e+03	7.91204e-01	7.82304e-01	9.81807e-01	9.81310e-01	9.97536e-01	1.09097e+00
1.08950e+03	8.10457e-01	7.93960e-01	9.83210e-01	9.82712e-01	9.97684e-01	1.09122e+00
1.09000e+03	8.27975e-01	8.04463e-01	9.84491e-01	9.83992e-01	9.97821e-01	1.09145e+00
1.09050e+03	8.43880e-01	8.13920e-01	9.85661e-01	9.85162e-01	9.97949e-01	1.09167e+00
1.09100e+03	8.58295e-01	8.22434e-01	9.86731e-01	9.86231e-01	9.98069e-01	1.09188e+00
1.09150e+03	8.71343e-01	8.30095e-01	9.87710e-01	9.87210e-01	9.98180e-01	1.09206e+00
1.09200e+03	8.83141e-01	8.36989e-01	9.88606e-01	9.88105e-01	9.98284e-01	1.09224e+00
1.09250e+03	8.93804e-01	8.43196e-01	9.89429e-01	9.88928e-01	9.98381e-01	1.09241e+00
1.09300e+03	9.03434e-01	8.48785e-01	9.90184e-01	9.89682e-01	9.98472e-01	1.09256e+00
1.09350e+03	9.12132e-01	8.53820e-01	9.90877e-01	9.90375e-01	9.98557e-01	1.09270e+00
1.09400e+03	9.19986e-01	8.58358e-01	9.91514e-01	9.91012e-01	9.98636e-01	1.09284e+00
1.09450e+03	9.27080e-01	8.62453e-01	9.92101e-01	9.91598e-01	9.98710e-01	1.09296e+00
1.09500e+03	9.33489e-01	8.66148e-01	9.92641e-01	9.92138e-01	9.98780e-01	1.09308e+00
1.09550e+03	9.39282e-01	8.69487e-01	9.93139e-01	9.92636e-01	9.98845e-01	1.09319e+00
1.09600e+03	9.44520e-01	8.72505e-01	9.93598e-01	9.93095e-01	9.98907e-01	1.09329e+00
1.09650e+03	9.49260e-01	8.75236e-01	9.94023e-01	9.93519e-01	9.98964e-01	1.09339e+00
1.09700e+03	9.53551e-01	8.77710e-01	9.94414e-01	9.93910e-01	9.99018e-01	1.09348e+00
1.09750e+03	9.57440e-01	8.79952e-01	9.94777e-01	9.94273e-01	9.99069e-01	1.09356e+00
1.09800e+03	9.60965e-01	8.81987e-01	9.95112e-01	9.94608e-01	9.99116e-01	1.09364e+00
1.09850e+03	9.64165e-01	8.83835e-01	9.95423e-01	9.94919e-01	9.99161e-01	1.09372e+00
1.09900e+03	9.67071e-01	8.85515e-01	9.95711e-01	9.95207e-01	9.99203e-01	1.09379e+00
1.09950e+03	9.69712e-01	8.87045e-01	9.95978e-01	9.95473e-01	9.99243e-01	1.09386e+00
1.10000e+03	9.72116e-01	8.88437e-01	9.96226e-01	9.95721e-01	9.99280e-01	1.09392e+00
1.10050e+03	9.74305e-01	8.89707e-01	9.96457e-01	9.95952e-01	9.99315e-01	1.09398e+00
1.10100e+03	9.76299e-01	8.90866e-01	9.96671e-01	9.96166e-01	9.99348e-01	1.09403e+00
1.10150e+03	9.78119e-01	8.91925e-01	9.96870e-01	9.96365e-01	9.99380e-01	1.09408e+00
1.10200e+03	9.79781e-01	8.92893e-01	9.97056e-01	9.96551e-01	9.99409e-01	1.09413e+00
1.10250e+03	9.81300e-01	8.93779e-01	9.97228e-01	9.96723e-01	9.99437e-01	1.09418e+00
1.10300e+03	9.82689e-01	8.94590e-01	9.97389e-01	9.96884e-01	9.99464e-01	1.09422e+00
1.10350e+03	9.83961e-01	8.95334e-01	9.97540e-01	9.97035e-01	9.99488e-01	1.09426e+00
1.10400e+03	9.85127e-01	8.96018e-01	9.97680e-01	9.97175e-01	9.99512e-01	1.09430e+00
1.10450e+03	9.86197e-01	8.96645e-01	9.97811e-01	9.97306e-01	9.99534e-01	1.09434e+00
1.10500e+03	9.87178e-01	8.97221e-01	9.97933e-01	9.97427e-01	9.99555e-01	1.09437e+00
1.10550e+03	9.88081e-01	8.97752e-01	9.98048e-01	9.97542e-01	9.99575e-01	1.09441e+00
1.10600e+03	9.88910e-01	8.98241e-01	9.98155e-01	9.97649e-01	9.99594e-01	1.09444e+00
1.10650e+03	9.89674e-01	8.98692e-01	9.98255e-01	9.97749e-01	9.99612e-01	1.09447e+00
1.10700e+03	9.90378e-01	8.99107e-01	9.98349e-01	9.97843e-01	9.99629e-01	1.09450e+00
1.10750e+03	9.91026e-01	8.99491e-01	9.98438e-01	9.97932e-01	9.99645e-01	1.09452e+00
1.10800e+03	9.91625e-01	8.99845e-01	9.98520e-01	9.98014e-01	9.99660e-01	1.09455e+00
1.10850e+03	9.92178e-01	9.00174e-01	9.98598e-01	9.98092e-01	9.99675e-01	1.09457e+00
1.10900e+03	9.92689e-01	9.00477e-01	9.98671e-01	9.98165e-01	9.99689e-01	1.09460e+00
1.10950e+03	9.93162e-01	9.00758e-01	9.98739e-01	9.98233e-01	9.99702e-01	5.95143e-01
1.11000e+03	9.93599e-01	9.01019e-01	9.98803e-01	9.98297e-01	9.99714e-01	5.75931e-01
1.11050e+03	9.94005e-01	9.01261e-01	9.98864e-01	9.98358e-01	9.99726e-01	5.56091e-01
1.11100e+03	9.94381e-01	9.01485e-01	9.98921e-01	9.98415e-01	9.99737e-01	5.35656e-01
1.11150e+03	9.94729e-01	9.01694e-01	9.98974e-01	9.98468e-01	9.99748e-01	5.14666e-01
1.11200e+03	9.95053e-01	9.01888e-01	9.99025e-01	9.98519e-01	9.99758e-01	4.93171e-01
1.11250e+03	9.95354e-01	9.02068e-01	9.99072e-01	9.98566e-01	9.99768e-01	4.71225e-01
1.11300e+03	9.95634e-01	9.02236e-01	9.99117e-01	9.98611e-01	9.99777e-01	4.48898e-01
1.11350e+03	9.95894e-01	9.02392e-01	9.99159e-01	9.98653e-01	9.99786e-01	4.26262e-01
1.11400e+03	9.96137e-01	9.02537e-01	9.99199e-01	9.98693e-01	9.99794e-01	4.03403e-01
1.11450e+03	9.96362e-01	9.02674e-01	9.99237e-01	9.98731e-01	9.99802e-01	3.80413e-01
1.11500e+03	9.96573e-01	9.02801e-01	9.99273e-01	9.98767e-01	9.99810e-01	3.57387e-01
1.11550e+03	9.96770e-01	9.02919e-01	9.99306e-01	9.98800e-01	9.99817e-01	3.34433e-01
1.11600e+03	9.96953e-01	9.03030e-01	9.99338e-01	9.98832e-01	9.99824e-01	3.11658e-01
1.11650e+03	9.97124e-01	9.03134e-01	9.99368e-01	9.98862e-01	9.99830e-01	2.89171e-01
1.11700e+03	9.97285e-01	9.03231e-01	9.99397e-01	9.98891e-01	9.99837e-01	2.67086e-01
1.11750e+03	9.97435e-01	9.03321e-01	9.99424e-01	9.98918e-01	9.99843e-01	2.45513e-01
1.11800e+03	9.97575e-01	9.03406e-01	9.99449e-01	9.98943e-01	9.99848e-01	2.24555e-01
1.11850e+03	9.97706e-01	9.03487e-01	9.99474e-01	9.98968e-01	9.99854e-01	2.04314e-01
1.11900e+03	9.97829e-01	9.03561e-01	9.99497e-01	9.98991e-01	9.99859e-01	1.84882e-01
1.11950e+03	9.97945e-01	9.03631e-01	9.99518e-01	9.99012e-01	9.99864e-01	1.66342e-01
1.12000e+03	9.98053e-01	9.03697e-01	9.99539e-01	9.99033e-01	9.99869e-01	1.48764e-01
