800.000000  -8.320489e-23
800.200000  -9.081133e-23
800.400000  -8.261330e-23
800.600000  -7.409009e-23
800.800000  -7.873096e-23
801.000000  -7.916821e-23
801.200000  -6.207781e-23
801.400000  -6.692520e-23
801.600000  -7.787419e-23
801.800000  -6.963240e-23
802.000000  -5.595825e-23
802.200000  -6.338794e-23
802.400000  -6.896807e-23
802.600000  -6.212502e-23
802.800000  -6.147968e-23
803.000000  -6.932842e-23
803.200000  -6.871681e-23
803.400000  -6.485961e-23
803.600000  -6.870019e-23
803.800000  -7.330492e-23
804.000000  -7.270309e-23
804.200000  -6.481679e-23
804.400000  -6.648511e-23
804.600000  -7.262326e-23
804.800000  -6.129761e-23
805.000000  -6.349208e-23
805.200000  -7.074344e-23
805.400000  -7.240917e-23
805.600000  -6.301400e-23
805.800000  -6.959967e-23
806.000000  -7.991237e-23
806.200000  -7.208978e-23
806.400000  -6.253566e-23
806.600000  -6.416519e-23
806.800000  -7.157368e-23
807.000000  -6.384779e-23
807.200000  -6.710502e-23
807.400000  -7.279087e-23
807.600000  -7.591192e-23
807.800000  -6.329803e-23
808.000000  -6.923578e-23
808.200000  -7.560197e-23
808.400000  -6.680036e-23
808.600000  -6.119063e-23
808.800000  -6.444214e-23
809.000000  -6.668809e-23
809.200000  -5.863534e-23
809.400000  -6.022782e-23
809.600000  -7.032339e-23
809.800000  -7.109755e-23
810.000000  -6.441928e-23
810.200000  -6.931305e-23
810.400000  -7.963281e-23
810.600000  -7.119716e-23
810.800000  -5.709777e-23
811.000000  -4.962312e-23
811.200000  -4.737852e-23
811.400000  -3.751744e-23
811.600000  -4.250668e-23
811.800000  -5.411471e-23
812.000000  -5.882372e-23
812.200000  -5.030877e-23
812.400000  -5.393484e-23
812.600000  -5.819565e-23
812.800000  -4.770308e-23
813.000000  -4.478778e-23
813.200000  -4.978562e-23
813.400000  -5.332508e-23
813.600000  -4.531002e-23
813.800000  -4.817746e-23
814.000000  -5.458163e-23
814.200000  -5.520923e-23
814.400000  -5.160026e-23
814.600000  -6.039794e-23
814.800000  -6.659208e-23
815.000000  -5.704057e-23
815.200000  -5.467321e-23
815.400000  -6.100671e-23
815.600000  -6.476242e-23
815.800000  -5.632038e-23
816.000000  -4.930104e-23
816.200000  -5.021420e-23
816.400000  -5.057319e-23
816.600000  -5.113946e-23
816.800000  -5.592356e-23
817.000000  -6.447072e-23
817.200000  -5.746762e-23
817.400000  -5.033801e-23
817.600000  -5.480755e-23
817.800000  -5.241576e-23
818.000000  -4.195258e-23
818.200000  -4.487533e-23
818.400000  -5.803749e-23
818.600000  -5.525255e-23
818.800000  -5.326009e-23
819.000000  -5.476930e-23
819.200000  -5.896840e-23
819.400000  -4.819634e-23
819.600000  -4.525328e-23
819.800000  -6.077780e-23
820.000000  -6.269383e-23
820.200000  -5.505856e-23
820.400000  -5.438619e-23
820.600000  -5.933643e-23
820.800000  -5.846848e-23
821.000000  -5.280249e-23
821.200000  -5.167922e-23
821.400000  -5.702612e-23
821.600000  -4.609624e-23
821.800000  -4.188832e-23
822.000000  -4.518036e-23
822.200000  -4.573052e-23
822.400000  -3.878249e-23
822.600000  -3.601775e-23
822.800000  -3.911564e-23
823.000000  -3.451419e-23
823.200000  -3.392934e-23
823.400000  -4.587324e-23
823.600000  -5.049845e-23
823.800000  -4.310138e-23
824.000000  -4.519990e-23
824.200000  -5.789228e-23
824.400000  -5.700593e-23
824.600000  -4.766923e-23
824.800000  -4.826803e-23
825.000000  -5.629113e-23
825.200000  -4.733656e-23
825.400000  -4.081984e-23
825.600000  -4.445000e-23
825.800000  -4.908224e-23
826.000000  -4.593744e-23
826.200000  -4.106030e-23
826.400000  -4.534769e-23
826.600000  -3.544343e-23
826.800000  -3.047604e-23
827.000000  -3.692988e-23
827.200000  -4.088810e-23
827.400000  -3.598662e-23
827.600000  -3.715039e-23
827.800000  -4.522961e-23
828.000000  -4.298129e-23
828.200000  -2.917223e-23
828.400000  -2.932197e-23
828.600000  -3.747920e-23
828.800000  -3.453487e-23
829.000000  -2.044213e-23
829.200000  -2.356192e-23
829.400000  -2.897610e-23
829.600000  -1.596745e-23
829.800000  -1.381426e-23
830.000000  -1.584156e-23
830.200000  -2.070533e-23
830.400000  -1.629165e-23
830.600000  -1.792894e-23
830.800000  -3.427147e-23
831.000000  -3.338353e-23
831.200000  -3.051173e-23
831.400000  -3.844392e-23
831.600000  -3.820233e-23
831.800000  -3.111807e-23
832.000000  -2.975580e-23
832.200000  -3.318109e-23
832.400000  -3.260861e-23
832.600000  -2.877307e-23
832.800000  -2.931177e-23
833.000000  -3.654281e-23
833.200000  -3.141035e-23
833.400000  -1.973327e-23
833.600000  -2.248099e-23
833.800000  -2.826404e-23
834.000000  -2.004044e-23
834.200000  -2.077848e-23
834.400000  -2.864330e-23
834.600000  -3.254293e-23
834.800000  -1.937494e-23
835.000000  -2.272171e-23
835.200000  -2.420061e-23
835.400000  -1.932853e-23
835.600000  -9.170594e-24
835.800000  -1.740342e-23
836.000000  -2.300305e-23
836.200000  -1.792511e-23
836.400000  -1.737477e-23
836.600000  -2.466342e-23
836.800000  -3.067975e-23
837.000000  -2.367977e-23
837.200000  -2.716635e-23
837.400000  -2.990608e-23
837.600000  -2.677672e-23
837.800000  -1.309489e-23
838.000000  -1.709464e-23
838.200000  -2.021949e-23
838.400000  -1.433849e-23
838.600000  -1.192999e-23
838.800000  -1.672127e-23
839.000000  -1.075289e-23
839.200000  -6.209148e-24
839.400000  -5.412049e-24
839.600000  -9.516852e-24
839.800000  -7.831301e-24
840.000000  3.254474e-24
840.200000  1.546964e-24
840.400000  4.687936e-24
840.600000  2.149609e-23
840.800000  1.815250e-23
841.000000  4.291374e-24
841.200000  -1.053381e-24
841.400000  1.180426e-24
841.600000  -3.791109e-24
841.800000  -1.475062e-23
842.000000  -4.651994e-24
842.200000  2.041096e-24
842.400000  -1.007447e-23
842.600000  -9.732232e-24
842.800000  4.266632e-24
843.000000  5.573067e-24
843.200000  -1.151228e-24
843.400000  -2.044989e-24
843.600000  5.537741e-24
843.800000  -2.247402e-24
844.000000  -4.910840e-24
844.200000  8.899925e-24
844.400000  9.394400e-24
844.600000  9.630900e-25
844.800000  2.066582e-24
845.000000  1.590914e-23
845.200000  1.726877e-23
845.400000  1.912381e-23
845.600000  2.839348e-23
845.800000  3.418885e-23
846.000000  2.885335e-23
846.200000  1.915038e-23
846.400000  2.759092e-23
846.600000  2.642986e-23
846.800000  1.519002e-23
847.000000  1.244625e-23
847.200000  1.668558e-23
847.400000  1.084780e-23
847.600000  4.580409e-24
847.800000  5.211919e-24
848.000000  1.043729e-23
848.200000  7.323887e-24
848.400000  4.927165e-24
848.600000  2.066053e-23
848.800000  2.778198e-23
849.000000  2.973534e-23
849.200000  3.544646e-23
849.400000  5.420817e-23
849.600000  5.653824e-23
849.800000  4.702723e-23
850.000000  5.226381e-23
850.200000  6.186900e-23
850.400000  5.470044e-23
850.600000  4.860935e-23
850.800000  5.686820e-23
851.000000  5.561011e-23
851.200000  4.564259e-23
851.400000  4.568926e-23
851.600000  5.112113e-23
851.800000  4.560193e-23
852.000000  4.070792e-23
852.200000  4.240430e-23
852.400000  4.862623e-23
852.600000  4.070465e-23
852.800000  3.874370e-23
853.000000  5.512394e-23
853.200000  6.419684e-23
853.400000  6.029214e-23
853.600000  5.937492e-23
853.800000  6.692768e-23
854.000000  7.104196e-23
854.200000  5.544653e-23
854.400000  6.820672e-23
854.600000  7.084979e-23
854.800000  6.890805e-23
855.000000  7.568356e-23
855.200000  8.815992e-23
855.400000  9.470447e-23
855.600000  9.411787e-23
855.800000  1.006753e-22
856.000000  1.115456e-22
856.200000  1.049909e-22
856.400000  9.655370e-23
856.600000  1.076819e-22
856.800000  1.058775e-22
857.000000  1.005612e-22
857.200000  9.763884e-23
857.400000  1.083658e-22
857.600000  1.111323e-22
857.800000  1.044221e-22
858.000000  1.038692e-22
858.200000  1.112354e-22
858.400000  1.090225e-22
858.600000  1.064784e-22
858.800000  1.216097e-22
859.000000  1.365230e-22
859.200000  1.338344e-22
859.400000  1.283713e-22
859.600000  1.337487e-22
859.800000  1.197962e-22
860.000000  1.150591e-22
860.200000  1.190129e-22
860.400000  1.354675e-22
860.600000  1.342366e-22
860.800000  1.295175e-22
861.000000  1.456523e-22
861.200000  1.537568e-22
861.400000  1.557103e-22
861.600000  1.604147e-22
861.800000  1.721417e-22
862.000000  1.649790e-22
862.200000  1.520728e-22
862.400000  1.538757e-22
862.600000  1.710242e-22
862.800000  1.732317e-22
863.000000  1.762167e-22
863.200000  1.886583e-22
863.400000  1.919346e-22
863.600000  1.863124e-22
863.800000  1.816501e-22
864.000000  1.951552e-22
864.200000  1.957989e-22
864.400000  2.012817e-22
864.600000  2.138566e-22
864.800000  2.163807e-22
865.000000  2.102367e-22
865.200000  2.078156e-22
865.400000  2.196997e-22
865.600000  2.249599e-22
865.800000  2.208963e-22
866.000000  2.254471e-22
866.200000  2.404281e-22
866.400000  2.442044e-22
866.600000  2.442638e-22
866.800000  2.536933e-22
867.000000  2.575529e-22
867.200000  2.527093e-22
867.400000  2.479008e-22
867.600000  2.620562e-22
867.800000  2.669087e-22
868.000000  2.677665e-22
868.200000  2.742354e-22
868.400000  2.833422e-22
868.600000  2.828732e-22
868.800000  2.832766e-22
869.000000  3.012759e-22
869.200000  3.028240e-22
869.400000  3.032416e-22
869.600000  3.028599e-22
869.800000  3.177648e-22
870.000000  3.267208e-22
870.200000  3.248027e-22
870.400000  3.318045e-22
870.600000  3.479379e-22
870.800000  3.467356e-22
871.000000  3.508605e-22
871.200000  3.612002e-22
871.400000  3.703358e-22
871.600000  3.665378e-22
871.800000  3.617730e-22
872.000000  3.776994e-22
872.200000  3.839832e-22
872.400000  3.857905e-22
872.600000  3.951766e-22
872.800000  4.104606e-22
873.000000  4.159240e-22
873.200000  4.142643e-22
873.400000  4.197690e-22
873.600000  4.268260e-22
873.800000  4.283810e-22
874.000000  4.312504e-22
874.200000  4.512054e-22
874.400000  4.649886e-22
874.600000  4.730296e-22
874.800000  4.889540e-22
875.000000  5.020582e-22
875.200000  5.007664e-22
875.400000  5.051436e-22
875.600000  5.151477e-22
875.800000  5.259337e-22
876.000000  5.324498e-22
876.200000  5.406406e-22
876.400000  5.582852e-22
876.600000  5.620666e-22
876.800000  5.592731e-22
877.000000  5.679777e-22
877.200000  5.882749e-22
877.400000  5.961348e-22
877.600000  6.022188e-22
877.800000  6.164483e-22
878.000000  6.268127e-22
878.200000  6.244804e-22
878.400000  6.366181e-22
878.600000  6.579654e-22
878.800000  6.612215e-22
879.000000  6.573138e-22
879.200000  6.668455e-22
879.400000  6.891903e-22
879.600000  7.019587e-22
879.800000  7.141243e-22
880.000000  7.408391e-22
880.200000  7.596055e-22
880.400000  7.621817e-22
880.600000  7.700467e-22
880.800000  7.787507e-22
881.000000  7.887912e-22
881.200000  7.888910e-22
881.400000  8.032302e-22
881.600000  8.190902e-22
881.800000  8.296807e-22
882.000000  8.454263e-22
882.200000  8.652623e-22
882.400000  8.773532e-22
882.600000  8.834324e-22
882.800000  9.040628e-22
883.000000  9.274870e-22
883.200000  9.371707e-22
883.400000  9.361227e-22
883.600000  9.559553e-22
883.800000  9.768175e-22
884.000000  9.799398e-22
884.200000  9.866296e-22
884.400000  1.005104e-21
884.600000  1.020499e-21
884.800000  1.031799e-21
885.000000  1.045885e-21
885.200000  1.070345e-21
885.400000  1.081956e-21
885.600000  1.094565e-21
885.800000  1.117930e-21
886.000000  1.138512e-21
886.200000  1.147946e-21
886.400000  1.160219e-21
886.600000  1.183552e-21
886.800000  1.195081e-21
887.000000  1.201505e-21
887.200000  1.217445e-21
887.400000  1.240869e-21
887.600000  1.249828e-21
887.800000  1.260560e-21
888.000000  1.286006e-21
888.200000  1.301721e-21
888.400000  1.311954e-21
888.600000  1.321779e-21
888.800000  1.350960e-21
889.000000  1.366843e-21
889.200000  1.379613e-21
889.400000  1.402313e-21
889.600000  1.420845e-21
889.800000  1.430526e-21
890.000000  1.436661e-21
890.200000  1.460727e-21
890.400000  1.482064e-21
890.600000  1.493283e-21
890.800000  1.509693e-21
891.000000  1.536021e-21
891.200000  1.546510e-21
891.400000  1.562627e-21
891.600000  1.586812e-21
891.800000  1.617373e-21
892.000000  1.622627e-21
892.200000  1.635516e-21
892.400000  1.667593e-21
892.600000  1.687343e-21
892.800000  1.702162e-21
893.000000  1.724270e-21
893.200000  1.750686e-21
893.400000  1.767695e-21
893.600000  1.777308e-21
893.800000  1.800377e-21
894.000000  1.824462e-21
894.200000  1.829854e-21
894.400000  1.841305e-21
894.600000  1.865986e-21
894.800000  1.879703e-21
895.000000  1.890528e-21
895.200000  1.907208e-21
895.400000  1.939868e-21
895.600000  1.956575e-21
895.800000  1.973889e-21
896.000000  2.002040e-21
896.200000  2.031967e-21
896.400000  2.042169e-21
896.600000  2.061844e-21
896.800000  2.088079e-21
897.000000  2.104009e-21
897.200000  2.120557e-21
897.400000  2.140536e-21
897.600000  2.169409e-21
897.800000  2.182405e-21
898.000000  2.181978e-21
898.200000  2.206592e-21
898.400000  2.231380e-21
898.600000  2.247566e-21
898.800000  2.266226e-21
899.000000  2.293216e-21
899.200000  2.308266e-21
899.400000  2.320227e-21
899.600000  2.332362e-21
899.800000  2.357712e-21
900.000000  2.373654e-21
900.200000  2.389893e-21
900.400000  2.421668e-21
900.600000  2.441272e-21
900.800000  2.452706e-21
901.000000  2.464527e-21
901.200000  2.488401e-21
901.400000  2.513171e-21
901.600000  2.527296e-21
901.800000  2.557096e-21
902.000000  2.578435e-21
902.200000  2.595147e-21
902.400000  2.609020e-21
902.600000  2.641963e-21
902.800000  2.661300e-21
903.000000  2.670468e-21
903.200000  2.686893e-21
903.400000  2.707144e-21
903.600000  2.725851e-21
903.800000  2.738008e-21
904.000000  2.758702e-21
904.200000  2.789026e-21
904.400000  2.806623e-21
904.600000  2.816904e-21
904.800000  2.837258e-21
905.000000  2.859272e-21
905.200000  2.870943e-21
905.400000  2.883121e-21
905.600000  2.901897e-21
905.800000  2.911814e-21
906.000000  2.918333e-21
906.200000  2.924127e-21
906.400000  2.940060e-21
906.600000  2.962464e-21
906.800000  2.970092e-21
907.000000  2.981295e-21
907.200000  3.004284e-21
907.400000  3.015313e-21
907.600000  3.020733e-21
907.800000  3.032681e-21
908.000000  3.057748e-21
908.200000  3.077838e-21
908.400000  3.085333e-21
908.600000  3.114903e-21
908.800000  3.140493e-21
909.000000  3.137050e-21
909.200000  3.149907e-21
909.400000  3.164447e-21
909.600000  3.169409e-21
909.800000  3.168026e-21
910.000000  3.174711e-21
910.200000  3.193262e-21
910.400000  3.191493e-21
910.600000  3.194228e-21
910.800000  3.208092e-21
911.000000  3.213833e-21
911.200000  3.216581e-21
911.400000  3.212949e-21
911.600000  3.222117e-21
911.800000  3.232803e-21
912.000000  3.220564e-21
912.200000  3.238788e-21
912.400000  3.253227e-21
912.600000  3.252091e-21
912.800000  3.251151e-21
913.000000  3.267891e-21
913.200000  3.279522e-21
913.400000  3.278378e-21
913.600000  3.285578e-21
913.800000  3.299573e-21
914.000000  3.309076e-21
914.200000  3.300770e-21
914.400000  3.301032e-21
914.600000  3.317657e-21
914.800000  3.309332e-21
915.000000  3.299740e-21
915.200000  3.318730e-21
915.400000  3.321853e-21
915.600000  3.315090e-21
915.800000  3.308986e-21
916.000000  3.313375e-21
916.200000  3.306949e-21
916.400000  3.301770e-21
916.600000  3.318297e-21
916.800000  3.334957e-21
917.000000  3.337596e-21
917.200000  3.334008e-21
917.400000  3.340090e-21
917.600000  3.355997e-21
917.800000  3.345994e-21
918.000000  3.355597e-21
918.200000  3.363429e-21
918.400000  3.352935e-21
918.600000  3.340448e-21
918.800000  3.337385e-21
919.000000  3.351977e-21
919.200000  3.346180e-21
919.400000  3.335337e-21
919.600000  3.342945e-21
919.800000  3.354361e-21
920.000000  3.348284e-21
920.200000  3.345024e-21
920.400000  3.354594e-21
920.600000  3.356148e-21
920.800000  3.352875e-21
921.000000  3.357316e-21
921.200000  3.378272e-21
921.400000  3.344349e-21
921.600000  3.333792e-21
921.800000  3.340334e-21
922.000000  3.343463e-21
922.200000  3.338924e-21
922.400000  3.341310e-21
922.600000  3.341440e-21
922.800000  3.346830e-21
923.000000  3.339357e-21
923.200000  3.351879e-21
923.400000  3.356435e-21
923.600000  3.337176e-21
923.800000  3.334210e-21
924.000000  3.339090e-21
924.200000  3.341593e-21
924.400000  3.330888e-21
924.600000  3.333811e-21
924.800000  3.340310e-21
925.000000  3.326280e-21
925.200000  3.314450e-21
925.400000  3.318598e-21
925.600000  3.327716e-21
925.800000  3.323728e-21
926.000000  3.320163e-21
926.200000  3.321544e-21
926.400000  3.320322e-21
926.600000  3.312094e-21
926.800000  3.323029e-21
927.000000  3.332192e-21
927.200000  3.315601e-21
927.400000  3.307612e-21
927.600000  3.314018e-21
927.800000  3.316604e-21
928.000000  3.304815e-21
928.200000  3.310513e-21
928.400000  3.314962e-21
928.600000  3.309750e-21
928.800000  3.297773e-21
929.000000  3.302948e-21
929.200000  3.312738e-21
929.400000  3.296175e-21
929.600000  3.282775e-21
929.800000  3.279679e-21
930.000000  3.281578e-21
930.200000  3.267899e-21
930.400000  3.260273e-21
930.600000  3.269404e-21
930.800000  3.265763e-21
931.000000  3.254077e-21
931.200000  3.260698e-21
931.400000  3.266866e-21
931.600000  3.258547e-21
931.800000  3.250636e-21
932.000000  3.260860e-21
932.200000  3.263592e-21
932.400000  3.251267e-21
932.600000  3.252718e-21
932.800000  3.258809e-21
933.000000  3.244331e-21
933.200000  3.220461e-21
933.400000  3.220695e-21
933.600000  3.224008e-21
933.800000  3.214384e-21
934.000000  3.205823e-21
934.200000  3.210702e-21
934.400000  3.205435e-21
934.600000  3.190845e-21
934.800000  3.183447e-21
935.000000  3.192888e-21
935.200000  3.186759e-21
935.400000  3.173996e-21
935.600000  3.181743e-21
935.800000  3.180964e-21
936.000000  3.162852e-21
936.200000  3.158775e-21
936.400000  3.164246e-21
936.600000  3.157104e-21
936.800000  3.142082e-21
937.000000  3.136391e-21
937.200000  3.140003e-21
937.400000  3.131464e-21
937.600000  3.118721e-21
937.800000  3.123126e-21
938.000000  3.134079e-21
938.200000  3.112047e-21
938.400000  3.103773e-21
938.600000  3.110327e-21
938.800000  3.101528e-21
939.000000  3.076514e-21
939.200000  3.077308e-21
939.400000  3.075784e-21
939.600000  3.059493e-21
939.800000  3.048145e-21
940.000000  3.057319e-21
940.200000  3.051411e-21
940.400000  3.032766e-21
940.600000  3.027343e-21
940.800000  3.025055e-21
941.000000  3.012617e-21
941.200000  2.990595e-21
941.400000  2.990117e-21
941.600000  2.985521e-21
941.800000  2.961347e-21
942.000000  2.944970e-21
942.200000  2.947360e-21
942.400000  2.948258e-21
942.600000  2.926903e-21
942.800000  2.914414e-21
943.000000  2.905259e-21
943.200000  2.894301e-21
943.400000  2.886733e-21
943.600000  2.887770e-21
943.800000  2.877592e-21
944.000000  2.868507e-21
944.200000  2.865805e-21
944.400000  2.856651e-21
944.600000  2.835216e-21
944.800000  2.822715e-21
945.000000  2.825273e-21
945.200000  2.813782e-21
945.400000  2.800044e-21
945.600000  2.795233e-21
945.800000  2.786009e-21
946.000000  2.770757e-21
946.200000  2.754031e-21
946.400000  2.748321e-21
946.600000  2.740197e-21
946.800000  2.719397e-21
947.000000  2.709791e-21
947.200000  2.707523e-21
947.400000  2.699247e-21
947.600000  2.682556e-21
947.800000  2.683657e-21
948.000000  2.681803e-21
948.200000  2.661405e-21
948.400000  2.643444e-21
948.600000  2.645813e-21
948.800000  2.647725e-21
949.000000  2.622666e-21
949.200000  2.610625e-21
949.400000  2.611991e-21
949.600000  2.595440e-21
949.800000  2.584121e-21
950.000000  2.578756e-21
950.200000  2.575840e-21
950.400000  2.567509e-21
950.600000  2.553260e-21
950.800000  2.552179e-21
951.000000  2.541432e-21
951.200000  2.524087e-21
951.400000  2.523940e-21
951.600000  2.526607e-21
951.800000  2.514710e-21
952.000000  2.500333e-21
952.200000  2.501129e-21
952.400000  2.499036e-21
952.600000  2.496987e-21
952.800000  2.485483e-21
953.000000  2.484812e-21
953.200000  2.470038e-21
953.400000  2.449883e-21
953.600000  2.438960e-21
953.800000  2.445452e-21
954.000000  2.441703e-21
954.200000  2.437239e-21
954.400000  2.442438e-21
954.600000  2.447327e-21
954.800000  2.434328e-21
955.000000  2.429587e-21
955.200000  2.426297e-21
955.400000  2.415954e-21
955.600000  2.404678e-21
955.800000  2.406794e-21
956.000000  2.413353e-21
956.200000  2.409209e-21
956.400000  2.411558e-21
956.600000  2.420278e-21
956.800000  2.430732e-21
957.000000  2.426129e-21
957.200000  2.418669e-21
957.400000  2.420495e-21
957.600000  2.415232e-21
957.800000  2.410197e-21
958.000000  2.412087e-21
958.200000  2.420973e-21
958.400000  2.425412e-21
958.600000  2.428859e-21
958.800000  2.431821e-21
959.000000  2.432552e-21
959.200000  2.417919e-21
959.400000  2.419118e-21
959.600000  2.413920e-21
959.800000  2.408294e-21
960.000000  2.411586e-21
960.200000  2.426127e-21
960.400000  2.436992e-21
960.600000  2.438138e-21
960.800000  2.435310e-21
961.000000  2.443021e-21
961.200000  2.444275e-21
961.400000  2.439151e-21
961.600000  2.442232e-21
961.800000  2.455024e-21
962.000000  2.458949e-21
962.200000  2.456519e-21
962.400000  2.461645e-21
962.600000  2.467808e-21
962.800000  2.473915e-21
963.000000  2.471746e-21
963.200000  2.483496e-21
963.400000  2.489926e-21
963.600000  2.486253e-21
963.800000  2.490444e-21
964.000000  2.509404e-21
964.200000  2.515654e-21
964.400000  2.524265e-21
964.600000  2.539491e-21
964.800000  2.550632e-21
965.000000  2.549043e-21
965.200000  2.558452e-21
965.400000  2.581553e-21
965.600000  2.580900e-21
965.800000  2.583873e-21
966.000000  2.594949e-21
966.200000  2.610933e-21
966.400000  2.603982e-21
966.600000  2.607911e-21
966.800000  2.623251e-21
967.000000  2.636308e-21
967.200000  2.639711e-21
967.400000  2.660276e-21
967.600000  2.679209e-21
967.800000  2.693263e-21
968.000000  2.708880e-21
968.200000  2.731759e-21
968.400000  2.748704e-21
968.600000  2.766012e-21
968.800000  2.788860e-21
969.000000  2.823278e-21
969.200000  2.845616e-21
969.400000  2.872733e-21
969.600000  2.917331e-21
969.800000  2.973265e-21
970.000000  3.023036e-21
970.200000  3.085256e-21
970.400000  3.159072e-21
970.600000  3.243264e-21
970.800000  3.344321e-21
971.000000  3.470646e-21
971.200000  3.634105e-21
971.400000  3.819514e-21
971.600000  4.044310e-21
971.800000  4.281235e-21
972.000000  4.588078e-21
972.200000  4.961333e-21
972.400000  5.373557e-21
972.600000  5.865958e-21
972.800000  6.433199e-21
973.000000  7.066102e-21
973.200000  7.787192e-21
973.400000  8.479730e-21
973.600000  9.337772e-21
973.800000  1.006320e-20
974.000000  1.086159e-20
974.200000  1.146444e-20
974.400000  1.172148e-20
974.600000  1.236254e-20
974.800000  1.219683e-20
975.000000  1.218222e-20
975.200000  1.244861e-20
975.400000  1.237475e-20
975.600000  1.237735e-20
975.800000  1.257965e-20
976.000000  1.269349e-20
976.200000  1.275856e-20
976.400000  1.297449e-20
976.600000  1.235488e-20
976.800000  1.232009e-20
977.000000  1.233951e-20
977.200000  1.228517e-20
977.400000  1.231848e-20
977.600000  1.175604e-20
977.800000  1.217237e-20
978.000000  1.283676e-20
978.200000  1.215002e-20
978.400000  1.190500e-20
978.600000  1.156679e-20
978.800000  1.135828e-20
979.000000  1.124153e-20
979.200000  1.081103e-20
979.400000  1.040690e-20
979.600000  9.985823e-21
979.800000  9.519873e-21
980.000000  9.008340e-21
980.200000  8.563608e-21
980.400000  8.064204e-21
980.600000  7.565316e-21
980.800000  7.104537e-21
981.000000  6.691481e-21
981.200000  6.252622e-21
981.400000  5.860413e-21
981.600000  5.491024e-21
981.800000  5.165048e-21
982.000000  4.840752e-21
982.200000  4.558980e-21
982.400000  4.303085e-21
982.600000  4.065954e-21
982.800000  3.838130e-21
983.000000  3.628965e-21
983.200000  3.438060e-21
983.400000  3.284693e-21
983.600000  3.135134e-21
983.800000  2.980138e-21
984.000000  2.862478e-21
984.200000  2.760122e-21
984.400000  2.654596e-21
984.600000  2.548883e-21
984.800000  2.465113e-21
985.000000  2.392994e-21
985.200000  2.307489e-21
985.400000  2.239787e-21
985.600000  2.195822e-21
985.800000  2.149712e-21
986.000000  2.088343e-21
986.200000  2.035875e-21
986.400000  2.001013e-21
986.600000  1.950004e-21
986.800000  1.891185e-21
987.000000  1.857956e-21
987.200000  1.826380e-21
987.400000  1.782124e-21
987.600000  1.745265e-21
987.800000  1.728489e-21
988.000000  1.700735e-21
988.200000  1.659377e-21
988.400000  1.629938e-21
988.600000  1.616508e-21
988.800000  1.588418e-21
989.000000  1.566389e-21
989.200000  1.560763e-21
989.400000  1.553421e-21
989.600000  1.523380e-21
989.800000  1.497925e-21
990.000000  1.491380e-21
990.200000  1.474750e-21
990.400000  1.443754e-21
990.600000  1.434992e-21
990.800000  1.438924e-21
991.000000  1.421708e-21
991.200000  1.402807e-21
991.400000  1.405659e-21
991.600000  1.403131e-21
991.800000  1.378566e-21
992.000000  1.367611e-21
992.200000  1.367405e-21
992.400000  1.348509e-21
992.600000  1.322449e-21
992.800000  1.321197e-21
993.000000  1.325155e-21
993.200000  1.305027e-21
993.400000  1.283031e-21
993.600000  1.276146e-21
993.800000  1.262876e-21
994.000000  1.233102e-21
994.200000  1.214941e-21
994.400000  1.221321e-21
994.600000  1.214371e-21
994.800000  1.197510e-21
995.000000  1.201948e-21
995.200000  1.212641e-21
995.400000  1.203780e-21
995.600000  1.193392e-21
995.800000  1.199144e-21
996.000000  1.202403e-21
996.200000  1.184350e-21
996.400000  1.179483e-21
996.600000  1.178997e-21
996.800000  1.166434e-21
997.000000  1.150643e-21
997.200000  1.159600e-21
997.400000  1.169480e-21
997.600000  1.157957e-21
997.800000  1.141477e-21
998.000000  1.144074e-21
998.200000  1.139744e-21
998.400000  1.119111e-21
998.600000  1.121423e-21
998.800000  1.138961e-21
999.000000  1.130004e-21
999.200000  1.113616e-21
999.400000  1.113194e-21
999.600000  1.117567e-21
999.800000  1.095369e-21
1000.000000  1.113613e-21
1000.200000  1.115673e-21
1000.400000  1.116698e-21
1000.600000  1.094033e-21
1000.800000  1.087920e-21
1001.000000  1.098948e-21
1001.200000  1.092942e-21
1001.400000  1.076234e-21
1001.600000  1.079391e-21
1001.800000  1.082057e-21
1002.000000  1.061315e-21
1002.200000  1.052975e-21
1002.400000  1.067502e-21
1002.600000  1.070117e-21
1002.800000  1.052322e-21
1003.000000  1.047373e-21
1003.200000  1.054043e-21
1003.400000  1.037207e-21
1003.600000  1.016898e-21
1003.800000  1.013023e-21
1004.000000  1.012540e-21
1004.200000  9.943065e-22
1004.400000  9.946505e-22
1004.600000  1.010050e-21
1004.800000  1.007027e-21
1005.000000  9.837083e-22
1005.200000  9.835382e-22
1005.400000  9.916319e-22
1005.600000  9.792802e-22
1005.800000  9.657341e-22
1006.000000  9.715910e-22
1006.200000  9.701621e-22
1006.400000  9.471192e-22
1006.600000  9.373871e-22
1006.800000  9.501207e-22
1007.000000  9.504211e-22
1007.200000  9.324197e-22
1007.400000  9.335800e-22
1007.600000  9.385090e-22
1007.800000  9.230405e-22
1008.000000  9.084197e-22
1008.200000  9.132382e-22
1008.400000  9.184163e-22
1008.600000  8.958571e-22
1008.800000  8.905882e-22
1009.000000  9.022399e-22
1009.200000  8.924894e-22
1009.400000  8.749774e-22
1009.600000  8.779923e-22
1009.800000  8.901743e-22
1010.000000  8.710186e-22
1010.200000  8.492421e-22
1010.400000  8.477794e-22
1010.600000  8.513658e-22
1010.800000  8.298508e-22
1011.000000  8.261944e-22
1011.200000  8.397237e-22
1011.400000  8.279034e-22
1011.600000  8.105305e-22
1011.800000  8.189648e-22
1012.000000  8.284609e-22
1012.200000  8.092560e-22
1012.400000  7.964096e-22
1012.600000  7.994215e-22
1012.800000  7.951191e-22
1013.000000  7.808720e-22
1013.200000  7.849000e-22
1013.400000  7.899272e-22
1013.600000  7.763761e-22
1013.800000  7.555788e-22
1014.000000  7.626224e-22
1014.200000  7.657215e-22
1014.400000  7.397559e-22
1014.600000  7.197298e-22
1014.800000  7.197332e-22
1015.000000  7.224059e-22
1015.200000  7.073702e-22
1015.400000  7.079075e-22
1015.600000  7.153006e-22
1015.800000  7.032501e-22
1016.000000  6.846723e-22
1016.200000  6.860356e-22
1016.400000  6.913029e-22
1016.600000  6.771459e-22
1016.800000  6.717280e-22
1017.000000  6.802388e-22
1017.200000  6.788625e-22
1017.400000  6.550500e-22
1017.600000  6.534388e-22
1017.800000  6.632457e-22
1018.000000  6.536817e-22
1018.200000  6.330057e-22
1018.400000  6.365709e-22
1018.600000  6.391019e-22
1018.800000  6.166969e-22
1019.000000  6.084410e-22
1019.200000  6.169656e-22
1019.400000  6.140392e-22
1019.600000  5.957987e-22
1019.800000  5.968446e-22
1020.000000  6.050703e-22
1020.200000  5.828130e-22
1020.400000  5.616469e-22
1020.600000  5.648781e-22
1020.800000  5.671241e-22
1021.000000  5.462853e-22
1021.200000  5.359209e-22
1021.400000  5.386091e-22
1021.600000  5.233569e-22
1021.800000  5.024454e-22
1022.000000  5.036212e-22
1022.200000  5.183129e-22
1022.400000  4.983020e-22
1022.600000  4.857944e-22
1022.800000  4.961112e-22
1023.000000  5.101386e-22
1023.200000  4.952927e-22
1023.400000  4.917786e-22
1023.600000  4.957451e-22
1023.800000  4.897736e-22
1024.000000  4.699906e-22
1024.200000  4.852728e-22
1024.400000  4.923511e-22
1024.600000  4.753845e-22
1024.800000  4.610322e-22
1025.000000  4.693830e-22
1025.200000  4.638800e-22
1025.400000  4.424711e-22
1025.600000  4.390825e-22
1025.800000  4.453962e-22
1026.000000  4.350362e-22
1026.200000  4.175068e-22
1026.400000  4.207925e-22
1026.600000  4.268115e-22
1026.800000  4.051213e-22
1027.000000  3.835729e-22
1027.200000  3.892043e-22
1027.400000  3.904888e-22
1027.600000  3.772723e-22
1027.800000  3.768300e-22
1028.000000  3.937632e-22
1028.200000  3.841137e-22
1028.400000  3.650428e-22
1028.600000  3.596387e-22
1028.800000  3.560110e-22
1029.000000  3.385005e-22
1029.200000  3.270614e-22
1029.400000  3.352917e-22
1029.600000  3.387894e-22
1029.800000  3.195081e-22
1030.000000  3.203619e-22
1030.200000  3.316757e-22
1030.400000  3.220094e-22
1030.600000  3.127291e-22
1030.800000  3.229899e-22
1031.000000  3.353219e-22
1031.200000  3.101301e-22
1031.400000  2.909373e-22
1031.600000  2.982660e-22
1031.800000  2.823388e-22
1032.000000  2.751338e-22
1032.200000  2.790751e-22
1032.400000  2.907238e-22
1032.600000  2.857546e-22
1032.800000  2.578334e-22
1033.000000  2.625935e-22
1033.200000  2.672677e-22
1033.400000  2.513125e-22
1033.600000  2.470177e-22
1033.800000  2.569692e-22
1034.000000  2.420356e-22
1034.200000  2.283043e-22
1034.400000  2.314587e-22
1034.600000  2.451841e-22
1034.800000  2.305304e-22
1035.000000  2.135042e-22
1035.200000  2.164393e-22
1035.400000  2.295392e-22
1035.600000  2.090666e-22
1035.800000  2.006801e-22
1036.000000  2.169545e-22
1036.200000  2.122284e-22
1036.400000  1.994895e-22
1036.600000  2.042206e-22
1036.800000  2.168199e-22
1037.000000  2.011631e-22
1037.200000  1.853223e-22
1037.400000  1.955789e-22
1037.600000  1.997479e-22
1037.800000  1.741186e-22
1038.000000  1.684000e-22
1038.200000  1.813838e-22
1038.400000  1.704669e-22
1038.600000  1.500171e-22
1038.800000  1.587230e-22
1039.000000  1.673629e-22
1039.200000  1.533875e-22
1039.400000  1.444216e-22
1039.600000  1.618877e-22
1039.800000  1.618085e-22
1040.000000  1.409653e-22
1040.200000  1.347485e-22
1040.400000  1.472261e-22
1040.600000  1.382796e-22
1040.800000  1.209998e-22
1041.000000  1.286160e-22
1041.200000  1.375327e-22
1041.400000  1.259363e-22
1041.600000  1.170756e-22
1041.800000  1.256228e-22
1042.000000  1.267763e-22
1042.200000  1.086346e-22
1042.400000  1.122573e-22
1042.600000  1.333975e-22
1042.800000  1.218517e-22
1043.000000  1.059621e-22
1043.200000  1.038001e-22
1043.400000  1.056041e-22
1043.600000  9.034916e-23
1043.800000  8.231208e-23
1044.000000  9.411619e-23
1044.200000  9.918686e-23
1044.400000  7.749819e-23
1044.600000  9.438919e-23
1044.800000  1.132980e-22
1045.000000  1.119646e-22
1045.200000  9.973734e-23
1045.400000  1.049923e-22
1045.600000  1.133459e-22
1045.800000  9.915043e-23
1046.000000  8.854445e-23
1046.200000  9.423170e-23
1046.400000  8.926525e-23
1046.600000  7.323070e-23
1046.800000  8.068581e-23
1047.000000  9.316577e-23
1047.200000  8.599514e-23
1047.400000  6.920754e-23
1047.600000  7.921241e-23
1047.800000  9.081418e-23
1048.000000  7.774437e-23
1048.200000  7.354818e-23
1048.400000  7.938736e-23
1048.600000  7.199603e-23
1048.800000  4.983658e-23
1049.000000  5.222220e-23
1049.200000  6.813932e-23
1049.400000  5.893445e-23
1049.600000  4.130361e-23
1049.800000  5.160988e-23
1050.000000  5.107285e-23
1050.200000  4.791540e-23
1050.400000  5.595064e-23
1050.600000  5.866049e-23
1050.800000  4.737405e-23
1051.000000  3.108600e-23
1051.200000  3.875372e-23
1051.400000  4.626846e-23
1051.600000  3.747811e-23
1051.800000  3.539691e-23
1052.000000  5.004715e-23
1052.200000  5.021884e-23
1052.400000  4.046488e-23
1052.600000  3.987922e-23
1052.800000  5.010961e-23
1053.000000  4.963006e-23
1053.200000  4.788682e-23
1053.400000  5.360009e-23
1053.600000  5.093276e-23
1053.800000  3.394862e-23
1054.000000  3.065576e-23
1054.200000  4.200527e-23
1054.400000  3.948836e-23
1054.600000  3.126158e-23
1054.800000  3.234533e-23
1055.000000  3.995244e-23
1055.200000  4.151900e-23
1055.400000  3.873598e-23
1055.600000  4.176281e-23
1055.800000  4.257938e-23
1056.000000  3.350873e-23
1056.200000  3.507206e-23
1056.400000  4.527541e-23
1056.600000  4.221457e-23
1056.800000  2.979055e-23
1057.000000  2.682133e-23
1057.200000  3.996386e-23
1057.400000  4.125582e-23
1057.600000  3.689669e-23
1057.800000  3.794226e-23
1058.000000  3.537264e-23
1058.200000  3.379772e-23
1058.400000  3.458333e-23
1058.600000  3.153978e-23
1058.800000  2.559438e-23
1059.000000  1.186811e-23
1059.200000  1.617976e-23
1059.400000  2.539136e-23
1059.600000  1.937708e-23
1059.800000  8.890100e-24
1060.000000  1.712783e-23
1060.200000  2.255514e-23
1060.400000  2.196671e-23
1060.600000  2.219966e-23
1060.800000  3.468573e-23
1061.000000  2.278831e-23
1061.200000  1.612385e-23
1061.400000  2.983687e-23
1061.600000  3.662028e-23
1061.800000  2.643376e-23
1062.000000  1.864643e-23
1062.200000  1.851838e-23
1062.400000  1.351582e-23
1062.600000  1.027135e-23
1062.800000  3.437109e-24
1063.000000  1.182487e-23
1063.200000  3.155015e-24
1063.400000  3.932542e-25
1063.600000  1.128981e-23
1063.800000  1.909054e-23
1064.000000  1.226121e-23
1064.200000  1.025537e-23
1064.400000  1.771472e-23
1064.600000  1.636265e-23
1064.800000  1.099898e-23
1065.000000  1.488970e-23
1065.200000  2.108377e-23
1065.400000  1.060147e-23
1065.600000  1.080852e-23
1065.800000  2.670441e-23
1066.000000  3.336606e-23
1066.200000  2.746370e-23
1066.400000  1.990820e-23
1066.600000  2.451630e-23
1066.800000  2.052907e-23
1067.000000  8.692147e-24
1067.200000  6.217236e-24
1067.400000  4.724717e-24
1067.600000  -1.629199e-24
1067.800000  -1.098527e-23
1068.000000  -2.797314e-24
1068.200000  5.698897e-25
1068.400000  -4.089283e-24
1068.600000  -4.710396e-24
1068.800000  3.724452e-24
1069.000000  4.333223e-24
1069.200000  5.605961e-25
1069.400000  2.739622e-24
1069.600000  1.200560e-23
1069.800000  9.686769e-24
1070.000000  3.544039e-24
1070.200000  9.403385e-24
1070.400000  9.352848e-24
1070.600000  6.217819e-24
1070.800000  8.880151e-24
1071.000000  1.317480e-23
1071.200000  9.003100e-24
1071.400000  -1.337557e-24
1071.600000  5.137281e-24
1071.800000  1.243389e-23
1072.000000  4.210110e-24
1072.200000  -3.912685e-24
1072.400000  8.377875e-24
1072.600000  1.414715e-23
1072.800000  3.153568e-24
1073.000000  -1.641528e-25
1073.200000  4.670805e-24
1073.400000  5.649101e-24
1073.600000  -1.945935e-24
1073.800000  5.534111e-24
1074.000000  6.769873e-24
1074.200000  2.348968e-24
1074.400000  -7.524277e-24
1074.600000  -3.021948e-24
1074.800000  -7.041444e-24
1075.000000  -2.004329e-23
1075.200000  -2.678252e-23
1075.400000  -2.083320e-23
1075.600000  -1.794280e-23
1075.800000  -2.073333e-23
1076.000000  -1.409575e-23
1076.200000  -5.631443e-24
1076.400000  -1.084059e-23
1076.600000  -1.037590e-23
1076.800000  -7.418964e-24
1077.000000  -9.301676e-24
1077.200000  -1.511128e-23
1077.400000  -7.770602e-24
1077.600000  5.697622e-24
1077.800000  1.032143e-23
1078.000000  1.116788e-23
1078.200000  2.001163e-23
1078.400000  1.960471e-23
1078.600000  1.198584e-23
1078.800000  1.110165e-23
1079.000000  1.375058e-23
1079.200000  9.784049e-24
1079.400000  -4.880627e-24
1079.600000  7.621739e-25
1079.800000  9.834344e-24
1080.000000  1.164373e-23
1080.200000  1.689585e-24
1080.400000  2.996954e-24
1080.600000  4.924556e-24
1080.800000  -3.482948e-24
1081.000000  -3.719362e-24
1081.200000  8.513300e-24
1081.400000  6.490697e-24
1081.600000  6.329817e-26
1081.800000  -2.692878e-25
1082.000000  1.881614e-24
1082.200000  -1.131425e-23
1082.400000  -1.427119e-23
1082.600000  -3.197763e-25
1082.800000  2.268218e-24
1083.000000  -6.705715e-24
1083.200000  -1.174634e-23
1083.400000  -7.399822e-24
1083.600000  -9.930057e-24
1083.800000  -2.040265e-23
1084.000000  -8.338953e-24
1084.200000  -2.049584e-24
1084.400000  5.634544e-24
1084.600000  3.896832e-24
1084.800000  1.042810e-23
1085.000000  1.639705e-23
1085.200000  1.266598e-23
1085.400000  1.424721e-23
1085.600000  1.473150e-23
1085.800000  1.184779e-23
1086.000000  -8.996681e-25
1086.200000  -3.014411e-24
1086.400000  1.354122e-25
1086.600000  -1.258208e-23
1086.800000  -2.700306e-23
1087.000000  -2.144662e-23
1087.200000  -1.994076e-23
1087.400000  -2.284130e-23
1087.600000  -1.631212e-23
1087.800000  -4.528461e-24
1088.000000  -4.263693e-24
1088.200000  -1.361500e-23
1088.400000  -9.326687e-24
1088.600000  -1.994499e-24
1088.800000  -3.037389e-24
1089.000000  -2.107905e-24
1089.200000  6.777854e-24
1089.400000  1.017343e-23
1089.600000  -6.383030e-25
1089.800000  -7.785166e-24
1090.000000  3.277788e-24
1090.200000  4.203203e-24
1090.400000  2.552762e-24
1090.600000  9.098188e-24
1090.800000  3.823201e-24
1091.000000  -7.884892e-24
1091.200000  -9.569883e-24
1091.400000  7.580773e-24
1091.600000  6.859609e-24
1091.800000  -6.717884e-24
1092.000000  -9.257670e-24
1092.200000  -2.702341e-24
1092.400000  -4.525179e-24
1092.600000  -7.832284e-24
1092.800000  -1.749375e-27
1093.000000  4.419651e-24
1093.200000  -1.944627e-24
1093.400000  -5.820557e-24
1093.600000  1.768840e-24
1093.800000  6.226276e-24
1094.000000  -3.566573e-24
1094.200000  9.057539e-25
1094.400000  5.830886e-25
1094.600000  -8.852368e-24
1094.800000  -2.220130e-23
1095.000000  -1.467576e-23
1095.200000  -1.409608e-23
1095.400000  -2.275619e-23
1095.600000  -1.741734e-23
1095.800000  8.094212e-25
1096.000000  8.655993e-24
1096.200000  6.772849e-24
1096.400000  1.150002e-23
1096.600000  1.710813e-23
1096.800000  5.532815e-24
1097.000000  -7.255961e-24
1097.200000  -7.119689e-24
1097.400000  -1.355751e-24
1097.600000  -5.255530e-24
1097.800000  -4.522726e-24
1098.000000  1.510748e-24
1098.200000  2.729348e-24
1098.400000  -1.942326e-24
1098.600000  -3.019112e-24
1098.800000  -1.444455e-24
1099.000000  -1.296800e-23
1099.200000  -1.853308e-23
1099.400000  -1.534165e-23
1099.600000  -1.254215e-23
1099.800000  -1.709736e-23
1100.000000  -1.194224e-23
