800.000000  NaN
800.200000  NaN
800.400000  NaN
800.600000  1.923569e-032
800.800000  -1.284256e-031
801.000000  -4.224044e-032
801.200000  1.474704e-031
801.400000  7.398568e-032
801.600000  -1.334381e-031
801.800000  -2.491686e-032
802.000000  8.982040e-032
802.200000  -1.153536e-031
802.400000  -2.744037e-031
802.600000  -1.256051e-031
802.800000  -1.144055e-031
803.000000  -3.675252e-031
803.200000  -2.630953e-031
803.400000  -8.502530e-032
803.600000  -1.419315e-031
803.800000  -1.351747e-031
804.000000  -2.375878e-032
804.200000  1.003708e-031
804.400000  -1.833814e-032
804.600000  -6.049598e-032
804.800000  3.630240e-031
805.000000  2.950946e-031
805.200000  -2.183992e-031
805.400000  -4.916625e-031
805.600000  -3.150657e-031
805.800000  -2.568110e-031
806.000000  -3.636894e-031
806.200000  -3.406438e-032
806.400000  1.784327e-031
806.600000  -1.699549e-033
806.800000  -8.385968e-032
807.000000  2.299145e-031
807.200000  1.947434e-031
807.400000  -1.446658e-031
807.600000  -1.433620e-031
807.800000  2.802666e-032
808.000000  -2.676485e-031
808.200000  -7.104864e-031
808.400000  -3.790444e-031
808.600000  -2.905121e-031
808.800000  -5.213793e-031
809.000000  -3.133120e-031
809.200000  7.049318e-032
809.400000  -9.551197e-032
809.600000  -5.131239e-031
809.800000  -1.363395e-031
810.000000  2.785585e-031
810.200000  -6.843597e-032
810.400000  -4.186830e-031
810.600000  2.301659e-031
810.800000  6.366653e-031
811.000000  2.432993e-031
811.200000  3.061168e-031
811.400000  6.996738e-031
811.600000  5.509475e-031
811.800000  3.325728e-031
812.000000  4.849580e-031
812.200000  6.262833e-031
812.400000  -2.335295e-031
812.600000  -7.037993e-031
812.800000  6.900743e-032
813.000000  3.346548e-031
813.200000  -4.459320e-031
813.400000  -4.816817e-031
813.600000  1.080140e-031
813.800000  -5.033416e-031
814.000000  -1.107786e-030
814.200000  -1.788558e-032
814.400000  8.571815e-031
814.600000  -2.930637e-031
814.800000  -7.931738e-031
815.000000  6.635172e-032
815.200000  1.645848e-031
815.400000  -6.923118e-031
815.600000  -4.912368e-031
815.800000  6.535916e-031
816.000000  3.983665e-031
816.200000  -8.119076e-031
816.400000  1.500254e-031
816.600000  1.127489e-030
816.800000  9.209070e-031
817.000000  1.414934e-030
817.200000  3.160681e-030
817.400000  3.838469e-030
817.600000  1.913535e-030
817.800000  1.423022e-030
818.000000  2.319069e-030
818.200000  1.706013e-030
818.400000  2.936994e-031
818.600000  1.475113e-030
818.800000  1.804893e-030
819.000000  2.311388e-031
819.200000  -1.098039e-030
819.400000  7.275963e-031
819.600000  1.442681e-030
819.800000  -2.662604e-031
820.000000  -1.300757e-030
820.200000  1.035259e-030
820.400000  1.113226e-030
820.600000  4.391478e-031
820.800000  2.365131e-030
821.000000  4.004986e-030
821.200000  2.526531e-030
821.400000  1.903113e-030
821.600000  3.889631e-030
821.800000  3.333337e-030
822.000000  1.106497e-030
822.200000  1.945742e-030
822.400000  3.933984e-030
822.600000  1.650816e-030
822.800000  4.079500e-031
823.000000  3.017600e-030
823.200000  4.823015e-030
823.400000  4.830753e-030
823.600000  6.413602e-030
823.800000  1.000094e-029
824.000000  8.288589e-030
824.200000  3.667295e-030
824.400000  2.874499e-030
824.600000  4.358564e-030
824.800000  2.242489e-030
825.000000  4.442129e-030
825.200000  1.069589e-029
825.400000  1.085814e-029
825.600000  8.338094e-030
825.800000  6.580570e-030
826.000000  1.132572e-029
826.200000  8.174756e-030
826.400000  -1.012921e-030
826.600000  -1.510596e-030
826.800000  2.594806e-030
827.000000  -9.518056e-031
827.200000  -6.474084e-031
827.400000  2.376853e-030
827.600000  2.217072e-030
827.800000  -5.090263e-030
828.000000  -5.140882e-030
828.200000  2.862402e-030
828.400000  3.659762e-030
828.600000  -1.121733e-030
828.800000  4.855661e-030
829.000000  8.920410e-030
829.200000  5.028227e-030
829.400000  4.716190e-030
829.600000  1.048269e-029
829.800000  1.142415e-029
830.000000  3.458377e-030
830.200000  4.667375e-030
830.400000  8.061699e-030
830.600000  4.401963e-030
830.800000  -2.592583e-030
831.000000  5.732724e-030
831.200000  1.485206e-029
831.400000  8.136035e-030
831.600000  4.020446e-030
831.800000  6.467044e-030
832.000000  1.352872e-030
832.200000  -1.102883e-029
832.400000  -1.289474e-029
832.600000  -4.436514e-030
832.800000  -9.878261e-030
833.000000  -2.007316e-029
833.200000  -9.043747e-030
833.400000  4.025675e-030
833.600000  -1.698275e-030
833.800000  -2.252527e-030
834.000000  1.178282e-029
834.200000  5.762535e-030
834.400000  -1.599391e-029
834.600000  -9.204641e-030
834.800000  7.734963e-030
835.000000  6.840520e-030
835.200000  4.438279e-030
835.400000  1.747614e-029
835.600000  1.873022e-029
835.800000  -7.026222e-032
836.000000  4.657576e-031
836.200000  1.756141e-029
836.400000  1.354742e-029
836.600000  -1.201194e-030
836.800000  7.067773e-030
837.000000  1.879395e-029
837.200000  2.345642e-030
837.400000  -3.018911e-030
837.600000  2.025095e-029
837.800000  2.775719e-029
838.000000  6.972882e-030
838.200000  8.212324e-030
838.400000  2.802518e-029
838.600000  2.329590e-029
838.800000  7.323913e-030
839.000000  1.872447e-029
839.200000  3.042436e-029
839.400000  1.106636e-029
839.600000  -2.507717e-030
839.800000  2.473681e-029
840.000000  3.647776e-029
840.200000  1.854812e-029
840.400000  2.234735e-029
840.600000  5.362590e-029
840.800000  5.001818e-029
841.000000  1.029975e-029
841.200000  1.825013e-029
841.400000  3.824042e-029
841.600000  6.950567e-030
841.800000  -1.151478e-029
842.000000  8.742971e-030
842.200000  1.760833e-030
842.400000  -2.306641e-029
842.600000  5.553632e-030
842.800000  4.424940e-029
843.000000  3.221478e-029
843.200000  4.570239e-030
843.400000  1.908455e-029
843.600000  4.737513e-029
843.800000  1.007129e-029
844.000000  2.886050e-030
844.200000  5.702339e-029
844.400000  7.112050e-029
844.600000  3.591226e-029
844.800000  2.614029e-029
845.000000  6.830393e-029
845.200000  5.607226e-029
845.400000  3.354147e-029
845.600000  8.000020e-029
845.800000  1.014454e-028
846.000000  6.571607e-029
846.200000  5.381811e-029
846.400000  1.271326e-028
846.600000  1.454523e-028
846.800000  7.029541e-029
847.000000  6.210364e-029
847.200000  8.761841e-029
847.400000  6.276228e-029
847.600000  1.334738e-029
847.800000  3.949211e-029
848.000000  8.089890e-029
848.200000  1.851396e-029
848.400000  -6.681953e-030
848.600000  9.639360e-029
848.800000  9.261827e-029
849.000000  2.051197e-029
849.200000  6.020737e-029
849.400000  1.817512e-028
849.600000  1.287992e-028
849.800000  8.970027e-029
850.000000  1.353844e-028
850.200000  1.474424e-028
850.400000  5.027450e-029
850.600000  4.654032e-029
850.800000  7.694708e-029
851.000000  1.711915e-029
851.200000  -6.412858e-029
851.400000  6.040210e-029
851.600000  1.986294e-028
851.800000  1.530277e-028
852.000000  5.598423e-029
852.200000  1.718043e-028
852.400000  2.788544e-028
852.600000  1.970509e-028
852.800000  1.648979e-028
853.000000  2.588362e-028
853.200000  2.495059e-028
853.400000  1.522278e-028
853.600000  1.932862e-028
853.800000  3.165631e-028
854.000000  2.031175e-028
854.200000  7.018336e-029
854.400000  1.910337e-028
854.600000  3.087267e-028
854.800000  1.837433e-028
855.000000  1.710463e-028
855.200000  3.499359e-028
855.400000  2.462901e-028
855.600000  8.411361e-029
855.800000  2.035581e-028
856.000000  3.933895e-028
856.200000  3.425031e-028
856.400000  2.268342e-028
856.600000  3.942387e-028
856.800000  4.472096e-028
857.000000  3.028301e-028
857.200000  4.013366e-028
857.400000  6.087788e-028
857.600000  5.228368e-028
857.800000  2.912848e-028
858.000000  3.643829e-028
858.200000  5.086053e-028
858.400000  3.530833e-028
858.600000  2.877806e-028
858.800000  5.607787e-028
859.000000  5.678223e-028
859.200000  2.663603e-028
859.400000  3.472345e-028
859.600000  6.632242e-028
859.800000  5.742065e-028
860.000000  3.263807e-028
860.200000  6.802582e-028
860.400000  8.712373e-028
860.600000  6.282973e-028
860.800000  4.608193e-028
861.000000  7.617853e-028
861.200000  7.717601e-028
861.400000  4.117091e-028
861.600000  5.559258e-028
861.800000  9.562648e-028
862.000000  7.141399e-028
862.200000  3.252847e-028
862.400000  6.600580e-028
862.600000  8.707276e-028
862.800000  4.938740e-028
863.000000  6.307569e-028
863.200000  1.068963e-027
863.400000  1.040854e-027
863.600000  5.571954e-028
863.800000  7.819227e-028
864.000000  1.423322e-027
864.200000  1.400652e-027
864.400000  1.074948e-027
864.600000  1.428738e-027
864.800000  1.428038e-027
865.000000  8.037568e-028
865.200000  6.770215e-028
865.400000  1.699150e-027
865.600000  1.993785e-027
865.800000  1.468417e-027
866.000000  1.654731e-027
866.200000  2.016092e-027
866.400000  1.498588e-027
866.600000  1.112592e-027
866.800000  1.536271e-027
867.000000  2.143414e-027
867.200000  1.658637e-027
867.400000  1.804044e-027
867.600000  2.546767e-027
867.800000  2.169974e-027
868.000000  1.286059e-027
868.200000  1.556512e-027
868.400000  1.786701e-027
868.600000  1.130411e-027
868.800000  5.873992e-028
869.000000  2.068676e-027
869.200000  2.952449e-027
869.400000  2.410020e-027
869.600000  2.713926e-027
869.800000  3.958365e-027
870.000000  4.031260e-027
870.200000  2.897193e-027
870.400000  4.263292e-027
870.600000  5.914407e-027
870.800000  5.342697e-027
871.000000  4.653748e-027
871.200000  5.496883e-027
871.400000  5.273887e-027
871.600000  4.300024e-027
871.800000  4.335965e-027
872.000000  5.775326e-027
872.200000  5.294635e-027
872.400000  4.378377e-027
872.600000  5.176116e-027
872.800000  5.946704e-027
873.000000  4.437874e-027
873.200000  3.295597e-027
873.400000  4.792403e-027
873.600000  5.510894e-027
873.800000  4.010955e-027
874.000000  5.163059e-027
874.200000  6.673922e-027
874.400000  6.447011e-027
874.600000  5.976584e-027
874.800000  7.742126e-027
875.000000  8.715313e-027
875.200000  7.489485e-027
875.400000  7.069978e-027
875.600000  9.183581e-027
875.800000  9.858550e-027
876.000000  7.559237e-027
876.200000  7.127106e-027
876.400000  9.530516e-027
876.600000  8.756501e-027
876.800000  8.088569e-027
877.000000  1.102268e-026
877.200000  1.337815e-026
877.400000  1.298414e-026
877.600000  1.305374e-026
877.800000  1.519707e-026
878.000000  1.446749e-026
878.200000  1.253863e-026
878.400000  1.581334e-026
878.600000  1.977635e-026
878.800000  1.937694e-026
879.000000  1.812174e-026
879.200000  2.174333e-026
879.400000  2.349819e-026
879.600000  2.097548e-026
879.800000  2.095378e-026
880.000000  2.500026e-026
880.200000  2.456425e-026
880.400000  2.315602e-026
880.600000  2.788139e-026
880.800000  3.291011e-026
881.000000  3.234754e-026
881.200000  3.037489e-026
881.400000  3.501317e-026
881.600000  3.656615e-026
881.800000  3.090875e-026
882.000000  3.103528e-026
882.200000  3.867486e-026
882.400000  4.024676e-026
882.600000  3.696191e-026
882.800000  3.967554e-026
883.000000  4.256527e-026
883.200000  3.948543e-026
883.400000  3.843218e-026
883.600000  4.729500e-026
883.800000  5.203072e-026
884.000000  4.912754e-026
884.200000  5.194876e-026
884.400000  5.621269e-026
884.600000  5.187122e-026
884.800000  4.433855e-026
885.000000  4.507563e-026
885.200000  4.925977e-026
885.400000  4.332491e-026
885.600000  4.279759e-026
885.800000  5.179750e-026
886.000000  5.571285e-026
886.200000  5.366303e-026
886.400000  5.675982e-026
886.600000  6.531533e-026
886.800000  6.798176e-026
887.000000  6.445076e-026
887.200000  7.070431e-026
887.400000  7.850398e-026
887.600000  7.341264e-026
887.800000  7.081565e-026
888.000000  7.960624e-026
888.200000  8.214992e-026
888.400000  7.321798e-026
888.600000  7.311763e-026
888.800000  8.349758e-026
889.000000  8.535314e-026
889.200000  8.122753e-026
889.400000  9.314325e-026
889.600000  9.980253e-026
889.800000  9.172654e-026
890.000000  9.053728e-026
890.200000  1.082431e-025
890.400000  1.147298e-025
890.600000  9.631300e-026
890.800000  9.716335e-026
891.000000  1.115464e-025
891.200000  1.084338e-025
891.400000  1.058462e-025
891.600000  1.239454e-025
891.800000  1.357001e-025
892.000000  1.325738e-025
892.200000  1.343113e-025
892.400000  1.556769e-025
892.600000  1.558475e-025
892.800000  1.412557e-025
893.000000  1.525985e-025
893.200000  1.669644e-025
893.400000  1.695072e-025
893.600000  1.694784e-025
893.800000  1.885701e-025
894.000000  2.083684e-025
894.200000  2.163769e-025
894.400000  2.277887e-025
894.600000  2.537047e-025
894.800000  2.561006e-025
895.000000  2.394964e-025
895.200000  2.540651e-025
895.400000  2.847974e-025
895.600000  2.741962e-025
895.800000  2.598250e-025
896.000000  2.744518e-025
896.200000  2.810962e-025
896.400000  2.600680e-025
896.600000  2.627017e-025
896.800000  2.739754e-025
897.000000  2.744639e-025
897.200000  2.710551e-025
897.400000  3.059930e-025
897.600000  3.504701e-025
897.800000  3.547099e-025
898.000000  3.428412e-025
898.200000  3.738860e-025
898.400000  3.843996e-025
898.600000  3.623426e-025
898.800000  3.637311e-025
899.000000  4.010593e-025
899.200000  4.028497e-025
899.400000  3.973702e-025
899.600000  4.478494e-025
899.800000  5.123800e-025
900.000000  5.078553e-025
900.200000  5.113881e-025
900.400000  5.468450e-025
900.600000  5.781796e-025
900.800000  5.768999e-025
901.000000  6.301548e-025
901.200000  6.945671e-025
901.400000  7.162401e-025
901.600000  7.197315e-025
901.800000  7.805981e-025
902.000000  8.207487e-025
902.200000  8.120991e-025
902.400000  8.132159e-025
902.600000  8.698872e-025
902.800000  8.892566e-025
903.000000  8.685379e-025
903.200000  9.105046e-025
903.400000  9.884926e-025
903.600000  9.870350e-025
903.800000  9.767838e-025
904.000000  1.039620e-024
904.200000  1.121721e-024
904.400000  1.120845e-024
904.600000  1.132519e-024
904.800000  1.230061e-024
905.000000  1.285201e-024
905.200000  1.280818e-024
905.400000  1.357676e-024
905.600000  1.482246e-024
905.800000  1.479472e-024
906.000000  1.475904e-024
906.200000  1.588444e-024
906.400000  1.684073e-024
906.600000  1.693175e-024
906.800000  1.765062e-024
907.000000  1.897735e-024
907.200000  1.933373e-024
907.400000  1.916374e-024
907.600000  1.984101e-024
907.800000  2.084455e-024
908.000000  2.065292e-024
908.200000  2.044341e-024
908.400000  2.149464e-024
908.600000  2.218294e-024
908.800000  2.147966e-024
909.000000  2.179745e-024
909.200000  2.337764e-024
909.400000  2.396608e-024
909.600000  2.380202e-024
909.800000  2.527285e-024
910.000000  2.794899e-024
910.200000  2.891863e-024
910.400000  2.974426e-024
910.600000  3.287672e-024
910.800000  3.577437e-024
911.000000  3.760445e-024
911.200000  4.055273e-024
911.400000  4.542410e-024
911.600000  4.926196e-024
911.800000  5.295818e-024
912.000000  5.909529e-024
912.200000  6.679979e-024
912.400000  7.299753e-024
912.600000  7.999556e-024
912.800000  9.080718e-024
913.000000  1.023998e-023
913.200000  1.150771e-023
913.400000  1.311525e-023
913.600000  1.532535e-023
913.800000  1.705523e-023
914.000000  1.870428e-023
914.200000  2.051260e-023
914.400000  2.178124e-023
914.600000  2.213767e-023
914.800000  2.237068e-023
915.000000  2.271102e-023
915.200000  2.288322e-023
915.400000  2.311807e-023
915.600000  2.422561e-023
915.800000  2.605736e-023
916.000000  2.728713e-023
916.200000  2.833716e-023
916.400000  2.972189e-023
916.600000  2.914459e-023
916.800000  2.777789e-023
917.000000  2.606792e-023
917.200000  2.453664e-023
917.400000  2.263588e-023
917.600000  1.996928e-023
917.800000  1.836040e-023
918.000000  1.718579e-023
918.200000  1.571346e-023
918.400000  1.460344e-023
918.600000  1.433686e-023
918.800000  1.457201e-023
919.000000  1.484478e-023
919.200000  1.569308e-023
919.400000  1.700333e-023
919.600000  1.807825e-023
919.800000  1.871442e-023
920.000000  1.962195e-023
920.200000  2.017039e-023
920.400000  1.950137e-023
920.600000  1.803871e-023
920.800000  1.668152e-023
921.000000  1.533151e-023
921.200000  1.383058e-023
921.400000  1.302816e-023
921.600000  1.322472e-023
921.800000  1.361384e-023
922.000000  1.405233e-023
922.200000  1.520453e-023
922.400000  1.660413e-023
922.600000  1.747039e-023
922.800000  1.788359e-023
923.000000  1.883395e-023
923.200000  1.962107e-023
923.400000  1.974170e-023
923.600000  2.035199e-023
923.800000  2.188252e-023
924.000000  2.286254e-023
924.200000  2.352300e-023
924.400000  2.501011e-023
924.600000  2.714637e-023
924.800000  2.923613e-023
925.000000  3.260195e-023
925.200000  3.752972e-023
925.400000  4.273979e-023
925.600000  4.689800e-023
925.800000  5.137352e-023
926.000000  5.692823e-023
926.200000  5.895849e-023
926.400000  6.016489e-023
926.600000  6.302712e-023
926.800000  6.526044e-023
927.000000  6.696159e-023
927.200000  6.867217e-023
927.400000  7.079955e-023
927.600000  7.036232e-023
927.800000  6.927680e-023
928.000000  7.051837e-023
928.200000  7.356475e-023
928.400000  7.504613e-023
928.600000  7.713738e-023
928.800000  8.096695e-023
929.000000  8.434261e-023
929.200000  8.783441e-023
929.400000  9.365019e-023
929.600000  1.010094e-022
929.800000  1.054746e-022
930.000000  1.086966e-022
930.200000  1.138851e-022
930.400000  1.202718e-022
930.600000  1.241856e-022
930.800000  1.264605e-022
931.000000  1.273751e-022
931.200000  1.243912e-022
931.400000  1.176054e-022
931.600000  1.139261e-022
931.800000  1.136174e-022
932.000000  1.113905e-022
932.200000  1.096225e-022
932.400000  1.103841e-022
932.600000  1.120187e-022
932.800000  1.134811e-022
933.000000  1.165949e-022
933.200000  1.239974e-022
933.400000  1.285440e-022
933.600000  1.303505e-022
933.800000  1.352380e-022
934.000000  1.459956e-022
934.200000  1.551225e-022
934.400000  1.641481e-022
934.600000  1.752539e-022
934.800000  1.828909e-022
935.000000  1.860114e-022
935.200000  1.905983e-022
935.400000  2.006604e-022
935.600000  2.102885e-022
935.800000  2.195899e-022
936.000000  2.381135e-022
936.200000  2.722968e-022
936.400000  3.123190e-022
936.600000  3.539809e-022
936.800000  3.904667e-022
937.000000  4.046841e-022
937.200000  3.986184e-022
937.400000  3.894514e-022
937.600000  3.847999e-022
937.800000  3.717153e-022
938.000000  3.524234e-022
938.200000  3.423621e-022
938.400000  3.384362e-022
938.600000  3.346257e-022
938.800000  3.414037e-022
939.000000  3.658800e-022
939.200000  3.925745e-022
939.400000  4.205891e-022
939.600000  4.589743e-022
939.800000  5.047244e-022
940.000000  5.496343e-022
940.200000  5.914262e-022
940.400000  6.411859e-022
940.600000  6.878883e-022
940.800000  7.150432e-022
941.000000  7.483452e-022
941.200000  7.978521e-022
941.400000  8.487733e-022
941.600000  8.796869e-022
941.800000  8.913860e-022
942.000000  8.807969e-022
942.200000  8.282028e-022
942.400000  7.522969e-022
942.600000  6.784270e-022
942.800000  6.173241e-022
943.000000  5.562018e-022
943.200000  5.036762e-022
943.400000  4.572820e-022
943.600000  4.172846e-022
943.800000  3.804795e-022
944.000000  3.655753e-022
944.200000  3.711177e-022
944.400000  3.691905e-022
944.600000  3.498670e-022
944.800000  3.386577e-022
945.000000  3.266553e-022
945.200000  3.118503e-022
945.400000  2.972309e-022
945.600000  2.908260e-022
945.800000  2.849799e-022
946.000000  2.673267e-022
946.200000  2.477781e-022
946.400000  2.317568e-022
946.600000  2.110870e-022
946.800000  1.925220e-022
947.000000  1.819052e-022
947.200000  1.803117e-022
947.400000  1.750299e-022
947.600000  1.713371e-022
947.800000  1.794034e-022
948.000000  1.915766e-022
948.200000  1.969576e-022
948.400000  2.064472e-022
948.600000  2.191545e-022
948.800000  2.171233e-022
949.000000  2.066304e-022
949.200000  2.035076e-022
949.400000  2.069546e-022
949.600000  2.027765e-022
949.800000  2.003913e-022
950.000000  2.109348e-022
950.200000  2.237162e-022
950.400000  2.284473e-022
950.600000  2.337313e-022
950.800000  2.418328e-022
951.000000  2.445151e-022
951.200000  2.414805e-022
951.400000  2.514302e-022
951.600000  2.662738e-022
951.800000  2.620725e-022
952.000000  2.532882e-022
952.200000  2.517339e-022
952.400000  2.461054e-022
952.600000  2.191155e-022
952.800000  2.000718e-022
953.000000  1.974080e-022
953.200000  1.876146e-022
953.400000  1.734848e-022
953.600000  1.850372e-022
953.800000  2.018645e-022
954.000000  2.044815e-022
954.200000  2.042650e-022
954.400000  2.230412e-022
954.600000  2.373405e-022
954.800000  2.398406e-022
955.000000  2.574346e-022
955.200000  3.009075e-022
955.400000  3.311615e-022
955.600000  3.423405e-022
955.800000  3.614745e-022
956.000000  3.642488e-022
956.200000  3.316980e-022
956.400000  2.932029e-022
956.600000  2.813786e-022
956.800000  2.917580e-022
957.000000  2.986425e-022
957.200000  3.253768e-022
957.400000  3.703076e-022
957.600000  3.966940e-022
957.800000  4.089914e-022
958.000000  4.412081e-022
958.200000  4.749198e-022
958.400000  4.792810e-022
958.600000  4.814182e-022
958.800000  5.042061e-022
959.000000  5.081593e-022
959.200000  4.835343e-022
959.400000  4.752301e-022
959.600000  4.762827e-022
959.800000  4.471111e-022
960.000000  4.040746e-022
960.200000  3.806993e-022
960.400000  3.607134e-022
960.600000  3.180106e-022
960.800000  2.850088e-022
961.000000  2.781080e-022
961.200000  2.688702e-022
961.400000  2.181274e-022
961.600000  2.009016e-022
961.800000  2.169930e-022
962.000000  1.996155e-022
962.200000  1.675711e-022
962.400000  1.768909e-022
962.600000  1.939738e-022
962.800000  1.697225e-022
963.000000  1.629809e-022
963.200000  1.902890e-022
963.400000  1.985836e-022
963.600000  1.873410e-022
963.800000  2.097220e-022
964.000000  2.419608e-022
964.200000  2.457479e-022
964.400000  2.358857e-022
964.600000  2.715740e-022
964.800000  3.180765e-022
965.000000  3.196735e-022
965.200000  3.279836e-022
965.400000  3.861070e-022
965.600000  4.200589e-022
965.800000  4.186913e-022
966.000000  4.763765e-022
966.200000  5.199709e-022
966.400000  5.950511e-022
966.600000  6.952553e-022
966.800000  7.777277e-022
967.000000  1.029414e-021
967.200000  1.132422e-021
967.400000  1.438137e-021
967.600000  1.967384e-021
967.800000  2.722050e-021
968.000000  4.074450e-021
968.200000  7.038955e-021
968.400000  1.227021e-020
968.600000  2.056373e-020
968.800000  2.699327e-020
969.000000  2.150176e-020
969.200000  1.331130e-020
969.400000  7.693838e-021
969.600000  3.915073e-021
969.800000  2.655088e-021
970.000000  2.100214e-021
970.200000  1.547199e-021
970.400000  1.189820e-021
970.600000  1.005349e-021
970.800000  8.029498e-022
971.000000  6.765817e-022
971.200000  6.112640e-022
971.400000  5.202491e-022
971.600000  4.353729e-022
971.800000  4.485031e-022
972.000000  3.789777e-022
972.200000  3.424465e-022
972.400000  2.658254e-022
972.600000  3.278623e-022
972.800000  3.295722e-022
973.000000  2.860608e-022
973.200000  2.912673e-022
973.400000  2.910746e-022
973.600000  3.527465e-022
973.800000  3.406130e-022
974.000000  2.372167e-022
974.200000  2.818007e-022
974.400000  2.764525e-022
974.600000  2.393809e-022
974.800000  2.829039e-022
975.000000  3.194378e-022
975.200000  3.219917e-022
975.400000  3.101645e-022
975.600000  3.618278e-022
975.800000  3.877348e-022
976.000000  3.493658e-022
976.200000  3.700741e-022
976.400000  4.208974e-022
976.600000  4.476475e-022
976.800000  4.507737e-022
977.000000  5.714625e-022
977.200000  7.098638e-022
977.400000  7.498450e-022
977.600000  7.963890e-022
977.800000  9.155917e-022
978.000000  9.674432e-022
978.200000  9.595307e-022
978.400000  1.001858e-021
978.600000  1.101675e-021
978.800000  1.100880e-021
979.000000  1.088497e-021
979.200000  1.183672e-021
979.400000  1.235313e-021
979.600000  1.157328e-021
979.800000  1.115318e-021
980.000000  1.217876e-021
980.200000  1.233842e-021
980.400000  1.094845e-021
980.600000  1.033756e-021
980.800000  1.047930e-021
981.000000  9.813769e-022
981.200000  9.048540e-022
981.400000  9.562961e-022
981.600000  1.086119e-021
981.800000  1.111866e-021
982.000000  1.162360e-021
982.200000  1.287613e-021
982.400000  1.287679e-021
982.600000  1.124795e-021
982.800000  1.035002e-021
983.000000  1.027626e-021
983.200000  9.214926e-022
983.400000  8.069159e-022
983.600000  8.424079e-022
983.800000  8.591190e-022
984.000000  7.204234e-022
984.200000  6.844312e-022
984.400000  7.872674e-022
984.600000  7.607692e-022
984.800000  6.842886e-022
985.000000  7.330031e-022
985.200000  8.414866e-022
985.400000  7.722530e-022
985.600000  7.173008e-022
985.800000  8.605942e-022
986.000000  9.557038e-022
986.200000  9.180437e-022
986.400000  9.333190e-022
986.600000  1.061091e-021
986.800000  1.011519e-021
987.000000  8.735071e-022
987.200000  9.165966e-022
987.400000  1.069916e-021
987.600000  9.795705e-022
987.800000  8.570036e-022
988.000000  9.592460e-022
988.200000  1.004817e-021
988.400000  8.212717e-022
988.600000  7.774323e-022
988.800000  9.179128e-022
989.000000  8.785877e-022
989.200000  7.121936e-022
989.400000  7.567210e-022
989.600000  8.861723e-022
989.800000  7.795742e-022
990.000000  6.977937e-022
990.200000  7.991920e-022
990.400000  7.886808e-022
990.600000  7.505021e-022
990.800000  7.308454e-022
991.000000  7.066068e-022
991.200000  6.980771e-022
991.400000  7.165280e-022
991.600000  7.394184e-022
991.800000  7.679776e-022
992.000000  8.194141e-022
992.200000  8.715626e-022
992.400000  9.375353e-022
992.600000  1.039195e-021
992.800000  1.150683e-021
993.000000  1.171414e-021
993.200000  1.156982e-021
993.400000  1.182355e-021
993.600000  1.185233e-021
993.800000  1.148199e-021
994.000000  1.142439e-021
994.200000  1.169279e-021
994.400000  1.192938e-021
994.600000  1.146508e-021
994.800000  1.119271e-021
995.000000  1.118852e-021
995.200000  1.064318e-021
995.400000  1.048674e-021
995.600000  1.125173e-021
995.800000  1.172981e-021
996.000000  1.182386e-021
996.200000  1.248681e-021
996.400000  1.309507e-021
996.600000  1.341806e-021
996.800000  1.390376e-021
997.000000  1.497391e-021
997.200000  1.667867e-021
997.400000  1.836806e-021
997.600000  1.962269e-021
997.800000  2.051953e-021
998.000000  2.199830e-021
998.200000  2.297776e-021
998.400000  2.351925e-021
998.600000  2.393598e-021
998.800000  2.440074e-021
999.000000  2.485066e-021
999.200000  2.643716e-021
999.400000  2.796366e-021
999.600000  2.903482e-021
999.800000  2.955434e-021
1000.000000  2.934635e-021
1000.200000  2.983545e-021
1000.400000  2.997637e-021
1000.600000  2.921211e-021
1000.800000  2.798516e-021
1001.000000  2.742423e-021
1001.200000  2.620890e-021
1001.400000  2.460835e-021
1001.600000  2.290879e-021
1001.800000  2.181306e-021
1002.000000  2.218675e-021
1002.200000  2.262522e-021
1002.400000  2.163803e-021
1002.600000  2.201260e-021
1002.800000  2.131186e-021
1003.000000  2.118843e-021
1003.200000  2.334983e-021
1003.400000  2.635315e-021
1003.600000  2.824985e-021
1003.800000  3.074749e-021
1004.000000  3.375093e-021
1004.200000  3.559589e-021
1004.400000  3.584180e-021
1004.600000  3.582889e-021
1004.800000  3.614032e-021
1005.000000  3.732914e-021
1005.200000  3.728503e-021
1005.400000  3.681779e-021
1005.600000  3.757099e-021
1005.800000  3.768988e-021
1006.000000  3.831481e-021
1006.200000  4.085206e-021
1006.400000  4.372132e-021
1006.600000  4.451765e-021
1006.800000  4.434892e-021
1007.000000  4.470457e-021
1007.200000  4.515937e-021
1007.400000  4.594366e-021
1007.600000  4.574256e-021
1007.800000  4.341708e-021
1008.000000  3.965309e-021
1008.200000  3.634349e-021
1008.400000  3.441443e-021
1008.600000  3.314270e-021
1008.800000  3.171949e-021
1009.000000  3.016091e-021
1009.200000  2.800236e-021
1009.400000  2.625438e-021
1009.600000  2.613089e-021
1009.800000  2.668889e-021
1010.000000  2.639908e-021
1010.200000  2.639190e-021
1010.400000  2.768557e-021
1010.600000  2.819713e-021
1010.800000  2.787410e-021
1011.000000  2.726604e-021
1011.200000  2.759442e-021
1011.400000  2.862736e-021
1011.600000  2.905833e-021
1011.800000  2.910386e-021
1012.000000  3.009084e-021
1012.200000  3.079367e-021
1012.400000  3.080726e-021
1012.600000  3.058480e-021
1012.800000  3.048000e-021
1013.000000  2.976678e-021
1013.200000  2.930577e-021
1013.400000  3.033341e-021
1013.600000  2.988893e-021
1013.800000  2.815453e-021
1014.000000  2.695994e-021
1014.200000  2.637476e-021
1014.400000  2.597550e-021
1014.600000  2.540515e-021
1014.800000  2.505523e-021
1015.000000  2.465340e-021
1015.200000  2.447276e-021
1015.400000  2.500972e-021
1015.600000  2.460657e-021
1015.800000  2.332904e-021
1016.000000  2.300911e-021
1016.200000  2.227662e-021
1016.400000  2.161139e-021
1016.600000  2.207976e-021
1016.800000  2.223919e-021
1017.000000  2.222661e-021
1017.200000  2.354199e-021
1017.400000  2.397947e-021
1017.600000  2.446963e-021
1017.800000  2.696728e-021
1018.000000  2.797962e-021
1018.030000  2.813922e-021
1018.060000  2.839219e-021
1018.090000  2.853618e-021
1018.120000  2.858501e-021
1018.150000  2.865767e-021
1018.180000  2.870852e-021
1018.210000  2.880107e-021
1018.240000  2.898230e-021
1018.270000  2.925534e-021
1018.300000  2.955244e-021
1018.330000  2.977884e-021
1018.360000  2.991949e-021
1018.390000  3.002626e-021
1018.420000  3.010322e-021
1018.450000  3.016032e-021
1018.480000  3.027307e-021
1018.510000  3.043355e-021
1018.540000  3.067889e-021
1018.570000  3.090751e-021
1018.600000  3.113325e-021
1018.630000  3.147077e-021
1018.660000  3.178398e-021
1018.690000  3.199696e-021
1018.720000  3.219447e-021
1018.750000  3.240211e-021
1018.780000  3.268748e-021
1018.810000  3.301938e-021
1018.840000  3.324146e-021
1018.870000  3.342163e-021
1018.900000  3.352747e-021
1018.930000  3.349104e-021
1018.960000  3.350873e-021
1018.990000  3.377757e-021
1019.020000  3.419398e-021
1019.050000  3.468293e-021
1019.080000  3.513171e-021
1019.110000  3.539112e-021
1019.140000  3.554754e-021
1019.170000  3.568560e-021
1019.200000  3.584548e-021
1019.230000  3.611640e-021
1019.260000  3.659129e-021
1019.290000  3.713629e-021
1019.320000  3.777529e-021
1019.350000  3.854421e-021
1019.380000  3.921422e-021
1019.410000  3.973294e-021
1019.440000  4.017401e-021
1019.470000  4.053536e-021
1019.500000  4.073638e-021
1019.530000  4.083337e-021
1019.560000  4.086505e-021
1019.590000  4.083367e-021
1019.620000  4.074861e-021
1019.650000  4.074756e-021
1019.680000  4.095443e-021
1019.710000  4.131199e-021
1019.740000  4.180385e-021
1019.770000  4.233126e-021
1019.800000  4.279328e-021
1019.830000  4.313024e-021
1019.860000  4.338954e-021
1019.890000  4.350026e-021
1019.920000  4.345672e-021
1019.950000  4.341644e-021
1019.980000  4.350536e-021
1020.010000  4.364873e-021
1020.040000  4.379226e-021
1020.070000  4.400063e-021
1020.100000  4.415454e-021
1020.130000  4.415276e-021
1020.160000  4.411775e-021
1020.190000  4.403359e-021
1020.220000  4.393368e-021
1020.250000  4.402762e-021
1020.280000  4.424770e-021
1020.310000  4.436486e-021
1020.340000  4.445907e-021
1020.370000  4.455836e-021
1020.400000  4.445675e-021
1020.430000  4.426605e-021
1020.460000  4.414861e-021
1020.490000  4.417264e-021
1020.520000  4.422848e-021
1020.550000  4.417447e-021
1020.580000  4.402560e-021
1020.610000  4.393543e-021
1020.640000  4.390766e-021
1020.670000  4.383709e-021
1020.700000  4.381986e-021
1020.730000  4.390481e-021
1020.760000  4.397695e-021
1020.790000  4.409107e-021
1020.820000  4.438337e-021
1020.850000  4.471639e-021
1020.880000  4.494039e-021
1020.910000  4.519377e-021
1020.940000  4.558237e-021
1020.970000  4.596652e-021
1021.000000  4.641163e-021
1021.030000  4.706564e-021
1021.060000  4.780621e-021
1021.090000  4.849192e-021
1021.120000  4.922121e-021
1021.150000  4.999470e-021
1021.180000  5.064145e-021
1021.210000  5.114670e-021
1021.240000  5.163575e-021
1021.270000  5.229409e-021
1021.300000  5.323200e-021
1021.330000  5.436811e-021
1021.360000  5.563638e-021
1021.390000  5.701683e-021
1021.420000  5.838523e-021
1021.450000  5.953211e-021
1021.480000  6.073710e-021
1021.510000  6.229181e-021
1021.540000  6.383502e-021
1021.570000  6.534040e-021
1021.600000  6.719464e-021
1021.630000  6.914743e-021
1021.660000  7.076207e-021
1021.690000  7.230127e-021
1021.720000  7.390848e-021
1021.750000  7.549224e-021
1021.780000  7.730547e-021
1021.810000  7.965207e-021
1021.840000  8.249957e-021
1021.870000  8.564869e-021
1021.900000  8.886667e-021
1021.930000  9.188323e-021
1021.960000  9.461220e-021
1021.990000  9.711911e-021
1022.020000  9.947022e-021
1022.050000  1.018891e-020
1022.080000  1.046534e-020
1022.110000  1.077074e-020
1022.140000  1.109010e-020
1022.170000  1.141756e-020
1022.200000  1.174171e-020
1022.230000  1.203851e-020
1022.260000  1.228575e-020
1022.290000  1.247805e-020
1022.320000  1.262371e-020
1022.350000  1.274643e-020
1022.380000  1.289325e-020
1022.410000  1.311566e-020
1022.440000  1.341871e-020
1022.470000  1.375141e-020
1022.500000  1.407785e-020
1022.530000  1.439686e-020
1022.560000  1.466479e-020
1022.590000  1.483600e-020
1022.620000  1.492833e-020
1022.650000  1.497410e-020
1022.680000  1.498677e-020
1022.710000  1.502154e-020
1022.740000  1.511035e-020
1022.770000  1.523277e-020
1022.800000  1.537183e-020
1022.830000  1.549413e-020
1022.860000  1.556215e-020
1022.890000  1.557348e-020
1022.920000  1.554223e-020
1022.950000  1.545682e-020
1022.980000  1.534656e-020
1023.010000  1.526456e-020
1023.040000  1.523126e-020
1023.070000  1.525146e-020
1023.100000  1.532270e-020
1023.130000  1.539267e-020
1023.160000  1.540328e-020
1023.190000  1.537036e-020
1023.220000  1.533105e-020
1023.250000  1.526859e-020
1023.280000  1.517940e-020
1023.310000  1.511520e-020
1023.340000  1.509527e-020
1023.370000  1.509146e-020
1023.400000  1.513237e-020
1023.430000  1.523572e-020
1023.460000  1.529339e-020
1023.490000  1.525437e-020
1023.520000  1.520348e-020
1023.550000  1.518459e-020
1023.580000  1.516959e-020
1023.610000  1.518781e-020
1023.640000  1.527350e-020
1023.670000  1.537898e-020
1023.700000  1.542992e-020
1023.730000  1.540492e-020
1023.760000  1.533759e-020
1023.790000  1.524933e-020
1023.820000  1.518535e-020
1023.850000  1.518114e-020
1023.880000  1.523564e-020
1023.910000  1.534033e-020
1023.940000  1.544613e-020
1023.970000  1.548155e-020
1024.000000  1.545881e-020
1024.030000  1.544525e-020
1024.060000  1.546538e-020
1024.090000  1.555803e-020
1024.120000  1.573957e-020
1024.150000  1.597462e-020
1024.180000  1.622144e-020
1024.210000  1.644771e-020
1024.240000  1.663650e-020
1024.270000  1.678353e-020
1024.300000  1.688122e-020
1024.330000  1.694270e-020
1024.360000  1.701531e-020
1024.390000  1.714005e-020
1024.420000  1.735176e-020
1024.450000  1.764980e-020
1024.480000  1.799716e-020
1024.510000  1.837740e-020
1024.540000  1.872707e-020
1024.570000  1.894444e-020
1024.600000  1.912456e-020
1024.630000  1.936944e-020
1024.660000  1.962025e-020
1024.690000  1.987378e-020
1024.720000  2.013236e-020
1024.750000  2.036262e-020
1024.780000  2.061148e-020
1024.810000  2.089325e-020
1024.840000  2.116760e-020
1024.870000  2.149488e-020
1024.900000  2.182894e-020
1024.930000  2.198621e-020
1024.960000  2.197994e-020
1024.990000  2.197999e-020
1025.020000  2.201567e-020
1025.050000  2.203245e-020
1025.080000  2.208261e-020
1025.110000  2.219318e-020
1025.140000  2.222742e-020
1025.170000  2.208358e-020
1025.200000  2.183036e-020
1025.230000  2.157415e-020
1025.260000  2.134840e-020
1025.290000  2.114303e-020
1025.320000  2.098894e-020
1025.350000  2.087796e-020
1025.380000  2.074090e-020
1025.410000  2.054030e-020
1025.440000  2.025062e-020
1025.470000  1.988319e-020
1025.500000  1.951513e-020
1025.530000  1.920370e-020
1025.560000  1.891658e-020
1025.590000  1.867042e-020
1025.620000  1.849208e-020
1025.650000  1.830887e-020
1025.680000  1.805950e-020
1025.710000  1.776811e-020
1025.740000  1.745786e-020
1025.770000  1.711997e-020
1025.800000  1.679271e-020
1025.830000  1.652249e-020
1025.860000  1.631519e-020
1025.890000  1.616386e-020
1025.920000  1.606071e-020
1025.950000  1.596467e-020
1025.980000  1.583457e-020
1026.010000  1.566078e-020
1026.040000  1.546276e-020
1026.070000  1.526899e-020
1026.100000  1.509174e-020
1026.130000  1.491583e-020
1026.160000  1.474240e-020
1026.190000  1.458008e-020
1026.220000  1.441523e-020
1026.250000  1.423989e-020
1026.280000  1.407201e-020
1026.310000  1.392036e-020
1026.340000  1.377341e-020
1026.370000  1.363281e-020
1026.400000  1.349223e-020
1026.430000  1.331927e-020
1026.460000  1.310792e-020
1026.490000  1.291404e-020
1026.520000  1.278865e-020
1026.550000  1.272190e-020
1026.580000  1.269537e-020
1026.610000  1.270568e-020
1026.640000  1.271104e-020
1026.670000  1.266581e-020
1026.700000  1.258024e-020
1026.730000  1.248811e-020
1026.760000  1.239721e-020
1026.790000  1.230326e-020
1026.820000  1.221518e-020
1026.850000  1.215180e-020
1026.880000  1.211736e-020
1026.910000  1.209739e-020
1026.940000  1.208432e-020
1026.970000  1.206595e-020
1027.000000  1.201818e-020
1027.030000  1.195853e-020
1027.060000  1.193566e-020
1027.090000  1.194992e-020
1027.120000  1.199384e-020
1027.150000  1.208844e-020
1027.180000  1.221516e-020
1027.210000  1.232220e-020
1027.240000  1.238122e-020
1027.270000  1.241731e-020
1027.300000  1.246306e-020
1027.330000  1.253279e-020
1027.360000  1.262713e-020
1027.390000  1.275391e-020
1027.420000  1.288393e-020
1027.450000  1.299428e-020
1027.480000  1.311126e-020
1027.510000  1.325399e-020
1027.540000  1.344067e-020
1027.570000  1.368565e-020
1027.600000  1.396398e-020
1027.630000  1.422440e-020
1027.660000  1.444494e-020
1027.690000  1.463074e-020
1027.720000  1.480223e-020
1027.750000  1.498353e-020
1027.780000  1.520765e-020
1027.810000  1.551404e-020
1027.840000  1.591102e-020
1027.870000  1.637505e-020
1027.900000  1.688650e-020
1027.930000  1.740761e-020
1027.960000  1.789320e-020
1027.990000  1.833581e-020
1028.020000  1.873363e-020
1028.050000  1.906523e-020
1028.080000  1.935190e-020
1028.110000  1.965419e-020
1028.140000  2.000203e-020
1028.170000  2.040402e-020
1028.200000  2.087902e-020
1028.230000  2.142639e-020
1028.260000  2.202441e-020
1028.290000  2.265403e-020
1028.320000  2.331099e-020
1028.350000  2.400292e-020
1028.380000  2.473932e-020
1028.410000  2.551989e-020
1028.440000  2.632647e-020
1028.470000  2.713145e-020
1028.500000  2.793814e-020
1028.530000  2.872817e-020
1028.560000  2.941815e-020
1028.590000  2.999835e-020
1028.620000  3.057059e-020
1028.650000  3.122173e-020
1028.680000  3.198913e-020
1028.710000  3.290548e-020
1028.740000  3.394271e-020
1028.770000  3.498423e-020
1028.800000  3.593961e-020
1028.830000  3.680303e-020
1028.860000  3.758161e-020
1028.890000  3.828047e-020
1028.920000  3.892499e-020
1028.950000  3.953061e-020
1028.980000  4.013661e-020
1029.010000  4.078610e-020
1029.040000  4.153461e-020
1029.070000  4.251440e-020
1029.100000  4.375987e-020
1029.130000  4.512140e-020
1029.160000  4.648561e-020
1029.190000  4.781189e-020
1029.220000  4.899733e-020
1029.250000  5.000966e-020
1029.280000  5.095188e-020
1029.310000  5.182273e-020
1029.340000  5.255399e-020
1029.370000  5.327377e-020
1029.400000  5.413239e-020
1029.430000  5.512204e-020
1029.460000  5.621358e-020
1029.490000  5.737216e-020
1029.520000  5.843657e-020
1029.550000  5.915375e-020
1029.580000  5.944268e-020
1029.610000  5.950143e-020
1029.640000  5.956877e-020
1029.670000  5.975092e-020
1029.700000  6.009384e-020
1029.730000  6.057932e-020
1029.760000  6.107674e-020
1029.790000  6.140253e-020
1029.820000  6.142821e-020
1029.850000  6.107792e-020
1029.880000  6.029334e-020
1029.910000  5.930985e-020
1029.940000  5.842235e-020
1029.970000  5.757581e-020
1030.000000  5.674135e-020
1030.030000  5.594721e-020
1030.060000  5.490700e-020
1030.090000  5.347398e-020
1030.120000  5.192721e-020
1030.150000  5.046563e-020
1030.180000  4.917244e-020
1030.210000  4.811612e-020
1030.240000  4.719121e-020
1030.270000  4.618855e-020
1030.300000  4.500679e-020
1030.330000  4.365699e-020
1030.360000  4.215682e-020
1030.390000  4.053881e-020
1030.420000  3.887910e-020
1030.450000  3.726624e-020
1030.480000  3.576352e-020
1030.510000  3.441806e-020
1030.540000  3.324492e-020
1030.570000  3.221263e-020
1030.600000  3.126436e-020
1030.630000  3.035447e-020
1030.660000  2.946634e-020
1030.690000  2.856490e-020
1030.720000  2.762651e-020
1030.750000  2.668826e-020
1030.780000  2.577521e-020
1030.810000  2.487882e-020
1030.840000  2.401525e-020
1030.870000  2.321453e-020
1030.900000  2.247263e-020
1030.930000  2.175793e-020
1030.960000  2.103668e-020
1030.990000  2.031099e-020
1031.020000  1.959354e-020
1031.050000  1.888715e-020
1031.080000  1.823222e-020
1031.110000  1.768942e-020
1031.140000  1.725578e-020
1031.170000  1.687185e-020
1031.200000  1.649949e-020
1031.230000  1.610977e-020
1031.260000  1.566835e-020
1031.290000  1.519692e-020
1031.320000  1.477462e-020
1031.350000  1.442858e-020
1031.380000  1.413683e-020
1031.410000  1.389135e-020
1031.440000  1.366760e-020
1031.470000  1.341365e-020
1031.500000  1.311570e-020
1031.530000  1.279807e-020
1031.560000  1.246535e-020
1031.590000  1.211835e-020
1031.620000  1.176652e-020
1031.650000  1.142347e-020
1031.680000  1.109324e-020
1031.710000  1.078269e-020
1031.740000  1.050048e-020
1031.770000  1.025128e-020
1031.800000  1.003452e-020
1031.830000  9.847200e-021
1031.860000  9.690170e-021
1031.890000  9.542149e-021
1031.920000  9.383736e-021
1031.950000  9.212914e-021
1031.980000  9.045914e-021
1032.010000  8.889780e-021
1032.040000  8.751535e-021
1032.070000  8.639754e-021
1032.100000  8.535007e-021
1032.130000  8.412195e-021
1032.160000  8.270518e-021
1032.190000  8.117352e-021
1032.220000  7.947079e-021
1032.250000  7.772769e-021
1032.280000  7.602676e-021
1032.310000  7.434381e-021
1032.340000  7.287348e-021
1032.370000  7.163609e-021
1032.400000  7.062998e-021
1032.430000  6.983339e-021
1032.460000  6.913134e-021
1032.490000  6.837272e-021
1032.520000  6.748089e-021
1032.550000  6.640754e-021
1032.580000  6.517482e-021
1032.610000  6.393627e-021
1032.640000  6.266784e-021
1032.670000  6.140979e-021
1032.700000  6.033387e-021
1032.730000  5.952013e-021
1032.760000  5.885687e-021
1032.790000  5.827279e-021
1032.820000  5.765532e-021
1032.850000  5.692358e-021
1032.880000  5.615430e-021
1032.910000  5.534251e-021
1032.940000  5.440407e-021
1032.970000  5.345734e-021
1033.000000  5.252544e-021
1033.030000  5.149945e-021
1033.060000  5.054075e-021
1033.090000  4.991159e-021
1033.120000  4.959708e-021
1033.150000  4.946784e-021
1033.180000  4.932279e-021
1033.210000  4.904861e-021
1033.240000  4.869073e-021
1033.270000  4.827355e-021
1033.300000  4.777242e-021
1033.330000  4.720617e-021
1033.360000  4.654332e-021
1033.390000  4.574767e-021
1033.420000  4.498240e-021
1033.450000  4.431474e-021
1033.480000  4.374437e-021
1033.510000  4.330183e-021
1033.540000  4.299664e-021
1033.570000  4.270797e-021
1033.600000  4.235986e-021
1033.630000  4.201611e-021
1033.660000  4.168159e-021
1033.690000  4.122096e-021
1033.720000  4.063686e-021
1033.750000  4.008995e-021
1033.780000  3.962814e-021
1033.810000  3.922389e-021
1033.840000  3.891727e-021
1033.870000  3.867172e-021
1033.900000  3.826010e-021
1033.930000  3.769089e-021
1033.960000  3.721188e-021
1033.990000  3.678643e-021
1034.020000  3.632302e-021
1034.050000  3.591047e-021
1034.080000  3.561057e-021
1034.110000  3.536891e-021
1034.140000  3.518952e-021
1034.170000  3.509021e-021
1034.200000  3.504761e-021
1034.230000  3.496027e-021
1034.260000  3.478502e-021
1034.290000  3.459473e-021
1034.320000  3.439080e-021
1034.350000  3.411358e-021
1034.380000  3.384908e-021
1034.410000  3.355012e-021
1034.440000  3.308711e-021
1034.470000  3.263876e-021
1034.500000  3.237711e-021
1034.530000  3.213112e-021
1034.560000  3.177497e-021
1034.590000  3.144721e-021
1034.620000  3.114462e-021
1034.650000  3.087473e-021
1034.680000  3.073181e-021
1034.710000  3.075237e-021
1034.740000  3.081669e-021
1034.770000  3.086406e-021
1034.800000  3.089718e-021
1034.830000  3.083661e-021
1034.860000  3.066586e-021
1034.890000  3.048633e-021
1034.920000  3.020838e-021
1034.950000  2.982436e-021
1034.980000  2.939555e-021
1035.010000  2.893664e-021
1035.040000  2.850352e-021
1035.070000  2.819022e-021
1035.100000  2.797284e-021
1035.130000  2.778525e-021
1035.160000  2.765210e-021
1035.190000  2.757661e-021
1035.220000  2.754188e-021
1035.250000  2.746611e-021
1035.280000  2.738456e-021
1035.310000  2.727014e-021
1035.340000  2.703615e-021
1035.370000  2.677088e-021
1035.400000  2.653180e-021
1035.430000  2.633379e-021
1035.460000  2.628902e-021
1035.490000  2.632197e-021
1035.520000  2.627864e-021
1035.550000  2.613644e-021
1035.580000  2.593173e-021
1035.610000  2.559021e-021
1035.640000  2.519723e-021
1035.670000  2.487562e-021
1035.700000  2.462383e-021
1035.730000  2.438088e-021
1035.760000  2.421648e-021
1035.790000  2.414743e-021
1035.820000  2.399988e-021
1035.850000  2.375981e-021
1035.880000  2.354291e-021
1035.910000  2.337047e-021
1035.940000  2.317172e-021
1035.970000  2.303123e-021
1036.000000  2.302701e-021
1036.030000  2.308049e-021
1036.060000  2.307746e-021
1036.090000  2.304620e-021
1036.120000  2.294850e-021
1036.150000  2.274560e-021
1036.180000  2.252997e-021
1036.210000  2.235770e-021
1036.240000  2.220348e-021
1036.270000  2.216792e-021
1036.300000  2.223478e-021
1036.330000  2.225055e-021
1036.360000  2.226013e-021
1036.390000  2.228137e-021
1036.420000  2.224650e-021
1036.450000  2.217124e-021
1036.480000  2.211358e-021
1036.510000  2.202200e-021
1036.540000  2.197984e-021
1036.570000  2.198455e-021
1036.600000  2.196364e-021
1036.630000  2.196747e-021
1036.660000  2.201718e-021
1036.690000  2.209668e-021
1036.720000  2.216802e-021
1036.750000  2.224029e-021
1036.780000  2.229549e-021
1036.810000  2.228491e-021
1036.840000  2.224731e-021
1036.870000  2.228184e-021
1036.900000  2.240780e-021
1036.930000  2.257297e-021
1036.960000  2.276574e-021
1036.990000  2.292645e-021
1037.020000  2.295687e-021
1037.050000  2.294095e-021
1037.080000  2.303865e-021
1037.110000  2.316192e-021
1037.140000  2.319946e-021
1037.170000  2.325193e-021
1037.200000  2.325499e-021
1037.230000  2.307610e-021
1037.260000  2.287715e-021
1037.290000  2.274552e-021
1037.320000  2.264283e-021
1037.350000  2.261586e-021
1037.380000  2.270709e-021
1037.410000  2.287914e-021
1037.440000  2.303823e-021
1037.470000  2.314072e-021
1037.500000  2.319602e-021
1037.530000  2.318544e-021
1037.560000  2.313473e-021
1037.590000  2.315639e-021
1037.620000  2.327491e-021
1037.650000  2.341046e-021
1037.680000  2.352483e-021
1037.710000  2.358923e-021
1037.740000  2.361661e-021
1037.770000  2.364039e-021
1037.800000  2.368770e-021
1037.830000  2.367447e-021
1037.860000  2.357116e-021
1037.890000  2.350841e-021
1037.920000  2.346718e-021
1037.950000  2.339234e-021
1037.980000  2.342354e-021
1038.010000  2.360737e-021
1038.040000  2.370008e-021
1038.070000  2.369175e-021
1038.100000  2.372841e-021
1038.130000  2.376916e-021
1038.160000  2.376244e-021
1038.190000  2.383394e-021
1038.220000  2.393809e-021
1038.250000  2.393428e-021
1038.280000  2.389594e-021
1038.310000  2.388837e-021
1038.340000  2.392171e-021
1038.370000  2.406720e-021
1038.400000  2.433331e-021
1038.430000  2.465575e-021
1038.460000  2.499048e-021
1038.490000  2.515194e-021
1038.520000  2.506144e-021
1038.550000  2.483795e-021
1038.580000  2.462120e-021
1038.610000  2.445926e-021
1038.640000  2.441200e-021
1038.670000  2.453378e-021
1038.700000  2.476457e-021
1038.730000  2.489434e-021
1038.760000  2.479745e-021
1038.790000  2.470758e-021
1038.820000  2.466902e-021
1038.850000  2.457151e-021
1038.880000  2.451722e-021
1038.910000  2.466243e-021
1038.940000  2.476078e-021
1038.970000  2.466643e-021
1039.000000  2.466076e-021
1039.030000  2.474396e-021
1039.060000  2.470746e-021
1039.090000  2.459150e-021
1039.120000  2.449149e-021
1039.150000  2.438287e-021
1039.180000  2.421494e-021
1039.210000  2.403820e-021
1039.240000  2.395154e-021
1039.270000  2.398285e-021
1039.300000  2.390764e-021
1039.330000  2.367374e-021
1039.360000  2.343601e-021
1039.390000  2.319181e-021
1039.420000  2.292781e-021
1039.450000  2.275764e-021
1039.480000  2.280139e-021
1039.510000  2.297445e-021
1039.540000  2.317451e-021
1039.570000  2.338215e-021
1039.600000  2.352557e-021
1039.630000  2.352426e-021
1039.660000  2.339907e-021
1039.690000  2.324943e-021
1039.720000  2.308941e-021
1039.750000  2.290091e-021
1039.780000  2.273301e-021
1039.810000  2.255063e-021
1039.840000  2.231122e-021
1039.870000  2.204465e-021
1039.900000  2.181676e-021
1039.930000  2.164289e-021
1039.960000  2.156788e-021
1039.990000  2.155009e-021
1040.020000  2.150651e-021
1040.050000  2.150214e-021
1040.080000  2.158000e-021
1040.110000  2.159774e-021
1040.140000  2.154464e-021
1040.170000  2.156508e-021
1040.200000  2.160194e-021
1040.230000  2.152207e-021
1040.260000  2.139074e-021
1040.290000  2.130555e-021
1040.320000  2.122175e-021
1040.350000  2.106767e-021
1040.380000  2.093359e-021
1040.410000  2.086879e-021
1040.440000  2.086761e-021
1040.470000  2.084269e-021
1040.500000  2.071254e-021
1040.530000  2.054579e-021
1040.560000  2.048775e-021
1040.590000  2.046520e-021
1040.620000  2.044047e-021
1040.650000  2.052492e-021
1040.680000  2.061851e-021
1040.710000  2.059119e-021
1040.740000  2.045785e-021
1040.770000  2.035040e-021
1040.800000  2.024049e-021
1040.830000  2.010980e-021
1040.860000  1.993819e-021
1040.890000  1.972409e-021
1040.920000  1.946993e-021
1040.950000  1.922379e-021
1040.980000  1.907041e-021
1041.010000  1.902849e-021
1041.040000  1.912351e-021
1041.070000  1.923761e-021
1041.100000  1.930411e-021
1041.130000  1.937620e-021
1041.160000  1.948197e-021
1041.190000  1.955757e-021
1041.220000  1.960167e-021
1041.250000  1.966782e-021
1041.280000  1.968437e-021
1041.310000  1.963923e-021
1041.340000  1.961275e-021
1041.370000  1.963319e-021
1041.400000  1.959451e-021
1041.430000  1.943391e-021
1041.460000  1.924226e-021
1041.490000  1.903206e-021
1041.520000  1.881787e-021
1041.550000  1.879419e-021
1041.580000  1.891778e-021
1041.610000  1.901194e-021
1041.640000  1.914894e-021
1041.670000  1.927578e-021
1041.700000  1.919387e-021
1041.730000  1.900156e-021
1041.760000  1.886287e-021
1041.790000  1.875538e-021
1041.820000  1.869612e-021
1041.850000  1.872193e-021
1041.880000  1.880803e-021
1041.910000  1.887639e-021
1041.940000  1.881118e-021
1041.970000  1.863534e-021
1042.000000  1.846638e-021
1042.200000  1.837283e-021
1042.400000  1.777647e-021
1042.600000  1.801010e-021
1042.800000  1.810354e-021
1043.000000  1.818933e-021
1043.200000  1.851397e-021
1043.400000  1.896456e-021
1043.600000  1.912389e-021
1043.800000  1.937378e-021
1044.000000  1.995607e-021
1044.200000  2.109584e-021
1044.400000  2.241490e-021
1044.600000  2.361827e-021
1044.800000  2.462674e-021
1045.000000  2.534108e-021
1045.200000  2.601726e-021
1045.400000  2.746588e-021
1045.600000  3.014439e-021
1045.800000  3.241195e-021
1046.000000  3.458467e-021
1046.200000  3.664241e-021
1046.400000  3.872391e-021
1046.600000  4.041160e-021
1046.800000  4.196313e-021
1047.000000  4.351758e-021
1047.200000  4.447662e-021
1047.400000  4.539751e-021
1047.600000  4.632011e-021
1047.800000  4.756446e-021
1048.000000  4.797025e-021
1048.200000  4.809620e-021
1048.400000  4.884417e-021
1048.600000  4.923211e-021
1048.800000  4.849528e-021
1049.000000  4.681150e-021
1049.200000  4.474188e-021
1049.400000  4.220469e-021
1049.600000  3.929948e-021
1049.800000  3.661081e-021
1050.000000  3.393719e-021
1050.200000  3.200702e-021
1050.400000  2.993138e-021
1050.600000  2.777066e-021
1050.800000  2.582899e-021
1051.000000  2.343679e-021
1051.200000  2.207676e-021
1051.400000  2.099898e-021
1051.600000  1.892114e-021
1051.800000  1.832347e-021
1052.000000  1.719204e-021
1052.200000  1.591342e-021
1052.400000  1.533156e-021
1052.600000  1.479564e-021
1052.800000  1.384492e-021
1053.000000  1.293544e-021
1053.200000  1.247981e-021
1053.400000  1.222462e-021
1053.600000  1.197304e-021
1053.800000  1.168392e-021
1054.000000  1.145810e-021
1054.200000  1.134938e-021
1054.400000  1.124044e-021
1054.600000  1.094328e-021
1054.800000  1.077582e-021
1055.000000  1.076120e-021
1055.200000  1.066782e-021
1055.400000  1.031502e-021
1055.600000  1.019610e-021
1055.800000  1.011434e-021
1056.000000  1.017592e-021
1056.200000  1.026674e-021
1056.400000  1.019312e-021
1056.600000  1.009432e-021
1056.800000  9.678012e-022
1057.000000  9.561800e-022
1057.200000  9.445358e-022
1057.400000  9.098399e-022
1057.600000  8.857643e-022
1057.800000  8.832462e-022
1058.000000  8.817721e-022
1058.200000  8.708378e-022
1058.400000  8.516784e-022
1058.600000  8.232181e-022
1058.800000  8.043972e-022
1059.000000  7.804772e-022
1059.200000  7.577781e-022
1059.400000  7.563804e-022
1059.600000  7.604792e-022
1059.800000  7.527277e-022
1060.000000  7.443249e-022
1060.200000  7.439667e-022
1060.400000  7.013518e-022
1060.600000  6.854354e-022
1060.800000  6.771469e-022
1061.000000  7.082358e-022
1061.200000  6.797034e-022
1061.400000  6.611435e-022
1061.600000  6.598447e-022
1061.800000  6.527718e-022
1062.000000  6.589493e-022
1062.200000  6.589276e-022
1062.400000  6.653356e-022
1062.600000  6.346378e-022
1062.800000  6.285780e-022
1063.000000  6.126182e-022
1063.200000  6.334194e-022
1063.400000  6.116181e-022
1063.600000  6.057266e-022
1063.800000  6.177319e-022
1064.000000  6.152892e-022
1064.200000  5.834422e-022
1064.400000  5.991368e-022
1064.600000  6.230902e-022
1064.800000  6.260602e-022
1065.000000  5.932330e-022
1065.200000  6.157261e-022
1065.400000  6.217391e-022
1065.600000  6.184062e-022
1065.800000  6.009094e-022
1066.000000  5.888292e-022
1066.200000  6.201492e-022
1066.400000  6.100288e-022
1066.600000  5.852413e-022
1066.800000  6.210208e-022
1067.000000  5.968529e-022
1067.200000  5.779007e-022
1067.400000  5.731758e-022
1067.600000  5.875507e-022
1067.800000  5.597405e-022
1068.000000  5.567439e-022
1068.200000  5.508778e-022
1068.400000  5.319924e-022
1068.600000  5.386695e-022
1068.800000  5.449167e-022
1069.000000  5.379097e-022
1069.200000  5.466010e-022
1069.400000  5.564155e-022
1069.600000  5.460722e-022
1069.800000  5.383720e-022
1070.000000  5.450950e-022
1070.200000  5.382676e-022
1070.400000  5.525683e-022
1070.600000  5.575397e-022
1070.800000  5.328665e-022
1071.000000  5.451921e-022
1071.200000  5.367664e-022
1071.400000  5.155802e-022
1071.600000  5.279225e-022
1071.800000  5.028794e-022
1072.000000  5.096266e-022
1072.200000  5.210986e-022
1072.400000  4.881154e-022
1072.600000  5.263433e-022
1072.800000  5.266091e-022
1073.000000  5.068271e-022
1073.200000  5.181220e-022
1073.400000  5.256010e-022
1073.600000  5.290273e-022
1073.800000  5.329118e-022
1074.000000  5.076091e-022
1074.200000  5.434189e-022
1074.400000  5.464190e-022
1074.600000  5.369423e-022
1074.800000  5.647004e-022
1075.000000  5.436265e-022
1075.200000  5.304779e-022
1075.400000  5.264157e-022
1075.600000  5.262214e-022
1075.800000  5.118771e-022
1076.000000  5.082415e-022
1076.200000  5.057417e-022
1076.400000  4.885905e-022
1076.600000  4.821728e-022
1076.800000  4.920210e-022
1077.000000  4.906422e-022
1077.200000  4.770863e-022
1077.400000  4.653440e-022
1077.600000  4.607133e-022
1077.800000  4.781861e-022
1078.000000  4.774772e-022
1078.200000  4.548435e-022
1078.400000  4.411756e-022
1078.600000  4.432032e-022
1078.800000  4.362091e-022
1079.000000  4.368453e-022
1079.200000  4.068792e-022
1079.400000  4.007589e-022
1079.600000  4.283059e-022
1079.800000  4.254479e-022
1080.000000  4.118801e-022
1080.200000  4.101653e-022
1080.400000  4.079807e-022
1080.600000  4.027581e-022
1080.800000  3.986933e-022
1081.000000  3.950880e-022
1081.200000  4.090255e-022
1081.400000  4.009722e-022
1081.600000  4.151745e-022
1081.800000  3.904513e-022
1082.000000  3.987978e-022
1082.200000  3.972858e-022
1082.400000  4.009472e-022
1082.600000  3.982561e-022
1082.800000  3.972097e-022
1083.000000  3.945093e-022
1083.200000  3.816483e-022
1083.400000  3.846010e-022
1083.600000  3.672108e-022
1083.800000  3.616292e-022
1084.000000  3.524813e-022
1084.200000  3.803288e-022
1084.400000  3.816297e-022
1084.600000  3.800801e-022
1084.800000  3.502151e-022
1085.000000  3.645882e-022
1085.200000  3.677846e-022
1085.400000  3.559563e-022
1085.600000  3.720449e-022
1085.800000  3.716707e-022
1086.000000  3.614867e-022
1086.200000  3.733136e-022
1086.400000  3.652687e-022
1086.600000  3.660848e-022
1086.800000  3.563369e-022
1087.000000  3.585876e-022
1087.200000  3.596393e-022
1087.400000  3.368551e-022
1087.600000  3.345139e-022
1087.800000  3.321681e-022
1088.000000  3.385098e-022
1088.200000  3.460711e-022
1088.400000  3.381649e-022
1088.600000  3.171697e-022
1088.800000  3.097064e-022
1089.000000  3.136293e-022
1089.200000  3.129463e-022
1089.400000  3.173648e-022
1089.600000  3.244666e-022
1089.800000  3.225734e-022
1090.000000  3.304235e-022
1090.200000  3.182879e-022
1090.400000  3.053973e-022
1090.600000  3.347548e-022
1090.800000  3.265018e-022
1091.000000  3.314524e-022
1091.200000  3.065193e-022
1091.400000  3.308342e-022
1091.600000  3.252462e-022
1091.800000  3.287383e-022
1092.000000  3.383844e-022
1092.200000  3.155568e-022
1092.400000  3.160922e-022
1092.600000  2.973939e-022
1092.800000  3.211142e-022
1093.000000  3.127615e-022
1093.200000  3.157677e-022
1093.400000  2.977417e-022
1093.600000  2.913255e-022
1093.800000  2.920879e-022
1094.000000  3.032749e-022
1094.200000  2.891447e-022
1094.400000  2.933872e-022
1094.600000  2.941531e-022
1094.800000  2.874475e-022
1095.000000  2.799813e-022
1095.200000  2.769930e-022
1095.400000  2.720009e-022
1095.600000  2.724993e-022
1095.800000  2.612376e-022
1096.000000  2.692402e-022
1096.200000  2.634695e-022
1096.400000  2.642118e-022
1096.600000  2.546583e-022
1096.800000  2.561475e-022
1097.000000  2.384923e-022
1097.200000  2.363426e-022
1097.400000  2.273327e-022
1097.600000  2.209552e-022
1097.800000  2.206263e-022
1098.000000  2.300779e-022
1098.200000  2.150076e-022
1098.400000  2.154566e-022
1098.600000  1.993566e-022
1098.800000  1.955809e-022
1099.000000  2.026143e-022
1099.200000  1.954797e-022
1099.400000  1.822271e-022
1099.600000  1.889870e-022
1099.800000  1.908153e-022
1100.000000  1.812455e-022
1100.200000  1.812572e-022
1100.400000  1.793012e-022
1100.600000  1.777506e-022
1100.800000  1.813168e-022
1101.000000  1.897575e-022
1101.200000  1.799282e-022
1101.400000  1.700552e-022
1101.600000  1.771979e-022
1101.800000  1.652469e-022
1102.000000  1.713168e-022
1102.200000  1.672731e-022
1102.400000  1.841339e-022
1102.600000  1.748292e-022
1102.800000  1.572152e-022
1103.000000  1.610551e-022
1103.200000  1.621329e-022
1103.400000  1.701802e-022
1103.600000  1.654863e-022
1103.800000  1.548413e-022
1104.000000  1.607736e-022
1104.200000  1.665866e-022
1104.400000  1.496422e-022
1104.600000  1.447253e-022
1104.800000  1.437876e-022
1105.000000  1.556587e-022
1105.200000  1.476519e-022
1105.400000  1.561236e-022
1105.600000  1.441781e-022
1105.800000  1.476603e-022
1106.000000  1.472435e-022
1106.200000  1.510755e-022
1106.400000  1.503194e-022
1106.600000  1.420719e-022
1106.800000  1.345195e-022
1107.000000  1.409334e-022
1107.200000  1.462521e-022
1107.400000  1.372055e-022
1107.600000  1.543043e-022
1107.800000  1.484192e-022
1108.000000  1.565666e-022
1108.200000  1.433666e-022
1108.400000  1.405286e-022
1108.600000  1.451106e-022
1108.800000  1.410478e-022
1109.000000  1.466212e-022
1109.200000  1.454505e-022
1109.400000  1.410572e-022
1109.600000  1.372419e-022
1109.800000  1.362725e-022
1110.000000  1.387438e-022
1110.200000  1.454129e-022
1110.400000  1.266425e-022
1110.600000  1.484847e-022
1110.800000  1.475739e-022
1111.000000  1.303895e-022
1111.200000  1.375367e-022
1111.400000  1.266498e-022
1111.600000  1.320322e-022
1111.800000  1.355140e-022
1112.000000  1.335355e-022
1112.200000  1.433584e-022
1112.400000  1.389553e-022
1112.600000  1.346252e-022
1112.800000  1.221526e-022
1113.000000  1.332985e-022
1113.200000  1.283826e-022
1113.400000  1.211545e-022
1113.600000  1.062648e-022
1113.800000  1.142599e-022
1114.000000  1.206661e-022
1114.200000  1.299937e-022
1114.400000  1.195492e-022
1114.600000  1.180763e-022
1114.800000  1.308077e-022
1115.000000  1.235559e-022
1115.200000  1.097075e-022
1115.400000  1.224379e-022
1115.600000  1.175397e-022
1115.800000  1.052642e-022
1116.000000  1.032750e-022
1116.200000  1.004589e-022
1116.400000  1.103265e-022
1116.600000  1.119922e-022
1116.800000  1.073601e-022
1117.000000  1.021688e-022
1117.200000  9.887004e-023
1117.400000  1.021036e-022
1117.600000  1.072206e-022
1117.800000  9.308320e-023
1118.000000  1.034845e-022
1118.200000  9.906414e-023
1118.400000  9.815514e-023
1118.600000  9.294525e-023
1118.800000  9.330599e-023
1119.000000  8.808225e-023
1119.200000  9.536406e-023
1119.400000  8.567889e-023
1119.600000  9.288782e-023
1119.800000  8.560900e-023
1120.000000  9.045818e-023
1120.200000  9.397505e-023
1120.400000  9.246522e-023
1120.600000  8.493575e-023
1120.800000  9.506730e-023
1121.000000  9.568483e-023
1121.200000  7.295709e-023
1121.400000  8.821642e-023
1121.600000  9.121860e-023
1121.800000  7.830132e-023
1122.000000  7.606197e-023
1122.200000  7.906111e-023
1122.400000  7.461784e-023
1122.600000  7.680205e-023
1122.800000  7.031389e-023
1123.000000  6.932994e-023
1123.200000  8.374567e-023
1123.400000  8.302683e-023
1123.600000  6.509087e-023
1123.800000  7.392049e-023
1124.000000  7.134392e-023
1124.200000  6.099917e-023
1124.400000  5.746709e-023
1124.600000  6.230428e-023
1124.800000  5.731276e-023
1125.000000  6.027473e-023
1125.200000  6.072823e-023
1125.400000  4.825982e-023
1125.600000  6.243870e-023
1125.800000  5.902866e-023
1126.000000  6.080109e-023
1126.200000  6.165847e-023
1126.400000  4.781412e-023
1126.600000  6.337764e-023
1126.800000  5.768027e-023
1127.000000  5.505366e-023
1127.200000  5.833029e-023
1127.400000  6.412219e-023
1127.600000  5.722130e-023
1127.800000  5.270648e-023
1128.000000  6.348319e-023
1128.200000  6.605791e-023
1128.400000  6.263972e-023
1128.600000  6.617510e-023
1128.800000  5.793277e-023
1129.000000  6.132487e-023
1129.200000  5.387763e-023
1129.400000  6.574063e-023
1129.600000  5.907042e-023
1129.800000  6.113431e-023
1130.000000  4.373937e-023
1130.200000  6.258603e-023
1130.400000  5.887066e-023
1130.600000  5.289590e-023
1130.800000  6.529991e-023
1131.000000  4.328847e-023
1131.200000  5.464980e-023
1131.400000  5.402284e-023
1131.600000  4.922188e-023
1131.800000  4.847127e-023
1132.000000  4.839636e-023
1132.200000  4.952930e-023
1132.400000  5.116553e-023
1132.600000  3.533098e-023
1132.800000  4.522933e-023
1133.000000  4.633373e-023
1133.200000  4.610829e-023
1133.400000  5.559798e-023
1133.600000  3.827403e-023
1133.800000  5.071110e-023
1134.000000  5.319117e-023
1134.200000  4.241807e-023
1134.400000  3.373827e-023
1134.600000  4.213559e-023
1134.800000  3.865586e-023
1135.000000  4.411905e-023
1135.200000  3.970930e-023
1135.400000  4.598983e-023
1135.600000  4.169351e-023
1135.800000  4.173023e-023
1136.000000  3.571467e-023
1136.200000  3.952465e-023
1136.400000  4.091011e-023
1136.600000  4.178728e-023
1136.800000  5.282881e-023
1137.000000  4.282387e-023
1137.200000  3.500009e-023
1137.400000  4.959190e-023
1137.600000  3.795835e-023
1137.800000  4.750476e-023
1138.000000  3.503269e-023
1138.200000  3.282475e-023
1138.400000  4.426908e-023
1138.600000  3.315522e-023
1138.800000  3.997895e-023
1139.000000  3.312242e-023
1139.200000  3.424542e-023
1139.400000  3.345434e-023
1139.600000  3.920638e-023
1139.800000  2.311490e-023
1140.000000  3.564655e-023
1140.200000  4.059154e-023
1140.400000  4.035223e-023
1140.600000  2.565119e-023
1140.800000  3.004648e-023
1141.000000  1.968409e-023
1141.200000  4.242517e-023
1141.400000  3.067169e-023
1141.600000  3.042528e-023
1141.800000  3.402331e-023
1142.000000  2.828224e-023
1142.200000  3.599184e-023
1142.400000  2.915766e-023
1142.600000  3.827556e-023
1142.800000  3.994516e-023
1143.000000  2.316623e-023
1143.200000  3.837617e-023
1143.400000  3.039044e-023
1143.600000  3.457114e-023
1143.800000  2.407834e-023
1144.000000  1.551286e-023
1144.200000  3.133860e-023
1144.400000  2.025578e-023
1144.600000  3.472255e-023
1144.800000  1.978050e-023
1145.000000  3.151065e-023
1145.200000  8.372746e-024
1145.400000  2.793457e-023
1145.600000  2.264655e-023
1145.800000  3.162088e-023
1146.000000  2.632678e-023
1146.200000  1.821925e-023
1146.400000  2.581144e-023
1146.600000  2.358671e-023
1146.800000  2.698111e-023
1147.000000  1.828292e-023
1147.200000  1.970865e-023
1147.400000  3.521233e-023
1147.600000  2.820388e-023
1147.800000  1.891153e-023
1148.000000  1.751646e-023
1148.200000  1.159300e-023
1148.400000  3.340478e-023
1148.600000  3.144241e-023
1148.800000  1.474146e-023
1149.000000  2.752317e-023
1149.200000  1.618926e-023
1149.400000  1.534870e-023
1149.600000  1.678347e-023
1149.800000  1.969112e-023
1150.000000  1.142613e-024
