800.000000  NaN
800.200000  NaN
800.400000  NaN
800.600000  2.873457e-036
800.800000  -1.789877e-034
801.000000  -4.358437e-036
801.200000  1.887029e-034
801.400000  -1.068826e-035
801.600000  -1.704586e-034
801.800000  9.593060e-035
802.000000  3.160974e-034
802.200000  6.809913e-035
802.400000  -5.396061e-035
802.600000  9.057967e-035
802.800000  1.633215e-035
803.000000  -2.897305e-034
803.200000  -1.792586e-034
803.400000  2.993409e-036
803.600000  -2.749614e-034
803.800000  -4.526527e-034
804.000000  -2.903381e-034
804.200000  -2.039547e-034
804.400000  -4.390983e-034
804.600000  -4.263298e-034
804.800000  2.807768e-035
805.000000  -1.978361e-034
805.200000  -7.330383e-034
805.400000  -6.198860e-034
805.600000  -4.380780e-034
805.800000  -1.844686e-034
806.000000  -4.379932e-034
806.200000  4.843854e-034
806.400000  4.351531e-034
806.600000  -1.431795e-034
806.800000  -1.039521e-034
807.000000  5.614660e-034
807.200000  3.767397e-034
807.400000  -4.736624e-034
807.600000  2.414265e-035
807.800000  3.438208e-034
808.000000  -3.015803e-034
808.200000  -7.279018e-034
808.400000  4.046419e-035
808.600000  2.697951e-034
808.800000  -6.273574e-034
809.000000  -4.587143e-034
809.200000  1.055488e-034
809.400000  -6.372361e-034
809.600000  -1.378233e-033
809.800000  -2.040829e-034
810.000000  6.095389e-034
810.200000  -3.396827e-034
810.400000  -6.880692e-034
810.600000  7.172761e-034
810.800000  8.404128e-034
811.000000  -4.067043e-034
811.200000  8.716103e-035
811.400000  1.085355e-033
811.600000  4.242371e-034
811.800000  -1.124691e-033
812.000000  1.985560e-034
812.200000  1.133194e-033
812.400000  -1.049383e-033
812.600000  -2.355124e-033
812.800000  8.812042e-034
813.000000  6.334880e-034
813.200000  -1.655762e-034
813.400000  1.280512e-034
813.600000  1.299600e-033
813.800000  -6.226752e-034
814.000000  -1.752127e-033
814.200000  1.268245e-033
814.400000  8.452466e-034
814.600000  -3.078298e-033
814.800000  -3.278326e-033
815.000000  -2.315267e-034
815.200000  -1.200086e-033
815.400000  -4.173376e-033
815.600000  -2.023503e-033
815.800000  7.187617e-034
816.000000  -4.157093e-034
816.200000  -1.954805e-033
816.400000  3.042959e-033
816.600000  3.749594e-033
816.800000  7.560441e-034
817.000000  9.501694e-034
817.200000  4.175635e-033
817.400000  2.214320e-033
817.600000  -1.124392e-033
817.800000  3.376676e-033
818.000000  1.025927e-032
818.200000  5.644419e-033
818.400000  1.572987e-033
818.600000  1.004209e-032
818.800000  1.097091e-032
819.000000  5.930709e-033
819.200000  3.802206e-033
819.400000  8.706737e-033
819.600000  8.270088e-033
819.800000  4.240393e-033
820.000000  6.388118e-033
820.200000  1.022800e-032
820.400000  3.762981e-033
820.600000  4.747185e-034
820.800000  1.218160e-032
821.000000  1.391041e-032
821.200000  4.353498e-033
821.400000  5.516445e-033
821.600000  1.284050e-032
821.800000  6.475973e-033
822.000000  -3.781337e-033
822.200000  4.746016e-033
822.400000  1.220960e-032
822.600000  3.370039e-033
822.800000  -2.065899e-033
823.000000  7.147806e-033
823.200000  4.399599e-033
823.400000  -3.647978e-033
823.600000  -7.892101e-034
823.800000  1.213101e-032
824.000000  4.854740e-033
824.200000  -4.513823e-033
824.400000  8.233577e-033
824.600000  9.678888e-033
824.800000  -4.681309e-033
825.000000  -9.180788e-033
825.200000  9.284613e-033
825.400000  2.150968e-032
825.600000  2.226521e-033
825.800000  5.904148e-033
826.000000  2.703427e-032
826.200000  1.792181e-032
826.400000  -8.790832e-033
826.600000  1.316364e-032
826.800000  3.506912e-032
827.000000  1.342074e-032
827.200000  2.932308e-033
827.400000  1.037352e-032
827.600000  -4.066029e-033
827.800000  -2.744115e-032
828.000000  -3.647223e-033
828.200000  3.090822e-032
828.400000  2.543695e-032
828.600000  -8.718429e-034
828.800000  2.727304e-032
829.000000  3.309330e-032
829.200000  4.652840e-033
829.400000  2.249104e-033
829.600000  4.801689e-032
829.800000  5.026385e-032
830.000000  -3.561791e-034
830.200000  9.848997e-033
830.400000  2.989233e-032
830.600000  1.883920e-032
830.800000  -1.228473e-032
831.000000  3.519259e-032
831.200000  4.566046e-032
831.400000  -1.491700e-032
831.600000  -4.295638e-032
831.800000  1.279025e-032
832.000000  -6.281698e-033
832.200000  -6.234212e-032
832.400000  -2.799544e-032
832.600000  6.177749e-032
832.800000  2.194222e-032
833.000000  -3.907825e-032
833.200000  3.854325e-032
833.400000  7.606007e-032
833.600000  6.235607e-033
833.800000  -1.682181e-032
834.000000  6.831168e-032
834.200000  3.277671e-032
834.400000  -5.053983e-032
834.600000  4.530086e-032
834.800000  1.650653e-031
835.000000  1.218433e-031
835.200000  8.960945e-032
835.400000  1.547893e-031
835.600000  1.570337e-031
835.800000  4.258842e-032
836.000000  9.493716e-032
836.200000  2.398036e-031
836.400000  2.125033e-031
836.600000  1.209546e-031
836.800000  2.241062e-031
837.000000  2.354836e-031
837.200000  4.913498e-032
837.400000  1.864662e-032
837.600000  1.497104e-031
837.800000  1.228076e-031
838.000000  -1.286048e-032
838.200000  7.827693e-032
838.400000  3.630778e-031
838.600000  3.285824e-031
838.800000  1.657893e-031
839.000000  2.379615e-031
839.200000  2.792516e-031
839.400000  1.096457e-031
839.600000  4.231709e-032
839.800000  2.545429e-031
840.000000  3.265619e-031
840.200000  1.840095e-031
840.400000  4.244853e-031
840.600000  6.004601e-031
840.800000  3.557842e-031
841.000000  2.332673e-032
841.200000  9.773890e-032
841.400000  1.935573e-031
841.600000  9.604849e-033
841.800000  -7.141643e-032
842.000000  2.362683e-031
842.200000  1.438802e-031
842.400000  -2.718439e-031
842.600000  -1.007785e-031
842.800000  2.908118e-031
843.000000  2.587721e-031
843.200000  9.975394e-032
843.400000  4.562755e-031
843.600000  6.283719e-031
843.800000  3.440740e-031
844.000000  3.867926e-031
844.200000  8.740551e-031
844.400000  6.843919e-031
844.600000  -2.864443e-032
844.800000  -6.437420e-032
845.000000  4.868558e-031
845.200000  4.354607e-031
845.400000  8.266283e-032
845.600000  6.110527e-031
845.800000  7.569854e-031
846.000000  2.820480e-031
846.200000  5.057243e-031
846.400000  1.214505e-030
846.600000  8.643770e-031
846.800000  1.756591e-031
847.000000  6.087673e-031
847.200000  1.241050e-030
847.400000  7.488393e-031
847.600000  4.026569e-031
847.800000  1.301563e-030
848.000000  1.502272e-030
848.200000  6.443713e-031
848.400000  8.715871e-031
848.600000  2.018758e-030
848.800000  1.755860e-030
849.000000  1.503677e-030
849.200000  2.263820e-030
849.400000  2.962534e-030
849.600000  1.990380e-030
849.800000  1.374982e-030
850.000000  2.022069e-030
850.200000  1.795622e-030
850.400000  4.321957e-031
850.600000  9.244950e-031
850.800000  2.285880e-030
851.000000  1.341046e-030
851.200000  -1.708277e-031
851.400000  1.181883e-030
851.600000  2.858431e-030
851.800000  1.931081e-030
852.000000  1.304760e-030
852.200000  3.374569e-030
852.400000  3.877410e-030
852.600000  2.330914e-030
852.800000  2.460656e-030
853.000000  4.771714e-030
853.200000  3.836699e-030
853.400000  2.484613e-030
853.600000  3.888353e-030
853.800000  5.198339e-030
854.000000  2.421304e-030
854.200000  2.006273e-030
854.400000  5.484698e-030
854.600000  6.713365e-030
854.800000  5.118034e-030
855.000000  5.431070e-030
855.200000  7.691235e-030
855.400000  5.748181e-030
855.600000  3.470677e-030
855.800000  5.155797e-030
856.000000  8.093151e-030
856.200000  4.820247e-030
856.400000  3.581759e-030
856.600000  7.223835e-030
856.800000  6.454655e-030
857.000000  5.334248e-030
857.200000  7.848292e-030
857.400000  1.380884e-029
857.600000  1.166462e-029
857.800000  8.078200e-030
858.000000  1.034349e-029
858.200000  1.181947e-029
858.400000  8.517159e-030
858.600000  8.123628e-030
858.800000  1.286904e-029
859.000000  1.187343e-029
859.200000  8.954928e-030
859.400000  1.397528e-029
859.600000  2.076938e-029
859.800000  1.629321e-029
860.000000  9.336052e-030
860.200000  1.694402e-029
860.400000  1.638795e-029
860.600000  1.071470e-029
860.800000  9.936294e-030
861.000000  1.950164e-029
861.200000  1.995827e-029
861.400000  1.406468e-029
861.600000  2.009500e-029
861.800000  2.546353e-029
862.000000  1.683441e-029
862.200000  1.233933e-029
862.400000  2.614082e-029
862.600000  2.927960e-029
862.800000  2.009884e-029
863.000000  2.287882e-029
863.200000  3.454149e-029
863.400000  3.001943e-029
863.600000  2.219849e-029
863.800000  2.990167e-029
864.000000  3.768759e-029
864.200000  2.776055e-029
864.400000  1.969057e-029
864.600000  3.063645e-029
864.800000  3.072997e-029
865.000000  1.487757e-029
865.200000  1.725307e-029
865.400000  3.808396e-029
865.600000  3.745306e-029
865.800000  2.854573e-029
866.000000  4.251104e-029
866.200000  4.983700e-029
866.400000  4.023452e-029
866.600000  3.282118e-029
866.800000  5.212929e-029
867.000000  5.601462e-029
867.200000  3.816434e-029
867.400000  4.396974e-029
867.600000  6.521461e-029
867.800000  5.993306e-029
868.000000  4.194658e-029
868.200000  6.304023e-029
868.400000  6.886712e-029
868.600000  4.255745e-029
868.800000  3.492483e-029
869.000000  7.189869e-029
869.200000  8.012523e-029
869.400000  6.400480e-029
869.600000  7.132889e-029
869.800000  1.053851e-028
870.000000  9.349250e-029
870.200000  7.286390e-029
870.400000  1.136743e-028
870.600000  1.345146e-028
870.800000  1.214980e-028
871.000000  1.188843e-028
871.200000  1.583617e-028
871.400000  1.517444e-028
871.600000  1.387677e-028
871.800000  1.538147e-028
872.000000  2.039727e-028
872.200000  1.790268e-028
872.400000  1.559328e-028
872.600000  2.031738e-028
872.800000  2.359014e-028
873.000000  1.813758e-028
873.200000  1.426827e-028
873.400000  1.937464e-028
873.600000  1.836059e-028
873.800000  1.216020e-028
874.000000  1.820116e-028
874.200000  2.621753e-028
874.400000  2.321547e-028
874.600000  2.261250e-028
874.800000  2.945526e-028
875.000000  3.338689e-028
875.200000  2.785877e-028
875.400000  2.866604e-028
875.600000  3.659733e-028
875.800000  3.596530e-028
876.000000  3.079201e-028
876.200000  3.631937e-028
876.400000  4.318684e-028
876.600000  4.183604e-028
876.800000  4.166684e-028
877.000000  5.432740e-028
877.200000  6.025711e-028
877.400000  5.839778e-028
877.600000  6.084440e-028
877.800000  7.057307e-028
878.000000  6.560087e-028
878.200000  5.872136e-028
878.400000  7.440038e-028
878.600000  8.504471e-028
878.800000  7.722410e-028
879.000000  7.010004e-028
879.200000  8.354869e-028
879.400000  8.759823e-028
879.600000  8.070583e-028
879.800000  8.643979e-028
880.000000  1.113233e-027
880.200000  1.088609e-027
880.400000  1.029752e-027
880.600000  1.221563e-027
880.800000  1.402309e-027
881.000000  1.314495e-027
881.200000  1.265895e-027
881.400000  1.452765e-027
881.600000  1.519542e-027
881.800000  1.398802e-027
882.000000  1.602728e-027
882.200000  1.820509e-027
882.400000  1.826951e-027
882.600000  1.790127e-027
882.800000  2.120794e-027
883.000000  2.381731e-027
883.200000  2.203571e-027
883.400000  2.148477e-027
883.600000  2.578394e-027
883.800000  2.685464e-027
884.000000  2.418387e-027
884.200000  2.606719e-027
884.400000  2.877636e-027
884.600000  2.844677e-027
884.800000  2.641498e-027
885.000000  2.881909e-027
885.200000  2.968976e-027
885.400000  2.682726e-027
885.600000  2.815026e-027
885.800000  3.368211e-027
886.000000  3.366866e-027
886.200000  3.215168e-027
886.400000  3.641167e-027
886.600000  4.026027e-027
886.800000  3.922428e-027
887.000000  3.802955e-027
887.200000  4.351105e-027
887.400000  4.719376e-027
887.600000  4.438089e-027
887.800000  4.230871e-027
888.000000  4.771189e-027
888.200000  4.759856e-027
888.400000  4.384622e-027
888.600000  5.006614e-027
888.800000  5.680308e-027
889.000000  5.667497e-027
889.200000  5.535912e-027
889.400000  6.226141e-027
889.600000  6.518498e-027
889.800000  5.918106e-027
890.000000  6.142853e-027
890.200000  7.013387e-027
890.400000  6.877383e-027
890.600000  6.335201e-027
890.800000  7.156734e-027
891.000000  8.170319e-027
891.200000  8.468365e-027
891.400000  8.765482e-027
891.600000  1.024013e-026
891.800000  1.099270e-026
892.000000  1.072437e-026
892.200000  1.050531e-026
892.400000  1.179865e-026
892.600000  1.158456e-026
892.800000  1.114751e-026
893.000000  1.236192e-026
893.200000  1.348442e-026
893.400000  1.361676e-026
893.600000  1.401117e-026
893.800000  1.641177e-026
894.000000  1.784081e-026
894.200000  1.751170e-026
894.400000  1.867510e-026
894.600000  2.092192e-026
894.800000  2.082841e-026
895.000000  2.033653e-026
895.200000  2.219859e-026
895.400000  2.444495e-026
895.600000  2.505118e-026
895.800000  2.499380e-026
896.000000  2.593609e-026
896.200000  2.477722e-026
896.400000  2.158423e-026
896.600000  2.180829e-026
896.800000  2.308546e-026
897.000000  2.203569e-026
897.200000  2.233042e-026
897.400000  2.574257e-026
897.600000  2.887029e-026
897.800000  2.958850e-026
898.000000  3.048220e-026
898.200000  3.542562e-026
898.400000  3.785554e-026
898.600000  3.731576e-026
898.800000  3.821319e-026
899.000000  4.066584e-026
899.200000  3.922388e-026
899.400000  3.900197e-026
899.600000  4.398414e-026
899.800000  4.871355e-026
900.000000  4.785287e-026
900.200000  4.953623e-026
900.400000  5.555314e-026
900.600000  5.777191e-026
900.800000  5.777600e-026
901.000000  6.481110e-026
901.200000  7.011806e-026
901.400000  7.159846e-026
901.600000  7.502003e-026
901.800000  8.433178e-026
902.000000  8.685300e-026
902.200000  8.692914e-026
902.400000  9.211664e-026
902.600000  9.869449e-026
902.800000  1.000673e-025
903.000000  9.858532e-026
903.200000  1.023701e-025
903.400000  1.067201e-025
903.600000  1.085853e-025
903.800000  1.068136e-025
904.000000  1.142099e-025
904.200000  1.205127e-025
904.400000  1.216041e-025
904.600000  1.277799e-025
904.800000  1.406062e-025
905.000000  1.464248e-025
905.200000  1.474175e-025
905.400000  1.611201e-025
905.600000  1.736914e-025
905.800000  1.751307e-025
906.000000  1.765051e-025
906.200000  1.942624e-025
906.400000  2.054939e-025
906.600000  2.059265e-025
906.800000  2.163659e-025
907.000000  2.354268e-025
907.200000  2.400282e-025
907.400000  2.370215e-025
907.600000  2.448494e-025
907.800000  2.544099e-025
908.000000  2.525091e-025
908.200000  2.565042e-025
908.400000  2.739387e-025
908.600000  2.801608e-025
908.800000  2.674175e-025
909.000000  2.742330e-025
909.200000  2.943494e-025
909.400000  2.966921e-025
909.600000  2.958313e-025
909.800000  3.199682e-025
910.000000  3.498431e-025
910.200000  3.614448e-025
910.400000  3.832933e-025
910.600000  4.325602e-025
910.800000  4.669427e-025
911.000000  4.954285e-025
911.200000  5.524337e-025
911.400000  6.271849e-025
911.600000  6.826234e-025
911.800000  7.429362e-025
912.000000  8.390798e-025
912.200000  9.447747e-025
912.400000  1.043515e-024
912.600000  1.164185e-024
912.800000  1.336849e-024
913.000000  1.508262e-024
913.200000  1.704765e-024
913.400000  1.974299e-024
913.600000  2.300922e-024
913.800000  2.710901e-024
914.000000  3.042006e-024
914.200000  3.366183e-024
914.400000  3.627414e-024
914.600000  3.726543e-024
914.800000  3.718868e-024
915.000000  3.747077e-024
915.200000  3.845381e-024
915.400000  4.024627e-024
915.600000  4.331504e-024
915.800000  4.879010e-024
916.000000  5.400822e-024
916.200000  5.774472e-024
916.400000  6.023829e-024
916.600000  6.089480e-024
916.800000  5.866771e-024
917.000000  5.367715e-024
917.200000  4.951560e-024
917.400000  4.553216e-024
917.600000  3.986781e-024
917.800000  3.605896e-024
918.000000  3.282402e-024
918.200000  2.909531e-024
918.400000  2.662978e-024
918.600000  2.645030e-024
918.800000  2.769378e-024
919.000000  2.937839e-024
919.200000  3.224671e-024
919.400000  3.594026e-024
919.600000  3.915242e-024
919.800000  4.169791e-024
920.000000  4.484080e-024
920.200000  4.595029e-024
920.400000  4.332107e-024
920.600000  3.832822e-024
920.800000  3.385095e-024
921.000000  2.977181e-024
921.200000  2.588527e-024
921.400000  2.441805e-024
921.600000  2.534338e-024
921.800000  2.690184e-024
922.000000  2.916613e-024
922.200000  3.303360e-024
922.400000  3.690171e-024
922.600000  3.837406e-024
922.800000  3.872925e-024
923.000000  4.051333e-024
923.200000  4.156701e-024
923.400000  4.262110e-024
923.600000  4.510880e-024
923.800000  4.833931e-024
924.000000  4.999779e-024
924.200000  5.150476e-024
924.400000  5.450769e-024
924.600000  5.886925e-024
924.800000  6.450051e-024
925.000000  7.481946e-024
925.200000  8.934066e-024
925.400000  1.037248e-023
925.600000  1.172625e-023
925.800000  1.309291e-023
926.000000  1.452647e-023
926.200000  1.524239e-023
926.400000  1.545727e-023
926.600000  1.603982e-023
926.800000  1.692951e-023
927.000000  1.782582e-023
927.200000  1.824231e-023
927.400000  1.842260e-023
927.600000  1.824468e-023
927.800000  1.802570e-023
928.000000  1.828779e-023
928.200000  1.937846e-023
928.400000  2.044754e-023
928.600000  2.113764e-023
928.800000  2.200721e-023
929.000000  2.332004e-023
929.200000  2.517499e-023
929.400000  2.725228e-023
929.600000  2.945392e-023
929.800000  3.089464e-023
930.000000  3.208250e-023
930.200000  3.383666e-023
930.400000  3.680093e-023
930.600000  3.986212e-023
930.800000  4.080615e-023
931.000000  3.983490e-023
931.200000  3.792389e-023
931.400000  3.551564e-023
931.600000  3.405402e-023
931.800000  3.409809e-023
932.000000  3.407759e-023
932.200000  3.351967e-023
932.400000  3.269460e-023
932.600000  3.345603e-023
932.800000  3.549547e-023
933.000000  3.743403e-023
933.200000  3.970877e-023
933.400000  4.081735e-023
933.600000  4.111238e-023
933.800000  4.241166e-023
934.000000  4.687307e-023
934.200000  5.227621e-023
934.400000  5.665678e-023
934.600000  5.953155e-023
934.800000  6.182813e-023
935.000000  6.349747e-023
935.200000  6.541733e-023
935.400000  6.847385e-023
935.600000  7.155329e-023
935.800000  7.475612e-023
936.000000  8.328431e-023
936.200000  1.006786e-022
936.400000  1.259865e-022
936.600000  1.488186e-022
936.800000  1.601756e-022
937.000000  1.597046e-022
937.200000  1.551187e-022
937.400000  1.500465e-022
937.600000  1.460402e-022
937.800000  1.399056e-022
938.000000  1.307708e-022
938.200000  1.234562e-022
938.400000  1.220043e-022
938.600000  1.251950e-022
938.800000  1.304608e-022
939.000000  1.409119e-022
939.200000  1.566918e-022
939.400000  1.744640e-022
939.600000  1.932246e-022
939.800000  2.146800e-022
940.000000  2.399663e-022
940.200000  2.651696e-022
940.400000  2.841761e-022
940.600000  3.008988e-022
940.800000  3.162674e-022
941.000000  3.365698e-022
941.200000  3.670651e-022
941.400000  4.031317e-022
941.600000  4.257047e-022
941.800000  4.273841e-022
942.000000  4.097453e-022
942.200000  3.765856e-022
942.400000  3.333192e-022
942.600000  2.904984e-022
942.800000  2.637555e-022
943.000000  2.438018e-022
943.200000  2.173259e-022
943.400000  1.903165e-022
943.600000  1.699794e-022
943.800000  1.594476e-022
944.000000  1.588963e-022
944.200000  1.689033e-022
944.400000  1.736661e-022
944.600000  1.642039e-022
944.800000  1.565890e-022
945.000000  1.482201e-022
945.200000  1.402139e-022
945.400000  1.361111e-022
945.600000  1.374417e-022
945.800000  1.347931e-022
946.000000  1.239345e-022
946.200000  1.079713e-022
946.400000  9.402207e-023
946.600000  8.072732e-023
946.800000  7.293398e-023
947.000000  7.173693e-023
947.200000  7.379714e-023
947.400000  7.257215e-023
947.600000  7.316397e-023
947.800000  8.055310e-023
948.000000  8.921146e-023
948.200000  9.566859e-023
948.400000  1.026238e-022
948.600000  1.089550e-022
948.800000  1.050619e-022
949.000000  9.859094e-023
949.200000  9.871880e-023
949.400000  9.968681e-023
949.600000  9.833545e-023
949.800000  1.013830e-022
950.000000  1.098506e-022
950.200000  1.167045e-022
950.400000  1.168101e-022
950.600000  1.180754e-022
950.800000  1.203277e-022
951.000000  1.192850e-022
951.200000  1.216409e-022
951.400000  1.353869e-022
951.600000  1.429503e-022
951.800000  1.377855e-022
952.000000  1.275149e-022
952.200000  1.208029e-022
952.400000  1.080175e-022
952.600000  9.302683e-023
952.800000  8.863416e-023
953.000000  9.153341e-023
953.200000  8.718767e-023
953.400000  8.571762e-023
953.600000  9.514011e-023
953.800000  1.012707e-022
954.000000  1.026589e-022
954.200000  1.066665e-022
954.400000  1.185553e-022
954.600000  1.251209e-022
954.800000  1.284228e-022
955.000000  1.490234e-022
955.200000  1.742032e-022
955.400000  1.949189e-022
955.600000  2.133235e-022
955.800000  2.218436e-022
956.000000  2.030675e-022
956.200000  1.676025e-022
956.400000  1.448153e-022
956.600000  1.405430e-022
956.800000  1.442065e-022
957.000000  1.558816e-022
957.200000  1.876460e-022
957.400000  2.155817e-022
957.600000  2.339948e-022
957.800000  2.549758e-022
958.000000  2.832710e-022
958.200000  2.922409e-022
958.400000  2.952447e-022
958.600000  3.056433e-022
958.800000  3.238329e-022
959.000000  3.214294e-022
959.200000  3.142645e-022
959.400000  3.120007e-022
959.600000  2.956759e-022
959.800000  2.644007e-022
960.000000  2.377978e-022
960.200000  2.231880e-022
960.400000  1.961577e-022
960.600000  1.597472e-022
960.800000  1.426223e-022
961.000000  1.349531e-022
961.200000  1.174185e-022
961.400000  8.616802e-023
961.600000  8.421692e-023
961.800000  7.783206e-023
962.000000  6.204487e-023
962.200000  5.247496e-023
962.400000  6.129551e-023
962.600000  5.854576e-023
962.800000  3.379692e-023
963.000000  4.161039e-023
963.200000  6.345092e-023
963.400000  5.015942e-023
963.600000  4.516640e-023
963.800000  6.694664e-023
964.000000  7.177081e-023
964.200000  5.752878e-023
964.400000  6.425007e-023
964.600000  8.566385e-023
964.800000  8.255675e-023
965.000000  7.672249e-023
965.200000  9.765159e-023
965.400000  1.219132e-022
965.600000  1.142934e-022
965.800000  1.220253e-022
966.000000  1.699756e-022
966.200000  1.758529e-022
966.400000  1.871376e-022
966.600000  1.550726e-022
966.800000  2.017619e-022
967.000000  3.176830e-022
967.200000  3.853817e-022
967.400000  5.405788e-022
967.600000  7.919684e-022
967.800000  1.254894e-021
968.000000  2.148483e-021
968.200000  5.965374e-021
968.400000  1.325124e-020
968.600000  2.296262e-020
968.800000  2.236021e-020
969.000000  1.277181e-020
969.200000  5.400427e-021
969.400000  2.547185e-021
969.600000  1.368288e-021
969.800000  8.614579e-022
970.000000  6.296137e-022
970.200000  4.264726e-022
970.400000  3.501400e-022
970.600000  3.288140e-022
970.800000  2.429128e-022
971.000000  1.769644e-022
971.200000  1.237187e-022
971.400000  1.436433e-022
971.600000  8.363750e-023
971.800000  7.616053e-023
972.000000  9.288294e-023
972.200000  5.091445e-023
972.400000  4.135083e-023
972.600000  4.740656e-023
972.800000  2.573261e-023
973.000000  6.090725e-023
973.200000  4.210049e-023
973.400000  2.786919e-023
973.600000  7.499327e-023
973.800000  5.147629e-023
974.000000  2.623319e-023
974.200000  1.436151e-022
974.400000  1.284522e-022
974.600000  1.448352e-022
974.800000  1.908173e-022
975.000000  2.173088e-022
975.200000  2.020904e-022
975.400000  2.194283e-022
975.600000  2.593666e-022
975.800000  2.435564e-022
976.000000  2.325480e-022
976.200000  2.809992e-022
976.400000  2.899378e-022
976.600000  2.962064e-022
976.800000  3.504344e-022
977.000000  5.049282e-022
977.200000  6.094131e-022
977.400000  6.723066e-022
977.600000  7.466300e-022
977.800000  8.198102e-022
978.000000  7.887378e-022
978.200000  7.794822e-022
978.400000  8.699382e-022
978.600000  9.498923e-022
978.800000  9.810338e-022
979.000000  1.026459e-021
979.200000  1.114332e-021
979.400000  1.093153e-021
979.600000  1.031595e-021
979.800000  1.032594e-021
980.000000  1.047401e-021
980.200000  8.880530e-022
980.400000  7.617982e-022
980.600000  6.929633e-022
980.800000  6.869947e-022
981.000000  6.111416e-022
981.200000  6.004988e-022
981.400000  6.876889e-022
981.600000  8.191535e-022
981.800000  8.904984e-022
982.000000  1.005232e-021
982.200000  1.079859e-021
982.400000  9.712690e-022
982.600000  9.057152e-022
982.800000  7.867857e-022
983.000000  6.536376e-022
983.200000  6.381794e-022
983.400000  6.073798e-022
983.600000  5.678447e-022
983.800000  5.693735e-022
984.000000  5.330508e-022
984.200000  4.988699e-022
984.400000  4.960757e-022
984.600000  4.752270e-022
984.800000  4.655315e-022
985.000000  4.554337e-022
985.200000  4.501593e-022
985.400000  4.864769e-022
985.600000  5.491834e-022
985.800000  6.218632e-022
986.000000  6.815051e-022
986.200000  7.285819e-022
986.400000  7.461238e-022
986.600000  7.313446e-022
986.800000  6.556130e-022
987.000000  6.057156e-022
987.200000  6.201097e-022
987.400000  6.684376e-022
987.600000  6.740187e-022
987.800000  6.646255e-022
988.000000  6.452556e-022
988.200000  6.122544e-022
988.400000  5.633778e-022
988.600000  5.236104e-022
988.800000  5.160906e-022
989.000000  5.557323e-022
989.200000  5.864770e-022
989.400000  6.019161e-022
989.600000  6.369398e-022
989.800000  6.605503e-022
990.000000  6.316969e-022
990.200000  5.666958e-022
990.400000  5.053584e-022
990.600000  4.606669e-022
990.800000  4.511645e-022
991.000000  4.535893e-022
991.200000  4.682403e-022
991.400000  4.712123e-022
991.600000  4.706344e-022
991.800000  4.903543e-022
992.000000  5.533925e-022
992.200000  6.495778e-022
992.400000  7.413287e-022
992.600000  8.303523e-022
992.800000  8.721259e-022
993.000000  8.630586e-022
993.200000  8.611404e-022
993.400000  8.784852e-022
993.600000  9.034458e-022
993.800000  9.126107e-022
994.000000  9.088645e-022
994.200000  9.191185e-022
994.400000  9.228479e-022
994.600000  8.616119e-022
994.800000  7.562244e-022
995.000000  7.117078e-022
995.200000  7.609642e-022
995.400000  8.223990e-022
995.600000  8.486196e-022
995.800000  8.878035e-022
996.000000  8.800791e-022
996.200000  8.491583e-022
996.400000  8.598588e-022
996.600000  9.674009e-022
996.800000  1.132200e-021
997.000000  1.278387e-021
997.200000  1.385586e-021
997.400000  1.538825e-021
997.600000  1.734441e-021
997.800000  1.821767e-021
998.000000  1.818154e-021
998.200000  1.809086e-021
998.400000  1.896744e-021
998.600000  2.052772e-021
998.800000  2.211842e-021
999.000000  2.331594e-021
999.200000  2.450215e-021
999.400000  2.595090e-021
999.600000  2.663487e-021
999.800000  2.637337e-021
1000.000000  2.946279e-021
1000.200000  3.026222e-021
1000.400000  2.921897e-021
1000.600000  2.660304e-021
1000.800000  2.760877e-021
1001.000000  2.486169e-021
1001.200000  2.187417e-021
1001.400000  2.070648e-021
1001.600000  1.847030e-021
1001.800000  1.981927e-021
1002.000000  1.970033e-021
1002.200000  1.892842e-021
1002.400000  1.891951e-021
1002.600000  1.717118e-021
1002.800000  1.819120e-021
1003.000000  1.846032e-021
1003.200000  1.928822e-021
1003.400000  2.481190e-021
1003.600000  2.848661e-021
1003.800000  3.034882e-021
1004.000000  3.491911e-021
1004.200000  3.489779e-021
1004.400000  3.343023e-021
1004.600000  3.713173e-021
1004.800000  3.611358e-021
1005.000000  3.545949e-021
1005.200000  3.484636e-021
1005.400000  3.540312e-021
1005.600000  3.569259e-021
1005.800000  3.513428e-021
1006.000000  4.225968e-021
1006.200000  4.421421e-021
1006.400000  4.628602e-021
1006.600000  4.303882e-021
1006.800000  4.494297e-021
1007.000000  4.346575e-021
1007.200000  4.516045e-021
1007.400000  4.832635e-021
1007.600000  4.764680e-021
1007.800000  4.333881e-021
1008.000000  3.713542e-021
1008.200000  3.511192e-021
1008.400000  3.259740e-021
1008.600000  2.931802e-021
1008.800000  2.982067e-021
1009.000000  2.727893e-021
1009.200000  2.397002e-021
1009.400000  2.410892e-021
1009.600000  2.256238e-021
1009.800000  2.239726e-021
1010.000000  2.240501e-021
1010.200000  2.517280e-021
1010.400000  2.576185e-021
1010.600000  2.684434e-021
1010.800000  2.574042e-021
1011.000000  2.688300e-021
1011.200000  2.635776e-021
1011.400000  2.603496e-021
1011.600000  2.699197e-021
1011.800000  2.749931e-021
1012.000000  3.114227e-021
1012.200000  2.964068e-021
1012.400000  2.971380e-021
1012.600000  2.860256e-021
1012.800000  2.955298e-021
1013.000000  3.008034e-021
1013.200000  2.873140e-021
1013.400000  3.059488e-021
1013.600000  2.715698e-021
1013.800000  2.605113e-021
1014.000000  2.313196e-021
1014.200000  2.325796e-021
1014.400000  2.221865e-021
1014.600000  2.289035e-021
1014.800000  2.242510e-021
1015.000000  2.395651e-021
1015.200000  2.243971e-021
1015.400000  2.213564e-021
1015.600000  2.002036e-021
1015.800000  2.026291e-021
1016.000000  1.937579e-021
1016.200000  1.915671e-021
1016.400000  1.828161e-021
1016.600000  1.877685e-021
1016.800000  1.800410e-021
1017.000000  1.802182e-021
1017.200000  1.999906e-021
1017.400000  2.033316e-021
1017.600000  2.317082e-021
1017.800000  2.511390e-021
1018.000000  2.542976e-021
1018.030000  2.581923e-021
1018.060000  2.624885e-021
1018.090000  2.648131e-021
1018.120000  2.647586e-021
1018.150000  2.635531e-021
1018.180000  2.617145e-021
1018.210000  2.592308e-021
1018.240000  2.578050e-021
1018.270000  2.587044e-021
1018.300000  2.612845e-021
1018.330000  2.649244e-021
1018.360000  2.681972e-021
1018.390000  2.688431e-021
1018.420000  2.678103e-021
1018.450000  2.684144e-021
1018.480000  2.709261e-021
1018.510000  2.748883e-021
1018.540000  2.787761e-021
1018.570000  2.816195e-021
1018.600000  2.837623e-021
1018.630000  2.848141e-021
1018.660000  2.844217e-021
1018.690000  2.846935e-021
1018.720000  2.876473e-021
1018.750000  2.906161e-021
1018.780000  2.926831e-021
1018.810000  2.940476e-021
1018.840000  2.952271e-021
1018.870000  2.971713e-021
1018.900000  2.995285e-021
1018.930000  3.022577e-021
1018.960000  3.052040e-021
1018.990000  3.074019e-021
1019.020000  3.092039e-021
1019.050000  3.114671e-021
1019.080000  3.139554e-021
1019.110000  3.189952e-021
1019.140000  3.253822e-021
1019.170000  3.278758e-021
1019.200000  3.293818e-021
1019.230000  3.327913e-021
1019.260000  3.352842e-021
1019.290000  3.392910e-021
1019.320000  3.462820e-021
1019.350000  3.510171e-021
1019.380000  3.518238e-021
1019.410000  3.527650e-021
1019.440000  3.562366e-021
1019.470000  3.616050e-021
1019.500000  3.681903e-021
1019.530000  3.769222e-021
1019.560000  3.842993e-021
1019.590000  3.883240e-021
1019.620000  3.921154e-021
1019.650000  3.964517e-021
1019.680000  4.007087e-021
1019.710000  4.049400e-021
1019.740000  4.068491e-021
1019.770000  4.068977e-021
1019.800000  4.092362e-021
1019.830000  4.117818e-021
1019.860000  4.139709e-021
1019.890000  4.178224e-021
1019.920000  4.181477e-021
1019.950000  4.135869e-021
1019.980000  4.114619e-021
1020.010000  4.111653e-021
1020.040000  4.092864e-021
1020.070000  4.081149e-021
1020.100000  4.070152e-021
1020.130000  4.046265e-021
1020.160000  4.015067e-021
1020.190000  3.984598e-021
1020.220000  3.947854e-021
1020.250000  3.916015e-021
1020.280000  3.896643e-021
1020.310000  3.880657e-021
1020.340000  3.857805e-021
1020.370000  3.848537e-021
1020.400000  3.854751e-021
1020.430000  3.814259e-021
1020.460000  3.738299e-021
1020.490000  3.688848e-021
1020.520000  3.675899e-021
1020.550000  3.656377e-021
1020.580000  3.632247e-021
1020.610000  3.642429e-021
1020.640000  3.652980e-021
1020.670000  3.621047e-021
1020.700000  3.587720e-021
1020.730000  3.602082e-021
1020.760000  3.626150e-021
1020.790000  3.643310e-021
1020.820000  3.674028e-021
1020.850000  3.693192e-021
1020.880000  3.702798e-021
1020.910000  3.720583e-021
1020.940000  3.736926e-021
1020.970000  3.761962e-021
1021.000000  3.806435e-021
1021.030000  3.853278e-021
1021.060000  3.919600e-021
1021.090000  3.999246e-021
1021.120000  4.078293e-021
1021.150000  4.168150e-021
1021.180000  4.262014e-021
1021.210000  4.349040e-021
1021.240000  4.437157e-021
1021.270000  4.544904e-021
1021.300000  4.678801e-021
1021.330000  4.816163e-021
1021.360000  4.944528e-021
1021.390000  5.095122e-021
1021.420000  5.273357e-021
1021.450000  5.444937e-021
1021.480000  5.596878e-021
1021.510000  5.767518e-021
1021.540000  5.973615e-021
1021.570000  6.203363e-021
1021.600000  6.459552e-021
1021.630000  6.736951e-021
1021.660000  7.027427e-021
1021.690000  7.332241e-021
1021.720000  7.651267e-021
1021.750000  7.983693e-021
1021.780000  8.325672e-021
1021.810000  8.662024e-021
1021.840000  8.988072e-021
1021.870000  9.335404e-021
1021.900000  9.724105e-021
1021.930000  1.015482e-020
1021.960000  1.058969e-020
1021.990000  1.102107e-020
1022.020000  1.147511e-020
1022.050000  1.193568e-020
1022.080000  1.239245e-020
1022.110000  1.283147e-020
1022.140000  1.324644e-020
1022.170000  1.366948e-020
1022.200000  1.411850e-020
1022.230000  1.455141e-020
1022.260000  1.496080e-020
1022.290000  1.540995e-020
1022.320000  1.581938e-020
1022.350000  1.617141e-020
1022.380000  1.647949e-020
1022.410000  1.680062e-020
1022.440000  1.709575e-020
1022.470000  1.735792e-020
1022.500000  1.759587e-020
1022.530000  1.772507e-020
1022.560000  1.777985e-020
1022.590000  1.784801e-020
1022.620000  1.791345e-020
1022.650000  1.789716e-020
1022.680000  1.789181e-020
1022.710000  1.788181e-020
1022.740000  1.785862e-020
1022.770000  1.786260e-020
1022.800000  1.785127e-020
1022.830000  1.775780e-020
1022.860000  1.767294e-020
1022.890000  1.754881e-020
1022.920000  1.727682e-020
1022.950000  1.708635e-020
1022.980000  1.708551e-020
1023.010000  1.700204e-020
1023.040000  1.685049e-020
1023.070000  1.682214e-020
1023.100000  1.674330e-020
1023.130000  1.657712e-020
1023.160000  1.654054e-020
1023.190000  1.663655e-020
1023.220000  1.667963e-020
1023.250000  1.663509e-020
1023.280000  1.665742e-020
1023.310000  1.668593e-020
1023.340000  1.664818e-020
1023.370000  1.662166e-020
1023.400000  1.659221e-020
1023.430000  1.656344e-020
1023.460000  1.657271e-020
1023.490000  1.653738e-020
1023.520000  1.651165e-020
1023.550000  1.655029e-020
1023.580000  1.652974e-020
1023.610000  1.646888e-020
1023.640000  1.644073e-020
1023.670000  1.640680e-020
1023.700000  1.634032e-020
1023.730000  1.631196e-020
1023.760000  1.633917e-020
1023.790000  1.634761e-020
1023.820000  1.634701e-020
1023.850000  1.648041e-020
1023.880000  1.659780e-020
1023.910000  1.654552e-020
1023.940000  1.652525e-020
1023.970000  1.654796e-020
1024.000000  1.647912e-020
1024.030000  1.648398e-020
1024.060000  1.669851e-020
1024.090000  1.688097e-020
1024.120000  1.692672e-020
1024.150000  1.706913e-020
1024.180000  1.726555e-020
1024.210000  1.740303e-020
1024.240000  1.768271e-020
1024.270000  1.808855e-020
1024.300000  1.840314e-020
1024.330000  1.872142e-020
1024.360000  1.913981e-020
1024.390000  1.955481e-020
1024.420000  1.994196e-020
1024.450000  2.043831e-020
1024.480000  2.101029e-020
1024.510000  2.161765e-020
1024.540000  2.212126e-020
1024.570000  2.266413e-020
1024.600000  2.331692e-020
1024.630000  2.398021e-020
1024.660000  2.454760e-020
1024.690000  2.501992e-020
1024.720000  2.555405e-020
1024.750000  2.599252e-020
1024.780000  2.637904e-020
1024.810000  2.671139e-020
1024.840000  2.697367e-020
1024.870000  2.718075e-020
1024.900000  2.732746e-020
1024.930000  2.735049e-020
1024.960000  2.723204e-020
1024.990000  2.717336e-020
1025.020000  2.711499e-020
1025.050000  2.683599e-020
1025.080000  2.640659e-020
1025.110000  2.603006e-020
1025.140000  2.571537e-020
1025.170000  2.519253e-020
1025.200000  2.470221e-020
1025.230000  2.429105e-020
1025.260000  2.383106e-020
1025.290000  2.323971e-020
1025.320000  2.264035e-020
1025.350000  2.216667e-020
1025.380000  2.164503e-020
1025.410000  2.116847e-020
1025.440000  2.076691e-020
1025.470000  2.028362e-020
1025.500000  1.972188e-020
1025.530000  1.925236e-020
1025.560000  1.876127e-020
1025.590000  1.824380e-020
1025.620000  1.785450e-020
1025.650000  1.756349e-020
1025.680000  1.720293e-020
1025.710000  1.684945e-020
1025.740000  1.658596e-020
1025.770000  1.638053e-020
1025.800000  1.607635e-020
1025.830000  1.577066e-020
1025.860000  1.552573e-020
1025.890000  1.528525e-020
1025.920000  1.500964e-020
1025.950000  1.476391e-020
1025.980000  1.459562e-020
1026.010000  1.439571e-020
1026.040000  1.411766e-020
1026.070000  1.387262e-020
1026.100000  1.369317e-020
1026.130000  1.345050e-020
1026.160000  1.320586e-020
1026.190000  1.301459e-020
1026.220000  1.285011e-020
1026.250000  1.264606e-020
1026.280000  1.245864e-020
1026.310000  1.229815e-020
1026.340000  1.211843e-020
1026.370000  1.193508e-020
1026.400000  1.178826e-020
1026.430000  1.166995e-020
1026.460000  1.152841e-020
1026.490000  1.138192e-020
1026.520000  1.126816e-020
1026.550000  1.115176e-020
1026.580000  1.103219e-020
1026.610000  1.091380e-020
1026.640000  1.085676e-020
1026.670000  1.079136e-020
1026.700000  1.069945e-020
1026.730000  1.062070e-020
1026.760000  1.056498e-020
1026.790000  1.051861e-020
1026.820000  1.047987e-020
1026.850000  1.044537e-020
1026.880000  1.043262e-020
1026.910000  1.045822e-020
1026.940000  1.048021e-020
1026.970000  1.048235e-020
1027.000000  1.051462e-020
1027.030000  1.057336e-020
1027.060000  1.062622e-020
1027.090000  1.066015e-020
1027.120000  1.070929e-020
1027.150000  1.080369e-020
1027.180000  1.087924e-020
1027.210000  1.094512e-020
1027.240000  1.106498e-020
1027.270000  1.120230e-020
1027.300000  1.131828e-020
1027.330000  1.144019e-020
1027.360000  1.160434e-020
1027.390000  1.179563e-020
1027.420000  1.199997e-020
1027.450000  1.220758e-020
1027.480000  1.246734e-020
1027.510000  1.275871e-020
1027.540000  1.301419e-020
1027.570000  1.330311e-020
1027.600000  1.362423e-020
1027.630000  1.394310e-020
1027.660000  1.426753e-020
1027.690000  1.461827e-020
1027.720000  1.499659e-020
1027.750000  1.539723e-020
1027.780000  1.582810e-020
1027.810000  1.628617e-020
1027.840000  1.677044e-020
1027.870000  1.731806e-020
1027.900000  1.788806e-020
1027.930000  1.846108e-020
1027.960000  1.901931e-020
1027.990000  1.964375e-020
1028.020000  2.026028e-020
1028.050000  2.087655e-020
1028.080000  2.152072e-020
1028.110000  2.226473e-020
1028.140000  2.307290e-020
1028.170000  2.385938e-020
1028.200000  2.472640e-020
1028.230000  2.566311e-020
1028.260000  2.659650e-020
1028.290000  2.745214e-020
1028.320000  2.840325e-020
1028.350000  2.941200e-020
1028.380000  3.040658e-020
1028.410000  3.145243e-020
1028.440000  3.258621e-020
1028.470000  3.378087e-020
1028.500000  3.497668e-020
1028.530000  3.617710e-020
1028.560000  3.734282e-020
1028.590000  3.863512e-020
1028.620000  3.997616e-020
1028.650000  4.125275e-020
1028.680000  4.270995e-020
1028.710000  4.427558e-020
1028.740000  4.563753e-020
1028.770000  4.694038e-020
1028.800000  4.838353e-020
1028.830000  4.975277e-020
1028.860000  5.103885e-020
1028.890000  5.254345e-020
1028.920000  5.412522e-020
1028.950000  5.561027e-020
1028.980000  5.713874e-020
1029.010000  5.897268e-020
1029.040000  6.080889e-020
1029.070000  6.248339e-020
1029.100000  6.431970e-020
1029.130000  6.635777e-020
1029.160000  6.822517e-020
1029.190000  6.993827e-020
1029.220000  7.191984e-020
1029.250000  7.399475e-020
1029.280000  7.579581e-020
1029.310000  7.747729e-020
1029.340000  7.936978e-020
1029.370000  8.136447e-020
1029.400000  8.318362e-020
1029.430000  8.485817e-020
1029.460000  8.653004e-020
1029.490000  8.814409e-020
1029.520000  8.944659e-020
1029.550000  9.034769e-020
1029.580000  9.104637e-020
1029.610000  9.143137e-020
1029.640000  9.129364e-020
1029.670000  9.058047e-020
1029.700000  8.958760e-020
1029.730000  8.848004e-020
1029.760000  8.707894e-020
1029.790000  8.524372e-020
1029.820000  8.319801e-020
1029.850000  8.116256e-020
1029.880000  7.881927e-020
1029.910000  7.618930e-020
1029.940000  7.362099e-020
1029.970000  7.115365e-020
1030.000000  6.848364e-020
1030.030000  6.562325e-020
1030.060000  6.288196e-020
1030.090000  6.017352e-020
1030.120000  5.742269e-020
1030.150000  5.468016e-020
1030.180000  5.197031e-020
1030.210000  4.924784e-020
1030.240000  4.662694e-020
1030.270000  4.413881e-020
1030.300000  4.181918e-020
1030.330000  3.973982e-020
1030.360000  3.784997e-020
1030.390000  3.604826e-020
1030.420000  3.422958e-020
1030.450000  3.241754e-020
1030.480000  3.069135e-020
1030.510000  2.905329e-020
1030.540000  2.751219e-020
1030.570000  2.613089e-020
1030.600000  2.492347e-020
1030.630000  2.383137e-020
1030.660000  2.282818e-020
1030.690000  2.190108e-020
1030.720000  2.103489e-020
1030.750000  2.026025e-020
1030.780000  1.957995e-020
1030.810000  1.889985e-020
1030.840000  1.818570e-020
1030.870000  1.749924e-020
1030.900000  1.684148e-020
1030.930000  1.622371e-020
1030.960000  1.570450e-020
1030.990000  1.527513e-020
1031.020000  1.486066e-020
1031.050000  1.441472e-020
1031.080000  1.394552e-020
1031.110000  1.347539e-020
1031.140000  1.301178e-020
1031.170000  1.256873e-020
1031.200000  1.218613e-020
1031.230000  1.187962e-020
1031.260000  1.161285e-020
1031.290000  1.133561e-020
1031.320000  1.104385e-020
1031.350000  1.074719e-020
1031.380000  1.043729e-020
1031.410000  1.013215e-020
1031.440000  9.866106e-021
1031.470000  9.637902e-021
1031.500000  9.425163e-021
1031.530000  9.220315e-021
1031.560000  9.017712e-021
1031.590000  8.822063e-021
1031.620000  8.642983e-021
1031.650000  8.475120e-021
1031.680000  8.304949e-021
1031.710000  8.131948e-021
1031.740000  7.958492e-021
1031.770000  7.784907e-021
1031.800000  7.622593e-021
1031.830000  7.472575e-021
1031.860000  7.330914e-021
1031.890000  7.204117e-021
1031.920000  7.087812e-021
1031.950000  6.973478e-021
1031.980000  6.866848e-021
1032.010000  6.761664e-021
1032.040000  6.653582e-021
1032.070000  6.553786e-021
1032.100000  6.451516e-021
1032.130000  6.333963e-021
1032.160000  6.204390e-021
1032.190000  6.065852e-021
1032.220000  5.917163e-021
1032.250000  5.774401e-021
1032.280000  5.655870e-021
1032.310000  5.562517e-021
1032.340000  5.480850e-021
1032.370000  5.404400e-021
1032.400000  5.326191e-021
1032.430000  5.239367e-021
1032.460000  5.150698e-021
1032.490000  5.066566e-021
1032.520000  4.982072e-021
1032.550000  4.896918e-021
1032.580000  4.819779e-021
1032.610000  4.746460e-021
1032.640000  4.676145e-021
1032.670000  4.615829e-021
1032.700000  4.566278e-021
1032.730000  4.521412e-021
1032.760000  4.481474e-021
1032.790000  4.443287e-021
1032.820000  4.400673e-021
1032.850000  4.363092e-021
1032.880000  4.326541e-021
1032.910000  4.275950e-021
1032.940000  4.211878e-021
1032.970000  4.141783e-021
1033.000000  4.061864e-021
1033.030000  3.976906e-021
1033.060000  3.896250e-021
1033.090000  3.820625e-021
1033.120000  3.754412e-021
1033.150000  3.695287e-021
1033.180000  3.640438e-021
1033.210000  3.594174e-021
1033.240000  3.555544e-021
1033.270000  3.521259e-021
1033.300000  3.485093e-021
1033.330000  3.441003e-021
1033.360000  3.400152e-021
1033.390000  3.360024e-021
1033.420000  3.309510e-021
1033.450000  3.259724e-021
1033.480000  3.215541e-021
1033.510000  3.168197e-021
1033.540000  3.129832e-021
1033.570000  3.108467e-021
1033.600000  3.097148e-021
1033.630000  3.094374e-021
1033.660000  3.091587e-021
1033.690000  3.082953e-021
1033.720000  3.071374e-021
1033.750000  3.054135e-021
1033.780000  3.029452e-021
1033.810000  3.004211e-021
1033.840000  2.976090e-021
1033.870000  2.940980e-021
1033.900000  2.903884e-021
1033.930000  2.869510e-021
1033.960000  2.834750e-021
1033.990000  2.801903e-021
1034.020000  2.772613e-021
1034.050000  2.742924e-021
1034.080000  2.718714e-021
1034.110000  2.707978e-021
1034.140000  2.703548e-021
1034.170000  2.696651e-021
1034.200000  2.691274e-021
1034.230000  2.684353e-021
1034.260000  2.667834e-021
1034.290000  2.648111e-021
1034.320000  2.624503e-021
1034.350000  2.588166e-021
1034.380000  2.548456e-021
1034.410000  2.519339e-021
1034.440000  2.498557e-021
1034.470000  2.487236e-021
1034.500000  2.493849e-021
1034.530000  2.505798e-021
1034.560000  2.508441e-021
1034.590000  2.500938e-021
1034.620000  2.490345e-021
1034.650000  2.471792e-021
1034.680000  2.446355e-021
1034.710000  2.423667e-021
1034.740000  2.400246e-021
1034.770000  2.373229e-021
1034.800000  2.349766e-021
1034.830000  2.326543e-021
1034.860000  2.298166e-021
1034.890000  2.271003e-021
1034.920000  2.251528e-021
1034.950000  2.235729e-021
1034.980000  2.225269e-021
1035.010000  2.223231e-021
1035.040000  2.229764e-021
1035.070000  2.239863e-021
1035.100000  2.248387e-021
1035.130000  2.252565e-021
1035.160000  2.248527e-021
1035.190000  2.237746e-021
1035.220000  2.222596e-021
1035.250000  2.206516e-021
1035.280000  2.189180e-021
1035.310000  2.176310e-021
1035.340000  2.167517e-021
1035.370000  2.158846e-021
1035.400000  2.150331e-021
1035.430000  2.138449e-021
1035.460000  2.118725e-021
1035.490000  2.093730e-021
1035.520000  2.069978e-021
1035.550000  2.054358e-021
1035.580000  2.047698e-021
1035.610000  2.043257e-021
1035.640000  2.035899e-021
1035.670000  2.021019e-021
1035.700000  1.998555e-021
1035.730000  1.971963e-021
1035.760000  1.943164e-021
1035.790000  1.915925e-021
1035.820000  1.890087e-021
1035.850000  1.870082e-021
1035.880000  1.860936e-021
1035.910000  1.862140e-021
1035.940000  1.867034e-021
1035.970000  1.871858e-021
1036.000000  1.866617e-021
1036.030000  1.851045e-021
1036.060000  1.834567e-021
1036.090000  1.820502e-021
1036.120000  1.813564e-021
1036.150000  1.809298e-021
1036.180000  1.809173e-021
1036.210000  1.811140e-021
1036.240000  1.809782e-021
1036.270000  1.805836e-021
1036.300000  1.801440e-021
1036.330000  1.792397e-021
1036.360000  1.780677e-021
1036.390000  1.778953e-021
1036.420000  1.786424e-021
1036.450000  1.794771e-021
1036.480000  1.800629e-021
1036.510000  1.800802e-021
1036.540000  1.792562e-021
1036.570000  1.780391e-021
1036.600000  1.771112e-021
1036.630000  1.771389e-021
1036.660000  1.783744e-021
1036.690000  1.797519e-021
1036.720000  1.809044e-021
1036.750000  1.822727e-021
1036.780000  1.837072e-021
1036.810000  1.856563e-021
1036.840000  1.884122e-021
1036.870000  1.910223e-021
1036.900000  1.938098e-021
1036.930000  1.967520e-021
1036.960000  1.988797e-021
1036.990000  2.003266e-021
1037.020000  2.014874e-021
1037.050000  2.020601e-021
1037.080000  2.017658e-021
1037.110000  2.008436e-021
1037.140000  2.001219e-021
1037.170000  2.002629e-021
1037.200000  2.006561e-021
1037.230000  2.019298e-021
1037.260000  2.046624e-021
1037.290000  2.070676e-021
1037.320000  2.082522e-021
1037.350000  2.091549e-021
1037.380000  2.091489e-021
1037.410000  2.075848e-021
1037.440000  2.060720e-021
1037.470000  2.052959e-021
1037.500000  2.044975e-021
1037.530000  2.040843e-021
1037.560000  2.049484e-021
1037.590000  2.067447e-021
1037.620000  2.084948e-021
1037.650000  2.099441e-021
1037.680000  2.110134e-021
1037.710000  2.112176e-021
1037.740000  2.105970e-021
1037.770000  2.097907e-021
1037.800000  2.089222e-021
1037.830000  2.082415e-021
1037.860000  2.081598e-021
1037.890000  2.089993e-021
1037.920000  2.107304e-021
1037.950000  2.141011e-021
1037.980000  2.182280e-021
1038.010000  2.212596e-021
1038.040000  2.228346e-021
1038.070000  2.237871e-021
1038.100000  2.246991e-021
1038.130000  2.257949e-021
1038.160000  2.274834e-021
1038.190000  2.294297e-021
1038.220000  2.308531e-021
1038.250000  2.310095e-021
1038.280000  2.312811e-021
1038.310000  2.324095e-021
1038.340000  2.339792e-021
1038.370000  2.358160e-021
1038.400000  2.379214e-021
1038.430000  2.394174e-021
1038.460000  2.404056e-021
1038.490000  2.418465e-021
1038.520000  2.444552e-021
1038.550000  2.475018e-021
1038.580000  2.498216e-021
1038.610000  2.509960e-021
1038.640000  2.503527e-021
1038.670000  2.485884e-021
1038.700000  2.479163e-021
1038.730000  2.483626e-021
1038.760000  2.485532e-021
1038.790000  2.490779e-021
1038.820000  2.491390e-021
1038.850000  2.473745e-021
1038.880000  2.448031e-021
1038.910000  2.426752e-021
1038.940000  2.408504e-021
1038.970000  2.396359e-021
1039.000000  2.386067e-021
1039.030000  2.368537e-021
1039.060000  2.349429e-021
1039.090000  2.331771e-021
1039.120000  2.311353e-021
1039.150000  2.286893e-021
1039.180000  2.266599e-021
1039.210000  2.255190e-021
1039.240000  2.247822e-021
1039.270000  2.243782e-021
1039.300000  2.250033e-021
1039.330000  2.264942e-021
1039.360000  2.276976e-021
1039.390000  2.280367e-021
1039.420000  2.273668e-021
1039.450000  2.261562e-021
1039.480000  2.244105e-021
1039.510000  2.218250e-021
1039.540000  2.197824e-021
1039.570000  2.194110e-021
1039.600000  2.194525e-021
1039.630000  2.191447e-021
1039.660000  2.189550e-021
1039.690000  2.186662e-021
1039.720000  2.173398e-021
1039.750000  2.148310e-021
1039.780000  2.126254e-021
1039.810000  2.117058e-021
1039.840000  2.115098e-021
1039.870000  2.114467e-021
1039.900000  2.116688e-021
1039.930000  2.113839e-021
1039.960000  2.102494e-021
1039.990000  2.084037e-021
1040.020000  2.058085e-021
1040.050000  2.027761e-021
1040.080000  1.999529e-021
1040.110000  1.969999e-021
1040.140000  1.945034e-021
1040.170000  1.937078e-021
1040.200000  1.944076e-021
1040.230000  1.954918e-021
1040.260000  1.960891e-021
1040.290000  1.959211e-021
1040.320000  1.944664e-021
1040.350000  1.917437e-021
1040.380000  1.885070e-021
1040.410000  1.856778e-021
1040.440000  1.831166e-021
1040.470000  1.811634e-021
1040.500000  1.800466e-021
1040.530000  1.797096e-021
1040.560000  1.799286e-021
1040.590000  1.801155e-021
1040.620000  1.794280e-021
1040.650000  1.774215e-021
1040.680000  1.748843e-021
1040.710000  1.730096e-021
1040.740000  1.720626e-021
1040.770000  1.721866e-021
1040.800000  1.734295e-021
1040.830000  1.743625e-021
1040.860000  1.741581e-021
1040.890000  1.729211e-021
1040.920000  1.713396e-021
1040.950000  1.706532e-021
1040.980000  1.710822e-021
1041.010000  1.720164e-021
1041.040000  1.735187e-021
1041.070000  1.751986e-021
1041.100000  1.758846e-021
1041.130000  1.757548e-021
1041.160000  1.754861e-021
1041.190000  1.751953e-021
1041.220000  1.750788e-021
1041.250000  1.752204e-021
1041.280000  1.752117e-021
1041.310000  1.752074e-021
1041.340000  1.752046e-021
1041.370000  1.748022e-021
1041.400000  1.743816e-021
1041.430000  1.745432e-021
1041.460000  1.755903e-021
1041.490000  1.772363e-021
1041.520000  1.786455e-021
1041.550000  1.798728e-021
1041.580000  1.809304e-021
1041.610000  1.802989e-021
1041.640000  1.781267e-021
1041.670000  1.760716e-021
1041.700000  1.739945e-021
1041.730000  1.717032e-021
1041.760000  1.705001e-021
1041.790000  1.704373e-021
1041.820000  1.703416e-021
1041.850000  1.700343e-021
1041.880000  1.697294e-021
1041.910000  1.692125e-021
1041.940000  1.684788e-021
1041.970000  1.676302e-021
1042.000000  1.665545e-021
1042.200000  1.741248e-021
1042.400000  1.769967e-021
1042.600000  1.710749e-021
1042.800000  1.754734e-021
1043.000000  1.730987e-021
1043.200000  1.910833e-021
1043.400000  1.929652e-021
1043.600000  1.953606e-021
1043.800000  2.144389e-021
1044.000000  2.240138e-021
1044.200000  2.259336e-021
1044.400000  2.409992e-021
1044.600000  2.547266e-021
1044.800000  2.563386e-021
1045.000000  2.868811e-021
1045.200000  3.018905e-021
1045.400000  3.244742e-021
1045.600000  3.434958e-021
1045.800000  3.836882e-021
1046.000000  4.167334e-021
1046.200000  4.577606e-021
1046.400000  4.823231e-021
1046.600000  5.209033e-021
1046.800000  5.441909e-021
1047.000000  5.371071e-021
1047.200000  5.436746e-021
1047.400000  5.551021e-021
1047.600000  5.597917e-021
1047.800000  5.806229e-021
1048.000000  5.874284e-021
1048.200000  5.935509e-021
1048.400000  6.207353e-021
1048.600000  5.830170e-021
1048.800000  5.605650e-021
1049.000000  5.429546e-021
1049.200000  4.858420e-021
1049.400000  4.485475e-021
1049.600000  4.145059e-021
1049.800000  3.863535e-021
1050.000000  3.460510e-021
1050.200000  3.190072e-021
1050.400000  2.815487e-021
1050.600000  2.587863e-021
1050.800000  2.449549e-021
1051.000000  2.222898e-021
1051.200000  2.043416e-021
1051.400000  1.932415e-021
1051.600000  1.868896e-021
1051.800000  1.662035e-021
1052.000000  1.540968e-021
1052.200000  1.498501e-021
1052.400000  1.377754e-021
1052.600000  1.316944e-021
1052.800000  1.311622e-021
1053.000000  1.219511e-021
1053.200000  1.208032e-021
1053.400000  1.178358e-021
1053.600000  1.109928e-021
1053.800000  1.125976e-021
1054.000000  1.105783e-021
1054.200000  1.084120e-021
1054.400000  1.066711e-021
1054.600000  1.072203e-021
1054.800000  1.024437e-021
1055.000000  1.025050e-021
1055.200000  1.054053e-021
1055.400000  1.008829e-021
1055.600000  9.917819e-022
1055.800000  1.034348e-021
1056.000000  9.824794e-022
1056.200000  1.020421e-021
1056.400000  1.055723e-021
1056.600000  1.011140e-021
1056.800000  1.020607e-021
1057.000000  1.002001e-021
1057.200000  1.003675e-021
1057.400000  9.503351e-022
1057.600000  9.185207e-022
1057.800000  8.759123e-022
1058.000000  8.601709e-022
1058.200000  8.489552e-022
1058.400000  8.276838e-022
1058.600000  8.058234e-022
1058.800000  7.959840e-022
1059.000000  7.877716e-022
1059.200000  7.615971e-022
1059.400000  7.509522e-022
1059.600000  7.525787e-022
1059.800000  7.327216e-022
1060.000000  7.131938e-022
1060.200000  7.109231e-022
1060.400000  6.882056e-022
1060.600000  6.954909e-022
1060.800000  6.994680e-022
1061.000000  6.838756e-022
1061.200000  6.695471e-022
1061.400000  6.675879e-022
1061.600000  6.722916e-022
1061.800000  6.506797e-022
1062.000000  6.531482e-022
1062.200000  6.572923e-022
1062.400000  6.651616e-022
1062.600000  6.343407e-022
1062.800000  6.353104e-022
1063.000000  6.150284e-022
1063.200000  6.234445e-022
1063.400000  6.154393e-022
1063.600000  6.091009e-022
1063.800000  5.997558e-022
1064.000000  6.085613e-022
1064.200000  6.190701e-022
1064.400000  6.130840e-022
1064.600000  6.102791e-022
1064.800000  6.226974e-022
1065.000000  6.244116e-022
1065.200000  6.417626e-022
1065.400000  6.393487e-022
1065.600000  6.412700e-022
1065.800000  6.354495e-022
1066.000000  6.485249e-022
1066.200000  6.305868e-022
1066.400000  6.080681e-022
1066.600000  6.114826e-022
1066.800000  6.056035e-022
1067.000000  6.164293e-022
1067.200000  6.092115e-022
1067.400000  5.759058e-022
1067.600000  5.812079e-022
1067.800000  5.798458e-022
1068.000000  5.553871e-022
1068.200000  5.528508e-022
1068.400000  5.617818e-022
1068.600000  5.630734e-022
1068.800000  5.507653e-022
1069.000000  5.482128e-022
1069.200000  5.546757e-022
1069.400000  5.809372e-022
1069.600000  5.793655e-022
1069.800000  5.781751e-022
1070.000000  5.713951e-022
1070.200000  5.665302e-022
1070.400000  5.888697e-022
1070.600000  5.681693e-022
1070.800000  5.619322e-022
1071.000000  5.442635e-022
1071.200000  5.445781e-022
1071.400000  5.491588e-022
1071.600000  5.421019e-022
1071.800000  5.264833e-022
1072.000000  5.108348e-022
1072.200000  5.264932e-022
1072.400000  5.252311e-022
1072.600000  5.274760e-022
1072.800000  5.387030e-022
1073.000000  5.491689e-022
1073.200000  5.543740e-022
1073.400000  5.357094e-022
1073.600000  5.493347e-022
1073.800000  5.508270e-022
1074.000000  5.642944e-022
1074.200000  5.821084e-022
1074.400000  5.757681e-022
1074.600000  5.788629e-022
1074.800000  5.809778e-022
1075.000000  5.937445e-022
1075.200000  5.913364e-022
1075.400000  5.908988e-022
1075.600000  5.762222e-022
1075.800000  5.846752e-022
1076.000000  5.677852e-022
1076.200000  5.472938e-022
1076.400000  5.216033e-022
1076.600000  5.083803e-022
1076.800000  5.219766e-022
1077.000000  5.182819e-022
1077.200000  5.115914e-022
1077.400000  4.983077e-022
1077.600000  4.865955e-022
1077.800000  4.772584e-022
1078.000000  4.743020e-022
1078.200000  4.627335e-022
1078.400000  4.501414e-022
1078.600000  4.337157e-022
1078.800000  4.409418e-022
1079.000000  4.299001e-022
1079.200000  4.160224e-022
1079.400000  4.220433e-022
1079.600000  4.129664e-022
1079.800000  4.127442e-022
1080.000000  4.149430e-022
1080.200000  4.070450e-022
1080.400000  4.134878e-022
1080.600000  4.013230e-022
1080.800000  4.122281e-022
1081.000000  4.053104e-022
1081.200000  4.008148e-022
1081.400000  4.070765e-022
1081.600000  4.151792e-022
1081.800000  4.149527e-022
1082.000000  4.092256e-022
1082.200000  4.081767e-022
1082.400000  4.095744e-022
1082.600000  4.150595e-022
1082.800000  4.003137e-022
1083.000000  3.953629e-022
1083.200000  3.867157e-022
1083.400000  4.008090e-022
1083.600000  3.976905e-022
1083.800000  3.896364e-022
1084.000000  3.914352e-022
1084.200000  3.992043e-022
1084.400000  3.750628e-022
1084.600000  3.760273e-022
1084.800000  3.930881e-022
1085.000000  3.897329e-022
1085.200000  3.923662e-022
1085.400000  3.881758e-022
1085.600000  3.829416e-022
1085.800000  3.795631e-022
1086.000000  3.741031e-022
1086.200000  3.873239e-022
1086.400000  3.747926e-022
1086.600000  3.728490e-022
1086.800000  3.958920e-022
1087.000000  3.929213e-022
1087.200000  3.786782e-022
1087.400000  3.704646e-022
1087.600000  3.651619e-022
1087.800000  3.638240e-022
1088.000000  3.549447e-022
1088.200000  3.418567e-022
1088.400000  3.386045e-022
1088.600000  3.342960e-022
1088.800000  3.278775e-022
1089.000000  3.368040e-022
1089.200000  3.377451e-022
1089.400000  3.275174e-022
1089.600000  3.425847e-022
1089.800000  3.386764e-022
1090.000000  3.212348e-022
1090.200000  3.405676e-022
1090.400000  3.379159e-022
1090.600000  3.407690e-022
1090.800000  3.432027e-022
1091.000000  3.388466e-022
1091.200000  3.425574e-022
1091.400000  3.562715e-022
1091.600000  3.668170e-022
1091.800000  3.639568e-022
1092.000000  3.726084e-022
1092.200000  3.631296e-022
1092.400000  3.645306e-022
1092.600000  3.670031e-022
1092.800000  3.418652e-022
1093.000000  3.413211e-022
1093.200000  3.279081e-022
1093.400000  3.337892e-022
1093.600000  3.323757e-022
1093.800000  3.148308e-022
1094.000000  3.254505e-022
1094.200000  3.164841e-022
1094.400000  3.031882e-022
1094.600000  3.000119e-022
1094.800000  3.052549e-022
1095.000000  3.079123e-022
1095.200000  3.049472e-022
1095.400000  3.108580e-022
1095.600000  2.890259e-022
1095.800000  2.810430e-022
1096.000000  2.763035e-022
1096.200000  2.606842e-022
1096.400000  2.691915e-022
1096.600000  2.624670e-022
1096.800000  2.546400e-022
1097.000000  2.568361e-022
1097.200000  2.527021e-022
1097.400000  2.426578e-022
1097.600000  2.474740e-022
1097.800000  2.385012e-022
1098.000000  2.417874e-022
1098.200000  2.290626e-022
1098.400000  2.286124e-022
1098.600000  2.178962e-022
1098.800000  2.208887e-022
1099.000000  2.148579e-022
1099.200000  2.120559e-022
1099.400000  2.072190e-022
1099.600000  2.051111e-022
1099.800000  2.002586e-022
1100.000000  1.997550e-022
1100.200000  1.942242e-022
1100.400000  1.889047e-022
1100.600000  2.014317e-022
1100.800000  1.997720e-022
1101.000000  1.915092e-022
1101.200000  1.930622e-022
1101.400000  1.870709e-022
1101.600000  1.947946e-022
1101.800000  1.883476e-022
1102.000000  1.876256e-022
1102.200000  1.795736e-022
1102.400000  1.738326e-022
1102.600000  1.714833e-022
1102.800000  1.653209e-022
1103.000000  1.784771e-022
1103.200000  1.697957e-022
1103.400000  1.788459e-022
1103.600000  1.690244e-022
1103.800000  1.573170e-022
1104.000000  1.542833e-022
1104.200000  1.524616e-022
1104.400000  1.564813e-022
1104.600000  1.464585e-022
1104.800000  1.632534e-022
1105.000000  1.616588e-022
1105.200000  1.529041e-022
1105.400000  1.520223e-022
1105.600000  1.505489e-022
1105.800000  1.483005e-022
1106.000000  1.554813e-022
1106.200000  1.549394e-022
1106.400000  1.474508e-022
1106.600000  1.616929e-022
1106.800000  1.476035e-022
1107.000000  1.579894e-022
1107.200000  1.529898e-022
1107.400000  1.519843e-022
1107.600000  1.542738e-022
1107.800000  1.562236e-022
1108.000000  1.535204e-022
1108.200000  1.536590e-022
1108.400000  1.504888e-022
1108.600000  1.544885e-022
1108.800000  1.543977e-022
1109.000000  1.598595e-022
1109.200000  1.454516e-022
1109.400000  1.543312e-022
1109.600000  1.540083e-022
1109.800000  1.438105e-022
1110.000000  1.509763e-022
1110.200000  1.538460e-022
1110.400000  1.477241e-022
1110.600000  1.576277e-022
1110.800000  1.493609e-022
1111.000000  1.517738e-022
1111.200000  1.504212e-022
1111.400000  1.512321e-022
1111.600000  1.438616e-022
1111.800000  1.543511e-022
1112.000000  1.383287e-022
1112.200000  1.496266e-022
1112.400000  1.423679e-022
1112.600000  1.420275e-022
1112.800000  1.417099e-022
1113.000000  1.420484e-022
1113.200000  1.354841e-022
1113.400000  1.353708e-022
1113.600000  1.343633e-022
1113.800000  1.300578e-022
1114.000000  1.326960e-022
1114.200000  1.298433e-022
1114.400000  1.310222e-022
1114.600000  1.272647e-022
1114.800000  1.212299e-022
1115.000000  1.224749e-022
1115.200000  1.133922e-022
1115.400000  1.221731e-022
1115.600000  1.236593e-022
1115.800000  1.159544e-022
1116.000000  1.206236e-022
1116.200000  1.093083e-022
1116.400000  1.004737e-022
1116.600000  1.177058e-022
1116.800000  1.049968e-022
1117.000000  1.186094e-022
1117.200000  1.108985e-022
1117.400000  1.045853e-022
1117.600000  1.037689e-022
1117.800000  1.008655e-022
1118.000000  9.934837e-023
1118.200000  1.012863e-022
1118.400000  1.134902e-022
1118.600000  1.014675e-022
1118.800000  1.024732e-022
1119.000000  1.144938e-022
1119.200000  9.462444e-023
1119.400000  1.066352e-022
1119.600000  9.592934e-023
1119.800000  9.441883e-023
1120.000000  9.886040e-023
1120.200000  9.323080e-023
1120.400000  1.135143e-022
1120.600000  9.364009e-023
1120.800000  9.418526e-023
1121.000000  8.459194e-023
1121.200000  7.984876e-023
1121.400000  9.672732e-023
1121.600000  8.025948e-023
1121.800000  9.160474e-023
1122.000000  8.780307e-023
1122.200000  7.844541e-023
1122.400000  7.851534e-023
1122.600000  8.505042e-023
1122.800000  8.446442e-023
1123.000000  7.693454e-023
1123.200000  8.161932e-023
1123.400000  7.591656e-023
1123.600000  8.319146e-023
1123.800000  6.366785e-023
1124.000000  7.572523e-023
1124.200000  7.510204e-023
1124.400000  5.537069e-023
1124.600000  6.651383e-023
1124.800000  6.217107e-023
1125.000000  7.333998e-023
1125.200000  5.705439e-023
1125.400000  5.710511e-023
1125.600000  5.298645e-023
1125.800000  5.397746e-023
1126.000000  5.181269e-023
1126.200000  6.298197e-023
1126.400000  5.932688e-023
1126.600000  6.007756e-023
1126.800000  6.182754e-023
1127.000000  6.605288e-023
1127.200000  6.961080e-023
1127.400000  5.120997e-023
1127.600000  5.193147e-023
1127.800000  5.987191e-023
1128.000000  5.806882e-023
1128.200000  6.658103e-023
1128.400000  6.734366e-023
1128.600000  6.181995e-023
1128.800000  6.303269e-023
1129.000000  6.502857e-023
1129.200000  6.556532e-023
1129.400000  6.887934e-023
1129.600000  5.471777e-023
1129.800000  6.465247e-023
1130.000000  5.096807e-023
1130.200000  5.124115e-023
1130.400000  4.966400e-023
1130.600000  5.749781e-023
1130.800000  4.893924e-023
1131.000000  4.316157e-023
1131.200000  5.462300e-023
1131.400000  4.965489e-023
1131.600000  5.436283e-023
1131.800000  5.816072e-023
1132.000000  4.756544e-023
1132.200000  5.696031e-023
1132.400000  4.836568e-023
1132.600000  4.490130e-023
1132.800000  4.973227e-023
1133.000000  4.977618e-023
1133.200000  4.468668e-023
1133.400000  5.220189e-023
1133.600000  3.880029e-023
1133.800000  5.708083e-023
1134.000000  5.409176e-023
1134.200000  3.609298e-023
1134.400000  4.445933e-023
1134.600000  4.568654e-023
1134.800000  3.541308e-023
1135.000000  4.739705e-023
1135.200000  4.733524e-023
1135.400000  4.527765e-023
1135.600000  4.508408e-023
1135.800000  3.995715e-023
1136.000000  3.565269e-023
1136.200000  4.296655e-023
1136.400000  4.701326e-023
1136.600000  5.317748e-023
1136.800000  4.300188e-023
1137.000000  4.726801e-023
1137.200000  4.683937e-023
1137.400000  4.957366e-023
1137.600000  4.938173e-023
1137.800000  4.591537e-023
1138.000000  4.430416e-023
1138.200000  3.788843e-023
1138.400000  3.839444e-023
1138.600000  3.890130e-023
1138.800000  4.388134e-023
1139.000000  3.723184e-023
1139.200000  3.726454e-023
1139.400000  4.059441e-023
1139.600000  4.818053e-023
1139.800000  4.716589e-023
1140.000000  4.011958e-023
1140.200000  4.015478e-023
1140.400000  3.687838e-023
1140.600000  2.720575e-023
1140.800000  3.553650e-023
1141.000000  3.508953e-023
1141.200000  4.913119e-023
1141.400000  3.847726e-023
1141.600000  4.160038e-023
1141.800000  3.758511e-023
1142.000000  3.596391e-023
1142.200000  4.026787e-023
1142.400000  4.963058e-023
1142.600000  2.268368e-023
1142.800000  2.746914e-023
1143.000000  3.325442e-023
1143.200000  3.926437e-023
1143.400000  4.456004e-023
1143.600000  3.310000e-023
1143.800000  3.264492e-023
1144.000000  2.161994e-023
1144.200000  3.509948e-023
1144.400000  2.623034e-023
1144.600000  2.047318e-023
1144.800000  3.019510e-023
1145.000000  3.773630e-023
1145.200000  3.390036e-023
1145.400000  3.173657e-023
1145.600000  1.818587e-023
1145.800000  2.256908e-023
1146.000000  2.429109e-023
1146.200000  2.528240e-023
1146.400000  1.459956e-023
1146.600000  3.116820e-023
1146.800000  2.534864e-023
1147.000000  1.951617e-023
1147.200000  3.321489e-023
1147.400000  1.735127e-023
1147.600000  1.345404e-023
1147.800000  2.325656e-023
1148.000000  1.298726e-023
1148.200000  1.250791e-023
1148.400000  2.135577e-023
1148.600000  2.973850e-023
1148.800000  2.581780e-023
1149.000000  1.624301e-023
1149.200000  1.773558e-023
1149.400000  1.133894e-023
1149.600000  1.727280e-023
1149.800000  1.386228e-023
1150.000000  2.823492e-023
