800.000000  -2.448439e-023
800.200000  -6.351737e-023
800.400000  -4.467918e-023
800.600000  -4.193315e-024
800.800000  -8.398292e-024
801.000000  -2.217066e-023
801.200000  -1.193205e-023
801.400000  -3.267959e-024
801.600000  -8.966131e-024
801.800000  -1.311554e-023
802.000000  1.889407e-023
802.200000  2.805465e-023
802.400000  9.760068e-025
802.600000  -2.611620e-024
802.800000  1.387349e-023
803.000000  -1.402541e-023
803.200000  -2.597293e-023
803.400000  -1.096452e-023
803.600000  -8.602099e-024
803.800000  -3.626521e-023
804.000000  -6.064759e-023
804.200000  -4.764095e-023
804.400000  -3.640067e-023
804.600000  -5.997884e-023
804.800000  -3.185211e-023
805.000000  -1.478905e-023
805.200000  -4.153149e-023
805.400000  -5.011272e-023
805.600000  -3.447465e-023
805.800000  -4.866029e-024
806.000000  -9.097738e-024
806.200000  1.167099e-023
806.400000  3.388376e-023
806.600000  2.942284e-023
806.800000  5.681596e-024
807.000000  1.524708e-023
807.200000  3.334484e-023
807.400000  2.596640e-023
807.600000  3.329797e-024
807.800000  1.292900e-023
808.000000  3.947208e-024
808.200000  -3.872719e-023
808.400000  -3.558859e-023
808.600000  -1.254281e-023
808.800000  -1.436380e-023
809.000000  -1.643267e-023
809.200000  6.389643e-024
809.400000  1.454091e-023
809.600000  -1.163015e-023
809.800000  -2.153807e-023
810.000000  -1.039278e-023
810.200000  4.369856e-024
810.400000  -6.183770e-024
810.600000  -5.847919e-024
810.800000  1.696379e-023
811.000000  7.802932e-025
811.200000  -8.514940e-024
811.400000  4.385896e-024
811.600000  9.803948e-024
811.800000  1.417795e-024
812.000000  1.041504e-023
812.200000  1.820317e-023
812.400000  1.586210e-023
812.600000  -1.748886e-023
812.800000  -2.732174e-024
813.000000  2.154228e-023
813.200000  2.915273e-023
813.400000  -5.112163e-024
813.600000  -1.109185e-023
813.800000  -1.496205e-024
814.000000  -1.633226e-023
814.200000  -1.080425e-023
814.400000  8.748458e-024
814.600000  2.024116e-023
814.800000  -7.468144e-024
815.000000  -7.126325e-024
815.200000  6.671622e-024
815.400000  -8.177159e-025
815.600000  -1.221383e-023
815.800000  1.448446e-023
816.000000  2.440479e-023
816.200000  -2.281101e-024
816.400000  -7.935214e-024
816.600000  1.146949e-023
816.800000  1.688054e-023
817.000000  -4.622442e-024
817.200000  -1.143555e-023
817.400000  9.403589e-024
817.600000  -1.977523e-023
817.800000  -3.811157e-023
818.000000  -1.139796e-023
818.200000  1.306727e-023
818.400000  -1.208225e-023
818.600000  1.431240e-024
818.800000  4.830383e-023
819.000000  5.880896e-023
819.200000  3.709358e-023
819.400000  4.330319e-023
819.600000  9.221846e-023
819.800000  9.732015e-023
820.000000  7.498689e-023
820.200000  6.112983e-023
820.400000  5.890766e-023
820.600000  2.850885e-023
820.800000  3.198111e-023
821.000000  4.471416e-023
821.200000  3.916239e-023
821.400000  6.632796e-025
821.600000  -2.298777e-024
821.800000  -2.118772e-025
822.000000  -2.140105e-023
822.200000  -1.507378e-023
822.400000  -1.666229e-024
822.600000  1.503603e-023
822.800000  6.110536e-024
823.000000  6.713138e-024
823.200000  2.026640e-023
823.400000  1.519884e-023
823.600000  7.716720e-025
823.800000  1.427108e-023
824.000000  1.640723e-023
824.200000  -2.870560e-023
824.400000  -4.202780e-023
824.600000  -6.071449e-024
824.800000  2.853483e-023
825.000000  8.651794e-024
825.200000  1.069558e-023
825.400000  3.606461e-023
825.600000  -5.098043e-024
825.800000  -4.036694e-023
826.000000  -2.955211e-023
826.200000  -2.369372e-024
826.400000  -3.507079e-023
826.600000  -2.934052e-023
826.800000  -2.720349e-025
827.000000  1.852947e-023
827.200000  1.466568e-023
827.400000  2.241853e-023
827.600000  4.710174e-023
827.800000  3.099859e-023
828.000000  1.835928e-023
828.200000  2.400441e-023
828.400000  4.553154e-023
828.600000  2.557901e-023
828.800000  3.894944e-023
829.000000  7.423898e-023
829.200000  7.483155e-023
829.400000  3.897763e-023
829.600000  2.329759e-023
829.800000  2.388410e-023
830.000000  1.983679e-023
830.200000  1.947588e-023
830.400000  7.594040e-024
830.600000  3.756427e-024
830.800000  -6.326673e-024
831.000000  1.566067e-023
831.200000  3.277556e-023
831.400000  1.240957e-023
831.600000  -1.402669e-023
831.800000  -1.341276e-023
832.000000  -3.599920e-024
832.200000  -1.703386e-023
832.400000  -3.665014e-023
832.600000  -7.707995e-024
832.800000  3.859801e-024
833.000000  -2.131386e-023
833.200000  -1.383151e-023
833.400000  5.340999e-024
833.600000  3.019573e-023
833.800000  1.543916e-023
834.000000  4.196465e-024
834.200000  1.929632e-023
834.400000  2.410024e-023
834.600000  3.676794e-023
834.800000  5.644937e-023
835.000000  6.298814e-023
835.200000  3.269933e-023
835.400000  2.055130e-023
835.600000  3.245825e-023
835.800000  2.925718e-023
836.000000  8.257933e-024
836.200000  3.253062e-023
836.400000  4.049827e-023
836.600000  1.678365e-023
836.800000  1.420808e-023
837.000000  1.848151e-023
837.200000  2.818371e-024
837.400000  5.307083e-025
837.600000  5.424994e-024
837.800000  3.245652e-023
838.000000  2.107811e-023
838.200000  8.561065e-025
838.400000  1.268830e-023
838.600000  1.848772e-023
838.800000  4.364709e-024
839.000000  8.141884e-024
839.200000  3.054037e-023
839.400000  4.172548e-023
839.600000  2.225690e-023
839.800000  2.075804e-023
840.000000  5.087195e-023
840.200000  4.812269e-023
840.400000  3.687891e-023
840.600000  5.199833e-023
840.800000  7.732924e-023
841.000000  4.057170e-023
841.200000  2.176177e-023
841.400000  3.104591e-023
841.600000  3.202470e-023
841.800000  8.911772e-024
842.000000  -7.978617e-024
842.200000  2.787804e-024
842.400000  -9.726355e-024
842.600000  -2.509956e-023
842.800000  -2.408374e-024
843.000000  9.224261e-024
843.200000  2.254326e-024
843.400000  -2.380184e-024
843.600000  1.850992e-023
843.800000  3.284352e-023
844.000000  2.907959e-023
844.200000  3.996541e-023
844.400000  6.082755e-023
844.600000  2.871402e-023
844.800000  -1.845395e-023
845.000000  -3.501437e-023
845.200000  -3.995816e-023
845.400000  -5.876000e-023
845.600000  -6.509495e-023
845.800000  -4.441301e-023
846.000000  -2.789209e-023
846.200000  -4.996839e-023
846.400000  -5.388828e-023
846.600000  -4.389246e-023
846.800000  -7.006499e-023
847.000000  -8.255662e-023
847.200000  -6.132304e-023
847.400000  -4.940375e-023
847.600000  -6.063157e-023
847.800000  -6.754156e-023
848.000000  -4.189776e-023
848.200000  -7.869253e-024
848.400000  -1.850016e-023
848.600000  7.712213e-025
848.800000  2.924667e-023
849.000000  2.384620e-023
849.200000  2.385559e-023
849.400000  4.888462e-023
849.600000  4.462052e-023
849.800000  1.289316e-023
850.000000  1.944324e-023
850.200000  4.212557e-023
850.400000  5.373619e-023
850.600000  4.847992e-023
850.800000  4.117483e-023
851.000000  3.597231e-023
851.200000  2.061887e-023
851.400000  2.027371e-023
851.600000  4.143850e-023
851.800000  4.870025e-023
852.000000  2.972654e-023
852.200000  4.297866e-023
852.400000  8.598438e-023
852.600000  7.974150e-023
852.800000  4.300685e-023
853.000000  5.456806e-023
853.200000  8.448134e-023
853.400000  7.661620e-023
853.600000  5.560678e-023
853.800000  5.982176e-023
854.000000  6.506759e-023
854.200000  2.889344e-023
854.400000  3.748599e-023
854.600000  7.501317e-023
854.800000  6.460484e-023
855.000000  3.252129e-023
855.200000  3.267962e-023
855.400000  3.832513e-023
855.600000  1.675395e-023
855.800000  -1.945138e-023
856.000000  3.639224e-024
856.200000  2.818661e-023
856.400000  -8.889381e-024
856.600000  -7.995740e-024
856.800000  6.442664e-024
857.000000  8.403225e-024
857.200000  3.411562e-024
857.400000  2.910953e-023
857.600000  3.920631e-023
857.800000  1.959169e-023
858.000000  2.895593e-024
858.200000  2.904988e-024
858.400000  7.365581e-024
858.600000  -2.199341e-023
858.800000  -2.520236e-023
859.000000  -2.041767e-024
859.200000  -2.500246e-023
859.400000  -3.899400e-023
859.600000  -1.271119e-023
859.800000  -1.102713e-023
860.000000  -6.854638e-023
860.200000  -8.226060e-023
860.400000  -8.163467e-023
860.600000  -7.392239e-023
860.800000  -9.464507e-023
861.000000  -7.982330e-023
861.200000  -6.915848e-023
861.400000  -6.794592e-023
861.600000  -6.558870e-023
861.800000  -5.854604e-023
862.000000  -6.736048e-023
862.200000  -9.814016e-023
862.400000  -9.918540e-023
862.600000  -8.151290e-023
862.800000  -4.944434e-023
863.000000  -2.030531e-023
863.200000  4.347379e-023
863.400000  9.943328e-023
863.600000  8.130059e-023
863.800000  8.026328e-023
864.000000  9.933245e-023
864.200000  1.069914e-022
864.400000  7.676250e-023
864.600000  6.467697e-023
864.800000  8.026036e-023
865.000000  7.927891e-023
865.200000  6.620691e-023
865.400000  8.828891e-023
865.600000  1.229745e-022
865.800000  1.105810e-022
866.000000  9.881719e-023
866.200000  1.062912e-022
866.400000  1.178979e-022
866.600000  1.023406e-022
866.800000  9.776920e-023
867.000000  1.202670e-022
867.200000  1.093522e-022
867.400000  9.081878e-023
867.600000  9.672733e-023
867.800000  1.108009e-022
868.000000  9.191347e-023
868.200000  7.933865e-023
868.400000  7.934804e-023
868.600000  7.438082e-023
868.800000  3.394542e-023
869.000000  5.894231e-023
869.200000  1.032769e-022
869.400000  1.259461e-022
869.600000  1.298975e-022
869.800000  1.645640e-022
870.000000  1.818511e-022
870.200000  1.472836e-022
870.400000  1.379669e-022
870.600000  1.693570e-022
870.800000  1.957047e-022
871.000000  1.948762e-022
871.200000  2.072931e-022
871.400000  2.258871e-022
871.600000  2.238970e-022
871.800000  2.065005e-022
872.000000  2.141971e-022
872.200000  2.047269e-022
872.400000  1.832019e-022
872.600000  1.758987e-022
872.800000  1.878541e-022
873.000000  1.909345e-022
873.200000  1.545370e-022
873.400000  1.466070e-022
873.600000  1.738065e-022
873.800000  1.691219e-022
874.000000  1.768060e-022
874.200000  2.065671e-022
874.400000  2.215234e-022
874.600000  1.955813e-022
874.800000  1.806404e-022
875.000000  2.005163e-022
875.200000  2.030891e-022
875.400000  1.760065e-022
875.600000  1.942022e-022
875.800000  2.150158e-022
876.000000  1.994574e-022
876.200000  1.701130e-022
876.400000  1.900354e-022
876.600000  2.198256e-022
876.800000  1.955859e-022
877.000000  2.095212e-022
877.200000  2.621743e-022
877.400000  3.015973e-022
877.600000  2.978959e-022
877.800000  2.842714e-022
878.000000  2.618420e-022
878.200000  2.521214e-022
878.400000  2.681531e-022
878.600000  2.859217e-022
878.800000  2.829556e-022
879.000000  2.570102e-022
879.200000  2.662478e-022
879.400000  2.880634e-022
879.600000  3.001846e-022
879.800000  2.849202e-022
880.000000  2.975614e-022
880.200000  3.095249e-022
880.400000  2.928547e-022
880.600000  2.946055e-022
880.800000  3.271598e-022
881.000000  3.428995e-022
881.200000  3.205575e-022
881.400000  3.182316e-022
881.600000  3.345542e-022
881.800000  3.225961e-022
882.000000  3.199288e-022
882.200000  3.568714e-022
882.400000  3.930809e-022
882.600000  3.677163e-022
882.800000  3.535831e-022
883.000000  3.611432e-022
883.200000  3.635449e-022
883.400000  3.596269e-022
883.600000  3.743817e-022
883.800000  4.023128e-022
884.000000  3.954490e-022
884.200000  3.657182e-022
884.400000  3.606597e-022
884.600000  3.660392e-022
884.800000  3.419853e-022
885.000000  3.101407e-022
885.200000  3.008978e-022
885.400000  3.061722e-022
885.600000  2.935973e-022
885.800000  2.949905e-022
886.000000  3.260543e-022
886.200000  3.304010e-022
886.400000  3.320292e-022
886.600000  3.544880e-022
886.800000  3.847085e-022
887.000000  3.724378e-022
887.200000  3.643826e-022
887.400000  3.927409e-022
887.600000  4.003264e-022
887.800000  3.644108e-022
888.000000  3.537350e-022
888.200000  3.689121e-022
888.400000  3.435984e-022
888.600000  3.238294e-022
888.800000  3.408380e-022
889.000000  3.671733e-022
889.200000  3.508228e-022
889.400000  3.589043e-022
889.600000  3.826418e-022
889.800000  3.901507e-022
890.000000  3.746573e-022
890.200000  3.847782e-022
890.400000  3.961558e-022
890.600000  3.756015e-022
890.800000  3.767939e-022
891.000000  4.030043e-022
891.200000  4.201714e-022
891.400000  4.037895e-022
891.600000  4.114592e-022
891.800000  4.300093e-022
892.000000  4.533631e-022
892.200000  4.254333e-022
892.400000  4.360496e-022
892.600000  4.627144e-022
892.800000  4.458342e-022
893.000000  4.375376e-022
893.200000  4.783705e-022
893.400000  4.963853e-022
893.600000  4.713745e-022
893.800000  4.725742e-022
894.000000  5.159892e-022
894.200000  5.267620e-022
894.400000  5.140981e-022
894.600000  5.452063e-022
894.800000  5.376732e-022
895.000000  4.895453e-022
895.200000  4.626962e-022
895.400000  4.831551e-022
895.600000  4.951427e-022
895.800000  4.672358e-022
896.000000  4.538001e-022
896.200000  4.427574e-022
896.400000  4.289088e-022
896.600000  4.171509e-022
896.800000  4.234396e-022
897.000000  4.347061e-022
897.200000  4.125340e-022
897.400000  4.234677e-022
897.600000  4.653702e-022
897.800000  4.990338e-022
898.000000  5.081280e-022
898.200000  5.279820e-022
898.400000  5.614011e-022
898.600000  5.844958e-022
898.800000  5.995895e-022
899.000000  5.569011e-022
899.200000  5.471630e-022
899.400000  5.341468e-022
899.600000  5.447042e-022
899.800000  6.004377e-022
900.000000  6.270941e-022
900.200000  6.207351e-022
900.400000  6.240019e-022
900.600000  6.583369e-022
900.800000  6.736771e-022
901.000000  6.803196e-022
901.200000  7.184673e-022
901.400000  7.248887e-022
901.600000  7.119816e-022
901.800000  7.127265e-022
902.000000  7.345739e-022
902.200000  7.434350e-022
902.400000  7.211666e-022
902.600000  7.151009e-022
902.800000  7.435363e-022
903.000000  7.205833e-022
903.200000  7.144923e-022
903.400000  7.243902e-022
903.600000  7.310014e-022
903.800000  7.145205e-022
904.000000  7.179781e-022
904.200000  7.406402e-022
904.400000  7.529138e-022
904.600000  7.558633e-022
904.800000  8.077471e-022
905.000000  9.055168e-022
905.200000  9.123753e-022
905.400000  9.023033e-022
905.600000  9.185247e-022
905.800000  9.284883e-022
906.000000  9.022499e-022
906.200000  9.087055e-022
906.400000  9.514657e-022
906.600000  9.846292e-022
906.800000  9.878837e-022
907.000000  1.020745e-021
907.200000  1.044049e-021
907.400000  1.035030e-021
907.600000  1.018250e-021
907.800000  1.044314e-021
908.000000  1.054899e-021
908.200000  1.045287e-021
908.400000  1.054415e-021
908.600000  1.074770e-021
908.800000  1.059597e-021
909.000000  1.042189e-021
909.200000  1.057815e-021
909.400000  1.067790e-021
909.600000  1.014694e-021
909.800000  1.017541e-021
910.000000  1.056838e-021
910.200000  1.097613e-021
910.400000  1.132051e-021
910.600000  1.188827e-021
910.800000  1.279649e-021
911.000000  1.349155e-021
911.200000  1.417715e-021
911.400000  1.527420e-021
911.600000  1.650147e-021
911.800000  1.748787e-021
912.000000  1.872132e-021
912.200000  2.035357e-021
912.400000  2.227226e-021
912.600000  2.378058e-021
912.800000  2.601654e-021
913.000000  2.863462e-021
913.200000  3.171590e-021
913.400000  3.512926e-021
913.600000  3.944086e-021
913.800000  4.535575e-021
914.000000  4.946115e-021
914.200000  5.281889e-021
914.400000  5.471227e-021
914.600000  5.497342e-021
914.800000  5.409343e-021
915.000000  5.315124e-021
915.200000  5.265339e-021
915.400000  5.321302e-021
915.600000  5.513613e-021
915.800000  5.855635e-021
916.000000  6.204305e-021
916.200000  6.466099e-021
916.400000  6.549343e-021
916.600000  6.323142e-021
916.800000  5.882559e-021
917.000000  5.365495e-021
917.200000  4.825422e-021
917.400000  4.303466e-021
917.600000  3.777859e-021
917.800000  3.345356e-021
918.000000  2.975875e-021
918.200000  2.641237e-021
918.400000  2.367335e-021
918.600000  2.219668e-021
918.800000  2.221213e-021
919.000000  2.303032e-021
919.200000  2.426677e-021
919.400000  2.590267e-021
919.600000  2.749641e-021
919.800000  2.851689e-021
920.000000  2.895963e-021
920.200000  2.894495e-021
920.400000  2.729503e-021
920.600000  2.421031e-021
920.800000  2.084464e-021
921.000000  1.810900e-021
921.200000  1.593951e-021
921.400000  1.439048e-021
921.600000  1.412224e-021
921.800000  1.460226e-021
922.000000  1.530383e-021
922.200000  1.627370e-021
922.400000  1.750285e-021
922.600000  1.819194e-021
922.800000  1.807806e-021
923.000000  1.807766e-021
923.200000  1.833861e-021
923.400000  1.858935e-021
923.600000  1.872998e-021
923.800000  1.920051e-021
924.000000  1.989454e-021
924.200000  2.012284e-021
924.400000  2.049467e-021
924.600000  2.146571e-021
924.800000  2.326839e-021
925.000000  2.573417e-021
925.200000  2.903166e-021
925.400000  3.278153e-021
925.600000  3.614315e-021
925.800000  3.906192e-021
926.000000  4.212391e-021
926.200000  4.296983e-021
926.400000  4.302142e-021
926.600000  4.372200e-021
926.800000  4.439343e-021
927.000000  4.516618e-021
927.200000  4.532860e-021
927.400000  4.497614e-021
927.600000  4.348492e-021
927.800000  4.208881e-021
928.000000  4.182392e-021
928.200000  4.263085e-021
928.400000  4.333884e-021
928.600000  4.392072e-021
928.800000  4.479191e-021
929.000000  4.551543e-021
929.200000  4.714663e-021
929.400000  4.950719e-021
929.600000  5.171821e-021
929.800000  5.275831e-021
930.000000  5.343251e-021
930.200000  5.486525e-021
930.400000  5.694169e-021
930.600000  5.844342e-021
930.800000  5.878903e-021
931.000000  5.689225e-021
931.200000  5.338240e-021
931.400000  4.925565e-021
931.600000  4.654986e-021
931.800000  4.491528e-021
932.000000  4.349741e-021
932.200000  4.224560e-021
932.400000  3.998388e-021
932.600000  3.952580e-021
932.800000  4.073788e-021
933.000000  4.172703e-021
933.200000  4.308225e-021
933.400000  4.330877e-021
933.600000  4.293962e-021
933.800000  4.365681e-021
934.000000  4.602609e-021
934.200000  4.897498e-021
934.400000  5.177238e-021
934.600000  5.353494e-021
934.800000  5.394682e-021
935.000000  5.379585e-021
935.200000  5.409973e-021
935.400000  5.512230e-021
935.600000  5.631620e-021
935.800000  5.809635e-021
936.000000  6.295458e-021
936.200000  7.193178e-021
936.400000  8.380469e-021
936.600000  9.537299e-021
936.800000  1.016222e-020
937.000000  1.001321e-020
937.200000  9.502177e-021
937.400000  9.070265e-021
937.600000  8.655291e-021
937.800000  8.106828e-021
938.000000  7.509722e-021
938.200000  7.088715e-021
938.400000  6.786445e-021
938.600000  6.625583e-021
938.800000  6.726525e-021
939.000000  7.086464e-021
939.200000  7.501847e-021
939.400000  7.969248e-021
939.600000  8.614350e-021
939.800000  9.286625e-021
940.000000  9.948763e-021
940.200000  1.065067e-020
940.400000  1.124533e-020
940.600000  1.159362e-020
940.800000  1.184337e-020
941.000000  1.226424e-020
941.200000  1.296550e-020
941.400000  1.360603e-020
941.600000  1.390611e-020
941.800000  1.375548e-020
942.000000  1.301896e-020
942.200000  1.175610e-020
942.400000  1.032520e-020
942.600000  8.970923e-021
942.800000  7.873468e-021
943.000000  6.951462e-021
943.200000  6.159021e-021
943.400000  5.412080e-021
943.600000  4.762247e-021
943.800000  4.336491e-021
944.000000  4.186654e-021
944.200000  4.177670e-021
944.400000  4.104350e-021
944.600000  3.849450e-021
944.800000  3.580705e-021
945.000000  3.342374e-021
945.200000  3.144536e-021
945.400000  2.953917e-021
945.600000  2.823195e-021
945.800000  2.697375e-021
946.000000  2.485924e-021
946.200000  2.155967e-021
946.400000  1.865126e-021
946.600000  1.645656e-021
946.800000  1.474924e-021
947.000000  1.385756e-021
947.200000  1.383798e-021
947.400000  1.378684e-021
947.600000  1.337333e-021
947.800000  1.349910e-021
948.000000  1.436114e-021
948.200000  1.488525e-021
948.400000  1.504910e-021
948.600000  1.518213e-021
948.800000  1.483100e-021
949.000000  1.393245e-021
949.200000  1.313605e-021
949.400000  1.282764e-021
949.600000  1.267948e-021
949.800000  1.232862e-021
950.000000  1.244245e-021
950.200000  1.303336e-021
950.400000  1.317869e-021
950.600000  1.288271e-021
950.800000  1.272101e-021
951.000000  1.262934e-021
951.200000  1.241702e-021
951.400000  1.266516e-021
951.600000  1.315365e-021
951.800000  1.312317e-021
952.000000  1.207212e-021
952.200000  1.094994e-021
952.400000  9.970476e-022
952.600000  8.588932e-022
952.800000  7.420427e-022
953.000000  7.107139e-022
953.200000  7.192487e-022
953.400000  7.037937e-022
953.600000  7.214662e-022
953.800000  7.753416e-022
954.000000  8.140381e-022
954.200000  7.869175e-022
954.400000  8.140849e-022
954.600000  8.499984e-022
954.800000  8.650530e-022
955.000000  8.984775e-022
955.200000  1.076639e-021
955.400000  1.184961e-021
955.600000  1.207933e-021
955.800000  1.229220e-021
956.000000  1.172837e-021
956.200000  9.889279e-022
956.400000  8.314041e-022
956.600000  8.015755e-022
956.800000  8.074359e-022
957.000000  8.162862e-022
957.200000  9.071077e-022
957.400000  1.041859e-021
957.600000  1.126424e-021
957.800000  1.167894e-021
958.000000  1.240376e-021
958.200000  1.300909e-021
958.400000  1.277011e-021
958.600000  1.247574e-021
958.800000  1.266989e-021
959.000000  1.235345e-021
959.200000  1.141290e-021
959.400000  1.081609e-021
959.600000  1.040394e-021
959.800000  9.520403e-022
960.000000  8.346535e-022
960.200000  7.725333e-022
960.400000  7.203888e-022
960.600000  5.939000e-022
960.800000  4.986244e-022
961.000000  4.732401e-022
961.200000  4.346686e-022
961.400000  3.341755e-022
961.600000  3.076112e-022
961.800000  3.212834e-022
962.000000  2.688851e-022
962.200000  2.012280e-022
962.400000  2.150795e-022
962.600000  2.240153e-022
962.800000  1.791932e-022
963.000000  1.776907e-022
963.200000  2.270155e-022
963.400000  2.424926e-022
963.600000  2.069006e-022
963.800000  2.293334e-022
964.000000  2.768158e-022
964.200000  2.590394e-022
964.400000  2.181506e-022
964.600000  2.643498e-022
964.800000  2.977488e-022
965.000000  2.799621e-022
965.200000  3.015732e-022
965.400000  3.640922e-022
965.600000  3.857033e-022
965.800000  3.719778e-022
966.000000  4.136248e-022
966.010000  3.788874e-022
966.020000  3.770722e-022
966.030000  3.824015e-022
966.040000  3.991935e-022
966.050000  4.074104e-022
966.060000  4.055808e-022
966.070000  3.822814e-022
966.080000  3.776122e-022
966.090000  3.786532e-022
966.100000  4.054414e-022
966.110000  4.251581e-022
966.120000  4.276379e-022
966.130000  4.143017e-022
966.140000  4.096024e-022
966.150000  4.106421e-022
966.160000  4.317973e-022
966.170000  4.414818e-022
966.180000  4.381965e-022
966.190000  4.262839e-022
966.200000  4.201415e-022
966.210000  4.346188e-022
966.220000  4.477009e-022
966.230000  4.579285e-022
966.240000  4.565931e-022
966.250000  4.321578e-022
966.260000  4.265021e-022
966.270000  4.338084e-022
966.280000  4.526950e-022
966.290000  4.731147e-022
966.300000  4.674184e-022
966.310000  4.428961e-022
966.320000  4.372224e-022
966.330000  4.329956e-022
966.340000  4.519086e-022
966.350000  4.709017e-022
966.360000  4.666524e-022
966.370000  4.565936e-022
966.380000  4.494490e-022
966.390000  4.655410e-022
966.400000  4.743964e-022
966.410000  4.652085e-022
966.420000  4.633063e-022
966.430000  4.541357e-022
966.440000  4.449799e-022
966.450000  4.576019e-022
966.460000  4.921693e-022
966.470000  5.181411e-022
966.480000  5.088726e-022
966.490000  5.069567e-022
966.500000  5.035734e-022
966.510000  5.266635e-022
966.520000  5.395037e-022
966.530000  5.213475e-022
966.540000  5.105982e-022
966.550000  4.969359e-022
966.560000  4.906261e-022
966.570000  5.033786e-022
966.580000  5.146930e-022
966.590000  5.260345e-022
966.600000  5.167427e-022
966.610000  4.895833e-022
966.620000  4.903303e-022
966.630000  5.057459e-022
966.640000  5.138428e-022
966.650000  5.072393e-022
966.660000  5.065171e-022
966.670000  4.882079e-022
966.680000  4.845669e-022
966.690000  5.014187e-022
966.700000  5.330531e-022
966.710000  5.293751e-022
966.720000  5.154017e-022
966.730000  5.044025e-022
966.740000  5.198337e-022
966.750000  5.397336e-022
966.760000  5.700878e-022
966.770000  5.827247e-022
966.780000  5.715784e-022
966.790000  5.842151e-022
966.800000  6.013563e-022
966.810000  6.367035e-022
966.820000  6.647232e-022
966.830000  6.762047e-022
966.840000  6.619791e-022
966.850000  6.432841e-022
966.860000  6.456813e-022
966.870000  6.601312e-022
966.880000  7.034323e-022
966.890000  7.088895e-022
966.900000  7.113043e-022
966.910000  6.985108e-022
966.920000  7.070016e-022
966.930000  7.185507e-022
966.940000  7.546159e-022
966.950000  7.601132e-022
966.960000  7.640775e-022
966.970000  7.526888e-022
966.980000  7.673971e-022
966.990000  7.867690e-022
967.000000  8.046595e-022
967.010000  8.155748e-022
967.020000  8.156428e-022
967.030000  8.002074e-022
967.040000  8.080189e-022
967.050000  8.470139e-022
967.060000  9.036920e-022
967.070000  9.275637e-022
967.080000  9.308457e-022
967.090000  9.261791e-022
967.100000  9.501837e-022
967.110000  9.839557e-022
967.120000  9.969622e-022
967.130000  1.000314e-021
967.140000  9.827069e-022
967.150000  9.731772e-022
967.160000  9.716871e-022
967.170000  9.959692e-022
967.180000  1.020381e-021
967.190000  1.023761e-021
967.200000  1.007669e-021
967.210000  1.027295e-021
967.220000  1.038840e-021
967.230000  1.038990e-021
967.240000  1.075120e-021
967.250000  1.085127e-021
967.260000  1.068859e-021
967.270000  1.060820e-021
967.280000  1.060969e-021
967.290000  1.064393e-021
967.300000  1.090811e-021
967.310000  1.102495e-021
967.320000  1.107597e-021
967.330000  1.101145e-021
967.340000  1.114505e-021
967.350000  1.131216e-021
967.360000  1.161311e-021
967.370000  1.168139e-021
967.380000  1.171631e-021
967.390000  1.180146e-021
967.400000  1.190353e-021
967.410000  1.237996e-021
967.420000  1.262205e-021
967.430000  1.271166e-021
967.440000  1.288682e-021
967.450000  1.290840e-021
967.460000  1.323887e-021
967.470000  1.360608e-021
967.480000  1.385381e-021
967.490000  1.375389e-021
967.500000  1.400229e-021
967.510000  1.412916e-021
967.520000  1.439690e-021
967.530000  1.468370e-021
967.540000  1.493648e-021
967.550000  1.510122e-021
967.560000  1.523070e-021
967.570000  1.532464e-021
967.580000  1.565252e-021
967.590000  1.614595e-021
967.600000  1.647901e-021
967.610000  1.682518e-021
967.620000  1.704395e-021
967.630000  1.718934e-021
967.640000  1.763406e-021
967.650000  1.772485e-021
967.660000  1.811757e-021
967.670000  1.838009e-021
967.680000  1.843419e-021
967.690000  1.846930e-021
967.700000  1.909883e-021
967.710000  1.956082e-021
967.720000  2.022385e-021
967.730000  2.033931e-021
967.740000  2.067339e-021
967.750000  2.086973e-021
967.760000  2.106684e-021
967.770000  2.158779e-021
967.780000  2.195069e-021
967.790000  2.241906e-021
967.800000  2.280876e-021
967.810000  2.302556e-021
967.820000  2.353728e-021
967.830000  2.437449e-021
967.840000  2.477088e-021
967.850000  2.549786e-021
967.860000  2.623565e-021
967.870000  2.684948e-021
967.880000  2.749381e-021
967.890000  2.784758e-021
967.900000  2.811165e-021
967.910000  2.872621e-021
967.920000  2.927767e-021
967.930000  3.007464e-021
967.940000  3.061723e-021
967.950000  3.121493e-021
967.960000  3.177033e-021
967.970000  3.268448e-021
967.980000  3.361568e-021
967.990000  3.430310e-021
968.000000  3.471013e-021
968.010000  3.546821e-021
968.020000  3.634559e-021
968.030000  3.732055e-021
968.040000  3.825746e-021
968.050000  3.938348e-021
968.060000  4.446231e-021
968.070000  4.568903e-021
968.080000  4.680272e-021
968.090000  4.821565e-021
968.100000  4.963075e-021
968.110000  5.174689e-021
968.120000  5.338370e-021
968.130000  6.029888e-021
968.140000  6.218835e-021
968.150000  6.385588e-021
968.160000  6.603473e-021
968.170000  6.799275e-021
968.180000  7.107816e-021
968.190000  7.309898e-021
968.200000  7.575851e-021
968.210000  7.888793e-021
968.220000  8.135170e-021
968.230000  8.450332e-021
968.240000  8.886163e-021
968.250000  9.042404e-021
968.260000  9.278347e-021
968.270000  9.527836e-021
968.280000  9.791473e-021
968.290000  1.023572e-020
968.300000  1.063946e-020
968.310000  1.092271e-020
968.320000  1.128904e-020
968.330000  1.176735e-020
968.340000  1.218977e-020
968.350000  1.261183e-020
968.360000  1.304565e-020
968.370000  1.332566e-020
968.380000  1.388529e-020
968.390000  1.414064e-020
968.400000  1.448223e-020
968.410000  1.501039e-020
968.420000  1.542570e-020
968.430000  1.600330e-020
968.440000  1.639871e-020
968.450000  1.692962e-020
968.460000  1.739487e-020
968.470000  1.812137e-020
968.480000  1.859272e-020
968.490000  1.897580e-020
968.500000  1.929350e-020
968.510000  1.984202e-020
968.520000  2.040896e-020
968.530000  2.094958e-020
968.540000  2.154698e-020
968.550000  2.183271e-020
968.560000  2.248493e-020
968.570000  2.293117e-020
968.580000  2.363065e-020
968.590000  2.421801e-020
968.600000  2.476970e-020
968.610000  2.523381e-020
968.620000  2.558742e-020
968.630000  2.603665e-020
968.640000  2.638576e-020
968.650000  2.692428e-020
968.660000  2.710585e-020
968.670000  2.732765e-020
968.680000  2.752703e-020
968.690000  2.772581e-020
968.700000  2.807313e-020
968.710000  2.814480e-020
968.720000  2.807620e-020
968.730000  2.816130e-020
968.740000  2.796302e-020
968.750000  2.792817e-020
968.760000  2.783092e-020
968.770000  2.756560e-020
968.780000  2.746733e-020
968.790000  2.706999e-020
968.800000  2.669476e-020
968.810000  2.632394e-020
968.820000  2.596779e-020
968.830000  2.539697e-020
968.840000  2.484408e-020
968.850000  2.435761e-020
968.860000  2.370212e-020
968.870000  2.322843e-020
968.880000  2.269613e-020
968.890000  2.241969e-020
968.900000  2.194132e-020
968.910000  2.148189e-020
968.920000  2.089554e-020
968.930000  2.019481e-020
968.940000  1.970910e-020
968.950000  1.927217e-020
968.960000  1.865706e-020
968.970000  1.793978e-020
968.980000  1.748167e-020
968.990000  1.692875e-020
969.000000  1.650755e-020
969.010000  1.614327e-020
969.020000  1.564768e-020
969.030000  1.518198e-020
969.040000  1.471609e-020
969.050000  1.422343e-020
969.060000  1.366786e-020
969.070000  1.329596e-020
969.080000  1.279706e-020
969.090000  1.233775e-020
969.100000  1.191501e-020
969.110000  1.139106e-020
969.120000  1.116923e-020
969.130000  1.085280e-020
969.140000  1.055341e-020
969.150000  1.017666e-020
969.160000  9.879938e-021
969.170000  9.568942e-021
969.180000  9.322840e-021
969.190000  9.061363e-021
969.200000  8.634698e-021
969.210000  8.304401e-021
969.220000  8.025812e-021
969.230000  7.805213e-021
969.240000  7.561297e-021
969.250000  7.381461e-021
969.260000  7.177925e-021
969.270000  6.960039e-021
969.280000  6.686972e-021
969.290000  6.410334e-021
969.300000  6.266844e-021
969.310000  6.100620e-021
969.320000  5.534484e-021
969.330000  5.273878e-021
969.340000  5.096489e-021
969.350000  4.951362e-021
969.360000  4.821075e-021
969.370000  4.715057e-021
969.380000  4.540559e-021
969.390000  4.422005e-021
969.400000  4.269807e-021
969.410000  4.166835e-021
969.420000  3.925519e-021
969.430000  3.764984e-021
969.440000  3.652641e-021
969.450000  3.558703e-021
969.460000  3.466468e-021
969.470000  3.368159e-021
969.480000  3.296995e-021
969.490000  3.204364e-021
969.500000  3.142814e-021
969.510000  3.077144e-021
969.520000  3.026715e-021
969.530000  2.976784e-021
969.540000  2.889762e-021
969.550000  2.801904e-021
969.560000  2.674991e-021
969.570000  2.599567e-021
969.580000  2.547081e-021
969.590000  2.514664e-021
969.600000  2.456595e-021
969.610000  2.366035e-021
969.620000  2.304126e-021
969.630000  2.249166e-021
969.640000  2.229622e-021
969.650000  2.199939e-021
969.660000  2.150176e-021
969.670000  2.094908e-021
969.680000  2.040253e-021
969.690000  2.003842e-021
969.700000  1.956017e-021
969.710000  1.929897e-021
969.720000  1.898147e-021
969.730000  1.834229e-021
969.740000  1.803097e-021
969.750000  1.755319e-021
969.760000  1.745161e-021
969.770000  1.725732e-021
969.780000  1.706385e-021
969.790000  1.687118e-021
969.800000  1.642301e-021
969.810000  1.638502e-021
969.820000  1.607425e-021
969.830000  1.576534e-021
969.840000  1.536873e-021
969.850000  1.472717e-021
969.860000  1.425083e-021
969.870000  1.400485e-021
969.880000  1.386417e-021
969.890000  1.386269e-021
969.900000  1.353213e-021
969.910000  1.327234e-021
969.920000  1.292846e-021
969.930000  1.277364e-021
969.940000  1.270415e-021
969.950000  1.266870e-021
969.960000  1.251464e-021
969.970000  1.222620e-021
969.980000  1.185572e-021
969.990000  1.168739e-021
970.000000  1.163596e-021
970.010000  1.174217e-021
970.020000  1.153200e-021
970.030000  1.128951e-021
970.040000  1.094937e-021
970.050000  1.082405e-021
970.060000  1.084643e-021
970.070000  1.086884e-021
970.080000  1.062908e-021
970.090000  1.019546e-021
970.100000  9.749227e-022
970.110000  9.498276e-022
970.120000  9.248448e-022
970.130000  9.397489e-022
970.140000  9.371084e-022
970.150000  8.931335e-022
970.160000  8.683935e-022
970.170000  8.579015e-022
970.180000  8.552842e-022
970.190000  8.668367e-022
970.200000  8.437673e-022
970.210000  8.115047e-022
970.220000  7.949736e-022
970.230000  7.893567e-022
970.240000  7.682628e-022
970.250000  7.812442e-022
970.260000  7.555615e-022
970.270000  7.469156e-022
970.280000  7.521325e-022
970.290000  7.434948e-022
970.300000  7.533268e-022
970.310000  7.585476e-022
970.320000  7.514408e-022
970.330000  7.182778e-022
970.340000  7.204044e-022
970.350000  7.470767e-022
970.360000  7.599904e-022
970.370000  7.729336e-022
970.380000  7.565613e-022
970.390000  7.295112e-022
970.400000  7.041333e-022
970.410000  7.053255e-022
970.420000  7.065175e-022
970.430000  7.229723e-022
970.440000  7.012861e-022
970.450000  6.842484e-022
970.460000  6.702980e-022
970.470000  6.669549e-022
970.480000  6.741910e-022
970.490000  6.784066e-022
970.500000  6.644864e-022
970.510000  6.430941e-022
970.520000  6.367781e-022
970.530000  6.364673e-022
970.540000  6.481633e-022
970.550000  6.508544e-022
970.560000  6.400325e-022
970.570000  6.113177e-022
970.580000  5.916769e-022
970.590000  5.958345e-022
970.600000  5.999935e-022
970.610000  6.077339e-022
970.620000  5.976211e-022
970.630000  5.919771e-022
970.640000  5.670827e-022
970.650000  5.762540e-022
970.660000  5.795124e-022
970.670000  5.783247e-022
970.680000  5.712098e-022
970.690000  5.552343e-022
970.700000  5.393011e-022
970.710000  5.263470e-022
970.720000  5.442902e-022
970.730000  5.401527e-022
970.740000  5.330720e-022
970.750000  5.113164e-022
970.760000  4.765181e-022
970.770000  4.738714e-022
970.780000  4.770506e-022
970.790000  4.627609e-022
970.800000  4.441567e-022
970.810000  4.057370e-022
970.820000  3.861828e-022
970.830000  3.824241e-022
970.840000  3.858279e-022
970.850000  3.892352e-022
970.860000  3.682983e-022
970.870000  3.545606e-022
970.880000  3.622245e-022
970.890000  3.627576e-022
970.900000  3.833278e-022
970.910000  3.766998e-022
970.920000  3.672173e-022
970.930000  3.434926e-022
970.940000  3.425970e-022
970.950000  3.459740e-022
970.960000  3.650648e-022
970.970000  3.842337e-022
970.980000  3.804663e-022
970.990000  3.681010e-022
971.000000  3.443434e-022
971.010000  3.382672e-022
971.020000  3.435867e-022
971.030000  3.389370e-022
971.040000  3.172617e-022
971.050000  3.154747e-022
971.060000  3.292820e-022
971.070000  3.659438e-022
971.080000  3.927871e-022
971.090000  3.967068e-022
971.100000  3.762326e-022
971.110000  3.487249e-022
971.120000  3.341333e-022
971.130000  3.550867e-022
971.140000  3.775481e-022
971.150000  3.900514e-022
971.160000  3.553697e-022
971.170000  3.280112e-022
971.180000  3.149123e-022
971.190000  3.286816e-022
971.200000  3.439020e-022
971.210000  3.514526e-022
971.220000  3.419576e-022
971.230000  3.042365e-022
971.240000  3.004601e-022
971.250000  3.065391e-022
971.260000  3.394907e-022
971.270000  3.541347e-022
971.280000  3.418025e-022
971.290000  3.436677e-022
971.300000  3.625886e-022
971.310000  3.730106e-022
971.320000  3.663302e-022
971.330000  3.511319e-022
971.340000  3.331505e-022
971.350000  3.124160e-022
971.360000  3.086368e-022
971.370000  3.161282e-022
971.380000  3.278666e-022
971.390000  3.226640e-022
971.400000  2.991711e-022
971.410000  2.651762e-022
971.420000  2.689794e-022
971.430000  2.713892e-022
971.440000  2.724020e-022
971.450000  3.014986e-022
971.460000  3.067568e-022
971.470000  2.740444e-022
971.480000  2.568637e-022
971.490000  2.620661e-022
971.500000  2.644761e-022
971.510000  2.528936e-022
971.520000  2.315737e-022
971.530000  2.956426e-022
971.540000  2.910310e-022
971.550000  2.709473e-022
971.560000  2.411406e-022
971.570000  2.379504e-022
971.580000  2.529414e-022
971.590000  2.595599e-022
971.600000  2.479503e-022
971.610000  2.344121e-022
971.620000  2.153427e-022
971.630000  2.199685e-022
971.640000  2.399527e-022
971.650000  2.473968e-022
971.660000  2.590577e-022
971.670000  2.426988e-022
971.680000  2.459456e-022
971.690000  2.491939e-022
971.700000  2.636613e-022
971.710000  2.781673e-022
971.720000  2.715831e-022
971.730000  2.481912e-022
971.740000  2.388555e-022
971.750000  2.351167e-022
971.760000  2.411500e-022
971.770000  2.415989e-022
971.780000  2.322790e-022
971.790000  2.132461e-022
971.800000  2.095298e-022
971.810000  2.201505e-022
971.820000  2.293966e-022
971.830000  2.414468e-022
971.840000  2.186708e-022
971.850000  2.056931e-022
971.860000  1.968997e-022
971.870000  2.158051e-022
971.880000  2.278153e-022
971.890000  2.314933e-022
971.900000  2.268257e-022
971.910000  2.055286e-022
971.920000  2.105775e-022
971.930000  2.170162e-022
971.940000  2.401458e-022
971.950000  2.507986e-022
971.960000  2.321956e-022
971.970000  2.067471e-022
971.980000  1.896951e-022
971.990000  2.030069e-022
972.000000  2.191190e-022
972.010000  2.347304e-022
972.020000  2.211932e-022
972.030000  2.007743e-022
972.040000  2.135646e-022
972.050000  2.180653e-022
972.060000  2.322983e-022
972.070000  2.354291e-022
972.080000  2.204852e-022
972.090000  2.125055e-022
972.100000  2.142349e-022
972.110000  2.368248e-022
972.120000  2.581242e-022
972.130000  2.668858e-022
972.140000  2.462476e-022
972.150000  2.173413e-022
972.160000  2.176856e-022
972.170000  2.249850e-022
972.180000  2.476570e-022
972.190000  2.564093e-022
972.200000  2.316004e-022
972.210000  2.098276e-022
972.220000  2.103198e-022
972.230000  2.038687e-022
972.240000  2.210445e-022
972.250000  2.117979e-022
972.260000  1.956287e-022
972.270000  1.822697e-022
972.280000  1.855223e-022
972.290000  1.957086e-022
972.300000  2.184444e-022
972.310000  2.008521e-022
972.320000  1.805458e-022
972.330000  1.672094e-022
972.340000  1.525262e-022
972.350000  1.737003e-022
972.360000  1.838735e-022
972.370000  1.774352e-022
972.380000  1.668568e-022
972.390000  1.507841e-022
972.400000  1.430024e-022
972.410000  1.536905e-022
972.420000  1.713045e-022
972.430000  1.765040e-022
972.440000  1.734047e-022
972.450000  1.675464e-022
972.460000  1.672155e-022
972.470000  1.779361e-022
972.480000  2.039382e-022
972.490000  2.077672e-022
972.500000  1.949306e-022
972.510000  1.738405e-022
972.520000  1.748888e-022
972.530000  1.883780e-022
972.540000  2.143992e-022
972.550000  2.140562e-022
972.560000  2.095449e-022
972.570000  1.870349e-022
972.580000  1.936150e-022
972.590000  2.043592e-022
972.600000  2.054057e-022
972.610000  2.100161e-022
972.620000  1.952219e-022
972.630000  1.970544e-022
972.640000  1.961192e-022
972.650000  2.159757e-022
972.660000  2.275475e-022
972.670000  2.266043e-022
972.680000  2.006813e-022
972.690000  1.776487e-022
972.700000  1.877527e-022
972.710000  2.047959e-022
972.720000  2.191145e-022
972.730000  2.112361e-022
972.740000  1.923079e-022
972.750000  1.748290e-022
972.760000  1.752772e-022
972.770000  1.895097e-022
972.780000  1.996290e-022
972.790000  1.986943e-022
972.800000  2.032916e-022
972.810000  1.946985e-022
972.820000  1.902580e-022
972.830000  2.231949e-022
972.840000  2.242865e-022
972.850000  2.184329e-022
972.860000  2.015041e-022
972.870000  1.901488e-022
972.880000  1.884704e-022
972.890000  2.103049e-022
972.900000  2.364141e-022
972.910000  2.361161e-022
972.920000  2.163469e-022
972.930000  2.104992e-022
972.940000  1.922062e-022
972.950000  2.002056e-022
972.960000  2.096048e-022
972.970000  1.954589e-022
972.980000  1.744590e-022
972.990000  1.700305e-022
973.000000  1.738626e-022
973.010000  1.809037e-022
973.020000  1.865732e-022
973.030000  1.770674e-022
973.040000  1.662045e-022
973.050000  1.485089e-022
973.060000  1.472886e-022
973.070000  1.666538e-022
973.080000  1.723070e-022
973.090000  1.683287e-022
973.100000  1.492578e-022
973.110000  1.480374e-022
973.120000  1.577859e-022
973.130000  1.689277e-022
973.140000  1.773370e-022
973.150000  1.761092e-022
973.160000  1.638780e-022
973.170000  1.544187e-022
973.180000  1.669262e-022
973.190000  1.863586e-022
973.200000  1.920310e-022
973.210000  1.684200e-022
973.220000  1.696140e-022
973.230000  1.611936e-022
973.240000  1.692526e-022
973.250000  1.938573e-022
973.260000  2.102561e-022
973.270000  1.948628e-022
973.280000  1.795228e-022
973.290000  1.710956e-022
973.300000  1.791565e-022
973.310000  2.092993e-022
973.320000  2.160238e-022
973.330000  2.089173e-022
973.340000  1.894230e-022
973.350000  1.851115e-022
973.360000  1.890520e-022
973.370000  2.109157e-022
973.380000  2.176325e-022
973.390000  1.830015e-022
973.400000  1.773307e-022
973.410000  1.642330e-022
973.420000  1.757785e-022
973.430000  1.859744e-022
973.440000  2.044477e-022
973.450000  1.912836e-022
973.460000  1.754163e-022
973.470000  1.773804e-022
973.480000  1.834573e-022
973.490000  1.977841e-022
973.500000  2.066355e-022
973.510000  1.907281e-022
973.520000  1.913220e-022
973.530000  1.919159e-022
973.540000  2.007537e-022
973.550000  2.109823e-022
973.560000  2.143320e-022
973.570000  2.107919e-022
973.580000  1.921390e-022
973.590000  1.941048e-022
973.600000  2.001912e-022
973.610000  2.279415e-022
973.620000  2.433643e-022
973.630000  2.324836e-022
973.640000  2.230021e-022
973.650000  2.121549e-022
973.660000  2.316922e-022
973.670000  2.429800e-022
973.680000  2.556893e-022
973.690000  2.364434e-022
973.700000  2.241743e-022
973.710000  2.229862e-022
973.720000  2.425948e-022
973.730000  2.664745e-022
973.740000  2.722708e-022
973.750000  2.627004e-022
973.760000  2.517501e-022
973.770000  2.269328e-022
973.780000  2.146615e-022
973.790000  2.231659e-022
973.800000  2.275234e-022
973.810000  2.275239e-022
973.820000  2.164341e-022
973.830000  1.929473e-022
973.840000  2.081331e-022
973.850000  2.316908e-022
973.860000  2.358597e-022
973.870000  2.219786e-022
973.880000  2.192072e-022
973.890000  1.998470e-022
973.900000  2.053716e-022
973.910000  2.081364e-022
973.920000  2.053726e-022
973.930000  1.860644e-022
973.940000  1.422023e-022
973.950000  1.231304e-022
973.960000  1.462994e-022
973.970000  1.709461e-022
973.980000  1.709466e-022
973.990000  1.558714e-022
974.000000  1.558719e-022
974.200000  1.633352e-022
974.400000  1.711348e-022
974.600000  1.168792e-022
974.800000  1.153220e-022
975.000000  1.478428e-022
975.200000  1.582040e-022
975.400000  1.504621e-022
975.600000  1.907733e-022
975.800000  1.956240e-022
976.000000  1.160489e-022
976.200000  9.858625e-023
976.400000  1.504491e-022
976.600000  1.482469e-022
976.800000  1.344259e-022
977.000000  1.954483e-022
977.200000  2.568129e-022
977.400000  2.598342e-022
977.600000  2.688240e-022
977.800000  3.404810e-022
978.000000  3.501084e-022
978.200000  3.010233e-022
978.400000  3.168459e-022
978.600000  3.828717e-022
978.800000  3.571052e-022
979.000000  3.223237e-022
979.200000  3.579246e-022
979.400000  3.587557e-022
979.600000  3.061335e-022
979.800000  2.850944e-022
980.000000  3.367826e-022
980.200000  3.252979e-022
980.400000  2.737578e-022
980.600000  2.570732e-022
980.800000  2.722590e-022
981.000000  2.386016e-022
981.200000  2.139627e-022
981.400000  2.688968e-022
981.600000  3.133609e-022
981.800000  2.827467e-022
982.000000  2.755947e-022
982.200000  3.524968e-022
982.400000  3.661704e-022
982.600000  2.637588e-022
982.800000  2.051269e-022
983.000000  2.124676e-022
983.200000  1.592744e-022
983.400000  1.271894e-022
983.600000  1.570316e-022
983.800000  1.678726e-022
984.000000  1.238252e-022
984.200000  1.144280e-022
984.400000  1.596819e-022
984.600000  1.458730e-022
984.800000  1.022682e-022
985.000000  1.362431e-022
985.200000  1.790919e-022
985.400000  1.511913e-022
985.600000  1.262698e-022
985.800000  1.739066e-022
986.000000  2.047661e-022
986.200000  1.564722e-022
986.400000  1.352650e-022
986.600000  1.809767e-022
986.800000  1.665113e-022
987.000000  1.134029e-022
987.200000  1.370856e-022
987.400000  1.771805e-022
987.600000  1.374876e-022
987.800000  9.333797e-023
988.000000  1.363554e-022
988.200000  1.499929e-022
988.400000  9.645571e-023
988.600000  1.086811e-022
988.800000  1.740473e-022
989.000000  1.677363e-022
989.200000  1.118765e-022
989.400000  1.260542e-022
989.600000  1.294451e-022
989.800000  8.654145e-023
990.000000  7.451961e-023
990.200000  1.253028e-022
990.400000  1.264950e-022
990.600000  5.861628e-023
990.800000  4.534169e-023
991.000000  9.032304e-023
991.200000  8.385373e-023
991.400000  6.720468e-023
991.600000  1.047130e-022
991.800000  1.416791e-022
992.000000  1.243151e-022
992.200000  9.109462e-023
992.400000  1.166215e-022
992.600000  1.328417e-022
992.800000  1.073388e-022
993.000000  1.043762e-022
993.200000  1.553375e-022
993.400000  1.376454e-022
993.600000  9.804866e-023
993.800000  1.151020e-022
994.000000  1.416839e-022
994.200000  7.246861e-023
994.400000  4.213136e-023
994.600000  1.127488e-022
994.800000  1.127582e-022
995.000000  6.567587e-023
995.200000  1.073778e-022
995.400000  1.241354e-022
995.600000  1.048076e-022
995.800000  9.117466e-023
996.000000  1.303828e-022
996.200000  1.553906e-022
996.400000  7.608686e-023
996.600000  5.889174e-023
996.800000  1.202301e-022
997.000000  1.194400e-022
997.200000  6.064138e-023
997.400000  9.876067e-023
997.600000  1.501745e-022
997.800000  1.401133e-022
998.000000  1.054831e-022
998.200000  1.362068e-022
998.400000  1.577956e-022
998.600000  1.056004e-022
998.800000  9.027688e-023
999.000000  1.473937e-022
999.200000  1.388480e-022
999.400000  9.517453e-023
999.600000  1.021465e-022
999.800000  1.558957e-022
1000.000000  7.030743e-023
1000.200000  2.263997e-023
1000.400000  -1.307440e-023
1000.600000  6.864714e-023
1000.800000  8.260916e-023
1001.000000  5.951078e-023
1001.200000  9.976541e-023
1001.400000  1.422089e-022
1001.600000  9.272443e-023
1001.800000  3.946971e-023
1002.000000  7.657112e-023
1002.200000  8.132774e-023
1002.400000  3.616191e-023
1002.600000  4.485163e-023
1002.800000  8.557114e-023
1003.000000  8.818398e-023
1003.200000  6.874118e-023
1003.400000  9.793535e-023
1003.600000  1.329311e-022
1003.800000  1.098516e-022
1004.000000  8.148542e-023
1004.200000  1.167612e-022
1004.400000  1.119217e-022
1004.600000  5.881246e-023
1004.800000  5.751041e-023
1005.000000  8.407585e-023
1005.200000  6.058244e-023
1005.400000  4.060725e-023
1005.600000  9.101717e-023
1005.800000  1.297548e-022
1006.000000  7.797884e-023
1006.200000  2.674834e-023
1006.400000  6.411023e-023
1006.600000  6.715504e-023
1006.800000  2.644641e-023
1007.000000  1.656481e-023
1007.200000  7.495223e-023
1007.400000  7.713724e-023
1007.600000  3.336140e-023
1007.800000  5.897032e-023
1008.000000  6.982550e-023
1008.200000  -3.764786e-024
1008.400000  -5.345004e-023
1008.600000  -5.856348e-024
1008.800000  2.913053e-023
1009.000000  1.344846e-023
1009.200000  5.556186e-023
1009.400000  1.115689e-022
1009.600000  7.336126e-023
1009.800000  4.057632e-024
1010.000000  2.828423e-023
1010.200000  4.261131e-023
1010.400000  1.305352e-023
1010.600000  4.823041e-024
1010.800000  2.877330e-023
1011.000000  1.842415e-023
1011.200000  -4.512273e-023
1011.400000  -3.531377e-023
1011.600000  3.677238e-024
1011.800000  -1.343411e-023
1012.000000  -1.904618e-023
1012.200000  2.211671e-023
1012.400000  4.196405e-023
1012.600000  -5.196650e-024
1012.800000  6.247949e-024
1013.000000  5.404005e-023
1013.200000  2.731943e-023
1013.400000  -3.390991e-023
1013.600000  -3.341734e-023
1013.800000  -7.004193e-025
1014.000000  -2.987326e-023
1014.200000  -6.809383e-023
1014.400000  -4.413467e-024
1014.600000  2.313339e-023
1014.800000  -2.167003e-023
1015.000000  -3.223592e-023
1015.200000  1.694948e-023
1015.400000  3.034074e-023
1015.600000  -6.938100e-024
1015.800000  3.024858e-023
1016.000000  5.412841e-023
1016.200000  -2.105168e-023
1016.400000  -7.093655e-023
1016.600000  -3.972913e-023
1016.800000  -5.941209e-024
1017.000000  -1.203343e-023
1017.200000  2.466751e-023
1017.400000  9.073382e-023
1017.600000  8.197746e-023
1017.800000  3.339048e-023
1018.000000  5.728394e-023
1018.200000  7.461740e-023
1018.400000  4.343947e-023
1018.600000  1.130720e-023
1018.800000  5.425975e-023
1019.000000  6.644334e-023
1019.200000  8.281811e-024
1019.400000  6.433112e-024
1019.600000  4.952523e-023
1019.800000  4.526725e-024
1020.000000  -4.974665e-023
1020.200000  -1.312035e-024
1020.400000  5.257460e-023
1020.600000  2.959107e-024
1020.800000  -1.211741e-023
1021.000000  5.047242e-023
1021.200000  4.275095e-023
1021.400000  3.671597e-024
1021.600000  -2.194253e-023
1021.800000  1.801669e-023
1022.000000  -1.695470e-023
1022.200000  -4.657530e-023
1022.400000  -9.453385e-024
1022.600000  2.095524e-023
1022.800000  9.343986e-025
1023.000000  -1.248973e-023
1023.200000  5.793544e-023
1023.400000  5.794482e-023
1023.600000  2.731837e-023
1023.800000  3.210835e-023
1024.000000  9.472972e-023
1024.200000  6.147060e-023
1024.400000  3.213649e-023
1024.600000  8.516112e-023
1024.800000  1.458632e-022
1025.000000  1.256865e-022
1025.200000  1.218243e-022
1025.400000  1.477669e-022
1025.600000  1.220329e-022
1025.800000  6.066945e-023
1026.000000  8.038486e-023
1026.200000  1.086815e-022
1026.400000  7.376405e-023
1026.600000  9.367688e-024
1026.800000  2.375173e-023
1027.000000  3.066221e-023
1027.200000  -2.131346e-023
1027.400000  -3.168361e-023
1027.600000  5.726414e-023
1027.800000  9.754356e-023
1028.000000  8.275928e-023
1028.200000  8.933490e-023
1028.400000  1.262498e-022
1028.600000  1.154422e-022
1028.800000  9.476960e-023
1029.000000  1.306288e-022
1029.200000  1.253024e-022
1029.400000  8.203916e-023
1029.600000  1.051781e-022
1029.800000  1.624110e-022
1030.000000  1.390888e-022
1030.200000  9.833344e-023
1030.400000  1.132812e-022
1030.600000  1.271593e-022
1030.800000  4.472036e-023
1031.000000  -2.276524e-023
1031.200000  3.899709e-025
1031.400000  9.592823e-024
1031.600000  -5.891895e-023
1031.800000  -7.017852e-023
1032.000000  -1.068773e-023
1032.200000  1.251365e-023
1032.400000  -1.436831e-024
1032.600000  6.317839e-023
1032.800000  1.352184e-022
1033.000000  1.118076e-022
1033.200000  4.656110e-023
1033.400000  5.315151e-023
1033.600000  2.915516e-023
1033.800000  -3.973300e-024
1034.000000  -8.902354e-025
1034.200000  3.145281e-023
1034.400000  2.882230e-024
1034.600000  -2.615878e-023
1034.800000  -5.348172e-024
1035.000000  3.172363e-023
1035.200000  -6.049948e-024
1035.400000  -2.529441e-023
1035.600000  9.411377e-024
1035.800000  2.435813e-023
1036.000000  -4.460746e-023
1036.200000  -3.469945e-023
1036.400000  1.113173e-023
1036.600000  -1.643795e-023
1036.800000  -5.166630e-023
1037.000000  -1.951330e-023
1037.200000  3.707507e-023
1037.400000  -2.325497e-023
1037.600000  -5.431705e-023
1037.800000  -1.232939e-023
1038.000000  -9.929226e-024
1038.200000  -4.859421e-023
1038.400000  -2.825156e-023
1038.600000  1.786985e-023
1038.800000  6.209565e-024
1039.000000  -2.529701e-023
1039.200000  2.313819e-023
1039.400000  4.595730e-023
1039.600000  -1.011464e-023
1039.800000  -3.693473e-024
1040.000000  8.024841e-023
1040.200000  8.469361e-023
1040.400000  5.405315e-024
1040.600000  1.254872e-023
1040.800000  3.806008e-023
1041.000000  1.751891e-023
1041.200000  -8.160658e-024
1041.400000  9.770596e-024
1041.600000  5.461592e-024
1041.800000  -2.727302e-023
1042.000000  -1.938521e-023
1042.200000  3.885962e-023
1042.400000  3.530562e-023
1042.600000  1.616195e-023
1042.800000  2.022728e-023
1043.000000  4.730046e-023
1043.200000  1.512486e-023
1043.400000  -2.341631e-023
1043.600000  5.555387e-024
1043.800000  6.979884e-024
1044.000000  -4.511602e-023
1044.200000  -3.304863e-023
1044.400000  3.331673e-023
1044.600000  3.206313e-023
1044.800000  5.138902e-024
1045.000000  5.318303e-023
1045.200000  1.014116e-022
1045.400000  6.068665e-023
1045.600000  3.326584e-023
1045.800000  7.575942e-023
1046.000000  8.856182e-023
1046.200000  1.696790e-023
1046.400000  2.616015e-023
1046.600000  7.004210e-023
1046.800000  5.278399e-023
1047.000000  -7.437921e-024
1047.200000  1.513926e-023
1047.400000  4.167535e-023
1047.600000  1.421709e-023
1047.800000  7.747494e-025
1048.000000  5.858046e-023
1048.200000  4.839274e-023
1048.400000  -2.613527e-023
1048.600000  -3.980488e-023
1048.800000  -1.348165e-024
1049.000000  -1.505207e-023
1049.200000  -6.125317e-023
1049.400000  -3.285604e-023
1049.600000  4.466704e-024
1049.800000  -4.389186e-023
1050.000000  -7.855406e-023
1050.200000  -1.499580e-023
1050.400000  -5.120161e-024
1050.600000  -3.458440e-023
1050.800000  -8.225706e-024
1051.000000  4.101151e-023
1051.200000  9.759060e-024
1051.400000  -4.716735e-023
1051.600000  -1.747471e-023
1051.800000  2.746993e-023
1052.000000  -3.055981e-023
1052.200000  -5.447713e-023
1052.400000  -1.100692e-023
1052.600000  -1.003156e-023
1052.800000  -4.286108e-023
1053.000000  -3.546715e-023
1053.200000  1.002221e-024
1053.400000  -8.809587e-024
1053.600000  -4.807182e-023
1053.800000  -1.766417e-023
1054.000000  -3.270561e-024
1054.200000  -5.685001e-023
1054.400000  -5.946947e-023
1054.600000  2.051936e-024
1054.800000  -7.554870e-024
1055.000000  -7.464660e-023
1055.200000  -5.949782e-023
1055.400000  7.321762e-024
1055.600000  -1.996258e-024
1055.800000  -4.272040e-023
1056.000000  -1.062290e-023
1056.200000  6.205513e-024
1056.400000  -5.208236e-023
1056.600000  -5.512787e-023
1056.800000  4.661186e-025
1057.000000  -1.916965e-023
1057.200000  -6.304907e-023
1057.400000  -3.015197e-023
1057.600000  1.222449e-023
1057.800000  -1.338525e-023
1058.000000  -4.786549e-023
1058.200000  2.825991e-025
1058.400000  3.041773e-023
1058.600000  1.537862e-023
1058.800000  -7.367305e-024
1059.000000  3.343483e-023
1059.200000  2.768721e-023
1059.400000  -2.529620e-023
1059.600000  -1.281623e-023
1059.800000  2.817798e-023
1060.000000  -1.161870e-023
1060.200000  -4.441393e-023
1060.400000  -7.593415e-026
1060.600000  2.277851e-023
1060.800000  -2.340695e-023
1061.000000  -3.658917e-023
1061.200000  4.055083e-024
1061.400000  -1.280103e-023
1061.600000  -6.273299e-023
1061.800000  -3.312593e-023
1062.000000  1.110731e-023
1062.200000  -2.051394e-023
1062.400000  -5.162329e-023
1062.600000  -3.110478e-024
1062.800000  -6.726168e-024
1063.000000  -5.738935e-023
1063.200000  -4.037922e-023
1063.400000  4.318740e-023
1063.600000  1.118233e-023
1063.800000  -4.097985e-023
1064.000000  2.268751e-024
1064.200000  5.707488e-023
1064.400000  1.198024e-023
1064.600000  8.529610e-025
1064.800000  4.416920e-023
1065.000000  4.067171e-023
1065.200000  -8.782918e-024
1065.400000  -7.801547e-024
1065.600000  4.161534e-023
1065.800000  1.660735e-023
1066.000000  -4.188785e-023
1066.200000  -1.846753e-023
1066.400000  1.112086e-023
1066.600000  -3.340204e-023
1066.800000  -7.141055e-023
1067.000000  -2.873412e-023
1067.200000  -7.208325e-025
1067.400000  -3.086432e-023
1067.600000  -2.836883e-023
1067.800000  3.885951e-024
1068.000000  -1.346795e-023
1068.200000  -5.074995e-023
1068.400000  -4.775899e-024
1068.600000  2.473182e-023
1068.800000  -4.389857e-023
1069.000000  -5.549295e-023
1069.200000  7.625472e-024
1069.400000  1.393146e-023
1069.600000  -3.160933e-023
1069.800000  3.055311e-024
1070.000000  5.285167e-023
1070.200000  2.104301e-023
1070.400000  -1.392463e-023
1070.600000  3.539756e-023
1070.800000  4.299816e-023
1071.000000  -2.339102e-023
1071.200000  -4.560422e-023
1071.400000  -4.164870e-024
1071.600000  -2.268602e-023
1071.800000  -6.098668e-023
1072.000000  -2.416806e-023
1072.200000  2.716166e-023
1072.400000  2.466735e-024
1072.600000  -9.018562e-024
1072.800000  3.892292e-023
1073.000000  4.348572e-023
1073.200000  1.595212e-023
1073.400000  6.167749e-024
1073.600000  4.574959e-023
1073.800000  2.374129e-023
1074.000000  -3.579939e-023
1074.200000  -1.234210e-023
1074.400000  2.598709e-023
1074.600000  -1.986844e-023
1074.800000  -5.506681e-023
1075.000000  -8.312457e-025
1075.200000  3.514842e-023
1075.400000  -9.821055e-024
1075.600000  -1.248720e-023
1075.800000  3.646711e-023
1076.000000  9.937347e-024
1076.200000  -4.906691e-023
1076.400000  -1.690913e-023
1076.600000  2.514482e-023
1076.800000  -5.868942e-024
1077.000000  -2.225310e-023
1077.200000  3.279365e-023
1077.400000  5.307372e-023
1077.600000  1.772390e-023
1077.800000  1.435867e-023
1078.000000  5.805588e-023
1078.200000  1.757786e-023
1078.400000  -2.807645e-023
1078.600000  1.070742e-023
1078.800000  5.853000e-023
1079.000000  4.025016e-023
1079.200000  2.741365e-023
1079.400000  4.253592e-023
1079.600000  3.848694e-023
1079.800000  -2.360163e-023
1080.000000  -1.071407e-023
1080.200000  4.499104e-023
1080.400000  1.321780e-023
1080.600000  -3.032829e-023
1080.800000  -3.007525e-024
1081.000000  2.202502e-023
1081.200000  -3.365358e-023
1081.400000  -4.759448e-023
1081.600000  7.579062e-024
1081.800000  2.206253e-023
1082.000000  -2.722120e-023
1082.200000  -1.225107e-023
1082.400000  2.384349e-023
1082.600000  -1.102590e-023
1082.800000  -4.203880e-023
1083.000000  2.148109e-023
1083.200000  4.692443e-023
1083.400000  2.693463e-023
1083.600000  -4.355971e-024
1083.800000  3.831085e-023
1084.000000  3.879023e-023
1084.200000  -1.123310e-023
1084.400000  4.073532e-024
1084.600000  4.465639e-023
1084.800000  1.740496e-023
1085.000000  -1.169456e-023
1085.200000  2.926315e-023
1085.400000  5.794349e-023
1085.600000  -5.747052e-024
1085.800000  -2.180008e-023
1086.000000  2.930065e-023
1086.200000  1.397322e-023
1086.400000  -3.107489e-023
1086.600000  -1.112059e-023
1086.800000  3.300803e-023
1087.000000  1.220970e-024
1087.200000  -2.224062e-023
1087.400000  3.659417e-023
1087.600000  4.939330e-023
1087.800000  -1.628016e-023
1088.000000  -1.948932e-023
1088.200000  3.710385e-023
1088.400000  2.941316e-023
1088.600000  -3.097176e-023
1088.800000  -1.172971e-023
1089.000000  2.686238e-023
1089.200000  -3.106409e-024
1089.400000  -4.929138e-023
1089.600000  1.780604e-023
1089.800000  5.361278e-023
1090.000000  9.498689e-024
1090.200000  1.493998e-023
1090.400000  7.140305e-023
1090.600000  4.540548e-023
1090.800000  1.735283e-025
1091.000000  2.700724e-023
1091.200000  7.146456e-023
1091.400000  2.476906e-023
1091.600000  1.816315e-023
1091.800000  7.288302e-023
1092.000000  6.142969e-023
1092.200000  6.179568e-024
1092.400000  -2.473922e-024
1092.600000  4.776549e-023
1092.800000  1.137310e-023
1093.000000  -4.351509e-023
1093.200000  -1.874082e-023
1093.400000  1.091435e-023
1093.600000  -4.129439e-023
1093.800000  -5.965156e-023
1094.000000  -6.663074e-025
1094.200000  1.123721e-023
1094.400000  -1.546806e-023
1094.600000  1.194380e-023
1094.800000  4.926607e-023
1095.000000  2.428197e-023
1095.200000  -2.204579e-023
1095.400000  1.149498e-023
1095.600000  4.930357e-023
1095.800000  -4.538603e-024
1096.000000  -2.164677e-023
1096.200000  3.142507e-023
1096.400000  4.840997e-023
1096.600000  2.275971e-023
1096.800000  5.660273e-023
1097.000000  1.195749e-022
1097.200000  8.649175e-023
1097.400000  1.617765e-023
1097.600000  4.330640e-023
1097.800000  4.700612e-023
1098.000000  -2.963493e-024
1098.200000  -1.265850e-023
1098.400000  2.961488e-023
1098.600000  2.366028e-023
1098.800000  -1.435223e-023
1099.000000  9.503490e-024
1099.200000  4.935218e-023
1099.400000  2.418043e-023
1099.600000  -1.926239e-023
1099.800000  1.550114e-023
1100.000000  2.968988e-023
1100.200000  -2.279852e-023
1100.400000  -2.501080e-023
1100.600000  3.652341e-023
1100.800000  3.843513e-023
1101.000000  2.361523e-023
1101.200000  5.860666e-023
1101.400000  8.668862e-023
1101.600000  4.388422e-023
1101.800000  2.365273e-023
1102.000000  6.693937e-023
1102.200000  7.616806e-023
1102.400000  4.993384e-024
1102.600000  -7.027930e-024
1102.800000  5.217153e-023
1103.000000  2.500801e-023
1103.200000  -1.250765e-023
1103.400000  3.006112e-023
1103.600000  7.395307e-023
1103.800000  4.809341e-023
1104.000000  5.529378e-026
1104.200000  4.526991e-023
1104.400000  6.010673e-023
1104.600000  1.596011e-024
1104.800000  -4.434662e-024
1105.000000  3.458326e-023
1105.200000  1.746078e-023
1105.400000  -5.320174e-023
1105.600000  -3.604306e-023
1105.800000  -3.398862e-024
1106.000000  -2.734103e-023
1106.200000  -3.338702e-023
1106.400000  1.733281e-023
1106.600000  1.882243e-023
1106.800000  -2.834562e-023
1107.000000  -9.418739e-024
1107.200000  5.970138e-023
1107.400000  1.949119e-023
1107.600000  -1.629775e-023
1107.800000  4.890386e-023
1108.000000  9.972233e-023
1108.200000  4.850898e-023
1108.400000  2.084915e-023
1108.600000  6.352192e-023
1108.800000  6.119203e-023
1109.000000  3.596126e-024
1109.200000  4.615018e-024
1109.400000  4.527854e-023
1109.600000  1.201000e-023
1109.800000  -4.114907e-023
1110.000000  -6.773590e-024
1110.200000  3.263735e-023
1110.400000  -1.616652e-023
1110.600000  -2.836654e-023
1110.800000  1.536350e-023
1111.000000  4.699381e-024
1111.200000  -4.333645e-023
1111.400000  -7.733902e-024
1111.600000  3.599599e-023
1111.800000  2.133215e-023
1112.000000  -3.985545e-023
1112.200000  -2.095802e-023
1112.400000  1.554909e-023
1112.600000  -4.648832e-023
1112.800000  -4.583542e-023
1113.000000  7.411376e-024
1113.200000  -3.611317e-024
1113.400000  -3.887170e-023
1113.600000  -2.544439e-023
1113.800000  2.240960e-023
1114.000000  -7.434800e-024
1114.200000  -4.728917e-023
1114.400000  1.071596e-024
1114.600000  3.813365e-023
1114.800000  1.111768e-023
1115.000000  2.430372e-023
1115.200000  6.855870e-023
1115.400000  4.385627e-023
1115.600000  -1.865484e-023
1115.800000  1.500776e-023
1116.000000  7.047650e-023
1116.200000  2.036607e-023
1116.400000  -2.320046e-023
1116.600000  2.553801e-023
1116.800000  4.263795e-023
1117.000000  -1.826073e-023
1117.200000  -1.137240e-023
1117.400000  2.042231e-023
1117.600000  -1.157163e-023
1117.800000  -7.018025e-023
1118.000000  -4.947589e-023
1118.200000  -5.684237e-024
1118.400000  -2.734234e-023
1118.600000  -4.186914e-023
1118.800000  2.045457e-023
1119.000000  2.331997e-023
1119.200000  -7.010101e-024
1119.400000  1.273433e-023
1119.600000  4.772554e-023
1119.800000  1.459123e-023
1120.000000  -3.409270e-023
1120.200000  -7.779679e-024
1120.400000  3.945877e-023
1120.600000  -9.719398e-025
1120.800000  -1.476037e-023
1121.000000  4.196876e-023
1121.200000  4.197813e-023
1121.400000  -2.831024e-023
1121.600000  -3.687375e-023
1121.800000  1.396683e-023
1122.000000  4.591661e-024
1122.200000  -3.369570e-023
1122.400000  2.534940e-023
1122.600000  8.005453e-023
1122.800000  3.569087e-023
1123.000000  1.760521e-023
1123.200000  5.503871e-023
1123.400000  5.500264e-023
1123.600000  1.525433e-024
1123.800000  9.703148e-024
1124.000000  4.721368e-023
1124.200000  1.223385e-023
1124.400000  -3.783139e-023
1124.600000  9.897735e-024
1124.800000  3.490738e-023
1125.000000  3.415688e-024
1125.200000  1.401644e-023
1125.400000  8.280895e-023
1125.600000  5.982768e-023
1125.800000  -9.706003e-024
1126.000000  -1.023061e-023
1126.200000  3.459357e-023
1126.400000  -7.548554e-024
1126.600000  -5.693627e-023
1126.800000  -3.153793e-023
1127.000000  -2.284915e-023
1127.200000  -6.312138e-023
1127.400000  -5.257062e-023
1127.600000  2.094804e-023
1127.800000  2.441959e-023
1128.000000  -2.425183e-023
1128.200000  -7.227829e-024
1128.400000  5.273092e-023
1128.600000  2.223530e-023
1128.800000  -1.032596e-023
1129.000000  2.053151e-023
1129.200000  -1.008065e-023
1129.400000  -6.533982e-023
1129.600000  -5.488874e-023
1129.800000  6.890723e-024
1130.000000  -1.358326e-023
1130.200000  -7.800116e-023
1130.400000  -5.428712e-023
1130.600000  -1.323283e-023
1130.800000  -6.238435e-023
1131.000000  -8.316916e-023
1131.200000  -1.298634e-024
1131.400000  3.239354e-023
1131.600000  -4.242198e-024
1131.800000  -2.646580e-023
1132.000000  -1.174141e-023
1132.200000  -3.455192e-023
1132.400000  -6.615091e-023
1132.600000  -4.266957e-023
1132.800000  -3.508323e-023
1133.000000  -7.729081e-023
1133.200000  -8.840986e-023
1133.400000  -4.738387e-023
1133.600000  -5.381966e-023
1133.800000  -8.663911e-023
1134.000000  -8.428975e-023
1134.200000  -3.247752e-023
1134.400000  -4.165357e-023
1134.600000  -8.793568e-023
1134.800000  -4.978576e-023
1135.000000  -4.959164e-024
1135.200000  -3.651332e-023
1135.400000  -5.896938e-023
1135.600000  -3.958261e-023
1135.800000  -5.297971e-023
1136.000000  -1.086502e-022
1136.200000  -1.069044e-022
1136.400000  -5.575888e-023
1136.600000  -7.534694e-023
1136.800000  -1.049401e-022
1137.000000  -5.580482e-023
1137.200000  -2.160243e-023
1137.400000  -8.596980e-023
1137.600000  -1.109212e-022
1137.800000  -6.280758e-023
1138.000000  -5.328713e-023
1138.200000  -9.973070e-023
1138.400000  -1.003332e-022
1138.600000  -4.835208e-023
1138.800000  -9.726293e-023
1139.000000  -1.283106e-022
1139.200000  -8.832292e-023
1139.400000  -5.736183e-023
1139.600000  -9.425342e-023
1139.800000  -9.912203e-023
1140.000000  -4.517887e-023
1140.200000  -3.010835e-023
1140.400000  -6.431201e-023
1140.600000  -4.201940e-023
1140.800000  -2.304109e-024
1141.000000  -4.629198e-023
1141.200000  -9.552330e-023
1141.400000  -5.346242e-023
1141.600000  -3.004275e-023
1141.800000  -1.026292e-022
1142.000000  -1.270881e-022
1142.200000  -7.207477e-023
1142.400000  -8.103353e-023
1142.600000  -1.435975e-022
1142.800000  -1.554179e-022
1143.000000  -1.137549e-022
1143.200000  -1.435693e-022
1143.400000  -1.665132e-022
1143.600000  -1.223153e-022
1143.800000  -1.079964e-022
1144.000000  -1.442384e-022
1144.200000  -1.378148e-022
1144.400000  -8.762817e-023
1144.600000  -1.153244e-022
1144.800000  -1.687414e-022
1145.000000  -1.279368e-022
1145.200000  -9.060646e-023
1145.400000  -1.195492e-022
1145.600000  -1.341021e-022
1145.800000  -7.063275e-023
1146.000000  -6.336286e-023
1146.200000  -1.293395e-022
1146.400000  -1.172706e-022
1146.600000  -5.482558e-023
1146.800000  -6.272902e-023
1147.000000  -9.113532e-023
1147.200000  -6.637303e-023
1147.400000  -5.007564e-023
1147.600000  -1.121804e-022
1147.800000  -1.632955e-022
1148.000000  -1.395494e-022
1148.200000  -1.352841e-022
1148.400000  -1.725401e-022
1148.600000  -1.480587e-022
1148.800000  -7.955566e-023
1149.000000  -1.053789e-022
1149.200000  -1.476340e-022
1149.400000  -1.212589e-022
1149.600000  -8.378384e-023
1149.800000  -1.412021e-022
1150.000000  -1.718124e-022
