800.000000  -4.279576e-023
800.200000  -5.241219e-023
800.400000  -7.208906e-024
800.600000  5.547411e-025
800.800000  -3.328541e-023
801.000000  -7.807545e-025
801.200000  3.256294e-023
801.400000  -1.776729e-024
801.600000  -2.729674e-023
801.800000  1.479907e-023
802.000000  4.697770e-023
802.200000  9.750213e-024
802.400000  -7.443192e-024
802.600000  1.203735e-023
802.800000  2.091074e-024
803.000000  -3.573998e-023
803.200000  -2.130502e-023
803.400000  3.427821e-025
803.600000  -3.033765e-023
803.800000  -4.812175e-023
804.000000  -2.974093e-023
804.200000  -2.013105e-023
804.400000  -4.176231e-023
804.600000  -3.907209e-023
804.800000  2.479639e-024
805.000000  -1.683631e-023
805.200000  -6.011602e-023
805.400000  -4.898979e-023
805.600000  -3.336440e-023
805.800000  -1.353943e-023
806.000000  -3.098129e-023
806.200000  3.302062e-023
806.400000  2.858948e-023
806.600000  -9.066151e-024
806.800000  -6.343975e-024
807.000000  3.302519e-023
807.200000  2.135822e-023
807.400000  -2.588226e-023
807.600000  1.271557e-024
807.800000  1.745455e-023
808.000000  -1.475750e-023
808.200000  -3.433397e-023
808.400000  1.839803e-024
808.600000  1.182474e-023
808.800000  -2.650560e-023
809.000000  -1.868262e-023
809.200000  4.144095e-024
809.400000  -2.411933e-023
809.600000  -5.029027e-023
809.800000  -7.179138e-024
810.000000  2.067185e-023
810.200000  -1.110635e-023
810.400000  -2.168992e-023
810.600000  2.179957e-023
810.800000  2.462622e-023
811.000000  -1.149040e-023
811.200000  2.374313e-024
811.400000  2.850719e-023
811.600000  1.074400e-023
811.800000  -2.746460e-023
812.000000  4.675341e-024
812.200000  2.572958e-023
812.400000  -2.297569e-023
812.600000  -4.972353e-023
812.800000  1.794098e-023
813.000000  1.243762e-023
813.200000  -3.134972e-024
813.400000  2.338107e-024
813.600000  2.288457e-023
813.800000  -1.057438e-023
814.000000  -2.869637e-023
814.200000  2.003273e-023
814.400000  1.287668e-023
814.600000  -4.522955e-023
814.800000  -4.645822e-023
815.000000  -3.164595e-024
815.200000  -1.582136e-023
815.400000  -5.306899e-023
815.600000  -2.481914e-023
815.800000  8.503646e-024
816.000000  -4.744113e-024
816.200000  -2.151897e-023
816.400000  3.231279e-023
816.600000  3.840878e-023
816.800000  7.470834e-024
817.000000  9.057458e-024
817.200000  3.839890e-023
817.400000  1.964424e-023
817.600000  -9.623187e-024
817.800000  2.788074e-023
818.000000  8.172464e-023
818.200000  4.337952e-023
818.400000  1.166346e-023
818.600000  7.184073e-023
818.800000  7.572532e-023
819.000000  3.949704e-023
819.200000  2.443209e-023
819.400000  5.398276e-023
819.600000  4.947571e-023
819.800000  2.447811e-023
820.000000  3.558296e-023
820.200000  5.497497e-023
820.400000  1.951725e-023
820.600000  2.375980e-024
820.800000  5.883536e-023
821.000000  6.483498e-023
821.200000  1.958170e-023
821.400000  2.394537e-023
821.600000  5.379003e-023
821.800000  2.618124e-023
822.000000  -1.475378e-023
822.200000  1.787176e-023
822.400000  4.437386e-023
822.600000  1.182105e-023
822.800000  -6.994118e-024
823.000000  2.335645e-023
823.200000  1.387602e-023
823.400000  -1.110527e-023
823.600000  -2.319008e-024
823.800000  3.440700e-023
824.000000  1.329117e-023
824.200000  -1.192880e-023
824.400000  2.100406e-023
824.600000  2.383472e-023
824.800000  -1.112831e-023
825.000000  -2.106816e-023
825.200000  2.056850e-023
825.400000  4.600155e-023
825.600000  4.596976e-024
825.800000  1.176839e-023
826.000000  5.202310e-023
826.200000  3.329606e-023
826.400000  -1.576803e-023
826.600000  2.279647e-023
826.800000  5.863645e-023
827.000000  2.166596e-023
827.200000  4.570643e-024
827.400000  1.561232e-023
827.600000  -5.908708e-024
827.800000  -3.850459e-023
828.000000  -4.941606e-024
828.200000  4.043734e-023
828.400000  3.213541e-023
828.600000  -1.063591e-024
828.800000  3.212883e-023
829.000000  3.764728e-023
829.200000  5.111533e-024
829.400000  2.386104e-024
829.600000  4.919580e-023
829.800000  4.973375e-023
830.000000  -3.403554e-025
830.200000  9.089337e-024
830.400000  2.664301e-023
830.600000  1.621723e-023
830.800000  -1.021357e-023
831.000000  2.825975e-023
831.200000  3.541358e-023
831.400000  -1.117457e-023
831.600000  -3.108163e-023
831.800000  8.939006e-024
832.000000  -4.240614e-024
832.200000  -4.065200e-023
832.400000  -1.763370e-023
832.600000  3.758803e-023
832.800000  1.289645e-023
833.000000  -2.218719e-023
833.200000  2.113977e-023
833.400000  4.029959e-023
833.600000  3.191698e-024
833.800000  -8.318064e-024
834.000000  3.263307e-023
834.200000  1.512687e-023
834.400000  -2.253437e-023
834.600000  1.951431e-023
834.800000  6.869811e-023
835.000000  4.899366e-023
835.200000  3.481359e-023
835.400000  5.810315e-023
835.600000  5.695378e-023
835.800000  1.492448e-023
836.000000  3.214616e-023
836.200000  7.845867e-023
836.400000  6.718158e-023
836.600000  3.694994e-023
836.800000  6.615439e-023
837.000000  6.717171e-023
837.200000  1.354392e-023
837.400000  4.966937e-024
837.600000  3.853742e-023
837.800000  3.054958e-023
838.000000  -3.091672e-024
838.200000  1.818584e-023
838.400000  8.152105e-023
838.600000  7.130039e-023
838.800000  3.476872e-023
839.000000  4.823147e-023
839.200000  5.470390e-023
839.400000  2.075965e-023
839.600000  7.743851e-024
839.800000  4.502172e-023
840.000000  5.582817e-023
840.200000  3.040620e-023
840.400000  6.779934e-023
840.600000  9.270326e-023
840.800000  5.309486e-023
841.000000  3.364974e-024
841.200000  1.362901e-023
841.400000  2.609051e-023
841.600000  1.251545e-024
841.800000  -8.995889e-024
842.000000  2.877057e-023
842.200000  1.693745e-023
842.400000  -3.093695e-023
842.600000  -1.108776e-023
842.800000  3.093234e-023
843.000000  2.661032e-023
843.200000  9.917485e-024
843.400000  4.385756e-023
843.600000  5.839649e-023
843.800000  3.091588e-023
844.000000  3.360272e-023
844.200000  7.341904e-023
844.400000  5.558469e-023
844.600000  -2.249458e-024
844.800000  -4.888143e-024
845.000000  3.574651e-023
845.200000  3.091651e-023
845.400000  5.675012e-024
845.600000  4.056553e-023
845.800000  4.859536e-023
846.000000  1.750919e-023
846.200000  3.035984e-023
846.400000  7.050739e-023
846.600000  4.852826e-023
846.800000  9.537299e-024
847.000000  3.196511e-023
847.200000  6.302187e-023
847.400000  3.677683e-023
847.600000  1.912544e-023
847.800000  5.979144e-023
848.000000  6.674624e-023
848.200000  2.769017e-023
848.400000  3.622582e-023
848.600000  8.115523e-023
848.800000  6.827375e-023
849.000000  5.655316e-023
849.200000  8.235493e-023
849.400000  1.042469e-022
849.600000  6.774772e-023
849.800000  4.527115e-023
850.000000  6.440104e-023
850.200000  5.532115e-023
850.400000  1.288080e-023
850.600000  2.665384e-023
850.800000  6.375411e-023
851.000000  3.618303e-023
851.200000  -4.458952e-024
851.400000  2.984480e-023
851.600000  6.983106e-023
851.800000  4.564098e-023
852.000000  2.983493e-023
852.200000  7.465515e-023
852.400000  8.299212e-023
852.600000  4.827050e-023
852.800000  4.930301e-023
853.000000  9.250619e-023
853.200000  7.196720e-023
853.400000  4.509444e-023
853.600000  6.828477e-023
853.800000  8.833308e-023
854.000000  3.981214e-023
854.200000  3.192054e-023
854.400000  8.444105e-023
854.600000  1.000158e-022
854.800000  7.378458e-023
855.000000  7.576848e-023
855.200000  1.038357e-022
855.400000  7.509918e-023
855.600000  4.388132e-023
855.800000  6.308538e-023
856.000000  9.583511e-023
856.200000  5.524042e-023
856.400000  3.972569e-023
856.600000  7.754198e-023
856.800000  6.705679e-023
857.000000  5.363523e-023
857.200000  7.637760e-023
857.400000  1.300674e-022
857.600000  1.063430e-022
857.800000  7.128313e-023
858.000000  8.834450e-023
858.200000  9.771412e-023
858.400000  6.815656e-023
858.600000  6.292498e-023
858.800000  9.649083e-023
859.000000  8.617660e-023
859.200000  6.291511e-023
859.400000  9.504730e-023
859.600000  1.367401e-022
859.800000  1.038433e-022
860.000000  5.760248e-023
860.200000  1.012062e-022
860.400000  9.476208e-023
860.600000  5.998126e-023
860.800000  5.385082e-023
861.000000  1.023241e-022
861.200000  1.013853e-022
861.400000  6.917258e-023
861.600000  9.568645e-023
861.800000  1.173940e-022
862.000000  7.514439e-023
862.200000  5.332958e-023
862.400000  1.093907e-022
862.600000  1.186362e-022
862.800000  7.885344e-023
863.000000  8.691350e-023
863.200000  1.270589e-022
863.400000  1.069260e-022
863.600000  7.656455e-023
863.800000  9.986874e-023
864.000000  1.218902e-022
864.200000  8.694433e-023
864.400000  5.972013e-023
864.600000  8.998220e-023
864.800000  8.740625e-023
865.000000  4.098086e-023
865.200000  4.602463e-023
865.400000  9.838922e-023
865.600000  9.370885e-023
865.800000  6.917177e-023
866.000000  9.976774e-023
866.200000  1.132785e-022
866.400000  8.857435e-023
866.600000  6.998153e-023
866.800000  1.076558e-022
867.000000  1.120443e-022
867.200000  7.394101e-023
867.400000  8.251389e-023
867.600000  1.185414e-022
867.800000  1.055237e-022
868.000000  7.153933e-023
868.200000  1.041447e-022
868.400000  1.102069e-022
868.600000  6.597149e-023
868.800000  5.244514e-023
869.000000  1.045896e-022
869.200000  1.129119e-022
869.400000  8.737602e-023
869.600000  9.433237e-023
869.800000  1.350195e-022
870.000000  1.160439e-022
870.200000  8.761784e-023
870.400000  1.324291e-022
870.600000  1.518231e-022
870.800000  1.328590e-022
871.000000  1.259524e-022
871.200000  1.625542e-022
871.400000  1.509153e-022
871.600000  1.337173e-022
871.800000  1.436092e-022
872.000000  1.845219e-022
872.200000  1.569248e-022
872.400000  1.324387e-022
872.600000  1.672074e-022
872.800000  1.881199e-022
873.000000  1.401543e-022
873.200000  1.068384e-022
873.400000  1.405805e-022
873.600000  1.290980e-022
873.800000  8.285555e-023
874.000000  1.201805e-022
874.200000  1.677594e-022
874.400000  1.439591e-022
874.600000  1.358886e-022
874.800000  1.715443e-022
875.000000  1.884407e-022
875.200000  1.523885e-022
875.400000  1.519692e-022
875.600000  1.880361e-022
875.800000  1.790959e-022
876.000000  1.486128e-022
876.200000  1.698944e-022
876.400000  1.958037e-022
876.600000  1.838463e-022
876.800000  1.774745e-022
877.000000  2.242909e-022
877.200000  2.411318e-022
877.400000  2.265177e-022
877.600000  2.287664e-022
877.800000  2.572069e-022
878.000000  2.317562e-022
878.200000  2.010954e-022
878.400000  2.469856e-022
878.600000  2.736783e-022
878.800000  2.409066e-022
879.000000  2.119937e-022
879.200000  2.449398e-022
879.400000  2.489638e-022
879.600000  2.223684e-022
879.800000  2.308954e-022
880.000000  2.882884e-022
880.200000  2.733120e-022
880.400000  2.506521e-022
880.600000  2.882785e-022
880.800000  3.208516e-022
881.000000  2.916013e-022
881.200000  2.722729e-022
881.400000  3.029594e-022
881.600000  3.072487e-022
881.800000  2.742382e-022
882.000000  3.046716e-022
882.200000  3.355611e-022
882.400000  3.265264e-022
882.600000  3.102374e-022
882.800000  3.563965e-022
883.000000  3.881134e-022
883.200000  3.482009e-022
883.400000  3.292126e-022
883.600000  3.831282e-022
883.800000  3.869627e-022
884.000000  3.379378e-022
884.200000  3.532419e-022
884.400000  3.781700e-022
884.600000  3.625461e-022
884.800000  3.264869e-022
885.000000  3.454515e-022
885.200000  3.451522e-022
885.400000  3.024709e-022
885.600000  3.078215e-022
885.800000  3.572161e-022
886.000000  3.463210e-022
886.200000  3.207627e-022
886.400000  3.523336e-022
886.600000  3.778586e-022
886.800000  3.570696e-022
887.000000  3.357919e-022
887.200000  3.726540e-022
887.400000  3.920612e-022
887.600000  3.576304e-022
887.800000  3.307069e-022
888.000000  3.617604e-022
888.200000  3.500864e-022
888.400000  3.128286e-022
888.600000  3.465112e-022
888.800000  3.813729e-022
889.000000  3.691305e-022
889.200000  3.497796e-022
889.400000  3.816338e-022
889.600000  3.876180e-022
889.800000  3.414079e-022
890.000000  3.437964e-022
890.200000  3.808073e-022
890.400000  3.622871e-022
890.600000  3.237786e-022
890.800000  3.548678e-022
891.000000  3.930616e-022
891.200000  3.952728e-022
891.400000  3.969674e-022
891.600000  4.499581e-022
891.800000  4.686668e-022
892.000000  4.436405e-022
892.200000  4.216706e-022
892.400000  4.595235e-022
892.600000  4.377963e-022
892.800000  4.087832e-022
893.000000  4.398754e-022
893.200000  4.655974e-022
893.400000  4.562392e-022
893.600000  4.555534e-022
893.800000  5.178123e-022
894.000000  5.462473e-022
894.200000  5.203155e-022
894.400000  5.384817e-022
894.600000  5.854434e-022
894.800000  5.656146e-022
895.000000  5.359550e-022
895.200000  5.677664e-022
895.400000  6.067812e-022
895.600000  6.034976e-022
895.800000  5.843726e-022
896.000000  5.885428e-022
896.200000  5.456925e-022
896.400000  4.613808e-022
896.600000  4.524577e-022
896.800000  4.648727e-022
897.000000  4.306925e-022
897.200000  4.236314e-022
897.400000  4.740234e-022
897.600000  5.160137e-022
897.800000  5.133352e-022
898.000000  5.133319e-022
898.200000  5.790939e-022
898.400000  6.006842e-022
898.600000  5.747780e-022
898.800000  5.713707e-022
899.000000  5.902513e-022
899.200000  5.526703e-022
899.400000  5.334775e-022
899.600000  5.840438e-022
899.800000  6.279493e-022
900.000000  5.988443e-022
900.200000  6.018189e-022
900.400000  6.552305e-022
900.600000  6.615316e-022
900.800000  6.422962e-022
901.000000  6.995150e-022
901.200000  7.347557e-022
901.400000  7.284301e-022
901.600000  7.410343e-022
901.800000  8.087883e-022
902.000000  8.087543e-022
902.200000  7.859430e-022
902.400000  8.086551e-022
902.600000  8.412467e-022
902.800000  8.281972e-022
903.000000  7.922645e-022
903.200000  7.988281e-022
903.400000  8.086386e-022
903.600000  7.989374e-022
903.800000  7.631452e-022
904.000000  7.923726e-022
904.200000  8.119118e-022
904.400000  7.955737e-022
904.600000  8.118138e-022
904.800000  8.674931e-022
905.000000  8.773018e-022
905.200000  8.577525e-022
905.400000  9.104308e-022
905.600000  9.531591e-022
905.800000  9.333508e-022
906.000000  9.135686e-022
906.200000  9.765159e-022
906.400000  1.003233e-021
906.600000  9.764118e-022
906.800000  9.963985e-022
907.000000  1.053002e-021
907.200000  1.042726e-021
907.400000  1.000083e-021
907.600000  1.003444e-021
907.800000  1.012697e-021
908.000000  9.762913e-022
908.200000  9.632955e-022
908.400000  9.992783e-022
908.600000  9.926913e-022
908.800000  9.203986e-022
909.000000  9.168336e-022
909.200000  9.559262e-022
909.400000  9.359723e-022
909.600000  9.065728e-022
909.800000  9.525160e-022
910.000000  1.011699e-021
910.200000  1.015402e-021
910.400000  1.046046e-021
910.600000  1.146820e-021
910.800000  1.202671e-021
911.000000  1.239665e-021
911.200000  1.342917e-021
911.400000  1.481207e-021
911.600000  1.566239e-021
911.800000  1.656115e-021
912.000000  1.817230e-021
912.200000  1.987962e-021
912.400000  2.133325e-021
912.600000  2.312408e-021
912.800000  2.579970e-021
913.000000  2.828160e-021
913.200000  3.105936e-021
913.400000  3.494998e-021
913.600000  3.957741e-021
913.800000  4.530812e-021
914.000000  4.940204e-021
914.200000  5.311908e-021
914.400000  5.562158e-021
914.600000  5.552532e-021
914.800000  5.384433e-021
915.000000  5.271953e-021
915.200000  5.257430e-021
915.400000  5.347125e-021
915.600000  5.592416e-021
915.800000  6.121585e-021
916.000000  6.585199e-021
916.200000  6.842324e-021
916.400000  6.936681e-021
916.600000  6.814790e-021
916.800000  6.380724e-021
917.000000  5.673672e-021
917.200000  5.086584e-021
917.400000  4.545872e-021
917.600000  3.868490e-021
917.800000  3.400618e-021
918.000000  3.008620e-021
918.200000  2.592000e-021
918.400000  2.305798e-021
918.600000  2.226032e-021
918.800000  2.265351e-021
919.000000  2.335819e-021
919.200000  2.492068e-021
919.400000  2.699754e-021
919.600000  2.858746e-021
919.800000  2.959447e-021
920.000000  3.093530e-021
920.200000  3.081480e-021
920.400000  2.824006e-021
920.600000  2.428767e-021
920.800000  2.085183e-021
921.000000  1.782748e-021
921.200000  1.506795e-021
921.400000  1.381766e-021
921.600000  1.394169e-021
921.800000  1.438685e-021
922.000000  1.516354e-021
922.200000  1.669633e-021
922.400000  1.813261e-021
922.600000  1.833182e-021
922.800000  1.798731e-021
923.000000  1.829320e-021
923.200000  1.824780e-021
923.400000  1.819121e-021
923.600000  1.871883e-021
923.800000  1.950310e-021
924.000000  1.961305e-021
924.200000  1.964437e-021
924.400000  2.021390e-021
924.600000  2.122696e-021
924.800000  2.261386e-021
925.000000  2.550607e-021
925.200000  2.961426e-021
925.400000  3.343200e-021
925.600000  3.675124e-021
925.800000  3.990135e-021
926.000000  4.304823e-021
926.200000  4.392355e-021
926.400000  4.331432e-021
926.600000  4.370766e-021
926.800000  4.486082e-021
927.000000  4.593486e-021
927.200000  4.571387e-021
927.400000  4.489516e-021
927.600000  4.323849e-021
927.800000  4.154487e-021
928.000000  4.099044e-021
928.200000  4.224176e-021
928.400000  4.334813e-021
928.600000  4.358104e-021
928.800000  4.412888e-021
929.000000  4.547885e-021
929.200000  4.775038e-021
929.400000  5.027394e-021
929.600000  5.284708e-021
929.800000  5.391430e-021
930.000000  5.445492e-021
930.200000  5.586114e-021
930.400000  5.909348e-021
930.600000  6.225939e-021
930.800000  6.199246e-021
931.000000  5.886417e-021
931.200000  5.451040e-021
931.400000  4.965585e-021
931.600000  4.631362e-021
931.800000  4.510919e-021
932.000000  4.385344e-021
932.200000  4.196039e-021
932.400000  3.981309e-021
932.600000  3.963141e-021
932.800000  4.090331e-021
933.000000  4.196407e-021
933.200000  4.330401e-021
933.400000  4.330343e-021
933.600000  4.243176e-021
933.800000  4.258432e-021
934.000000  4.578666e-021
934.200000  4.967935e-021
934.400000  5.238237e-021
934.600000  5.354845e-021
934.800000  5.410750e-021
935.000000  5.406354e-021
935.200000  5.419044e-021
935.400000  5.518760e-021
935.600000  5.610975e-021
935.800000  5.703646e-021
936.000000  6.182600e-021
936.200000  7.271973e-021
936.400000  8.854246e-021
936.600000  1.017659e-020
936.800000  1.065771e-020
937.000000  1.033981e-020
937.200000  9.772189e-021
937.400000  9.197955e-021
937.600000  8.711253e-021
937.800000  8.120651e-021
938.000000  7.386172e-021
938.200000  6.785466e-021
938.400000  6.525365e-021
938.600000  6.516051e-021
938.800000  6.607707e-021
939.000000  6.945385e-021
939.200000  7.515849e-021
939.400000  8.143777e-021
939.600000  8.777597e-021
939.800000  9.490802e-021
940.000000  1.032440e-020
940.200000  1.110316e-020
940.400000  1.158040e-020
940.600000  1.193369e-020
940.800000  1.220765e-020
941.000000  1.264390e-020
941.200000  1.342092e-020
941.400000  1.434579e-020
941.600000  1.474447e-020
941.800000  1.440746e-020
942.000000  1.344424e-020
942.200000  1.202664e-020
942.400000  1.036106e-020
942.600000  8.789331e-021
942.800000  7.767597e-021
943.000000  6.988764e-021
943.200000  6.063983e-021
943.400000  5.169053e-021
943.600000  4.493906e-021
943.800000  4.103399e-021
944.000000  3.980544e-021
944.200000  4.118840e-021
944.400000  4.122537e-021
944.600000  3.794469e-021
944.800000  3.522504e-021
945.000000  3.245825e-021
945.200000  2.989108e-021
945.400000  2.824761e-021
945.600000  2.776831e-021
945.800000  2.651222e-021
946.000000  2.373138e-021
946.200000  2.012781e-021
946.400000  1.706397e-021
946.600000  1.426389e-021
946.800000  1.254641e-021
947.000000  1.201460e-021
947.200000  1.203339e-021
947.400000  1.152140e-021
947.600000  1.130900e-021
947.800000  1.212288e-021
948.000000  1.307211e-021
948.200000  1.364900e-021
948.400000  1.425577e-021
948.600000  1.473690e-021
948.800000  1.383647e-021
949.000000  1.264279e-021
949.200000  1.232641e-021
949.400000  1.212021e-021
949.600000  1.164188e-021
949.800000  1.168755e-021
950.000000  1.233137e-021
950.200000  1.275709e-021
950.400000  1.243381e-021
950.600000  1.223906e-021
950.800000  1.214574e-021
951.000000  1.172516e-021
951.200000  1.164373e-021
951.400000  1.262041e-021
951.600000  1.297690e-021
951.800000  1.218101e-021
952.000000  1.097841e-021
952.200000  1.012884e-021
952.400000  8.820331e-022
952.600000  7.397962e-022
952.800000  6.864724e-022
953.000000  6.904377e-022
953.200000  6.405126e-022
953.400000  6.133032e-022
953.600000  6.629887e-022
953.800000  6.873347e-022
954.000000  6.786222e-022
954.200000  6.867702e-022
954.400000  7.434654e-022
954.600000  7.642422e-022
954.800000  7.640284e-022
955.000000  8.635604e-022
955.200000  9.832642e-022
955.400000  1.071639e-021
955.600000  1.142401e-021
955.800000  1.157222e-021
956.000000  1.031823e-021
956.200000  8.295541e-022
956.400000  6.982052e-022
956.600000  6.600656e-022
956.800000  6.597455e-022
957.000000  6.947128e-022
957.200000  8.146536e-022
957.400000  9.117458e-022
957.600000  9.640531e-022
957.800000  1.023367e-021
958.000000  1.107585e-021
958.200000  1.113174e-021
958.400000  1.095610e-021
958.600000  1.104957e-021
958.800000  1.140546e-021
959.000000  1.102919e-021
959.200000  1.050568e-021
959.400000  1.016155e-021
959.600000  9.382111e-022
959.800000  8.173952e-022
960.000000  7.162541e-022
960.200000  6.549745e-022
960.400000  5.608647e-022
960.600000  4.450304e-022
960.800000  3.871262e-022
961.000000  3.569119e-022
961.200000  3.025748e-022
961.400000  2.163540e-022
961.600000  2.060371e-022
961.800000  1.855396e-022
962.000000  1.441188e-022
962.200000  1.187704e-022
962.400000  1.351857e-022
962.600000  1.258196e-022
962.800000  7.077590e-023
963.000000  8.491220e-023
963.200000  1.261743e-022
963.400000  9.719746e-023
963.600000  8.528877e-023
963.800000  1.231924e-022
964.000000  1.287023e-022
964.200000  1.005337e-022
964.400000  1.094190e-022
964.600000  1.421720e-022
964.800000  1.335276e-022
965.000000  1.209338e-022
965.200000  1.500084e-022
965.400000  1.825168e-022
965.600000  1.667607e-022
965.800000  1.735193e-022
966.000000  2.355668e-022
966.010000  1.249645e-022
966.020000  1.455518e-022
966.030000  1.732392e-022
966.040000  2.038935e-022
966.050000  1.837652e-022
966.060000  1.623215e-022
966.070000  1.409758e-022
966.080000  1.644028e-022
966.090000  1.822975e-022
966.100000  2.044838e-022
966.110000  1.928256e-022
966.120000  1.826044e-022
966.130000  1.963142e-022
966.140000  2.185404e-022
966.150000  2.209951e-022
966.160000  2.333728e-022
966.170000  2.273218e-022
966.180000  2.184512e-022
966.190000  2.166618e-022
966.200000  2.375262e-022
966.210000  2.560947e-022
966.220000  2.633131e-022
966.230000  2.519993e-022
966.240000  2.421260e-022
966.250000  2.237579e-022
966.260000  2.266737e-022
966.270000  2.281736e-022
966.280000  2.410450e-022
966.290000  2.297568e-022
966.300000  2.071613e-022
966.310000  2.058228e-022
966.320000  2.101439e-022
966.330000  2.201435e-022
966.340000  2.387074e-022
966.350000  2.217225e-022
966.360000  2.104512e-022
966.370000  2.176217e-022
966.380000  2.077696e-022
966.390000  2.320042e-022
966.400000  2.463554e-022
966.410000  2.302151e-022
966.420000  2.169637e-022
966.430000  2.023270e-022
966.440000  2.032966e-022
966.450000  2.213078e-022
966.460000  2.052369e-022
966.470000  1.977035e-022
966.480000  1.930091e-022
966.490000  2.010584e-022
966.500000  2.233385e-022
966.510000  2.357196e-022
966.520000  2.381270e-022
966.530000  2.248431e-022
966.540000  2.258198e-022
966.550000  2.154077e-022
966.560000  2.234992e-022
966.570000  2.430323e-022
966.580000  2.540371e-022
966.590000  2.264301e-022
966.600000  1.989663e-022
966.610000  2.096493e-022
966.620000  2.289006e-022
966.630000  2.611159e-022
966.640000  2.575594e-022
966.650000  2.339919e-022
966.660000  2.219124e-022
966.670000  2.226583e-022
966.680000  2.276755e-022
966.690000  2.412572e-022
966.700000  2.377204e-022
966.710000  2.185291e-022
966.720000  2.008310e-022
966.730000  2.143376e-022
966.740000  2.250302e-022
966.750000  2.500143e-022
966.760000  2.679385e-022
966.770000  2.557934e-022
966.780000  2.565380e-022
966.790000  2.558523e-022
966.800000  2.523085e-022
966.810000  2.732442e-022
966.820000  2.827509e-022
966.830000  2.865183e-022
966.840000  2.830999e-022
966.850000  2.883035e-022
966.860000  2.906338e-022
966.870000  3.044848e-022
966.880000  3.140343e-022
966.890000  3.163705e-022
966.900000  3.028373e-022
966.910000  3.181539e-022
966.920000  3.509240e-022
966.930000  3.809690e-022
966.940000  3.585239e-022
966.950000  3.623262e-022
966.960000  3.530350e-022
966.970000  3.611965e-022
966.980000  3.708257e-022
966.990000  3.863137e-022
967.000000  3.872039e-022
967.010000  3.711220e-022
967.020000  3.725536e-022
967.030000  3.725272e-022
967.040000  3.798027e-022
967.050000  4.105694e-022
967.060000  4.105539e-022
967.070000  3.987799e-022
967.080000  3.870260e-022
967.090000  3.899358e-022
967.100000  4.252406e-022
967.110000  4.385436e-022
967.120000  4.415004e-022
967.130000  4.340841e-022
967.140000  4.237168e-022
967.150000  4.222265e-022
967.160000  4.459286e-022
967.170000  4.682621e-022
967.180000  4.622950e-022
967.190000  4.533523e-022
967.200000  4.578195e-022
967.210000  4.669210e-022
967.220000  5.000303e-022
967.230000  5.242843e-022
967.240000  5.259438e-022
967.250000  5.215632e-022
967.260000  5.036335e-022
967.270000  5.158279e-022
967.280000  5.325858e-022
967.290000  5.327348e-022
967.300000  5.313718e-022
967.310000  5.496957e-022
967.320000  5.528802e-022
967.330000  5.667110e-022
967.340000  5.805784e-022
967.350000  5.975444e-022
967.360000  6.022895e-022
967.370000  5.917208e-022
967.380000  5.827010e-022
967.390000  6.073367e-022
967.400000  6.259278e-022
967.410000  6.603591e-022
967.420000  6.608064e-022
967.430000  6.442334e-022
967.440000  6.415921e-022
967.450000  6.420393e-022
967.460000  6.594963e-022
967.470000  7.191433e-022
967.480000  7.195903e-022
967.490000  7.231721e-022
967.500000  7.283249e-022
967.510000  7.366245e-022
967.520000  7.781005e-022
967.530000  7.975952e-022
967.540000  7.932734e-022
967.550000  7.984888e-022
967.560000  8.212480e-022
967.570000  8.521321e-022
967.580000  8.767368e-022
967.590000  8.933523e-022
967.600000  8.937988e-022
967.610000  9.211056e-022
967.620000  9.305861e-022
967.630000  9.580956e-022
967.640000  9.923578e-022
967.650000  1.013572e-021
967.660000  1.003334e-021
967.670000  1.019613e-021
967.680000  1.034280e-021
967.690000  1.043983e-021
967.700000  1.100730e-021
967.710000  1.135986e-021
967.720000  1.135688e-021
967.730000  1.147296e-021
967.740000  1.184599e-021
967.750000  1.246432e-021
967.760000  1.293232e-021
967.770000  1.310488e-021
967.780000  1.306674e-021
967.790000  1.341641e-021
967.800000  1.380417e-021
967.810000  1.420396e-021
967.820000  1.448041e-021
967.830000  1.490411e-021
967.840000  1.536832e-021
967.850000  1.550379e-021
967.860000  1.589941e-021
967.870000  1.644851e-021
967.880000  1.692782e-021
967.890000  1.727787e-021
967.900000  1.743828e-021
967.910000  1.758004e-021
967.920000  1.816809e-021
967.930000  1.911910e-021
967.940000  1.970577e-021
967.950000  2.036049e-021
967.960000  2.059312e-021
967.970000  2.132203e-021
967.980000  2.189380e-021
967.990000  2.277010e-021
968.000000  2.303621e-021
968.010000  2.363513e-021
968.020000  2.446069e-021
968.030000  2.523207e-021
968.040000  2.596936e-021
968.050000  2.683211e-021
968.060000  2.794415e-021
968.070000  2.879195e-021
968.080000  2.997094e-021
968.090000  3.115186e-021
968.100000  3.195110e-021
968.110000  3.322980e-021
968.120000  3.403468e-021
968.130000  3.498657e-021
968.140000  3.603837e-021
968.150000  3.742153e-021
968.160000  3.858134e-021
968.170000  3.970814e-021
968.180000  4.879071e-021
968.190000  5.069018e-021
968.200000  6.234437e-021
968.210000  6.561143e-021
968.220000  6.878107e-021
968.230000  7.142022e-021
968.240000  7.514579e-021
968.250000  7.718810e-021
968.260000  8.033369e-021
968.270000  8.281039e-021
968.280000  8.569909e-021
968.290000  8.978604e-021
968.300000  9.271036e-021
968.310000  9.658756e-021
968.320000  1.001539e-020
968.330000  1.054890e-020
968.340000  1.104662e-020
968.350000  1.141452e-020
968.360000  1.179131e-020
968.370000  1.221277e-020
968.380000  1.271892e-020
968.390000  1.306664e-020
968.400000  1.349899e-020
968.410000  1.380792e-020
968.420000  1.427082e-020
968.430000  1.481791e-020
968.440000  1.535636e-020
968.450000  1.580981e-020
968.460000  1.633412e-020
968.470000  1.703288e-020
968.480000  1.740529e-020
968.490000  1.778704e-020
968.500000  1.824662e-020
968.510000  1.880725e-020
968.520000  1.929725e-020
968.530000  1.965335e-020
968.540000  2.004548e-020
968.550000  2.043385e-020
968.560000  2.104492e-020
968.570000  2.166834e-020
968.580000  2.213470e-020
968.590000  2.254387e-020
968.600000  2.280109e-020
968.610000  2.334056e-020
968.620000  2.355726e-020
968.630000  2.377712e-020
968.640000  2.399258e-020
968.650000  2.418795e-020
968.660000  2.437544e-020
968.670000  2.444425e-020
968.680000  2.447394e-020
968.690000  2.448002e-020
968.700000  2.447823e-020
968.710000  2.437168e-020
968.720000  2.419601e-020
968.730000  2.385983e-020
968.740000  2.368230e-020
968.750000  2.345255e-020
968.760000  2.331363e-020
968.770000  2.291005e-020
968.780000  2.258398e-020
968.790000  2.214438e-020
968.800000  2.164235e-020
968.810000  2.121364e-020
968.820000  2.073887e-020
968.830000  2.011333e-020
968.840000  1.955629e-020
968.850000  1.898028e-020
968.860000  1.849634e-020
968.870000  1.811044e-020
968.880000  1.744551e-020
968.890000  1.713064e-020
968.900000  1.666819e-020
968.910000  1.618417e-020
968.920000  1.573439e-020
968.930000  1.509668e-020
968.940000  1.466367e-020
968.950000  1.418885e-020
968.960000  1.376758e-020
968.970000  1.314294e-020
968.980000  1.273711e-020
968.990000  1.234187e-020
969.000000  1.204980e-020
969.010000  1.163595e-020
969.020000  1.117775e-020
969.030000  1.076505e-020
969.040000  1.040509e-020
969.050000  1.009447e-020
969.060000  9.639628e-021
969.070000  9.188220e-021
969.080000  8.882136e-021
969.090000  8.442997e-021
969.100000  8.160398e-021
969.110000  7.811914e-021
969.120000  7.575497e-021
969.130000  7.274125e-021
969.140000  7.104922e-021
969.150000  6.754639e-021
969.160000  6.550241e-021
969.170000  6.340502e-021
969.180000  6.173349e-021
969.190000  5.243543e-021
969.200000  4.966596e-021
969.210000  4.798822e-021
969.220000  4.676709e-021
969.230000  4.532831e-021
969.240000  3.874778e-021
969.250000  3.747210e-021
969.260000  3.661350e-021
969.270000  3.574112e-021
969.280000  3.474866e-021
969.290000  3.332948e-021
969.300000  3.207454e-021
969.310000  3.089841e-021
969.320000  2.982083e-021
969.330000  2.847904e-021
969.340000  2.777589e-021
969.350000  2.671323e-021
969.360000  2.594205e-021
969.370000  2.495932e-021
969.380000  2.377695e-021
969.390000  2.341158e-021
969.400000  2.283491e-021
969.410000  2.211823e-021
969.420000  2.126661e-021
969.430000  2.032744e-021
969.440000  1.970514e-021
969.450000  1.920936e-021
969.460000  1.856132e-021
969.470000  1.770895e-021
969.480000  1.723223e-021
969.490000  1.668432e-021
969.500000  1.627331e-021
969.510000  1.603322e-021
969.520000  1.555349e-021
969.530000  1.522493e-021
969.540000  1.466191e-021
969.550000  1.414101e-021
969.560000  1.346553e-021
969.570000  1.316788e-021
969.580000  1.285446e-021
969.590000  1.254297e-021
969.600000  1.195718e-021
969.610000  1.131749e-021
969.620000  1.103974e-021
969.630000  1.101638e-021
969.640000  1.095928e-021
969.650000  1.076766e-021
969.660000  1.035967e-021
969.670000  9.938539e-022
969.680000  9.635879e-022
969.690000  9.662738e-022
969.700000  9.410901e-022
969.710000  9.176668e-022
969.720000  8.830359e-022
969.730000  8.598971e-022
969.740000  8.336711e-022
969.750000  8.203354e-022
969.760000  8.213767e-022
969.770000  7.985450e-022
969.780000  7.710846e-022
969.790000  7.579339e-022
969.800000  7.338419e-022
969.810000  7.321264e-022
969.820000  7.398159e-022
969.830000  7.208753e-022
969.840000  6.926676e-022
969.850000  6.568880e-022
969.860000  6.336345e-022
969.870000  6.288772e-022
969.880000  6.379494e-022
969.890000  6.424173e-022
969.900000  6.085085e-022
969.910000  5.900384e-022
969.920000  5.807535e-022
969.930000  5.988931e-022
969.940000  6.002712e-022
969.950000  5.666332e-022
969.960000  5.573888e-022
969.970000  5.300499e-022
969.980000  5.133556e-022
969.990000  5.207207e-022
970.000000  5.190682e-022
970.010000  4.970214e-022
970.020000  4.690989e-022
970.030000  4.472468e-022
970.040000  4.373119e-022
970.050000  4.436794e-022
970.060000  4.500573e-022
970.070000  4.356657e-022
970.080000  4.198313e-022
970.090000  4.040393e-022
970.100000  3.780199e-022
970.110000  3.799085e-022
970.120000  3.803314e-022
970.130000  3.690297e-022
970.140000  3.548271e-022
970.150000  3.319268e-022
970.160000  3.323364e-022
970.170000  3.385686e-022
970.180000  3.418948e-022
970.190000  3.350222e-022
970.200000  3.107332e-022
970.210000  3.026411e-022
970.220000  3.061329e-022
970.230000  3.125244e-022
970.240000  3.203736e-022
970.250000  2.920227e-022
970.260000  2.738908e-022
970.270000  2.644312e-022
970.280000  2.909271e-022
970.290000  3.248090e-022
970.300000  3.268576e-022
970.310000  2.984900e-022
970.320000  2.717213e-022
970.330000  2.637063e-022
970.340000  2.571375e-022
970.350000  2.692026e-022
970.360000  2.654948e-022
970.370000  2.574940e-022
970.380000  2.409394e-022
970.390000  2.372566e-022
970.400000  2.535585e-022
970.410000  2.633373e-022
970.420000  2.602333e-022
970.430000  2.485596e-022
970.440000  2.312249e-022
970.450000  2.324154e-022
970.460000  2.507037e-022
970.470000  2.518937e-022
970.480000  2.573668e-022
970.490000  2.400204e-022
970.500000  2.227406e-022
970.510000  2.140121e-022
970.520000  2.307937e-022
970.530000  2.348222e-022
970.540000  2.331700e-022
970.550000  2.258466e-022
970.560000  2.114670e-022
970.570000  2.112413e-022
970.580000  2.294082e-022
970.590000  2.533228e-022
970.600000  2.673381e-022
970.610000  2.362671e-022
970.620000  2.096030e-022
970.630000  2.126532e-022
970.640000  2.199509e-022
970.650000  2.357760e-022
970.660000  2.090897e-022
970.670000  2.050761e-022
970.680000  1.883760e-022
970.690000  1.829648e-022
970.700000  1.761514e-022
970.710000  1.707478e-022
970.720000  1.723671e-022
970.730000  1.599501e-022
970.740000  1.335888e-022
970.750000  1.212507e-022
970.760000  1.270242e-022
970.770000  1.258331e-022
970.780000  1.037770e-022
970.790000  8.457097e-023
970.800000  1.740909e-022
970.810000  1.423140e-022
970.820000  1.274434e-022
970.830000  1.335323e-022
970.840000  1.075420e-022
970.850000  9.275806e-023
970.860000  9.047626e-023
970.870000  9.374278e-023
970.880000  8.729939e-023
970.890000  7.394263e-023
970.900000  5.785758e-023
970.910000  7.076856e-023
970.920000  1.003791e-022
970.930000  1.120155e-022
970.940000  9.163757e-023
970.950000  6.856672e-023
970.960000  6.628747e-023
970.970000  8.200813e-023
970.980000  1.117172e-022
970.990000  1.010621e-022
971.000000  1.071331e-022
971.010000  1.291409e-022
971.020000  1.399985e-022
971.030000  1.242362e-022
971.040000  1.071350e-022
971.050000  9.704505e-023
971.060000  8.975458e-023
971.070000  8.663684e-023
971.080000  8.075121e-023
971.090000  7.349164e-023
971.100000  8.422556e-023
971.110000  7.696331e-023
971.120000  5.867784e-023
971.130000  4.183791e-023
971.140000  4.288146e-023
971.150000  5.767592e-023
971.160000  7.526928e-023
971.170000  6.803038e-023
971.180000  5.117497e-023
971.190000  2.753825e-023
971.200000  4.364812e-023
971.210000  5.370625e-023
971.220000  7.480996e-023
971.230000  5.734867e-023
971.240000  4.132026e-023
971.250000  3.628677e-023
971.260000  3.262706e-023
971.270000  5.638460e-023
971.280000  7.472896e-023
971.290000  6.140185e-023
971.300000  4.674003e-023
971.310000  2.938852e-023
971.320000  2.983462e-023
971.330000  5.494008e-023
971.340000  7.326978e-023
971.350000  1.096715e-022
971.360000  8.796101e-023
971.370000  5.535085e-023
971.380000  5.579671e-023
971.390000  6.173709e-023
971.400000  8.422021e-023
971.410000  9.072451e-023
971.420000  6.686673e-023
971.430000  6.645805e-023
971.440000  6.880452e-023
971.450000  9.049879e-023
971.460000  9.286636e-023
971.470000  9.107842e-023
971.480000  7.821760e-023
971.490000  6.262167e-023
971.500000  6.773057e-023
971.510000  9.640533e-023
971.520000  1.043459e-022
971.530000  9.977181e-023
971.540000  5.090942e-023
971.550000  2.437103e-023
971.560000  1.983533e-023
971.570000  3.864295e-023
971.580000  4.649073e-023
971.590000  3.092564e-023
971.600000  1.265472e-023
971.610000  2.545475e-023
971.620000  3.553067e-023
971.630000  6.773932e-023
971.640000  8.900762e-023
971.650000  7.279394e-023
971.660000  5.939857e-023
971.670000  5.155871e-023
971.680000  5.200731e-023
971.690000  6.766172e-023
971.700000  6.395872e-023
971.710000  4.507776e-023
971.720000  3.038980e-023
971.730000  2.671784e-023
971.740000  3.128657e-023
971.750000  4.687131e-023
971.760000  4.594171e-023
971.770000  3.125761e-023
971.780000  1.798783e-023
971.790000  1.022280e-023
971.800000  9.303348e-024
971.810000  2.663484e-023
971.820000  2.067659e-023
971.830000  1.199180e-023
971.840000  4.689780e-024
971.850000  -2.599300e-024
971.860000  1.604643e-023
971.870000  3.887298e-023
971.880000  4.251621e-023
971.890000  3.791671e-023
971.900000  3.058082e-023
971.910000  3.147556e-023
971.920000  3.099963e-023
971.930000  4.424190e-023
971.940000  4.651000e-023
971.950000  2.546706e-023
971.960000  5.880005e-024
971.970000  4.049185e-024
971.980000  1.858047e-023
971.990000  3.314801e-023
972.000000  3.815069e-023
972.010000  1.932471e-023
972.020000  1.282248e-023
972.030000  -5.923558e-024
972.040000  9.372279e-024
972.050000  2.745719e-023
972.060000  3.737618e-023
972.070000  1.169926e-023
972.080000  9.290138e-024
972.090000  -5.384543e-024
972.100000  4.472349e-024
972.110000  2.119204e-023
972.120000  2.151615e-023
972.130000  6.796952e-024
972.140000  -7.886052e-024
972.150000  1.975578e-024
972.160000  3.660222e-024
972.170000  2.313900e-023
972.180000  2.483565e-023
972.190000  2.378922e-023
972.200000  -5.984488e-024
972.210000  -1.642180e-023
972.220000  -9.143225e-024
972.230000  1.045655e-023
972.240000  1.778074e-023
972.250000  7.291764e-024
972.260000  -2.227215e-023
972.270000  -2.044724e-023
972.280000  -1.043845e-023
972.290000  1.191819e-023
972.300000  2.062590e-023
972.310000  1.012056e-023
972.320000  -1.130327e-023
972.330000  -5.370017e-024
972.340000  -3.533844e-024
972.350000  3.782024e-024
972.360000  6.994985e-024
972.370000  -2.535104e-023
972.380000  -4.529811e-023
972.390000  -3.668358e-023
972.400000  -1.576946e-023
972.410000  -3.777310e-024
972.420000  1.381810e-024
972.430000  -1.262013e-023
972.440000  -2.794031e-023
972.450000  -2.280369e-023
972.460000  -1.220462e-023
972.470000  5.257327e-024
972.480000  1.316022e-023
972.490000  -1.451857e-023
972.500000  -2.301050e-023
972.510000  -2.740612e-023
972.520000  -1.273898e-023
972.530000  4.699795e-024
972.540000  3.011459e-024
972.550000  -2.185656e-023
972.560000  -3.575350e-023
972.570000  -3.335022e-023
972.580000  -1.463374e-023
972.590000  4.639806e-026
972.600000  2.457716e-024
972.610000  -1.753706e-023
972.620000  -2.252669e-023
972.630000  1.071437e-024
972.640000  2.884446e-024
972.650000  2.659381e-023
972.660000  1.745067e-023
972.670000  -1.348902e-023
972.680000  -2.527112e-023
972.690000  -3.296043e-023
972.700000  -1.350601e-023
972.710000  8.750326e-024
972.720000  1.603227e-023
972.730000  -6.719566e-024
972.740000  -3.478583e-023
972.750000  -2.485129e-023
972.760000  7.231275e-026
972.770000  5.197772e-025
972.780000  -3.956536e-025
972.790000  -1.355692e-023
972.800000  -2.397053e-023
972.810000  -2.291267e-023
972.820000  8.084641e-024
972.830000  2.419059e-023
972.840000  1.841803e-023
972.850000  -9.163132e-024
972.860000  -1.082204e-023
972.870000  -7.038597e-024
972.880000  7.658198e-024
972.890000  2.102995e-023
972.900000  1.252468e-023
972.910000  -1.367521e-023
972.920000  -2.212610e-023
972.930000  -1.699145e-023
972.940000  -5.044017e-024
972.950000  5.567348e-024
972.960000  -5.641525e-024
972.970000  -3.175906e-023
972.980000  -2.527606e-023
972.990000  -1.085766e-024
973.000000  1.911281e-023
973.010000  2.200117e-023
973.020000  -3.813060e-024
973.030000  -2.271097e-023
973.040000  -3.205885e-023
973.050000  -1.561826e-023
973.060000  3.603289e-024
973.070000  1.058125e-023
973.080000  -2.918151e-024
973.090000  -9.579672e-024
973.100000  -1.215227e-023
973.110000  -9.281412e-024
973.120000  1.769114e-024
973.130000  2.105169e-023
973.140000  4.796328e-024
973.150000  -7.323538e-024
973.160000  -4.450531e-024
973.170000  -2.938936e-024
973.180000  -2.789839e-024
973.190000  1.448911e-024
973.200000  -1.128801e-024
973.210000  6.490314e-026
973.220000  9.443090e-024
973.230000  1.746688e-023
973.240000  3.920648e-023
973.250000  5.965068e-023
973.260000  5.258344e-023
973.270000  3.866748e-023
973.280000  2.479567e-023
973.290000  2.598715e-023
973.300000  2.717836e-023
973.310000  3.658029e-023
973.320000  2.955994e-023
973.330000  1.164234e-023
973.340000  -8.918313e-024
973.350000  -7.728491e-024
973.360000  9.765454e-024
973.370000  1.367718e-023
973.380000  3.985028e-024
973.390000  -1.787222e-023
973.400000  -1.533100e-023
973.410000  1.524305e-024
973.420000  2.251772e-023
973.430000  4.085709e-023
973.440000  3.188803e-023
973.450000  1.476935e-023
973.460000  4.493445e-024
973.470000  1.051898e-023
973.480000  4.245832e-023
973.490000  5.811135e-023
973.500000  2.318057e-023
973.510000  1.697050e-023
973.520000  3.983982e-024
973.530000  1.815698e-023
973.540000  3.236601e-023
973.550000  3.295908e-023
973.560000  1.178400e-023
973.570000  -1.181291e-024
973.580000  2.120350e-024
973.590000  1.356260e-023
973.600000  3.319733e-023
973.610000  3.473739e-023
973.620000  2.537722e-023
973.630000  9.239007e-024
973.640000  3.982006e-024
973.650000  1.093844e-023
973.660000  2.062930e-023
973.670000  1.399962e-023
973.680000  -7.681150e-025
973.690000  -2.495968e-023
973.700000  -2.479789e-023
973.710000  1.094000e-024
973.720000  3.122574e-023
973.730000  1.775764e-023
973.740000  -2.473966e-024
973.750000  -1.315837e-023
973.760000  -2.138034e-024
973.770000  1.163510e-023
973.780000  3.502490e-023
973.790000  2.016352e-023
973.800000  8.062156e-024
973.810000  3.976684e-024
973.820000  2.615473e-024
973.830000  3.976354e-024
973.840000  2.033701e-023
973.850000  8.061333e-024
973.860000  -6.902391e-024
973.870000  -2.825918e-024
973.880000  -6.902721e-024
973.890000  -1.466647e-024
973.900000  1.214908e-023
973.910000  8.060345e-024
973.920000  -1.467141e-024
973.930000  -2.182352e-023
973.940000  -2.182368e-023
973.950000  -6.903873e-024
973.960000  1.351167e-023
973.970000  8.059357e-024
973.980000  -9.620324e-024
973.990000  -1.640409e-023
974.000000  -1.640425e-023
974.200000  1.011226e-022
974.400000  8.031509e-023
974.600000  9.358234e-023
974.800000  1.308376e-022
975.000000  1.453235e-022
975.200000  1.270325e-022
975.400000  1.322295e-022
975.600000  1.544656e-022
975.800000  1.332942e-022
976.000000  1.107233e-022
976.200000  1.324133e-022
976.400000  1.244809e-022
976.600000  1.092237e-022
976.800000  1.241764e-022
977.000000  1.960307e-022
977.200000  2.285688e-022
977.400000  2.343669e-022
977.600000  2.568492e-022
977.800000  2.858990e-022
978.000000  2.580185e-022
978.200000  2.410593e-022
978.400000  2.784156e-022
978.600000  3.038574e-022
978.800000  2.970705e-022
979.000000  2.975803e-022
979.200000  3.251574e-022
979.400000  3.013954e-022
979.600000  2.622722e-022
979.800000  2.547679e-022
980.000000  2.631487e-022
980.200000  2.383480e-022
980.400000  2.136655e-022
980.600000  2.235542e-022
980.800000  2.121607e-022
981.000000  1.837700e-022
981.200000  1.722411e-022
981.400000  2.114096e-022
981.600000  2.267796e-022
981.800000  2.305231e-022
982.000000  2.659666e-022
982.200000  2.842652e-022
982.400000  2.579169e-022
982.600000  2.035477e-022
982.800000  1.791053e-022
983.000000  1.496495e-022
983.200000  1.121002e-022
983.400000  1.061262e-022
983.600000  1.308463e-022
983.800000  1.050038e-022
984.000000  8.703805e-023
984.200000  1.222835e-022
984.400000  1.334620e-022
984.600000  9.601728e-023
984.800000  8.625286e-023
985.000000  1.124590e-022
985.200000  1.109422e-022
985.400000  9.345066e-023
985.600000  9.975002e-023
985.800000  1.475016e-022
986.000000  1.365497e-022
986.200000  1.246824e-022
986.400000  1.191482e-022
986.600000  1.283655e-022
986.800000  1.086819e-022
987.000000  1.149879e-022
987.200000  1.438582e-022
987.400000  1.425200e-022
987.600000  1.027679e-022
987.800000  1.049622e-022
988.000000  1.275416e-022
988.200000  1.023864e-022
988.400000  6.683201e-023
988.600000  9.225587e-023
988.800000  1.056799e-022
989.000000  8.376591e-023
989.200000  6.687920e-023
989.400000  9.408798e-023
989.600000  7.403372e-023
989.800000  5.186991e-023
990.000000  7.113260e-023
990.200000  1.011546e-022
990.400000  8.663382e-023
990.600000  7.048484e-023
990.800000  9.887127e-023
991.000000  9.183482e-023
991.200000  7.997741e-023
991.400000  1.022659e-022
991.600000  1.294494e-022
991.800000  1.196963e-022
992.000000  7.645727e-023
992.200000  6.637684e-023
992.400000  8.160909e-023
992.600000  6.435893e-023
992.800000  6.715174e-023
993.000000  9.522072e-023
993.200000  9.969135e-023
993.400000  8.455605e-023
993.600000  7.591537e-023
993.800000  9.558536e-023
994.000000  8.598314e-023
994.200000  5.800578e-023
994.400000  8.203067e-023
994.600000  9.329916e-023
994.800000  6.217297e-023
995.000000  5.379942e-023
995.200000  9.061857e-023
995.400000  9.436980e-023
995.600000  6.976844e-023
995.800000  6.399249e-023
996.000000  1.032993e-022
996.200000  9.435662e-023
996.400000  6.177335e-023
996.600000  7.848674e-023
996.800000  9.314386e-023
997.000000  7.926264e-023
997.200000  6.481155e-023
997.400000  9.268862e-023
997.600000  9.166048e-023
997.800000  7.897656e-023
998.000000  9.651054e-023
998.200000  1.481642e-022
998.400000  1.434674e-022
998.600000  1.327647e-022
998.800000  1.569453e-022
999.000000  1.751901e-022
999.200000  1.428914e-022
999.400000  1.201350e-022
999.600000  1.299489e-022
999.800000  1.419557e-022
1000.000000  5.083274e-023
1000.200000  3.439873e-023
1000.400000  3.018671e-023
1000.600000  4.408300e-023
1000.800000  1.603405e-023
1001.000000  3.399370e-024
1001.200000  1.474151e-023
1001.400000  1.773214e-023
1001.600000  2.083290e-023
1001.800000  3.586736e-023
1002.000000  5.989395e-023
1002.200000  5.664469e-023
1002.400000  3.740695e-023
1002.600000  6.190795e-023
1002.800000  7.904971e-023
1003.000000  6.853914e-023
1003.200000  4.389016e-023
1003.400000  6.533545e-023
1003.600000  5.298987e-023
1003.800000  5.094461e-023
1004.000000  7.004361e-023
1004.200000  9.212710e-023
1004.400000  4.772845e-023
1004.600000  2.466203e-024
1004.800000  1.687609e-023
1005.000000  2.247607e-023
1005.200000  9.409025e-024
1005.400000  1.814955e-023
1005.600000  5.295694e-023
1005.800000  2.625871e-023
1006.000000  8.510671e-024
1006.200000  -6.269533e-024
1006.400000  1.285678e-023
1006.600000  -1.790457e-023
1006.800000  -2.487590e-023
1007.000000  1.721364e-023
1007.200000  2.103007e-023
1007.400000  -1.759024e-025
1007.600000  -1.018550e-023
1007.800000  2.327673e-023
1008.000000  8.047553e-024
1008.200000  -3.448618e-023
1008.400000  -4.288609e-023
1008.600000  -1.324824e-023
1008.800000  -2.231461e-023
1009.000000  -2.240451e-023
1009.200000  4.337846e-023
1009.400000  6.278740e-023
1009.600000  4.019425e-023
1009.800000  3.340263e-023
1010.000000  5.265815e-023
1010.200000  2.762528e-023
1010.400000  -1.990269e-024
1010.600000  1.592264e-023
1010.800000  2.939423e-023
1011.000000  8.451530e-024
1011.200000  -3.320693e-024
1011.400000  2.251767e-023
1011.600000  1.981582e-023
1011.800000  1.018989e-023
1012.000000  1.761356e-023
1012.200000  4.841901e-023
1012.400000  3.699123e-023
1012.600000  1.531565e-023
1012.800000  3.229530e-023
1013.000000  1.530907e-023
1013.200000  -1.409700e-023
1013.400000  -2.633134e-023
1013.600000  -2.466002e-024
1013.800000  1.879372e-024
1014.000000  -1.460968e-023
1014.200000  -2.204188e-023
1014.400000  -2.028261e-024
1014.600000  -1.065301e-023
1014.800000  -3.491825e-023
1015.000000  -1.945160e-023
1015.200000  -8.989114e-024
1015.400000  -1.893765e-023
1015.600000  -1.730231e-023
1015.800000  7.075936e-024
1016.000000  -8.159220e-024
1016.200000  -5.740831e-023
1016.400000  -6.591676e-023
1016.600000  -2.432765e-023
1016.800000  -1.382657e-023
1017.000000  -1.732537e-023
1017.200000  2.234840e-023
1017.400000  4.144530e-023
1017.600000  2.741205e-023
1017.800000  2.056612e-023
1018.000000  7.076605e-023
1018.200000  5.134845e-023
1018.400000  9.621928e-024
1018.600000  8.782496e-024
1018.800000  2.579522e-023
1019.000000  3.965582e-024
1019.200000  -3.603189e-023
1019.400000  -2.221308e-023
1019.600000  -1.558870e-023
1019.800000  -2.428715e-023
1020.000000  -1.878807e-023
1020.200000  1.973850e-023
1020.400000  3.079895e-024
1020.600000  -2.051774e-023
1020.800000  -4.359391e-024
1021.000000  3.751715e-023
1021.200000  2.171396e-023
1021.400000  -1.218164e-023
1021.600000  -3.932019e-024
1021.800000  7.409787e-024
1022.000000  -2.001381e-023
1022.200000  -7.889806e-024
1022.400000  3.488658e-024
1022.600000  -1.168610e-026
1022.800000  -9.635209e-024
1023.000000  5.670619e-024
1023.200000  1.877049e-023
1023.400000  4.123986e-025
1023.600000  -1.449807e-023
1023.800000  1.667031e-023
1024.000000  3.981509e-023
1024.200000  2.230688e-023
1024.400000  2.989292e-023
1024.600000  6.463355e-023
1024.800000  5.382618e-023
1025.000000  3.896409e-023
1025.200000  4.829424e-023
1025.400000  4.243035e-023
1025.600000  1.696181e-023
1025.800000  8.254697e-024
1026.000000  4.910745e-023
1026.200000  5.888371e-023
1026.400000  3.438558e-023
1026.600000  1.700021e-023
1026.800000  2.617392e-023
1027.000000  1.661990e-024
1027.200000  -3.735431e-023
1027.400000  -1.108936e-023
1027.600000  3.364327e-023
1027.800000  3.184569e-023
1028.000000  3.025808e-023
1028.200000  5.538079e-023
1028.400000  5.518410e-023
1028.600000  3.903927e-023
1028.800000  5.023553e-023
1029.000000  9.152337e-023
1029.200000  7.813545e-023
1029.400000  6.955664e-023
1029.600000  9.835743e-023
1029.800000  1.126173e-022
1030.000000  7.051153e-023
1030.200000  5.104075e-023
1030.400000  6.066090e-023
1030.600000  5.596512e-023
1030.800000  1.827727e-023
1031.000000  1.347620e-023
1031.200000  3.412102e-023
1031.400000  2.482391e-023
1031.600000  -7.634822e-024
1031.800000  1.572561e-023
1032.000000  2.019687e-024
1032.200000  -3.685379e-024
1032.400000  5.967238e-024
1032.600000  3.409796e-023
1032.800000  4.008673e-023
1033.000000  1.946339e-023
1033.200000  1.559883e-024
1033.400000  1.866382e-023
1033.600000  -1.070100e-023
1033.800000  -1.511359e-023
1034.000000  3.280850e-023
1034.200000  4.409602e-023
1034.400000  3.089433e-023
1034.600000  1.784357e-023
1034.800000  3.641375e-023
1035.000000  1.826834e-023
1035.200000  -1.435615e-023
1035.400000  1.658793e-023
1035.600000  5.154619e-023
1035.800000  3.989641e-023
1036.000000  4.606010e-024
1036.200000  1.744298e-023
1036.400000  1.873836e-023
1036.600000  -6.443816e-024
1036.800000  -1.799943e-023
1037.000000  1.167683e-023
1037.200000  1.294048e-023
1037.400000  -1.877121e-023
1037.600000  -2.103985e-023
1037.800000  -1.568928e-023
1038.000000  -2.921006e-023
1038.200000  -2.059564e-023
1038.400000  1.610368e-023
1038.600000  2.264843e-023
1038.800000  1.334774e-023
1039.000000  2.400913e-023
1039.200000  5.190128e-023
1039.400000  3.494847e-023
1039.600000  -3.106104e-025
1039.800000  1.009057e-024
1040.000000  5.695094e-025
1040.200000  -8.220940e-024
1040.400000  -1.094635e-023
1040.600000  3.602128e-023
1040.800000  4.304004e-023
1041.000000  3.546673e-023
1041.200000  2.853616e-023
1041.400000  4.149514e-023
1041.600000  2.307522e-024
1041.800000  -3.848557e-023
1042.000000  -2.522210e-023
1042.200000  -3.907442e-024
1042.400000  -2.869682e-023
1042.600000  -2.927144e-023
1042.800000  -3.936726e-024
1043.000000  -6.130721e-024
1043.200000  -1.265050e-024
1043.400000  -1.596957e-023
1043.600000  1.558271e-023
1043.800000  1.156484e-023
1044.000000  -9.250671e-024
1044.200000  2.987557e-023
1044.400000  5.426324e-023
1044.600000  4.480796e-023
1044.800000  4.454263e-023
1045.000000  6.353008e-023
1045.200000  4.254809e-023
1045.400000  2.045297e-023
1045.600000  4.905918e-023
1045.800000  7.034804e-023
1046.000000  3.762422e-023
1046.200000  1.646499e-023
1046.400000  5.545253e-023
1046.600000  6.455073e-023
1046.800000  5.793642e-023
1047.000000  2.412521e-023
1047.200000  3.347771e-023
1047.400000  9.344222e-024
1047.600000  -1.291824e-023
1047.800000  3.108879e-024
1048.000000  2.359283e-023
1048.200000  2.645906e-024
1048.400000  -2.947920e-023
1048.600000  -1.121770e-023
1048.800000  8.559699e-025
1049.000000  -1.566898e-023
1049.200000  -1.933817e-023
1049.400000  1.206552e-023
1049.600000  -9.420715e-024
1049.800000  -3.937927e-023
1050.000000  -3.416846e-023
1050.200000  3.854136e-025
1050.400000  -1.120158e-023
1050.600000  -1.432918e-023
1050.800000  3.666276e-023
1051.000000  5.124073e-023
1051.200000  5.434468e-023
1051.400000  5.869362e-023
1051.600000  6.159081e-023
1051.800000  4.794754e-023
1052.000000  5.250488e-024
1052.200000  7.940150e-024
1052.400000  1.193740e-023
1052.600000  -1.119239e-023
1052.800000  -2.816307e-023
1053.000000  -1.894332e-024
1053.200000  -8.091247e-024
1053.400000  -2.852656e-023
1053.600000  -1.216072e-023
1053.800000  2.132647e-023
1054.000000  -1.462408e-024
1054.200000  -2.608108e-023
1054.400000  -7.306632e-024
1054.600000  1.207435e-024
1054.800000  -1.927972e-023
1055.000000  -4.937134e-023
1055.200000  3.030636e-025
1055.400000  1.674937e-023
1055.600000  7.418680e-024
1055.800000  -1.492054e-024
1056.000000  1.504353e-023
1056.200000  -1.351321e-023
1056.400000  -3.761246e-023
1056.600000  2.522290e-024
1056.800000  2.084141e-023
1057.000000  1.142186e-023
1057.200000  2.360526e-023
1057.400000  7.025525e-023
1057.600000  8.622562e-023
1057.800000  6.835977e-023
1058.000000  5.775195e-023
1058.200000  8.501546e-023
1058.400000  9.090620e-023
1058.600000  9.473682e-023
1058.800000  9.116333e-023
1059.000000  7.267656e-023
1059.200000  5.607375e-023
1059.400000  5.356866e-023
1059.600000  8.499240e-023
1059.800000  9.432217e-023
1060.000000  8.106475e-023
1060.200000  7.304157e-023
1060.400000  6.650283e-023
1060.600000  5.126612e-023
1060.800000  3.705770e-023
1061.000000  4.788952e-023
1061.200000  2.441046e-023
1061.400000  -1.142852e-023
1061.600000  -1.869550e-023
1061.800000  1.687405e-023
1062.000000  1.543624e-023
1062.200000  -5.651400e-024
1062.400000  6.286750e-025
1062.600000  2.264326e-023
1062.800000  1.745967e-025
1063.000000  -1.602474e-023
1063.200000  -1.190827e-024
1063.400000  4.646400e-024
1063.600000  -2.217525e-023
1063.800000  -3.439575e-023
1064.000000  9.129822e-024
1064.200000  1.045666e-023
1064.400000  -2.135145e-023
1064.600000  1.048475e-023
1064.800000  4.596425e-023
1065.000000  2.339451e-023
1065.200000  5.970434e-024
1065.400000  3.384616e-023
1065.600000  4.578620e-023
1065.800000  2.076554e-023
1066.000000  -3.327485e-025
1066.200000  1.547339e-023
1066.400000  1.912127e-024
1066.600000  -1.877785e-023
1066.800000  -1.119752e-023
1067.000000  1.270308e-023
1067.200000  5.937492e-024
1067.400000  -5.737047e-024
1067.600000  2.343397e-023
1067.800000  1.039736e-023
1068.000000  3.677719e-024
1068.200000  1.499670e-023
1068.400000  4.794086e-023
1068.600000  3.152026e-023
1068.800000  8.188055e-024
1069.000000  3.174032e-023
1069.200000  4.980277e-023
1069.400000  2.619670e-023
1069.600000  7.280298e-024
1069.800000  2.356412e-023
1070.000000  4.375434e-023
1070.200000  3.345591e-023
1070.400000  1.995388e-023
1070.600000  3.974594e-023
1070.800000  9.493152e-024
1071.000000  -3.558785e-023
1071.200000  -2.807215e-023
1071.400000  -1.352118e-023
1071.600000  -3.478705e-023
1071.800000  -2.996599e-023
1072.000000  1.822130e-023
1072.200000  4.000882e-023
1072.400000  2.862819e-023
1072.600000  2.828834e-023
1072.800000  5.181288e-023
1073.000000  1.536138e-023
1073.200000  1.354202e-024
1073.400000  2.402945e-023
1073.600000  3.122947e-023
1073.800000  9.028286e-024
1074.000000  8.879052e-025
1074.200000  2.728121e-023
1074.400000  2.489247e-023
1074.600000  -1.045098e-023
1074.800000  1.087123e-023
1075.000000  4.672610e-023
1075.200000  4.196051e-023
1075.400000  2.126971e-023
1075.600000  4.038458e-023
1075.800000  4.066435e-023
1076.000000  5.829163e-024
1076.200000  -2.094536e-023
1076.400000  3.579537e-024
1076.600000  4.919556e-024
1076.800000  -7.312572e-024
1077.000000  2.547154e-023
1077.200000  9.220927e-023
1077.400000  1.076410e-022
1077.600000  1.613254e-022
1077.800000  1.985067e-022
1078.000000  1.412436e-022
1078.200000  8.329325e-023
1078.400000  5.398292e-023
1078.600000  7.089323e-023
1078.800000  5.826262e-023
1079.000000  3.713240e-023
1079.200000  5.483102e-023
1079.400000  6.725128e-023
1079.600000  4.353340e-023
1079.800000  3.081357e-023
1080.000000  8.554891e-023
1080.200000  1.135807e-022
1080.400000  9.522870e-023
1080.600000  8.159966e-023
1080.800000  1.008050e-022
1081.000000  8.971471e-023
1081.200000  5.822308e-023
1081.400000  7.168627e-023
1081.600000  7.779116e-023
1081.800000  7.031462e-023
1082.000000  5.629162e-023
1082.200000  9.084577e-023
1082.400000  8.332460e-023
1082.600000  3.693665e-023
1082.800000  1.130581e-023
1083.000000  5.350708e-023
1083.200000  5.435906e-023
1083.400000  4.796886e-023
1083.600000  6.608837e-023
1083.800000  7.887483e-023
1084.000000  6.818619e-023
1084.200000  5.368660e-023
1084.400000  7.511815e-023
1084.600000  5.774070e-023
1084.800000  4.111556e-023
1085.000000  5.880520e-023
1085.200000  1.003298e-022
1085.400000  8.760260e-023
1085.600000  7.314526e-023
1085.800000  1.075183e-022
1086.000000  1.227214e-022
1086.200000  1.206957e-022
1086.400000  1.171519e-022
1086.600000  1.461452e-022
1086.800000  1.319067e-022
1087.000000  7.994787e-023
1087.200000  7.619390e-023
1087.400000  1.247267e-022
1087.600000  1.262800e-022
1087.800000  1.074854e-022
1088.000000  1.268412e-022
1088.200000  1.307260e-022
1088.400000  1.114673e-022
1088.600000  9.744155e-023
1088.800000  1.166709e-022
1089.000000  8.321588e-023
1089.200000  4.744195e-023
1089.400000  3.652220e-023
1089.600000  5.744410e-023
1089.800000  4.131547e-023
1090.000000  2.446182e-023
1090.200000  5.487440e-023
1090.400000  7.043492e-023
1090.600000  5.806825e-023
1090.800000  5.699720e-023
1091.000000  8.454000e-023
1091.200000  7.904862e-023
1091.400000  6.256716e-023
1091.600000  8.161772e-023
1091.800000  1.030023e-022
1092.000000  6.595000e-023
1092.200000  5.183227e-023
1092.400000  5.418321e-023
1092.600000  5.206232e-023
1092.800000  3.457691e-023
1093.000000  2.369629e-023
1093.200000  4.303460e-023
1093.400000  1.203636e-023
1093.600000  -5.134045e-023
1093.800000  -5.605401e-023
1094.000000  -4.617059e-023
1094.200000  -4.520442e-023
1094.400000  -2.007760e-023
1094.600000  2.670036e-023
1094.800000  2.296237e-023
1095.000000  -7.673391e-024
1095.200000  -2.142186e-023
1095.400000  -4.041745e-024
1095.600000  -1.268907e-023
1095.800000  -4.474688e-023
1096.000000  -2.341047e-023
1096.200000  -1.139968e-023
1096.400000  -1.089489e-023
1096.600000  -2.011384e-023
1096.800000  1.659492e-023
1097.000000  1.608253e-023
1097.200000  -1.141616e-023
1097.400000  -2.390810e-023
1097.600000  -7.778172e-024
1097.800000  -3.705710e-023
1098.000000  -5.689425e-023
1098.200000  -4.464135e-023
1098.400000  -3.528629e-023
1098.600000  -5.493857e-023
1098.800000  -5.740025e-023
1099.000000  -3.076309e-023
1099.200000  -3.207891e-023
1099.400000  -4.625955e-023
1099.600000  -4.595209e-023
1099.800000  -1.654780e-023
1100.000000  -3.256978e-023
1100.200000  -6.039237e-023
1100.400000  -3.510736e-023
1100.600000  -1.474380e-023
1100.800000  -2.661807e-023
1101.000000  -2.767732e-023
1101.200000  1.567862e-023
1101.400000  2.159741e-023
1101.600000  -7.409203e-024
1101.800000  1.385308e-023
1102.000000  3.512602e-023
1102.200000  4.157398e-023
1102.400000  1.206328e-023
1102.600000  2.797242e-023
1102.800000  4.276023e-023
1103.000000  4.116656e-024
1103.200000  -5.644771e-024
1103.400000  4.275035e-023
1103.600000  4.494231e-023
1103.800000  3.287841e-023
1104.000000  4.615801e-023
1104.200000  5.265922e-023
1104.400000  8.740998e-024
1104.600000  -1.920429e-023
1104.800000  -1.689059e-023
1105.000000  -8.465103e-024
1105.200000  -3.677791e-023
1105.400000  -8.246390e-023
1105.600000  -7.080275e-023
1105.800000  -7.711355e-023
1106.000000  -7.331571e-023
1106.200000  -5.991372e-023
1106.400000  -3.415205e-023
1106.600000  -4.382110e-023
1106.800000  -5.763771e-023
1107.000000  -4.696539e-023
1107.200000  -4.219503e-023
1107.400000  -5.435669e-023
1107.600000  -5.096659e-023
1107.800000  -2.222164e-023
1108.000000  -2.493975e-023
1108.200000  -4.221151e-023
1108.400000  -2.785424e-023
1108.600000  -2.025362e-024
1108.800000  -1.558872e-023
1109.000000  -3.397043e-023
1109.200000  -1.613589e-023
1109.400000  -3.451243e-024
1109.600000  -4.520112e-023
1109.800000  -5.914882e-023
1110.000000  -1.338657e-023
1110.200000  -7.702053e-024
1110.400000  -2.566174e-023
1110.600000  -2.946701e-023
1110.800000  -1.382540e-023
1111.000000  -3.302445e-023
1111.200000  -3.328590e-023
1111.400000  1.970233e-023
1111.600000  3.802984e-023
1111.800000  -2.096225e-024
1112.000000  -2.393006e-023
1112.200000  -2.481472e-023
1112.400000  -4.177928e-023
1112.600000  -5.609207e-023
1112.800000  -2.973546e-023
1113.000000  -1.305918e-023
1113.200000  -1.262969e-023
1113.400000  -2.799373e-023
1113.600000  -1.171507e-023
1113.800000  -1.215535e-023
1114.000000  -2.789327e-023
1114.200000  -1.941004e-023
1114.400000  2.657790e-023
1114.600000  1.499935e-023
1114.800000  4.988312e-024
1115.000000  2.415078e-023
1115.200000  3.704840e-023
1115.400000  1.498617e-023
1115.600000  -1.363945e-023
1115.800000  4.037443e-023
1116.000000  5.878622e-023
1116.200000  2.542229e-023
1116.400000  3.035028e-023
1116.600000  4.792460e-023
1116.800000  4.200554e-023
1117.000000  -2.200319e-024
1117.200000  2.791875e-023
1117.400000  3.399938e-023
1117.600000  -9.805547e-024
1117.800000  -2.894439e-023
1118.000000  9.252419e-024
1118.200000  7.797922e-024
1118.400000  6.363974e-025
1118.600000  2.381284e-023
1118.800000  2.904057e-023
1119.000000  -8.488858e-024
1119.200000  -2.731435e-023
1119.400000  3.992859e-024
1119.600000  1.309185e-023
1119.800000  -1.719110e-023
1120.000000  -3.422991e-023
1120.200000  -4.723317e-024
1120.400000  -8.416993e-025
1120.600000  -3.850228e-023
1120.800000  -4.376454e-023
1121.000000  -1.861500e-023
1121.200000  -4.443781e-023
1121.400000  -7.173686e-023
1121.600000  -6.599122e-023
1121.800000  -5.816545e-023
1122.000000  -7.620498e-023
1122.200000  -5.678053e-023
1122.400000  -3.311748e-024
1122.600000  1.071752e-023
1122.800000  -1.848891e-024
1123.000000  2.617798e-023
1123.200000  3.766715e-023
1123.400000  2.967301e-024
1123.600000  -3.012626e-023
1123.800000  1.622393e-023
1124.000000  3.316799e-023
1124.200000  2.673083e-023
1124.400000  2.003148e-023
1124.600000  3.010864e-023
1124.800000  1.743447e-023
1125.000000  1.804554e-023
1125.200000  3.247354e-023
1125.400000  5.458912e-023
1125.600000  2.255785e-023
1125.800000  1.131992e-023
1126.000000  2.559861e-023
1126.200000  1.762037e-023
1126.400000  -3.067841e-023
1126.600000  -5.416773e-023
1126.800000  -3.717100e-023
1127.000000  -4.886237e-023
1127.200000  -6.288770e-023
1127.400000  -3.415534e-023
1127.600000  1.489484e-024
1127.800000  -1.283739e-023
1128.000000  -1.183823e-023
1128.200000  1.965089e-023
1128.400000  2.676810e-023
1128.600000  -1.264595e-023
1128.800000  -1.481028e-024
1129.000000  2.402223e-023
1129.200000  1.668123e-023
1129.400000  -1.236221e-023
1129.600000  4.426844e-024
1129.800000  2.276316e-023
1130.000000  -6.951908e-024
1130.200000  -4.550816e-023
1130.400000  -9.920218e-024
1130.600000  -1.283175e-023
1130.800000  -4.187468e-023
1131.000000  -2.726445e-023
1131.200000  1.132251e-023
1131.400000  2.475734e-023
1131.600000  2.689071e-023
1131.800000  3.145770e-023
1132.000000  1.341814e-023
1132.200000  -1.854394e-023
1132.400000  -1.715680e-023
1132.600000  3.060868e-023
1132.800000  -4.083264e-024
1133.000000  -5.888712e-023
1133.200000  -5.805728e-023
1133.400000  -4.348109e-023
1133.600000  -4.102851e-023
1133.800000  -5.615567e-023
1134.000000  -2.972805e-023
1134.200000  -7.135044e-024
1134.400000  -1.578162e-023
1134.600000  -3.474122e-023
1134.800000  -1.741011e-023
1135.000000  -9.180270e-024
1135.200000  -3.522862e-023
1135.400000  -4.017294e-023
1135.600000  -5.649034e-023
1135.800000  -9.951768e-023
1136.000000  -1.283110e-022
1136.200000  -1.234984e-022
1136.400000  -1.260407e-022
1136.600000  -1.397076e-022
1136.800000  -9.792828e-023
1137.000000  -1.498813e-025
1137.200000  -2.165866e-024
1137.400000  -5.776205e-023
1137.600000  -6.157830e-023
1137.800000  -4.925325e-023
1138.000000  -6.981731e-023
1138.200000  -8.913150e-023
1138.400000  -5.631104e-023
1138.600000  -6.159477e-023
1138.800000  -9.893661e-023
1139.000000  -9.387354e-023
1139.200000  -5.663492e-023
1139.400000  -4.981758e-023
1139.600000  -5.664151e-023
1139.800000  -4.881685e-023
1140.000000  -6.132527e-023
1140.200000  -7.952501e-023
1140.400000  -9.560919e-023
1140.600000  -5.188538e-023
1140.800000  -6.382533e-023
1141.000000  -8.065900e-023
1141.200000  -9.069153e-023
1141.400000  -8.178930e-023
1141.600000  -1.037099e-022
1141.800000  -1.252808e-022
1142.000000  -1.198402e-022
1142.200000  -1.007058e-022
1142.400000  -1.277714e-022
1142.600000  -1.367365e-022
1142.800000  -1.156666e-022
1143.000000  -1.007190e-022
1143.200000  -1.126556e-022
1143.400000  -9.605939e-023
1143.600000  -6.329831e-023
1143.800000  -8.521749e-023
1144.000000  -1.001101e-022
1144.200000  -6.243303e-023
1144.400000  -4.567519e-023
1144.600000  -8.309783e-023
1144.800000  -1.037626e-022
1145.000000  -5.910590e-023
1145.200000  -5.800158e-023
1145.400000  -5.966738e-023
1145.600000  -4.643634e-023
1145.800000  -3.443327e-023
1146.000000  -6.108845e-023
1146.200000  -1.153097e-022
1146.400000  -9.692056e-023
1146.600000  -7.393731e-023
1146.800000  -7.893952e-023
1147.000000  -8.619820e-023
1147.200000  -5.834263e-023
1147.400000  -7.557139e-023
1147.600000  -1.258333e-022
1147.800000  -1.257696e-022
1148.000000  -1.052631e-022
1148.200000  -1.343815e-022
1148.400000  -1.476637e-022
1148.600000  -1.106456e-022
1148.800000  -8.416738e-023
1149.000000  -1.283542e-022
1149.200000  -1.434367e-022
1149.400000  -9.216697e-023
1149.600000  -5.720927e-023
1149.800000  -8.467814e-023
1150.000000  -8.525447e-023
