800.000000  NaN
800.200000  NaN
800.400000  NaN
800.600000  -1.060147e-030
800.800000  -7.461650e-031
801.000000  9.084818e-032
801.200000  3.056658e-031
801.400000  1.728926e-031
801.600000  1.046230e-030
801.800000  1.259447e-030
802.000000  1.260695e-030
802.200000  9.208948e-031
802.400000  9.227600e-031
802.600000  8.173654e-031
802.800000  3.508827e-031
803.000000  -2.039309e-031
803.200000  2.244911e-031
803.400000  -3.509018e-031
803.600000  -2.284888e-030
803.800000  -1.985865e-030
804.000000  -1.387814e-030
804.200000  -1.136421e-030
804.400000  -1.103641e-030
804.600000  -9.517600e-032
804.800000  1.086736e-030
805.000000  8.226250e-031
805.200000  -3.291983e-031
805.400000  -1.045577e-031
805.600000  -1.481870e-031
805.800000  2.466123e-032
806.000000  -2.158810e-031
806.200000  2.618001e-032
806.400000  -7.753612e-031
806.600000  1.015424e-031
806.800000  6.653680e-031
807.000000  1.690749e-030
807.200000  9.873560e-031
807.400000  1.378968e-030
807.600000  2.341846e-030
807.800000  7.953513e-031
808.000000  -1.209440e-030
808.200000  -1.469184e-030
808.400000  -1.512099e-030
808.600000  -1.549378e-030
808.800000  -4.599612e-031
809.000000  3.044817e-030
809.200000  4.713871e-030
809.400000  2.192339e-030
809.600000  1.986045e-030
809.800000  3.199837e-030
810.000000  1.898047e-030
810.200000  -5.240803e-032
810.400000  1.448864e-030
810.600000  1.841409e-030
810.800000  1.211780e-030
811.000000  -7.410759e-031
811.200000  1.359164e-030
811.400000  3.210061e-031
811.600000  -2.665104e-030
811.800000  -4.041546e-030
812.000000  -3.097867e-030
812.200000  -5.694490e-030
812.400000  -7.320463e-030
812.600000  -4.771905e-030
812.800000  -1.350060e-030
813.000000  -7.975758e-031
813.200000  -2.450934e-030
813.400000  -1.347798e-030
813.600000  -8.364955e-031
813.800000  -4.206463e-030
814.000000  -4.585108e-030
814.200000  2.085181e-030
814.400000  1.093778e-030
814.600000  -1.237879e-030
814.800000  -1.470537e-030
815.000000  1.965585e-031
815.200000  -1.905016e-030
815.400000  -1.579434e-030
815.600000  2.214034e-030
815.800000  1.745319e-030
816.000000  -1.254563e-030
816.200000  -3.874553e-030
816.400000  -1.830318e-030
816.600000  -2.549852e-030
816.800000  -2.867957e-030
817.000000  7.748095e-031
817.200000  7.553551e-031
817.400000  -1.100984e-030
817.600000  -4.028761e-030
817.800000  6.710764e-031
818.000000  -4.545721e-030
818.200000  -5.113703e-030
818.400000  -2.598939e-030
818.600000  6.616831e-030
818.800000  9.500087e-030
819.000000  8.053053e-030
819.200000  3.250745e-030
819.400000  1.437051e-030
819.600000  1.242674e-030
819.800000  6.497899e-030
820.000000  9.977103e-030
820.200000  7.110035e-030
820.400000  3.428107e-030
820.600000  5.425555e-030
820.800000  1.648716e-029
821.000000  1.676378e-029
821.200000  1.182163e-029
821.400000  1.708235e-029
821.600000  2.234033e-029
821.800000  1.634678e-029
822.000000  1.117901e-029
822.200000  1.901275e-029
822.400000  1.564692e-029
822.600000  6.792267e-030
822.800000  1.279512e-029
823.000000  1.335888e-029
823.200000  3.713290e-030
823.400000  1.496239e-030
823.600000  8.532723e-030
823.800000  7.366674e-030
824.000000  -1.040675e-029
824.200000  -1.187482e-029
824.400000  -2.258965e-030
824.600000  -2.389004e-030
824.800000  3.495555e-032
825.000000  5.380029e-030
825.200000  1.038494e-029
825.400000  1.386309e-029
825.600000  9.338569e-030
825.800000  2.943094e-029
826.000000  3.860943e-029
826.200000  4.433125e-029
826.400000  3.293265e-029
826.600000  4.599962e-029
826.800000  5.119807e-029
827.000000  3.163054e-029
827.200000  3.196759e-029
827.400000  2.180371e-029
827.600000  4.168880e-030
827.800000  -1.280604e-029
828.000000  -2.565568e-030
828.200000  -6.657034e-031
828.400000  -4.430533e-030
828.600000  -2.231386e-030
828.800000  1.739464e-029
829.000000  1.425826e-029
829.200000  6.129013e-030
829.400000  3.051709e-029
829.600000  5.023647e-029
829.800000  3.338411e-029
830.000000  3.012693e-029
830.200000  3.055567e-029
830.400000  1.925195e-029
830.600000  2.924020e-029
830.800000  4.004652e-029
831.000000  5.427493e-029
831.200000  4.918335e-029
831.400000  3.072464e-029
831.600000  1.958315e-029
831.800000  1.261313e-030
832.000000  -1.860873e-029
832.200000  7.636808e-031
832.400000  3.442219e-029
832.600000  7.316701e-029
832.800000  5.087654e-029
833.000000  3.982743e-029
833.200000  9.249539e-029
833.400000  1.269743e-028
833.600000  1.234714e-028
833.800000  1.585268e-028
834.000000  1.901593e-028
834.200000  1.305394e-028
834.400000  -7.725262e-031
834.600000  1.493528e-029
834.800000  3.773994e-029
835.000000  4.419704e-029
835.200000  1.008024e-028
835.400000  1.454205e-028
835.600000  6.959673e-029
835.800000  3.491681e-029
836.000000  7.563746e-029
836.200000  1.256382e-028
836.400000  1.575623e-028
836.600000  1.446637e-028
836.800000  1.626283e-028
837.000000  1.207370e-028
837.200000  1.150023e-029
837.400000  2.070810e-029
837.600000  3.265193e-029
837.800000  4.509534e-029
838.000000  -2.826526e-029
838.200000  -1.620965e-029
838.400000  1.367959e-029
838.600000  3.717497e-029
838.800000  1.104542e-028
839.000000  2.196710e-028
839.200000  1.440157e-028
839.400000  7.842112e-029
839.600000  9.804500e-029
839.800000  1.727774e-028
840.000000  2.492183e-028
840.200000  3.377591e-028
840.400000  4.236838e-028
840.600000  2.915166e-028
840.800000  2.100041e-028
841.000000  1.882121e-028
841.200000  2.284873e-028
841.400000  1.631218e-028
841.600000  9.951454e-029
841.800000  1.357223e-028
842.000000  1.108895e-028
842.200000  4.291038e-029
842.400000  1.907188e-029
842.600000  1.533582e-028
842.800000  1.580335e-028
843.000000  4.699918e-029
843.200000  1.015032e-028
843.400000  1.404089e-028
843.600000  1.077587e-028
843.800000  1.169102e-028
844.000000  3.013997e-028
844.200000  4.721464e-028
844.400000  4.748643e-028
844.600000  3.368657e-028
844.800000  2.802146e-028
845.000000  2.303140e-028
845.200000  1.561608e-028
845.400000  2.329905e-028
845.600000  3.281450e-028
845.800000  3.080516e-028
846.000000  2.821969e-028
846.200000  3.671370e-028
846.400000  4.271131e-028
846.600000  4.198942e-028
846.800000  3.827216e-028
847.000000  3.913701e-028
847.200000  3.719234e-028
847.400000  5.331619e-028
847.600000  5.562970e-028
847.800000  6.084659e-028
848.000000  4.347501e-028
848.200000  3.913969e-028
848.400000  4.913691e-028
848.600000  6.058834e-028
848.800000  4.369699e-028
849.000000  5.079366e-028
849.200000  7.384582e-028
849.400000  7.228964e-028
849.600000  6.721525e-028
849.800000  6.872341e-028
850.000000  9.422329e-028
850.200000  8.159780e-028
850.400000  6.059602e-028
850.600000  8.847698e-028
850.800000  7.968585e-028
851.000000  5.291981e-028
851.200000  4.098745e-028
851.400000  4.501014e-028
851.600000  5.230293e-028
851.800000  4.733959e-028
852.000000  7.013551e-028
852.200000  9.131608e-028
852.400000  8.833715e-028
852.600000  7.446565e-028
852.800000  9.755913e-028
853.000000  9.028999e-028
853.200000  6.091116e-028
853.400000  5.571077e-028
853.600000  8.903914e-028
853.800000  7.031225e-028
854.000000  3.846003e-028
854.200000  5.069242e-028
854.400000  9.829238e-028
854.600000  1.103830e-027
854.800000  1.012185e-027
855.000000  9.188481e-028
855.200000  8.399671e-028
855.400000  7.969515e-028
855.600000  6.544211e-028
855.800000  1.061040e-027
856.000000  1.002407e-027
856.200000  1.195705e-027
856.400000  1.277807e-027
856.600000  1.259546e-027
856.800000  7.843668e-028
857.000000  1.151112e-027
857.200000  1.962027e-027
857.400000  2.417563e-027
857.600000  2.360438e-027
857.800000  2.527653e-027
858.000000  2.757592e-027
858.200000  2.460832e-027
858.400000  2.624879e-027
858.600000  3.606393e-027
858.800000  3.515479e-027
859.000000  2.632215e-027
859.200000  2.094720e-027
859.400000  2.492114e-027
859.600000  2.836119e-027
859.800000  2.855935e-027
860.000000  3.005125e-027
860.200000  3.524266e-027
860.400000  3.062011e-027
860.600000  3.190024e-027
860.800000  3.353152e-027
861.000000  3.409595e-027
861.200000  3.451946e-027
861.400000  3.079872e-027
861.600000  3.824214e-027
861.800000  3.819183e-027
862.000000  3.286717e-027
862.200000  3.339109e-027
862.400000  4.222769e-027
862.600000  3.525049e-027
862.800000  3.254608e-027
863.000000  4.702180e-027
863.200000  5.543440e-027
863.400000  4.739596e-027
863.600000  5.222679e-027
863.800000  6.190041e-027
864.000000  5.573095e-027
864.200000  5.096365e-027
864.400000  5.346172e-027
864.600000  5.458599e-027
864.800000  4.325154e-027
865.000000  3.073084e-027
865.200000  2.941147e-027
865.400000  4.413005e-027
865.600000  5.813592e-027
865.800000  5.758199e-027
866.000000  7.031945e-027
866.200000  7.098158e-027
866.400000  7.056647e-027
866.600000  7.524140e-027
866.800000  7.420287e-027
867.000000  7.844216e-027
867.200000  7.166999e-027
867.400000  8.409889e-027
867.600000  9.533485e-027
867.800000  9.093448e-027
868.000000  8.238813e-027
868.200000  9.595461e-027
868.400000  8.349216e-027
868.600000  7.121327e-027
868.800000  6.302515e-027
869.000000  8.052785e-027
869.200000  8.858154e-027
869.400000  1.031513e-026
869.600000  1.344002e-026
869.800000  1.457023e-026
870.000000  1.382604e-026
870.200000  1.501302e-026
870.400000  1.581858e-026
870.600000  1.496743e-026
870.800000  1.494027e-026
871.000000  1.681269e-026
871.200000  1.861120e-026
871.400000  1.565129e-026
871.600000  1.518718e-026
871.800000  1.737095e-026
872.000000  1.882487e-026
872.200000  1.948812e-026
872.400000  1.954120e-026
872.600000  2.175230e-026
872.800000  2.188952e-026
873.000000  1.900638e-026
873.200000  1.935822e-026
873.400000  2.058609e-026
873.600000  2.107546e-026
873.800000  2.022121e-026
874.000000  2.308466e-026
874.200000  2.321071e-026
874.400000  2.370189e-026
874.600000  2.548317e-026
874.800000  2.723077e-026
875.000000  2.647139e-026
875.200000  2.530989e-026
875.400000  2.790165e-026
875.600000  2.768730e-026
875.800000  2.738776e-026
876.000000  2.645423e-026
876.200000  2.800567e-026
876.400000  2.753528e-026
876.600000  2.955601e-026
876.800000  3.354987e-026
877.000000  4.218035e-026
877.200000  4.495972e-026
877.400000  4.650077e-026
877.600000  4.949509e-026
877.800000  4.478208e-026
878.000000  3.928390e-026
878.200000  4.678951e-026
878.400000  5.972318e-026
878.600000  6.155416e-026
878.800000  5.616551e-026
879.000000  5.934773e-026
879.200000  6.319934e-026
879.400000  5.897566e-026
879.600000  5.756059e-026
879.800000  6.068807e-026
880.000000  6.350328e-026
880.200000  6.063739e-026
880.400000  6.000429e-026
880.600000  8.149554e-026
880.800000  8.463745e-026
881.000000  8.348180e-026
881.200000  8.720999e-026
881.400000  8.921041e-026
881.600000  8.899554e-026
881.800000  8.913097e-026
882.000000  9.792257e-026
882.200000  1.020016e-025
882.400000  1.032335e-025
882.600000  1.067854e-025
882.800000  1.148704e-025
883.000000  1.196488e-025
883.200000  1.199934e-025
883.400000  1.231516e-025
883.600000  1.276646e-025
883.800000  1.306296e-025
884.000000  1.309139e-025
884.200000  1.422787e-025
884.400000  1.455508e-025
884.600000  1.394385e-025
884.800000  1.376964e-025
885.000000  1.397592e-025
885.200000  1.307268e-025
885.400000  1.319449e-025
885.600000  1.429822e-025
885.800000  1.427329e-025
886.000000  1.424329e-025
886.200000  1.498292e-025
886.400000  1.709976e-025
886.600000  1.793157e-025
886.800000  1.831449e-025
887.000000  1.924542e-025
887.200000  2.055625e-025
887.400000  2.119733e-025
887.600000  2.125728e-025
887.800000  2.138421e-025
888.000000  2.078530e-025
888.200000  1.963458e-025
888.400000  1.881337e-025
888.600000  2.041136e-025
888.800000  2.011627e-025
889.000000  2.136685e-025
889.200000  2.276606e-025
889.400000  2.408058e-025
889.600000  2.457257e-025
889.800000  2.554300e-025
890.000000  2.679548e-025
890.200000  2.781074e-025
890.400000  2.813907e-025
890.600000  2.750788e-025
890.800000  2.794345e-025
891.000000  2.804824e-025
891.200000  2.833705e-025
891.400000  3.079409e-025
891.600000  3.359067e-025
891.800000  3.477887e-025
892.000000  3.589556e-025
892.200000  3.801653e-025
892.400000  3.990472e-025
892.600000  3.840047e-025
892.800000  3.798946e-025
893.000000  4.119665e-025
893.200000  4.431662e-025
893.400000  4.436869e-025
893.600000  4.660207e-025
893.800000  4.765757e-025
894.000000  4.900403e-025
894.200000  5.013126e-025
894.400000  5.477004e-025
894.600000  5.591999e-025
894.800000  5.561169e-025
895.000000  5.619192e-025
895.200000  5.940624e-025
895.400000  6.047689e-025
895.600000  6.167151e-025
895.800000  6.392824e-025
896.000000  6.538706e-025
896.200000  6.460467e-025
896.400000  6.272801e-025
896.600000  6.592159e-025
896.800000  6.378710e-025
897.000000  6.182226e-025
897.200000  6.252602e-025
897.400000  6.811805e-025
897.600000  7.276266e-025
897.800000  7.428453e-025
898.000000  7.925517e-025
898.200000  8.463690e-025
898.400000  8.225788e-025
898.600000  8.272526e-025
898.800000  8.620414e-025
899.000000  8.606815e-025
899.200000  8.474255e-025
899.400000  9.080384e-025
899.600000  1.010803e-024
899.800000  1.068754e-024
900.000000  1.098575e-024
900.200000  1.181171e-024
900.400000  1.216324e-024
900.600000  1.240563e-024
900.800000  1.288173e-024
901.000000  1.405548e-024
901.200000  1.471405e-024
901.400000  1.507201e-024
901.600000  1.601698e-024
901.800000  1.701123e-024
902.000000  1.720992e-024
902.200000  1.733220e-024
902.400000  1.817438e-024
902.600000  1.839286e-024
902.800000  1.860732e-024
903.000000  1.881458e-024
903.200000  2.004200e-024
903.400000  2.067932e-024
903.600000  2.125186e-024
903.800000  2.224705e-024
904.000000  2.319514e-024
904.200000  2.305187e-024
904.400000  2.385671e-024
904.600000  2.550244e-024
904.800000  2.664777e-024
905.000000  2.754893e-024
905.200000  2.810311e-024
905.400000  2.973503e-024
905.600000  3.060824e-024
905.800000  3.121578e-024
906.000000  3.257232e-024
906.200000  3.460299e-024
906.400000  3.505918e-024
906.600000  3.619845e-024
906.800000  3.794165e-024
907.000000  3.866205e-024
907.200000  3.846212e-024
907.400000  3.901399e-024
907.600000  4.090062e-024
907.800000  4.103239e-024
908.000000  4.146923e-024
908.200000  4.282908e-024
908.400000  4.375963e-024
908.600000  4.380201e-024
908.800000  4.388515e-024
909.000000  4.572115e-024
909.200000  4.743024e-024
909.400000  4.835098e-024
909.600000  4.932584e-024
909.800000  5.257337e-024
910.000000  5.385936e-024
910.200000  5.622626e-024
910.400000  6.084816e-024
910.600000  6.572396e-024
910.800000  6.953100e-024
911.000000  7.469869e-024
911.200000  8.171081e-024
911.400000  8.863970e-024
911.600000  9.612028e-024
911.800000  1.044280e-023
912.000000  1.160577e-023
912.200000  1.272274e-023
912.400000  1.415346e-023
912.600000  1.584697e-023
912.800000  1.772238e-023
913.000000  1.965629e-023
913.200000  2.200713e-023
913.400000  2.493762e-023
913.600000  2.846100e-023
913.800000  3.145146e-023
914.000000  3.406469e-023
914.200000  3.679445e-023
914.400000  3.897134e-023
914.600000  3.952215e-023
914.800000  3.979067e-023
915.000000  4.019550e-023
915.200000  4.061842e-023
915.400000  4.081824e-023
915.600000  4.206264e-023
915.800000  4.436692e-023
916.000000  4.576891e-023
916.200000  4.654243e-023
916.400000  4.731071e-023
916.600000  4.696684e-023
916.800000  4.496237e-023
917.000000  4.223098e-023
917.200000  3.979678e-023
917.400000  3.636087e-023
917.600000  3.336014e-023
917.800000  3.126492e-023
918.000000  2.919590e-023
918.200000  2.713524e-023
918.400000  2.576532e-023
918.600000  2.525485e-023
918.800000  2.519755e-023
919.000000  2.551497e-023
919.200000  2.675567e-023
919.400000  2.826249e-023
919.600000  2.947273e-023
919.800000  3.059412e-023
920.000000  3.179483e-023
920.200000  3.222796e-023
920.400000  3.165242e-023
920.600000  3.036293e-023
920.800000  2.846606e-023
921.000000  2.620609e-023
921.200000  2.457739e-023
921.400000  2.355450e-023
921.600000  2.318000e-023
921.800000  2.347890e-023
922.000000  2.454898e-023
922.200000  2.626270e-023
922.400000  2.807534e-023
922.600000  2.932955e-023
922.800000  3.025656e-023
923.000000  3.163569e-023
923.200000  3.247892e-023
923.400000  3.378876e-023
923.600000  3.541375e-023
923.800000  3.711497e-023
924.000000  3.865514e-023
924.200000  4.062786e-023
924.400000  4.316500e-023
924.600000  4.581547e-023
924.800000  4.906191e-023
925.000000  5.461172e-023
925.200000  6.134629e-023
925.400000  6.781743e-023
925.600000  7.454763e-023
925.800000  8.164397e-023
926.000000  8.882655e-023
926.200000  9.254677e-023
926.400000  9.425523e-023
926.600000  9.811637e-023
926.800000  1.016955e-022
927.000000  1.031523e-022
927.200000  1.055121e-022
927.400000  1.088075e-022
927.600000  1.097091e-022
927.800000  1.087732e-022
928.000000  1.100896e-022
928.200000  1.141161e-022
928.400000  1.165045e-022
928.600000  1.189346e-022
928.800000  1.241651e-022
929.000000  1.291271e-022
929.200000  1.332506e-022
929.400000  1.398902e-022
929.600000  1.496874e-022
929.800000  1.568653e-022
930.000000  1.613192e-022
930.200000  1.671408e-022
930.400000  1.748166e-022
930.600000  1.790954e-022
930.800000  1.812214e-022
931.000000  1.831303e-022
931.200000  1.810139e-022
931.400000  1.731662e-022
931.600000  1.686072e-022
931.800000  1.681326e-022
932.000000  1.650963e-022
932.200000  1.616979e-022
932.400000  1.622503e-022
932.600000  1.654445e-022
932.800000  1.674463e-022
933.000000  1.705001e-022
933.200000  1.794672e-022
933.400000  1.870651e-022
933.600000  1.903002e-022
933.800000  1.963668e-022
934.000000  2.091347e-022
934.200000  2.206453e-022
934.400000  2.310613e-022
934.600000  2.445796e-022
934.800000  2.565788e-022
935.000000  2.631487e-022
935.200000  2.715739e-022
935.400000  2.863636e-022
935.600000  3.009503e-022
935.800000  3.147565e-022
936.000000  3.340935e-022
936.200000  3.733364e-022
936.400000  4.164476e-022
936.600000  4.574110e-022
936.800000  4.981812e-022
937.000000  5.250844e-022
937.200000  5.253228e-022
937.400000  5.147380e-022
937.600000  5.097979e-022
937.800000  5.025666e-022
938.000000  4.803489e-022
938.200000  4.652045e-022
938.400000  4.628412e-022
938.600000  4.611353e-022
938.800000  4.648022e-022
939.000000  4.897615e-022
939.200000  5.267527e-022
939.400000  5.547151e-022
939.600000  5.954837e-022
939.800000  6.540228e-022
940.000000  7.120412e-022
940.200000  7.585599e-022
940.400000  8.128592e-022
940.600000  8.725617e-022
940.800000  9.135512e-022
941.000000  9.466917e-022
941.200000  9.984010e-022
941.400000  1.057397e-021
941.600000  1.086381e-021
941.800000  1.092508e-021
942.000000  1.084729e-021
942.200000  1.044236e-021
942.400000  9.620001e-022
942.600000  8.734018e-022
942.800000  8.062726e-022
943.000000  7.345050e-022
943.200000  6.620205e-022
943.400000  6.058688e-022
943.600000  5.615788e-022
943.800000  5.155529e-022
944.000000  4.866262e-022
944.200000  4.810655e-022
944.400000  4.744681e-022
944.600000  4.512339e-022
944.800000  4.402787e-022
945.000000  4.234332e-022
945.200000  4.061562e-022
945.400000  3.915319e-022
945.600000  3.808421e-022
945.800000  3.663100e-022
946.000000  3.496436e-022
946.200000  3.287367e-022
946.400000  3.034541e-022
946.600000  2.758593e-022
946.800000  2.573086e-022
947.000000  2.451592e-022
947.200000  2.402744e-022
947.400000  2.349888e-022
947.600000  2.349599e-022
947.800000  2.400671e-022
948.000000  2.472704e-022
948.200000  2.592626e-022
948.400000  2.707835e-022
948.600000  2.760025e-022
948.800000  2.772633e-022
949.000000  2.731339e-022
949.200000  2.708166e-022
949.400000  2.661851e-022
949.600000  2.651770e-022
949.800000  2.696873e-022
950.000000  2.784972e-022
950.200000  2.832628e-022
950.400000  2.879452e-022
950.600000  2.952929e-022
950.800000  2.969603e-022
951.000000  2.954621e-022
951.200000  2.977368e-022
951.400000  3.134544e-022
951.600000  3.172427e-022
951.800000  3.094764e-022
952.000000  3.076277e-022
952.200000  3.022936e-022
952.400000  2.869001e-022
952.600000  2.723324e-022
952.800000  2.648628e-022
953.000000  2.561792e-022
953.200000  2.446184e-022
953.400000  2.443911e-022
953.600000  2.527087e-022
953.800000  2.586732e-022
954.000000  2.616063e-022
954.200000  2.680336e-022
954.400000  2.777569e-022
954.600000  2.940063e-022
954.800000  3.083305e-022
955.000000  3.304749e-022
955.200000  3.607185e-022
955.400000  3.899858e-022
955.600000  4.062168e-022
955.800000  4.117976e-022
956.000000  4.140449e-022
956.200000  4.058242e-022
956.400000  3.815942e-022
956.600000  3.657928e-022
956.800000  3.713706e-022
957.000000  3.771307e-022
957.200000  3.949456e-022
957.400000  4.299557e-022
957.600000  4.659875e-022
957.800000  4.963784e-022
958.000000  5.245386e-022
958.200000  5.551743e-022
958.400000  5.740902e-022
958.600000  5.745561e-022
958.800000  5.799601e-022
959.000000  5.890571e-022
959.200000  5.807545e-022
959.400000  5.654164e-022
959.600000  5.587706e-022
959.800000  5.519729e-022
960.000000  5.157208e-022
960.200000  4.753491e-022
960.400000  4.516020e-022
960.600000  4.205632e-022
960.800000  3.773542e-022
961.000000  3.539425e-022
961.200000  3.369331e-022
961.400000  3.013154e-022
961.600000  2.801949e-022
961.800000  2.726695e-022
962.000000  2.753498e-022
962.200000  2.506887e-022
962.400000  2.414511e-022
962.600000  2.444780e-022
962.800000  2.477014e-022
963.000000  2.556444e-022
963.200000  2.789897e-022
963.400000  3.022593e-022
963.600000  3.104996e-022
963.800000  3.128591e-022
964.000000  3.263462e-022
964.200000  3.422054e-022
964.400000  3.439821e-022
964.600000  3.636119e-022
964.800000  4.031911e-022
965.000000  4.413188e-022
965.200000  4.551236e-022
965.400000  4.921830e-022
965.600000  5.474459e-022
965.800000  5.762638e-022
966.000000  6.222215e-022
966.200000  7.070333e-022
966.400000  7.987486e-022
966.600000  8.877552e-022
966.800000  1.010318e-021
967.000000  1.245842e-021
967.200000  1.469011e-021
967.400000  1.841271e-021
967.600000  2.419070e-021
967.800000  3.169670e-021
968.000000  4.569432e-021
968.200000  7.108446e-021
968.400000  1.112727e-020
968.600000  1.687055e-020
968.800000  2.214372e-020
969.000000  2.094075e-020
969.200000  1.501200e-020
969.400000  9.798990e-021
969.600000  5.727297e-021
969.800000  3.746370e-021
970.000000  2.750877e-021
970.200000  2.027680e-021
970.400000  1.594613e-021
970.600000  1.291239e-021
970.800000  1.067608e-021
971.000000  8.807643e-022
971.200000  7.757373e-022
971.400000  6.848553e-022
971.600000  5.808493e-022
971.800000  5.601203e-022
972.000000  4.872096e-022
972.200000  4.173589e-022
972.400000  4.021988e-022
972.600000  3.784254e-022
972.800000  3.520949e-022
973.000000  3.121092e-022
973.200000  3.501788e-022
973.400000  3.110423e-022
973.600000  3.269243e-022
973.800000  3.017203e-022
974.000000  3.170043e-022
974.200000  3.016534e-022
974.400000  3.238027e-022
974.600000  3.099880e-022
974.800000  3.093650e-022
975.000000  3.365245e-022
975.200000  3.655078e-022
975.400000  3.562123e-022
975.600000  3.687233e-022
975.800000  3.807675e-022
976.000000  3.598576e-022
976.200000  3.468260e-022
976.400000  3.831892e-022
976.600000  4.342689e-022
976.800000  4.505495e-022
977.000000  5.299158e-022
977.200000  6.609920e-022
977.400000  7.572916e-022
977.600000  8.012563e-022
977.800000  8.964162e-022
978.000000  9.653986e-022
978.200000  9.629444e-022
978.400000  9.690643e-022
978.600000  1.038850e-021
978.800000  1.092708e-021
979.000000  1.081009e-021
979.200000  1.120359e-021
979.400000  1.165944e-021
979.600000  1.170417e-021
979.800000  1.149485e-021
980.000000  1.167333e-021
980.200000  1.181485e-021
980.400000  1.129467e-021
980.600000  1.052125e-021
980.800000  1.009208e-021
981.000000  1.031097e-021
981.200000  9.931392e-022
981.400000  1.043512e-021
981.600000  1.140625e-021
981.800000  1.160325e-021
982.000000  1.152104e-021
982.200000  1.193049e-021
982.400000  1.255476e-021
982.600000  1.172616e-021
982.800000  1.066996e-021
983.000000  1.038353e-021
983.200000  9.792797e-022
983.400000  8.739084e-022
983.600000  8.373521e-022
983.800000  8.239789e-022
984.000000  8.172181e-022
984.200000  7.581753e-022
984.400000  7.755406e-022
984.600000  8.047152e-022
984.800000  7.445926e-022
985.000000  7.273640e-022
985.200000  7.527544e-022
985.400000  7.878921e-022
985.600000  7.785707e-022
985.800000  8.124371e-022
986.000000  9.063763e-022
986.200000  9.322089e-022
986.400000  8.399200e-022
986.600000  9.009460e-022
986.800000  9.671187e-022
987.000000  9.118598e-022
987.200000  8.961356e-022
987.400000  9.120311e-022
987.600000  9.099073e-022
987.800000  8.357436e-022
988.000000  8.518341e-022
988.200000  9.688363e-022
988.400000  8.925352e-022
988.600000  7.869950e-022
988.800000  8.707321e-022
989.000000  9.209549e-022
989.200000  8.114358e-022
989.400000  7.832837e-022
989.600000  8.874181e-022
989.800000  9.699786e-022
990.000000  8.260042e-022
990.200000  7.566930e-022
990.400000  7.339588e-022
990.600000  7.595572e-022
990.800000  7.207466e-022
991.000000  7.335101e-022
991.200000  6.927523e-022
991.400000  7.236016e-022
991.600000  7.519972e-022
991.800000  7.775960e-022
992.000000  8.069417e-022
992.200000  8.459317e-022
992.400000  9.577252e-022
992.600000  9.915514e-022
992.800000  1.063399e-021
993.000000  1.056534e-021
993.200000  1.131463e-021
993.400000  1.117375e-021
993.600000  1.124428e-021
993.800000  1.107250e-021
994.000000  1.109214e-021
994.200000  1.171147e-021
994.400000  1.137465e-021
994.600000  1.116480e-021
994.800000  1.088466e-021
995.000000  1.098771e-021
995.200000  1.116437e-021
995.400000  1.111236e-021
995.600000  1.106878e-021
995.800000  1.123232e-021
996.000000  1.147502e-021
996.200000  1.235139e-021
996.400000  1.290314e-021
996.600000  1.329780e-021
996.800000  1.385674e-021
997.000000  1.476825e-021
997.200000  1.573159e-021
997.400000  1.698686e-021
997.600000  1.728038e-021
997.800000  1.932155e-021
998.000000  1.963527e-021
998.200000  2.062557e-021
998.400000  2.087179e-021
998.600000  2.207367e-021
998.800000  2.282594e-021
999.000000  2.248336e-021
999.200000  2.454394e-021
999.400000  2.444646e-021
999.600000  2.586727e-021
999.800000  2.522923e-021
1000.000000  2.668860e-021
1000.200000  2.666277e-021
1000.400000  2.735536e-021
1000.600000  2.627759e-021
1000.800000  2.597023e-021
1001.000000  2.532827e-021
1001.200000  2.438589e-021
1001.400000  2.286040e-021
1001.600000  2.166679e-021
1001.800000  2.221785e-021
1002.000000  2.149811e-021
1002.200000  2.132507e-021
1002.400000  2.115166e-021
1002.600000  2.122592e-021
1002.800000  2.140672e-021
1003.000000  2.121504e-021
1003.200000  2.248016e-021
1003.400000  2.380114e-021
1003.600000  2.612189e-021
1003.800000  2.735996e-021
1004.000000  3.017056e-021
1004.200000  3.157581e-021
1004.400000  3.321624e-021
1004.600000  3.400092e-021
1004.800000  3.333617e-021
1005.000000  3.354867e-021
1005.200000  3.354617e-021
1005.400000  3.481925e-021
1005.600000  3.494381e-021
1005.800000  3.404246e-021
1006.000000  3.625677e-021
1006.200000  3.829506e-021
1006.400000  3.780951e-021
1006.600000  4.034131e-021
1006.800000  3.913305e-021
1007.000000  4.136325e-021
1007.200000  3.991785e-021
1007.400000  4.095552e-021
1007.600000  4.039678e-021
1007.800000  4.072780e-021
1008.000000  3.641841e-021
1008.200000  3.472382e-021
1008.400000  3.433885e-021
1008.600000  3.159825e-021
1008.800000  2.963790e-021
1009.000000  2.963071e-021
1009.200000  2.821370e-021
1009.400000  2.600579e-021
1009.600000  2.595819e-021
1009.800000  2.627772e-021
1010.000000  2.547659e-021
1010.200000  2.518903e-021
1010.400000  2.532448e-021
1010.600000  2.595795e-021
1010.800000  2.681408e-021
1011.000000  2.748716e-021
1011.200000  2.762531e-021
1011.400000  2.631998e-021
1011.600000  2.784673e-021
1011.800000  2.702117e-021
1012.000000  2.925701e-021
1012.200000  2.835681e-021
1012.400000  2.780821e-021
1012.600000  2.913903e-021
1012.800000  2.832913e-021
1013.000000  2.826383e-021
1013.200000  2.851584e-021
1013.400000  2.925432e-021
1013.600000  2.862830e-021
1013.800000  2.661501e-021
1014.000000  2.566637e-021
1014.200000  2.586059e-021
1014.400000  2.447720e-021
1014.600000  2.530991e-021
1014.800000  2.516546e-021
1015.000000  2.390909e-021
1015.200000  2.508308e-021
1015.400000  2.361643e-021
1015.600000  2.350742e-021
1015.800000  2.440068e-021
1016.000000  2.264493e-021
1016.200000  2.253456e-021
1016.400000  2.259468e-021
1016.600000  2.216116e-021
1016.800000  2.351357e-021
1017.000000  2.292783e-021
1017.200000  2.302657e-021
1017.400000  2.470784e-021
1017.600000  2.456039e-021
1017.800000  2.735435e-021
1018.000000  2.936165e-021
1018.030000  2.937272e-021
1018.060000  2.939168e-021
1018.090000  2.944697e-021
1018.120000  2.951577e-021
1018.150000  2.964069e-021
1018.180000  2.993711e-021
1018.210000  3.032451e-021
1018.240000  3.058607e-021
1018.270000  3.074858e-021
1018.300000  3.095244e-021
1018.330000  3.117634e-021
1018.360000  3.132018e-021
1018.390000  3.151518e-021
1018.420000  3.174589e-021
1018.450000  3.189277e-021
1018.480000  3.208065e-021
1018.510000  3.238148e-021
1018.540000  3.270005e-021
1018.570000  3.297081e-021
1018.600000  3.317191e-021
1018.630000  3.323256e-021
1018.660000  3.330088e-021
1018.690000  3.351250e-021
1018.720000  3.373884e-021
1018.750000  3.400118e-021
1018.780000  3.435357e-021
1018.810000  3.463665e-021
1018.840000  3.482350e-021
1018.870000  3.509913e-021
1018.900000  3.528840e-021
1018.930000  3.537845e-021
1018.960000  3.559639e-021
1018.990000  3.585771e-021
1019.020000  3.602713e-021
1019.050000  3.626339e-021
1019.080000  3.652682e-021
1019.110000  3.666939e-021
1019.140000  3.675026e-021
1019.170000  3.680019e-021
1019.200000  3.693249e-021
1019.230000  3.718082e-021
1019.260000  3.745959e-021
1019.290000  3.775964e-021
1019.320000  3.820247e-021
1019.350000  3.874284e-021
1019.380000  3.928331e-021
1019.410000  3.984330e-021
1019.440000  4.045976e-021
1019.470000  4.099130e-021
1019.500000  4.139004e-021
1019.530000  4.183462e-021
1019.560000  4.231952e-021
1019.590000  4.271332e-021
1019.620000  4.308791e-021
1019.650000  4.348805e-021
1019.680000  4.375398e-021
1019.710000  4.384694e-021
1019.740000  4.394742e-021
1019.770000  4.417180e-021
1019.800000  4.439591e-021
1019.830000  4.457836e-021
1019.860000  4.478789e-021
1019.890000  4.495305e-021
1019.920000  4.508679e-021
1019.950000  4.534196e-021
1019.980000  4.567379e-021
1020.010000  4.600555e-021
1020.040000  4.637137e-021
1020.070000  4.667015e-021
1020.100000  4.685076e-021
1020.130000  4.693225e-021
1020.160000  4.693136e-021
1020.190000  4.689674e-021
1020.220000  4.682933e-021
1020.250000  4.671272e-021
1020.280000  4.664505e-021
1020.310000  4.670564e-021
1020.340000  4.687855e-021
1020.370000  4.708687e-021
1020.400000  4.731400e-021
1020.430000  4.749386e-021
1020.460000  4.757310e-021
1020.490000  4.754920e-021
1020.520000  4.748882e-021
1020.550000  4.742738e-021
1020.580000  4.738439e-021
1020.610000  4.733709e-021
1020.640000  4.724935e-021
1020.670000  4.725746e-021
1020.700000  4.731078e-021
1020.730000  4.739451e-021
1020.760000  4.758109e-021
1020.790000  4.792816e-021
1020.820000  4.836647e-021
1020.850000  4.880391e-021
1020.880000  4.924393e-021
1020.910000  4.970722e-021
1020.940000  5.011907e-021
1020.970000  5.048873e-021
1021.000000  5.092114e-021
1021.030000  5.133618e-021
1021.060000  5.179088e-021
1021.090000  5.237476e-021
1021.120000  5.297112e-021
1021.150000  5.359899e-021
1021.180000  5.446305e-021
1021.210000  5.544027e-021
1021.240000  5.631221e-021
1021.270000  5.719952e-021
1021.300000  5.815851e-021
1021.330000  5.903466e-021
1021.360000  5.981557e-021
1021.390000  6.065293e-021
1021.420000  6.163515e-021
1021.450000  6.284837e-021
1021.480000  6.422348e-021
1021.510000  6.558710e-021
1021.540000  6.694296e-021
1021.570000  6.828249e-021
1021.600000  6.954967e-021
1021.630000  7.095464e-021
1021.660000  7.267602e-021
1021.690000  7.461248e-021
1021.720000  7.659233e-021
1021.750000  7.846938e-021
1021.780000  8.018155e-021
1021.810000  8.182996e-021
1021.840000  8.360805e-021
1021.870000  8.539541e-021
1021.900000  8.714766e-021
1021.930000  8.902802e-021
1021.960000  9.093255e-021
1021.990000  9.275366e-021
1022.020000  9.483200e-021
1022.050000  9.728337e-021
1022.080000  9.976773e-021
1022.110000  1.021885e-020
1022.140000  1.045282e-020
1022.170000  1.066968e-020
1022.200000  1.087589e-020
1022.230000  1.107627e-020
1022.260000  1.128247e-020
1022.290000  1.150680e-020
1022.320000  1.174144e-020
1022.350000  1.197604e-020
1022.380000  1.219663e-020
1022.410000  1.241400e-020
1022.440000  1.266757e-020
1022.470000  1.292835e-020
1022.500000  1.313535e-020
1022.530000  1.333570e-020
1022.560000  1.355990e-020
1022.590000  1.373020e-020
1022.620000  1.384037e-020
1022.650000  1.395302e-020
1022.680000  1.405174e-020
1022.710000  1.412473e-020
1022.740000  1.422293e-020
1022.770000  1.437037e-020
1022.800000  1.455890e-020
1022.830000  1.473090e-020
1022.860000  1.481223e-020
1022.890000  1.483023e-020
1022.920000  1.483345e-020
1022.950000  1.478526e-020
1022.980000  1.473329e-020
1023.010000  1.478717e-020
1023.040000  1.484322e-020
1023.070000  1.483305e-020
1023.100000  1.485226e-020
1023.130000  1.487986e-020
1023.160000  1.487007e-020
1023.190000  1.492185e-020
1023.220000  1.501464e-020
1023.250000  1.504140e-020
1023.280000  1.504192e-020
1023.310000  1.501745e-020
1023.340000  1.492536e-020
1023.370000  1.481565e-020
1023.400000  1.474592e-020
1023.430000  1.470363e-020
1023.460000  1.468673e-020
1023.490000  1.471714e-020
1023.520000  1.478594e-020
1023.550000  1.487108e-020
1023.580000  1.495462e-020
1023.610000  1.500655e-020
1023.640000  1.502392e-020
1023.670000  1.506087e-020
1023.700000  1.514960e-020
1023.730000  1.525633e-020
1023.760000  1.534574e-020
1023.790000  1.538766e-020
1023.820000  1.535079e-020
1023.850000  1.525722e-020
1023.880000  1.517797e-020
1023.910000  1.516223e-020
1023.940000  1.520872e-020
1023.970000  1.529933e-020
1024.000000  1.542025e-020
1024.030000  1.554847e-020
1024.060000  1.563949e-020
1024.090000  1.569403e-020
1024.120000  1.574209e-020
1024.150000  1.577949e-020
1024.180000  1.581263e-020
1024.210000  1.589469e-020
1024.240000  1.604198e-020
1024.270000  1.618979e-020
1024.300000  1.634134e-020
1024.330000  1.651190e-020
1024.360000  1.668529e-020
1024.390000  1.685043e-020
1024.420000  1.701569e-020
1024.450000  1.717393e-020
1024.480000  1.736108e-020
1024.510000  1.757850e-020
1024.540000  1.779966e-020
1024.570000  1.803063e-020
1024.600000  1.828267e-020
1024.630000  1.850344e-020
1024.660000  1.868611e-020
1024.690000  1.884120e-020
1024.720000  1.895657e-020
1024.750000  1.910775e-020
1024.780000  1.924957e-020
1024.810000  1.932077e-020
1024.840000  1.946086e-020
1024.870000  1.969364e-020
1024.900000  1.983718e-020
1024.930000  2.000718e-020
1024.960000  2.023014e-020
1024.990000  2.032851e-020
1025.020000  2.037397e-020
1025.050000  2.043737e-020
1025.080000  2.044698e-020
1025.110000  2.051269e-020
1025.140000  2.068114e-020
1025.170000  2.080483e-020
1025.200000  2.085523e-020
1025.230000  2.082705e-020
1025.260000  2.067151e-020
1025.290000  2.043284e-020
1025.320000  2.021202e-020
1025.350000  2.002277e-020
1025.380000  1.985184e-020
1025.410000  1.970268e-020
1025.440000  1.955147e-020
1025.470000  1.938458e-020
1025.500000  1.922954e-020
1025.530000  1.907272e-020
1025.560000  1.886462e-020
1025.590000  1.865436e-020
1025.620000  1.850757e-020
1025.650000  1.840761e-020
1025.680000  1.834538e-020
1025.710000  1.832999e-020
1025.740000  1.830236e-020
1025.770000  1.820852e-020
1025.800000  1.806472e-020
1025.830000  1.790209e-020
1025.860000  1.772886e-020
1025.890000  1.750775e-020
1025.920000  1.722632e-020
1025.950000  1.690900e-020
1025.980000  1.658894e-020
1026.010000  1.630008e-020
1026.040000  1.607162e-020
1026.070000  1.590332e-020
1026.100000  1.576220e-020
1026.130000  1.562868e-020
1026.160000  1.547263e-020
1026.190000  1.528327e-020
1026.220000  1.512929e-020
1026.250000  1.502358e-020
1026.280000  1.488169e-020
1026.310000  1.473773e-020
1026.340000  1.464676e-020
1026.370000  1.451686e-020
1026.400000  1.433097e-020
1026.430000  1.417725e-020
1026.460000  1.403780e-020
1026.490000  1.388158e-020
1026.520000  1.375415e-020
1026.550000  1.369722e-020
1026.580000  1.370324e-020
1026.610000  1.374746e-020
1026.640000  1.380585e-020
1026.670000  1.384245e-020
1026.700000  1.383807e-020
1026.730000  1.380136e-020
1026.760000  1.374382e-020
1026.790000  1.364774e-020
1026.820000  1.352873e-020
1026.850000  1.342935e-020
1026.880000  1.336233e-020
1026.910000  1.330107e-020
1026.940000  1.324818e-020
1026.970000  1.324189e-020
1027.000000  1.328347e-020
1027.030000  1.336618e-020
1027.060000  1.346836e-020
1027.090000  1.356628e-020
1027.120000  1.364482e-020
1027.150000  1.369463e-020
1027.180000  1.368308e-020
1027.210000  1.363166e-020
1027.240000  1.365900e-020
1027.270000  1.379462e-020
1027.300000  1.393689e-020
1027.330000  1.406699e-020
1027.360000  1.425353e-020
1027.390000  1.441934e-020
1027.420000  1.448034e-020
1027.450000  1.455322e-020
1027.480000  1.472729e-020
1027.510000  1.491713e-020
1027.540000  1.510218e-020
1027.570000  1.532745e-020
1027.600000  1.555322e-020
1027.630000  1.573955e-020
1027.660000  1.590557e-020
1027.690000  1.604537e-020
1027.720000  1.618800e-020
1027.750000  1.641885e-020
1027.780000  1.670657e-020
1027.810000  1.701187e-020
1027.840000  1.737431e-020
1027.870000  1.777103e-020
1027.900000  1.806379e-020
1027.930000  1.832772e-020
1027.960000  1.867592e-020
1027.990000  1.904869e-020
1028.020000  1.936907e-020
1028.050000  1.973125e-020
1028.080000  2.012622e-020
1028.110000  2.041808e-020
1028.140000  2.076735e-020
1028.170000  2.125073e-020
1028.200000  2.168787e-020
1028.230000  2.212413e-020
1028.260000  2.267728e-020
1028.290000  2.321024e-020
1028.320000  2.369970e-020
1028.350000  2.427454e-020
1028.380000  2.487579e-020
1028.410000  2.541219e-020
1028.440000  2.594008e-020
1028.470000  2.657523e-020
1028.500000  2.724771e-020
1028.530000  2.786402e-020
1028.560000  2.845954e-020
1028.590000  2.908661e-020
1028.620000  2.972867e-020
1028.650000  3.036934e-020
1028.680000  3.106400e-020
1028.710000  3.177535e-020
1028.740000  3.254601e-020
1028.770000  3.327429e-020
1028.800000  3.391102e-020
1028.830000  3.451299e-020
1028.860000  3.518469e-020
1028.890000  3.590878e-020
1028.920000  3.659318e-020
1028.950000  3.731453e-020
1028.980000  3.803601e-020
1029.010000  3.887303e-020
1029.040000  3.968416e-020
1029.070000  4.039610e-020
1029.100000  4.113607e-020
1029.130000  4.196102e-020
1029.160000  4.260610e-020
1029.190000  4.317607e-020
1029.220000  4.395423e-020
1029.250000  4.469230e-020
1029.280000  4.540405e-020
1029.310000  4.614350e-020
1029.340000  4.676297e-020
1029.370000  4.741741e-020
1029.400000  4.824720e-020
1029.430000  4.899458e-020
1029.460000  4.982878e-020
1029.490000  5.065210e-020
1029.520000  5.123121e-020
1029.550000  5.182791e-020
1029.580000  5.239349e-020
1029.610000  5.278799e-020
1029.640000  5.320558e-020
1029.670000  5.357998e-020
1029.700000  5.387891e-020
1029.730000  5.408866e-020
1029.760000  5.412307e-020
1029.790000  5.402692e-020
1029.820000  5.397169e-020
1029.850000  5.376766e-020
1029.880000  5.348480e-020
1029.910000  5.325432e-020
1029.940000  5.305582e-020
1029.970000  5.276226e-020
1030.000000  5.218980e-020
1030.030000  5.173712e-020
1030.060000  5.133816e-020
1030.090000  5.075793e-020
1030.120000  4.998144e-020
1030.150000  4.935459e-020
1030.180000  4.864178e-020
1030.210000  4.771409e-020
1030.240000  4.672477e-020
1030.270000  4.577311e-020
1030.300000  4.484623e-020
1030.330000  4.376314e-020
1030.360000  4.274240e-020
1030.390000  4.176564e-020
1030.420000  4.079165e-020
1030.450000  3.983302e-020
1030.480000  3.884790e-020
1030.510000  3.774851e-020
1030.540000  3.676065e-020
1030.570000  3.582952e-020
1030.600000  3.464441e-020
1030.630000  3.341606e-020
1030.660000  3.238806e-020
1030.690000  3.152105e-020
1030.720000  3.070974e-020
1030.750000  2.998197e-020
1030.780000  2.938218e-020
1030.810000  2.865221e-020
1030.840000  2.766861e-020
1030.870000  2.671225e-020
1030.900000  2.594345e-020
1030.930000  2.517846e-020
1030.960000  2.444315e-020
1030.990000  2.385239e-020
1031.020000  2.325624e-020
1031.050000  2.259149e-020
1031.080000  2.200340e-020
1031.110000  2.148988e-020
1031.140000  2.088529e-020
1031.170000  2.020256e-020
1031.200000  1.952004e-020
1031.230000  1.883599e-020
1031.260000  1.825765e-020
1031.290000  1.784210e-020
1031.320000  1.753432e-020
1031.350000  1.726021e-020
1031.380000  1.694518e-020
1031.410000  1.656504e-020
1031.440000  1.618369e-020
1031.470000  1.580846e-020
1031.500000  1.540876e-020
1031.530000  1.507868e-020
1031.560000  1.484079e-020
1031.590000  1.456676e-020
1031.620000  1.423432e-020
1031.650000  1.391982e-020
1031.680000  1.364358e-020
1031.710000  1.332859e-020
1031.740000  1.298518e-020
1031.770000  1.271898e-020
1031.800000  1.247702e-020
1031.830000  1.218351e-020
1031.860000  1.190292e-020
1031.890000  1.170898e-020
1031.920000  1.150351e-020
1031.950000  1.126022e-020
1031.980000  1.104976e-020
1032.010000  1.084159e-020
1032.040000  1.064203e-020
1032.070000  1.046304e-020
1032.100000  1.029029e-020
1032.130000  1.015097e-020
1032.160000  1.002991e-020
1032.190000  9.860841e-021
1032.220000  9.660544e-021
1032.250000  9.503671e-021
1032.280000  9.334049e-021
1032.310000  9.147905e-021
1032.340000  8.983569e-021
1032.370000  8.831047e-021
1032.400000  8.678230e-021
1032.430000  8.557374e-021
1032.460000  8.454088e-021
1032.490000  8.332882e-021
1032.520000  8.201025e-021
1032.550000  8.101612e-021
1032.580000  7.992623e-021
1032.610000  7.865948e-021
1032.640000  7.758827e-021
1032.670000  7.675045e-021
1032.700000  7.573250e-021
1032.730000  7.423025e-021
1032.760000  7.269550e-021
1032.790000  7.130923e-021
1032.820000  6.986134e-021
1032.850000  6.822631e-021
1032.880000  6.695512e-021
1032.910000  6.581981e-021
1032.940000  6.457503e-021
1032.970000  6.352647e-021
1033.000000  6.286123e-021
1033.030000  6.252195e-021
1033.060000  6.252883e-021
1033.090000  6.269406e-021
1033.120000  6.265234e-021
1033.150000  6.232471e-021
1033.180000  6.165291e-021
1033.210000  6.067368e-021
1033.240000  5.971764e-021
1033.270000  5.884025e-021
1033.300000  5.804744e-021
1033.330000  5.757385e-021
1033.360000  5.709548e-021
1033.390000  5.645311e-021
1033.420000  5.573665e-021
1033.450000  5.502945e-021
1033.480000  5.441788e-021
1033.510000  5.380026e-021
1033.540000  5.320349e-021
1033.570000  5.263878e-021
1033.600000  5.196447e-021
1033.630000  5.119783e-021
1033.660000  5.067854e-021
1033.690000  5.021564e-021
1033.720000  4.973435e-021
1033.750000  4.939309e-021
1033.780000  4.891505e-021
1033.810000  4.824799e-021
1033.840000  4.782821e-021
1033.870000  4.771665e-021
1033.900000  4.749907e-021
1033.930000  4.719111e-021
1033.960000  4.697335e-021
1033.990000  4.652622e-021
1034.020000  4.586350e-021
1034.050000  4.534214e-021
1034.080000  4.489905e-021
1034.110000  4.440017e-021
1034.140000  4.397109e-021
1034.170000  4.373111e-021
1034.200000  4.356529e-021
1034.230000  4.329619e-021
1034.260000  4.282365e-021
1034.290000  4.217152e-021
1034.320000  4.139461e-021
1034.350000  4.069507e-021
1034.380000  4.031458e-021
1034.410000  4.030036e-021
1034.440000  4.051999e-021
1034.470000  4.073943e-021
1034.500000  4.070999e-021
1034.530000  4.032555e-021
1034.560000  3.975929e-021
1034.590000  3.927168e-021
1034.620000  3.879157e-021
1034.650000  3.837427e-021
1034.680000  3.814487e-021
1034.710000  3.789754e-021
1034.740000  3.740025e-021
1034.770000  3.698887e-021
1034.800000  3.677767e-021
1034.830000  3.647871e-021
1034.860000  3.615042e-021
1034.890000  3.591830e-021
1034.920000  3.574433e-021
1034.950000  3.542469e-021
1034.980000  3.505641e-021
1035.010000  3.484214e-021
1035.040000  3.463960e-021
1035.070000  3.436770e-021
1035.100000  3.419742e-021
1035.130000  3.409910e-021
1035.160000  3.388499e-021
1035.190000  3.366959e-021
1035.220000  3.347691e-021
1035.250000  3.324315e-021
1035.280000  3.289993e-021
1035.310000  3.254780e-021
1035.340000  3.227717e-021
1035.370000  3.192743e-021
1035.400000  3.151755e-021
1035.430000  3.131058e-021
1035.460000  3.121241e-021
1035.490000  3.105392e-021
1035.520000  3.093069e-021
1035.550000  3.085814e-021
1035.580000  3.075005e-021
1035.610000  3.055367e-021
1035.640000  3.038101e-021
1035.670000  3.030764e-021
1035.700000  3.017444e-021
1035.730000  2.995754e-021
1035.760000  2.971795e-021
1035.790000  2.942800e-021
1035.820000  2.918494e-021
1035.850000  2.903847e-021
1035.880000  2.887017e-021
1035.910000  2.873807e-021
1035.940000  2.865103e-021
1035.970000  2.839890e-021
1036.000000  2.813745e-021
1036.030000  2.807777e-021
1036.060000  2.805307e-021
1036.090000  2.799648e-021
1036.120000  2.798182e-021
1036.150000  2.787523e-021
1036.180000  2.774999e-021
1036.210000  2.759371e-021
1036.240000  2.742480e-021
1036.270000  2.729898e-021
1036.300000  2.728371e-021
1036.330000  2.723615e-021
1036.360000  2.720939e-021
1036.390000  2.717752e-021
1036.420000  2.710259e-021
1036.450000  2.697643e-021
1036.480000  2.677447e-021
1036.510000  2.655549e-021
1036.540000  2.636840e-021
1036.570000  2.629200e-021
1036.600000  2.623595e-021
1036.630000  2.618591e-021
1036.660000  2.612056e-021
1036.690000  2.606364e-021
1036.720000  2.590257e-021
1036.750000  2.577680e-021
1036.780000  2.569968e-021
1036.810000  2.566589e-021
1036.840000  2.565108e-021
1036.870000  2.568403e-021
1036.900000  2.574649e-021
1036.930000  2.578337e-021
1036.960000  2.586300e-021
1036.990000  2.591391e-021
1037.020000  2.592358e-021
1037.050000  2.585086e-021
1037.080000  2.574536e-021
1037.110000  2.569833e-021
1037.140000  2.569494e-021
1037.170000  2.565628e-021
1037.200000  2.573494e-021
1037.230000  2.591464e-021
1037.260000  2.595063e-021
1037.290000  2.589641e-021
1037.320000  2.593445e-021
1037.350000  2.592849e-021
1037.380000  2.582020e-021
1037.410000  2.582059e-021
1037.440000  2.586931e-021
1037.470000  2.586613e-021
1037.500000  2.591367e-021
1037.530000  2.595470e-021
1037.560000  2.588695e-021
1037.590000  2.593341e-021
1037.620000  2.596048e-021
1037.650000  2.577304e-021
1037.680000  2.573648e-021
1037.710000  2.574342e-021
1037.740000  2.556279e-021
1037.770000  2.548383e-021
1037.800000  2.556443e-021
1037.830000  2.551503e-021
1037.860000  2.549344e-021
1037.890000  2.566820e-021
1037.920000  2.577060e-021
1037.950000  2.576177e-021
1037.980000  2.574691e-021
1038.010000  2.572928e-021
1038.040000  2.561750e-021
1038.070000  2.547657e-021
1038.100000  2.541990e-021
1038.130000  2.537919e-021
1038.160000  2.533090e-021
1038.190000  2.535668e-021
1038.220000  2.548606e-021
1038.250000  2.564242e-021
1038.280000  2.584424e-021
1038.310000  2.603241e-021
1038.340000  2.606806e-021
1038.370000  2.590254e-021
1038.400000  2.567749e-021
1038.430000  2.555785e-021
1038.460000  2.548928e-021
1038.490000  2.552584e-021
1038.520000  2.565900e-021
1038.550000  2.568611e-021
1038.580000  2.562164e-021
1038.610000  2.554257e-021
1038.640000  2.535979e-021
1038.670000  2.521007e-021
1038.700000  2.523024e-021
1038.730000  2.532000e-021
1038.760000  2.551893e-021
1038.790000  2.582657e-021
1038.820000  2.605184e-021
1038.850000  2.615304e-021
1038.880000  2.610179e-021
1038.910000  2.585355e-021
1038.940000  2.555860e-021
1038.970000  2.533253e-021
1039.000000  2.521695e-021
1039.030000  2.512829e-021
1039.060000  2.504707e-021
1039.090000  2.502697e-021
1039.120000  2.511106e-021
1039.150000  2.526343e-021
1039.180000  2.539135e-021
1039.210000  2.544102e-021
1039.240000  2.542191e-021
1039.270000  2.530057e-021
1039.300000  2.502769e-021
1039.330000  2.485979e-021
1039.360000  2.483976e-021
1039.390000  2.477826e-021
1039.420000  2.473572e-021
1039.450000  2.467737e-021
1039.480000  2.453207e-021
1039.510000  2.439743e-021
1039.540000  2.428084e-021
1039.570000  2.410075e-021
1039.600000  2.395368e-021
1039.630000  2.381453e-021
1039.660000  2.358175e-021
1039.690000  2.330624e-021
1039.720000  2.315320e-021
1039.750000  2.316324e-021
1039.780000  2.324525e-021
1039.810000  2.342618e-021
1039.840000  2.361415e-021
1039.870000  2.368903e-021
1039.900000  2.366963e-021
1039.930000  2.355912e-021
1039.960000  2.332258e-021
1039.990000  2.309065e-021
1040.020000  2.281735e-021
1040.050000  2.242613e-021
1040.080000  2.207204e-021
1040.110000  2.186424e-021
1040.140000  2.181007e-021
1040.170000  2.183392e-021
1040.200000  2.187537e-021
1040.230000  2.186526e-021
1040.260000  2.183104e-021
1040.290000  2.178726e-021
1040.320000  2.167283e-021
1040.350000  2.148348e-021
1040.380000  2.132890e-021
1040.410000  2.119048e-021
1040.440000  2.097078e-021
1040.470000  2.084893e-021
1040.500000  2.090541e-021
1040.530000  2.099682e-021
1040.560000  2.104696e-021
1040.590000  2.105879e-021
1040.620000  2.096193e-021
1040.650000  2.076740e-021
1040.680000  2.053029e-021
1040.710000  2.027816e-021
1040.740000  2.009392e-021
1040.770000  1.998143e-021
1040.800000  1.984215e-021
1040.830000  1.970851e-021
1040.860000  1.966892e-021
1040.890000  1.964454e-021
1040.920000  1.962139e-021
1040.950000  1.972240e-021
1040.980000  1.984330e-021
1041.010000  1.981402e-021
1041.040000  1.974772e-021
1041.070000  1.967982e-021
1041.100000  1.950986e-021
1041.130000  1.931274e-021
1041.160000  1.928811e-021
1041.190000  1.934562e-021
1041.220000  1.929816e-021
1041.250000  1.924339e-021
1041.280000  1.929934e-021
1041.310000  1.927905e-021
1041.340000  1.910549e-021
1041.370000  1.904945e-021
1041.400000  1.914275e-021
1041.430000  1.911098e-021
1041.460000  1.903673e-021
1041.490000  1.909934e-021
1041.520000  1.909199e-021
1041.550000  1.908983e-021
1041.580000  1.918037e-021
1041.610000  1.922397e-021
1041.640000  1.923881e-021
1041.670000  1.935590e-021
1041.700000  1.929035e-021
1041.730000  1.910138e-021
1041.760000  1.905255e-021
1041.790000  1.901186e-021
1041.820000  1.884344e-021
1041.850000  1.871576e-021
1041.880000  1.875527e-021
1041.910000  1.875095e-021
1041.940000  1.860997e-021
1041.970000  1.851532e-021
1042.000000  1.853344e-021
1042.200000  1.987648e-021
1042.400000  1.948874e-021
1042.600000  1.997283e-021
1042.800000  2.017746e-021
1043.000000  1.998742e-021
1043.200000  2.001092e-021
1043.400000  2.037184e-021
1043.600000  2.162537e-021
1043.800000  2.192998e-021
1044.000000  2.179916e-021
1044.200000  2.312274e-021
1044.400000  2.351434e-021
1044.600000  2.423296e-021
1044.800000  2.543196e-021
1045.000000  2.589221e-021
1045.200000  2.759680e-021
1045.400000  2.836566e-021
1045.600000  3.110312e-021
1045.800000  3.227055e-021
1046.000000  3.346208e-021
1046.200000  3.649715e-021
1046.400000  3.793629e-021
1046.600000  4.008092e-021
1046.800000  4.330679e-021
1047.000000  4.378826e-021
1047.200000  4.409440e-021
1047.400000  4.592227e-021
1047.600000  4.607646e-021
1047.800000  4.678311e-021
1048.000000  4.930404e-021
1048.200000  4.804540e-021
1048.400000  4.868935e-021
1048.600000  5.037659e-021
1048.800000  4.911521e-021
1049.000000  4.769586e-021
1049.200000  4.698531e-021
1049.400000  4.571692e-021
1049.600000  4.279743e-021
1049.800000  3.935942e-021
1050.000000  3.691928e-021
1050.200000  3.474255e-021
1050.400000  3.249454e-021
1050.600000  3.075707e-021
1050.800000  2.910588e-021
1051.000000  2.702538e-021
1051.200000  2.482865e-021
1051.400000  2.316700e-021
1051.600000  2.187102e-021
1051.800000  2.098905e-021
1052.000000  1.996340e-021
1052.200000  1.854557e-021
1052.400000  1.722210e-021
1052.600000  1.649270e-021
1052.800000  1.621431e-021
1053.000000  1.540556e-021
1053.200000  1.459978e-021
1053.400000  1.406694e-021
1053.600000  1.376240e-021
1053.800000  1.374592e-021
1054.000000  1.326076e-021
1054.200000  1.257882e-021
1054.400000  1.269788e-021
1054.600000  1.260042e-021
1054.800000  1.226070e-021
1055.000000  1.187232e-021
1055.200000  1.200941e-021
1055.400000  1.172308e-021
1055.600000  1.135367e-021
1055.800000  1.138967e-021
1056.000000  1.157042e-021
1056.200000  1.126644e-021
1056.400000  1.132773e-021
1056.600000  1.126015e-021
1056.800000  1.092271e-021
1057.000000  1.090536e-021
1057.200000  1.069164e-021
1057.400000  1.036422e-021
1057.600000  1.040410e-021
1057.800000  1.000397e-021
1058.000000  9.730575e-022
1058.200000  9.758341e-022
1058.400000  9.381974e-022
1058.600000  9.546619e-022
1058.800000  9.120447e-022
1059.000000  8.858849e-022
1059.200000  8.818253e-022
1059.400000  8.665547e-022
1059.600000  8.664386e-022
1059.800000  8.520580e-022
1060.000000  8.243087e-022
1060.200000  8.208698e-022
1060.400000  8.150787e-022
1060.600000  7.881520e-022
1060.800000  7.841968e-022
1061.000000  7.802333e-022
1061.200000  7.675527e-022
1061.400000  7.392980e-022
1061.600000  7.293830e-022
1061.800000  7.203927e-022
1062.000000  7.243791e-022
1062.200000  7.082711e-022
1062.400000  7.337924e-022
1062.600000  7.188459e-022
1062.800000  6.984161e-022
1063.000000  7.088059e-022
1063.200000  6.847626e-022
1063.400000  6.780343e-022
1063.600000  6.789102e-022
1063.800000  6.612019e-022
1064.000000  6.520454e-022
1064.200000  6.528972e-022
1064.400000  6.585287e-022
1064.600000  6.529293e-022
1064.800000  6.554580e-022
1065.000000  6.505626e-022
1065.200000  6.670033e-022
1065.400000  6.601876e-022
1065.600000  6.754654e-022
1065.800000  6.554149e-022
1066.000000  6.553078e-022
1066.200000  6.600193e-022
1066.400000  6.635329e-022
1066.600000  6.605340e-022
1066.800000  6.384385e-022
1067.000000  6.654017e-022
1067.200000  6.330995e-022
1067.400000  6.448401e-022
1067.600000  6.299208e-022
1067.800000  6.489627e-022
1068.000000  6.349900e-022
1068.200000  6.158824e-022
1068.400000  6.193807e-022
1068.600000  5.972970e-022
1068.800000  6.124916e-022
1069.000000  5.998807e-022
1069.200000  6.180374e-022
1069.400000  6.156804e-022
1069.600000  5.841826e-022
1069.800000  5.996780e-022
1070.000000  5.862569e-022
1070.200000  5.985902e-022
1070.400000  6.141408e-022
1070.600000  5.977418e-022
1070.800000  5.992852e-022
1071.000000  5.902338e-022
1071.200000  5.858516e-022
1071.400000  5.755349e-022
1071.600000  5.733538e-022
1071.800000  5.855153e-022
1072.000000  5.672444e-022
1072.200000  5.700042e-022
1072.400000  5.735127e-022
1072.600000  5.623781e-022
1072.800000  5.638966e-022
1073.000000  5.713876e-022
1073.200000  5.619609e-022
1073.400000  5.769393e-022
1073.600000  5.667507e-022
1073.800000  5.812610e-022
1074.000000  5.868008e-022
1074.200000  5.798429e-022
1074.400000  5.919004e-022
1074.600000  5.781666e-022
1074.800000  5.962641e-022
1075.000000  5.985766e-022
1075.200000  6.039086e-022
1075.400000  6.077406e-022
1075.600000  5.979829e-022
1075.800000  5.877024e-022
1076.000000  5.862309e-022
1076.200000  5.691019e-022
1076.400000  5.812560e-022
1076.600000  5.653542e-022
1076.800000  5.656263e-022
1077.000000  5.542408e-022
1077.200000  5.451165e-022
1077.400000  5.260727e-022
1077.600000  5.143629e-022
1077.800000  5.234889e-022
1078.000000  5.247386e-022
1078.200000  5.137577e-022
1078.400000  5.098981e-022
1078.600000  5.111370e-022
1078.800000  4.957670e-022
1079.000000  4.629744e-022
1079.200000  4.705723e-022
1079.400000  4.574267e-022
1079.600000  4.668281e-022
1079.800000  4.659770e-022
1080.000000  4.538169e-022
1080.200000  4.478069e-022
1080.400000  4.489940e-022
1080.600000  4.439983e-022
1080.800000  4.508575e-022
1081.000000  4.494676e-022
1081.200000  4.351545e-022
1081.400000  4.466788e-022
1081.600000  4.377722e-022
1081.800000  4.454326e-022
1082.000000  4.562190e-022
1082.200000  4.423626e-022
1082.400000  4.300393e-022
1082.600000  4.286161e-022
1082.800000  4.292725e-022
1083.000000  4.411339e-022
1083.200000  4.355429e-022
1083.400000  4.265475e-022
1083.600000  4.300768e-022
1083.800000  4.385812e-022
1084.000000  4.298241e-022
1084.200000  4.331029e-022
1084.400000  4.198654e-022
1084.600000  4.018781e-022
1084.800000  4.166993e-022
1085.000000  3.997270e-022
1085.200000  4.053600e-022
1085.400000  3.875546e-022
1085.600000  3.989875e-022
1085.800000  4.046342e-022
1086.000000  3.820222e-022
1086.200000  4.180729e-022
1086.400000  4.001951e-022
1086.600000  3.997688e-022
1086.800000  3.969549e-022
1087.000000  3.837843e-022
1087.200000  3.992798e-022
1087.400000  3.903407e-022
1087.600000  3.787234e-022
1087.800000  3.801373e-022
1088.000000  3.724878e-022
1088.200000  3.768335e-022
1088.400000  3.672963e-022
1088.600000  3.596128e-022
1088.800000  3.666336e-022
1089.000000  3.570596e-022
1089.200000  3.512211e-022
1089.400000  3.587893e-022
1089.600000  3.521351e-022
1089.800000  3.503077e-022
1090.000000  3.420182e-022
1090.200000  3.514897e-022
1090.400000  3.534297e-022
1090.600000  3.408019e-022
1090.800000  3.570494e-022
1091.000000  3.508889e-022
1091.200000  3.669042e-022
1091.400000  3.523451e-022
1091.600000  3.702879e-022
1091.800000  3.749684e-022
1092.000000  3.508705e-022
1092.200000  3.484738e-022
1092.400000  3.512416e-022
1092.600000  3.423044e-022
1092.800000  3.486143e-022
1093.000000  3.393848e-022
1093.200000  3.293189e-022
1093.400000  3.438327e-022
1093.600000  3.222619e-022
1093.800000  3.324141e-022
1094.000000  3.275109e-022
1094.200000  3.168376e-022
1094.400000  3.297575e-022
1094.600000  3.058747e-022
1094.800000  3.135812e-022
1095.000000  3.083613e-022
1095.200000  3.174613e-022
1095.400000  3.028567e-022
1095.600000  2.854643e-022
1095.800000  2.931859e-022
1096.000000  2.962194e-022
1096.200000  2.768345e-022
1096.400000  2.817976e-022
1096.600000  2.859375e-022
1096.800000  2.753444e-022
1097.000000  2.697886e-022
1097.200000  2.641667e-022
1097.400000  2.722571e-022
1097.600000  2.603023e-022
1097.800000  2.424973e-022
1098.000000  2.552226e-022
1098.200000  2.476048e-022
1098.400000  2.478304e-022
1098.600000  2.457331e-022
1098.800000  2.203527e-022
1099.000000  2.330867e-022
1099.200000  2.350950e-022
1099.400000  2.067696e-022
1099.600000  2.031622e-022
1099.800000  2.171361e-022
1100.000000  2.004336e-022
1100.200000  2.010388e-022
1100.400000  2.157820e-022
1100.600000  2.093692e-022
1100.800000  1.950008e-022
1101.000000  2.069487e-022
1101.200000  2.094590e-022
1101.400000  1.915927e-022
1101.600000  1.933556e-022
1101.800000  1.952918e-022
1102.000000  1.976293e-022
1102.200000  1.966423e-022
1102.400000  1.896735e-022
1102.600000  1.939213e-022
1102.800000  1.962653e-022
1103.000000  1.889053e-022
1103.200000  1.834181e-022
1103.400000  1.748600e-022
1103.600000  1.795422e-022
1103.800000  1.747760e-022
1104.000000  1.795809e-022
1104.200000  1.845667e-022
1104.400000  1.797916e-022
1104.600000  1.670697e-022
1104.800000  1.837733e-022
1105.000000  1.730773e-022
1105.200000  1.662551e-022
1105.400000  1.654530e-022
1105.600000  1.461592e-022
1105.800000  1.601427e-022
1106.000000  1.498680e-022
1106.200000  1.569562e-022
1106.400000  1.605196e-022
1106.600000  1.574724e-022
1106.800000  1.610133e-022
1107.000000  1.553440e-022
1107.200000  1.609262e-022
1107.400000  1.500616e-022
1107.600000  1.484188e-022
1107.800000  1.543304e-022
1108.000000  1.544114e-022
1108.200000  1.496398e-022
1108.400000  1.497163e-022
1108.600000  1.602476e-022
1108.800000  1.447692e-022
1109.000000  1.497699e-022
1109.200000  1.556898e-022
1109.400000  1.462194e-022
1109.600000  1.477927e-022
1109.800000  1.415367e-022
1110.000000  1.543660e-022
1110.200000  1.443876e-022
1110.400000  1.513967e-022
1110.600000  1.501147e-022
1110.800000  1.383601e-022
1111.000000  1.468920e-022
1111.200000  1.559429e-022
1111.400000  1.598497e-022
1111.600000  1.431928e-022
1111.800000  1.464709e-022
1112.000000  1.286417e-022
1112.200000  1.455738e-022
1112.400000  1.471049e-022
1112.600000  1.304203e-022
1112.800000  1.392222e-022
1113.000000  1.414084e-022
1113.200000  1.307724e-022
1113.400000  1.369646e-022
1113.600000  1.414605e-022
1113.800000  1.464741e-022
1114.000000  1.303428e-022
1114.200000  1.356854e-022
1114.400000  1.262184e-022
1114.600000  1.295208e-022
1114.800000  1.392431e-022
1115.000000  1.169438e-022
1115.200000  1.380149e-022
1115.400000  1.296843e-022
1115.600000  1.265972e-022
1115.800000  1.357247e-022
1116.000000  1.181050e-022
1116.200000  1.237562e-022
1116.400000  1.168913e-022
1116.600000  1.312334e-022
1116.800000  1.182554e-022
1117.000000  1.093291e-022
1117.200000  1.033393e-022
1117.400000  1.136379e-022
1117.600000  1.224912e-022
1117.800000  1.083478e-022
1118.000000  9.445386e-023
1118.200000  1.047505e-022
1118.400000  1.182787e-022
1118.600000  1.049686e-022
1118.800000  1.170495e-022
1119.000000  1.072123e-022
1119.200000  1.155083e-022
1119.400000  9.812069e-023
1119.600000  1.037464e-022
1119.800000  1.152639e-022
1120.000000  9.200377e-023
1120.200000  1.081586e-022
1120.400000  9.920817e-023
1120.600000  9.818418e-023
1120.800000  9.242563e-023
1121.000000  9.953601e-023
1121.200000  9.082438e-023
1121.400000  1.035596e-022
1121.600000  1.144859e-022
1121.800000  9.467184e-023
1122.000000  8.427617e-023
1122.200000  8.553409e-023
1122.400000  8.414611e-023
1122.600000  8.687153e-023
1122.800000  7.998929e-023
1123.000000  7.890478e-023
1123.200000  7.925645e-023
1123.400000  6.962630e-023
1123.600000  8.657009e-023
1123.800000  6.812022e-023
1124.000000  6.494909e-023
1124.200000  7.766283e-023
1124.400000  6.786221e-023
1124.600000  7.176073e-023
1124.800000  8.356966e-023
1125.000000  6.363120e-023
1125.200000  6.147969e-023
1125.400000  6.093447e-023
1125.600000  6.187345e-023
1125.800000  6.075818e-023
1126.000000  6.625709e-023
1126.200000  7.075181e-023
1126.400000  5.606821e-023
1126.600000  6.497373e-023
1126.800000  6.398304e-023
1127.000000  7.173480e-023
1127.200000  6.409668e-023
1127.400000  5.724129e-023
1127.600000  5.697326e-023
1127.800000  5.673661e-023
1128.000000  6.713506e-023
1128.200000  5.226602e-023
1128.400000  6.680625e-023
1128.600000  7.724115e-023
1128.800000  7.019405e-023
1129.000000  6.034339e-023
1129.200000  6.601592e-023
1129.400000  6.960951e-023
1129.600000  6.166187e-023
1129.800000  6.899239e-023
1130.000000  6.963349e-023
1130.200000  6.911461e-023
1130.400000  6.443064e-023
1130.600000  6.135374e-023
1130.800000  6.260450e-023
1131.000000  5.702826e-023
1131.200000  6.005897e-023
1131.400000  5.045006e-023
1131.600000  4.455602e-023
1131.800000  5.440445e-023
1132.000000  6.739111e-023
1132.200000  4.962000e-023
1132.400000  5.620970e-023
1132.600000  4.970772e-023
1132.800000  5.947358e-023
1133.000000  4.881597e-023
1133.200000  6.611499e-023
1133.400000  5.632749e-023
1133.600000  5.238300e-023
1133.800000  5.242923e-023
1134.000000  6.352813e-023
1134.200000  5.281721e-023
1134.400000  4.379580e-023
1134.600000  5.636323e-023
1134.800000  4.150333e-023
1135.000000  4.331878e-023
1135.200000  4.444501e-023
1135.400000  4.151416e-023
1135.600000  4.485366e-023
1135.800000  5.355445e-023
1136.000000  3.854684e-023
1136.200000  5.411245e-023
1136.400000  5.687804e-023
1136.600000  3.864874e-023
1136.800000  4.904243e-023
1137.000000  4.908559e-023
1137.200000  3.984853e-023
1137.400000  3.948408e-023
1137.600000  4.101825e-023
1137.800000  4.585678e-023
1138.000000  4.199167e-023
1138.200000  4.643858e-023
1138.400000  3.748446e-023
1138.600000  4.501418e-023
1138.800000  4.143603e-023
1139.000000  3.209504e-023
1139.200000  5.583730e-023
1139.400000  5.319949e-023
1139.600000  4.181709e-023
1139.800000  3.542769e-023
1140.000000  4.027417e-023
1140.200000  4.573579e-023
1140.400000  3.041046e-023
1140.600000  3.615992e-023
1140.800000  4.224047e-023
1141.000000  5.100359e-023
1141.200000  4.048659e-023
1141.400000  3.387117e-023
1141.600000  4.269399e-023
1141.800000  3.241681e-023
1142.000000  4.487501e-023
1142.200000  3.277623e-023
1142.400000  3.705869e-023
1142.600000  3.161773e-023
1142.800000  2.981820e-023
1143.000000  3.807733e-023
1143.200000  2.530124e-023
1143.400000  4.607359e-023
1143.600000  2.137386e-023
1143.800000  3.178411e-023
1144.000000  3.058850e-023
1144.200000  2.418762e-023
1144.400000  2.819093e-023
1144.600000  2.576234e-023
1144.800000  2.461219e-023
1145.000000  3.448787e-023
1145.200000  2.650514e-023
1145.400000  2.591111e-023
1145.600000  2.932946e-023
1145.800000  2.595639e-023
1146.000000  1.855696e-023
1146.200000  2.166984e-023
1146.400000  1.425023e-023
1146.600000  3.781426e-023
1146.800000  2.327727e-023
1147.000000  3.510261e-023
1147.200000  3.544599e-023
1147.400000  1.182563e-023
1147.600000  3.176558e-023
1147.800000  2.898849e-023
1148.000000  1.716066e-023
1148.200000  1.967116e-023
1148.400000  4.688022e-024
1148.600000  1.376164e-023
1148.800000  2.191673e-023
1149.000000  3.102116e-023
1149.200000  2.226690e-023
1149.400000  3.610294e-023
1149.600000  2.387536e-023
1149.800000  2.206149e-023
1150.000000  2.807487e-023
