800.000000  -8.180257e-023
800.200000  -1.298178e-022
800.400000  -8.236869e-023
800.600000  -9.047007e-023
800.800000  -1.303523e-022
801.000000  -1.055479e-022
801.200000  -5.330800e-023
801.400000  -7.064189e-023
801.600000  -1.117343e-022
801.800000  -8.969819e-023
802.000000  -6.770144e-023
802.200000  -1.076391e-022
802.400000  -1.114776e-022
802.600000  -5.995513e-023
802.800000  -4.704507e-023
803.000000  -6.853512e-023
803.200000  -4.128467e-023
803.400000  -1.980188e-023
803.600000  -4.061446e-023
803.800000  -3.865325e-023
804.000000  -4.025227e-024
804.200000  1.558224e-023
804.400000  -1.887261e-023
804.600000  -2.596925e-023
804.800000  2.494746e-023
805.000000  2.237243e-023
805.200000  -2.060001e-023
805.400000  -2.925113e-024
805.600000  1.929710e-023
805.800000  -1.644775e-023
806.000000  -2.426401e-023
806.200000  3.257334e-023
806.400000  5.477308e-023
806.600000  2.414864e-023
806.800000  2.684957e-023
807.000000  7.587246e-023
807.200000  6.756173e-023
807.400000  1.405551e-023
807.600000  3.770723e-023
807.800000  6.057159e-023
808.000000  8.992830e-024
808.200000  -3.331819e-023
808.400000  -2.666514e-023
808.600000  -4.278519e-023
808.800000  -7.702829e-023
809.000000  -6.591934e-023
809.200000  -2.698789e-023
809.400000  -4.830897e-023
809.600000  -6.780306e-023
809.800000  -3.213357e-023
810.000000  -1.122816e-023
810.200000  -3.592591e-023
810.400000  -2.351897e-023
810.600000  2.290211e-023
810.800000  1.960479e-023
811.000000  -2.258831e-023
811.200000  1.719051e-023
811.400000  6.951079e-023
811.600000  4.210174e-023
811.800000  -5.433587e-024
812.000000  6.972321e-024
812.200000  3.109196e-023
812.400000  -3.939136e-024
812.600000  -2.731804e-023
812.800000  2.350561e-023
813.000000  2.157621e-023
813.200000  -1.989756e-023
813.400000  -4.920548e-024
813.600000  2.840048e-023
813.800000  -4.799762e-024
814.000000  -3.291925e-023
814.200000  1.559561e-023
814.400000  1.885354e-023
814.600000  -2.858563e-023
814.800000  -4.929923e-023
815.000000  6.648153e-024
815.200000  -5.636759e-024
815.400000  -4.910687e-023
815.600000  -1.786835e-023
815.800000  3.814925e-023
816.000000  3.821336e-023
816.200000  1.162224e-023
816.400000  3.570011e-023
816.600000  3.887241e-023
816.800000  -1.091852e-023
817.000000  3.369833e-024
817.200000  4.557338e-023
817.400000  5.989202e-023
817.600000  4.711537e-023
817.800000  7.456033e-023
818.000000  9.162331e-023
818.200000  5.711113e-023
818.400000  2.867696e-023
818.600000  7.510791e-023
818.800000  7.905991e-023
819.000000  3.667765e-023
819.200000  1.847866e-023
819.400000  4.460235e-023
819.600000  2.432366e-023
819.800000  -9.991226e-024
820.000000  1.406655e-023
820.200000  4.327961e-023
820.400000  1.807969e-023
820.600000  7.766707e-024
820.800000  6.037601e-023
821.000000  7.322662e-023
821.200000  3.184893e-023
821.400000  1.318517e-023
821.600000  3.646212e-023
821.800000  -1.635879e-023
822.000000  -5.694086e-023
822.200000  -3.105186e-023
822.400000  5.061510e-024
822.600000  -1.419655e-023
822.800000  -1.998115e-023
823.000000  1.305978e-023
823.200000  6.668669e-024
823.400000  -3.090216e-023
823.600000  -3.865241e-023
823.800000  -2.164446e-023
824.000000  -5.514355e-023
824.200000  -8.706988e-023
824.400000  -5.131486e-023
824.600000  -1.558367e-023
824.800000  -1.425914e-023
825.000000  -4.453772e-024
825.200000  4.690480e-023
825.400000  8.205644e-023
825.600000  6.723773e-023
825.800000  8.755588e-023
826.000000  1.015417e-022
826.200000  5.072435e-023
826.400000  -1.386697e-024
826.600000  1.739501e-023
826.800000  3.029273e-023
827.000000  -2.564071e-023
827.200000  -4.867047e-023
827.400000  -1.521936e-023
827.600000  -2.677487e-023
827.800000  -8.136245e-023
828.000000  -7.740754e-023
828.200000  -3.942050e-023
828.400000  -5.331641e-023
828.600000  -6.374411e-023
828.800000  -2.760873e-023
829.000000  -5.677885e-024
829.200000  -2.814442e-023
829.400000  -3.702384e-023
829.600000  -3.421950e-025
829.800000  -6.038431e-024
830.000000  -5.212504e-023
830.200000  -2.957947e-023
830.400000  -1.543557e-023
830.600000  -2.241098e-023
830.800000  -4.229741e-023
831.000000  -1.400336e-023
831.200000  -3.012586e-024
831.400000  -5.850037e-023
831.600000  -7.208431e-023
831.800000  -3.625515e-023
832.000000  -5.216335e-023
832.200000  -9.446605e-023
832.400000  -8.486031e-023
832.600000  -4.289429e-023
832.800000  -5.034931e-023
833.000000  -7.204566e-023
833.200000  -2.279589e-023
833.400000  -3.568724e-024
833.600000  -4.289807e-023
833.800000  -5.434050e-023
834.000000  -2.375154e-023
834.200000  -4.404241e-023
834.400000  -7.447358e-023
834.600000  -3.624622e-023
834.800000  8.976084e-024
835.000000  -6.842972e-024
835.200000  -1.054027e-023
835.400000  3.824166e-023
835.600000  4.390357e-023
835.800000  6.094645e-024
836.000000  2.682102e-023
836.200000  7.028693e-023
836.400000  4.403154e-023
836.600000  5.082692e-024
836.800000  2.433440e-023
837.000000  4.111639e-023
837.200000  -2.799469e-024
837.400000  -8.358405e-024
837.600000  2.473517e-023
837.800000  1.728142e-023
838.000000  -1.629251e-023
838.200000  -1.750596e-023
838.400000  6.913265e-024
838.600000  -2.167935e-023
838.800000  -3.923993e-023
839.000000  1.465746e-023
839.200000  4.626281e-023
839.400000  1.606708e-023
839.600000  2.897850e-024
839.800000  4.600158e-023
840.000000  5.362618e-023
840.200000  1.890436e-023
840.400000  3.033022e-023
840.600000  6.136768e-023
840.800000  4.496370e-023
841.000000  5.240203e-024
841.200000  3.447357e-023
841.400000  5.347400e-023
841.600000  1.302083e-023
841.800000  -1.908477e-025
842.000000  3.401110e-023
842.200000  2.265249e-023
842.400000  -1.511903e-023
842.600000  -1.126494e-023
842.800000  2.723692e-023
843.000000  -8.574636e-024
843.200000  -3.421317e-023
843.400000  -8.971809e-025
843.600000  1.989481e-023
843.800000  -1.956660e-023
844.000000  -1.701778e-023
844.200000  3.511925e-023
844.400000  3.073056e-023
844.600000  -4.245006e-024
844.800000  -4.215222e-025
845.000000  3.973148e-023
845.200000  2.226064e-023
845.400000  -9.025888e-024
845.600000  1.298129e-023
845.800000  1.490887e-023
846.000000  -1.253094e-023
846.200000  2.646413e-026
846.400000  4.632616e-023
846.600000  2.822538e-023
846.800000  -2.901229e-023
847.000000  -2.584482e-023
847.200000  4.742324e-024
847.400000  -1.137426e-023
847.600000  -2.254749e-023
847.800000  2.677780e-023
848.000000  3.683748e-023
848.200000  1.949359e-024
848.400000  3.874494e-024
848.600000  4.822572e-023
848.800000  4.203155e-023
849.000000  2.403551e-023
849.200000  3.661580e-023
849.400000  6.160990e-023
849.600000  2.918520e-023
849.800000  1.055465e-023
850.000000  5.164878e-023
850.200000  5.542592e-023
850.400000  2.314999e-023
850.600000  3.375021e-023
850.800000  5.486010e-023
851.000000  2.202427e-023
851.200000  -8.759322e-024
851.400000  3.142334e-023
851.600000  7.140613e-023
851.800000  3.823530e-023
852.000000  1.925749e-023
852.200000  4.512652e-023
852.400000  6.296474e-023
852.600000  3.481005e-023
852.800000  3.299040e-023
853.000000  7.242777e-023
853.200000  5.529738e-023
853.400000  1.659609e-023
853.600000  3.016889e-023
853.800000  4.065930e-023
854.000000  8.806793e-024
854.200000  3.958171e-024
854.400000  4.995125e-023
854.600000  6.884916e-023
854.800000  3.405761e-023
855.000000  4.258902e-023
855.200000  7.359515e-023
855.400000  5.173044e-023
855.600000  2.445923e-023
855.800000  5.243774e-023
856.000000  7.249665e-023
856.200000  3.913110e-023
856.400000  1.745968e-023
856.600000  6.412069e-023
856.800000  5.131086e-023
857.000000  2.905982e-023
857.200000  5.446523e-023
857.400000  8.326583e-023
857.600000  5.990757e-023
857.800000  2.813292e-023
858.000000  6.627680e-023
858.200000  8.154496e-023
858.400000  7.078334e-023
858.600000  7.502242e-023
858.800000  1.113849e-022
859.000000  7.987715e-023
859.200000  2.373347e-023
859.400000  3.402083e-023
859.600000  8.149887e-023
859.800000  6.514809e-023
860.000000  3.772278e-023
860.200000  8.692546e-023
860.400000  1.113813e-022
860.600000  8.624163e-023
860.800000  7.127976e-023
861.000000  1.161892e-022
861.200000  1.031239e-022
861.400000  6.547356e-023
861.600000  9.175927e-023
861.800000  1.166114e-022
862.000000  8.098770e-023
862.200000  5.318458e-023
862.400000  9.065016e-023
862.600000  1.027171e-022
862.800000  6.648310e-023
863.000000  8.075590e-023
863.200000  1.266024e-022
863.400000  1.042665e-022
863.600000  5.632310e-023
863.800000  8.540358e-023
864.000000  1.165945e-022
864.200000  8.528178e-023
864.400000  5.826938e-023
864.600000  7.650386e-023
864.800000  8.008222e-023
865.000000  5.239477e-023
865.200000  4.541773e-023
865.400000  8.541737e-023
865.600000  7.824694e-023
865.800000  5.377707e-023
866.000000  9.019091e-023
866.200000  1.036917e-022
866.400000  8.549073e-023
866.600000  7.321752e-023
866.800000  1.162568e-022
867.000000  1.297359e-022
867.200000  8.628709e-023
867.400000  9.762643e-023
867.600000  1.334063e-022
867.800000  1.087454e-022
868.000000  5.728428e-023
868.200000  7.776747e-023
868.400000  9.257181e-023
868.600000  7.865946e-023
868.800000  5.053266e-023
869.000000  9.920482e-023
869.200000  9.603714e-023
869.400000  7.684625e-023
869.600000  1.103721e-022
869.800000  1.569160e-022
870.000000  1.352928e-022
870.200000  1.102382e-022
870.400000  1.605606e-022
870.600000  1.768908e-022
870.800000  1.316912e-022
871.000000  1.219121e-022
871.200000  1.524734e-022
871.400000  1.412904e-022
871.600000  1.270924e-022
871.800000  1.634628e-022
872.000000  2.038934e-022
872.200000  1.591685e-022
872.400000  1.293869e-022
872.600000  1.695855e-022
872.800000  1.906361e-022
873.000000  1.374513e-022
873.200000  1.107516e-022
873.400000  1.328563e-022
873.600000  1.189241e-022
873.800000  7.647234e-023
874.000000  1.045943e-022
874.200000  1.371130e-022
874.400000  1.112119e-022
874.600000  8.279982e-023
874.800000  1.094894e-022
875.000000  1.293266e-022
875.200000  9.449312e-023
875.400000  8.832326e-023
875.600000  1.232691e-022
875.800000  1.204610e-022
876.000000  9.004498e-023
876.200000  1.136427e-022
876.400000  1.479756e-022
876.600000  1.393698e-022
876.800000  1.273943e-022
877.000000  1.703668e-022
877.200000  1.728091e-022
877.400000  1.560516e-022
877.600000  1.637976e-022
877.800000  1.917552e-022
878.000000  1.639254e-022
878.200000  1.399682e-022
878.400000  1.856033e-022
878.600000  2.354627e-022
878.800000  2.181922e-022
879.000000  2.040187e-022
879.200000  2.514207e-022
879.400000  2.585441e-022
879.600000  2.262279e-022
879.800000  2.258512e-022
880.000000  2.616019e-022
880.200000  2.471344e-022
880.400000  2.305187e-022
880.600000  2.676176e-022
880.800000  2.971708e-022
881.000000  2.739892e-022
881.200000  2.636387e-022
881.400000  3.054966e-022
881.600000  3.218117e-022
881.800000  2.889339e-022
882.000000  2.982177e-022
882.200000  3.382217e-022
882.400000  3.177435e-022
882.600000  2.811524e-022
882.800000  3.145547e-022
883.000000  3.370403e-022
883.200000  2.954218e-022
883.400000  2.826315e-022
883.600000  3.387273e-022
883.800000  3.457521e-022
884.000000  3.184184e-022
884.200000  3.392916e-022
884.400000  3.668067e-022
884.600000  3.339509e-022
884.800000  2.951335e-022
885.000000  3.138875e-022
885.200000  3.077217e-022
885.400000  2.720550e-022
885.600000  2.858392e-022
885.800000  3.313161e-022
886.000000  3.416761e-022
886.200000  3.193430e-022
886.400000  3.535387e-022
886.600000  3.995444e-022
886.800000  3.969944e-022
887.000000  3.790354e-022
887.200000  4.125571e-022
887.400000  4.201633e-022
887.600000  3.802744e-022
887.800000  3.539724e-022
888.000000  3.905915e-022
888.200000  3.909969e-022
888.400000  3.454053e-022
888.600000  3.728486e-022
888.800000  4.046050e-022
889.000000  3.984719e-022
889.200000  3.909745e-022
889.400000  4.345168e-022
889.600000  4.345806e-022
889.800000  3.830601e-022
890.000000  3.678001e-022
890.200000  3.838789e-022
890.400000  3.540646e-022
890.600000  3.071535e-022
890.800000  3.465395e-022
891.000000  3.961806e-022
891.200000  3.776561e-022
891.400000  3.584057e-022
891.600000  4.133177e-022
891.800000  4.317014e-022
892.000000  4.190074e-022
892.200000  4.121908e-022
892.400000  4.555387e-022
892.600000  4.372282e-022
892.800000  4.113892e-022
893.000000  4.479560e-022
893.200000  4.825268e-022
893.400000  4.614854e-022
893.600000  4.458012e-022
893.800000  4.800313e-022
894.000000  4.931372e-022
894.200000  4.703554e-022
894.400000  4.877256e-022
894.600000  5.273149e-022
894.800000  5.134622e-022
895.000000  4.748383e-022
895.200000  5.149733e-022
895.400000  5.567529e-022
895.600000  5.383951e-022
895.800000  5.258478e-022
896.000000  5.609547e-022
896.200000  5.589711e-022
896.400000  5.150599e-022
896.600000  5.274260e-022
896.800000  5.458427e-022
897.000000  5.089679e-022
897.200000  4.808982e-022
897.400000  5.369815e-022
897.600000  5.910440e-022
897.800000  5.855160e-022
898.000000  5.976678e-022
898.200000  6.539800e-022
898.400000  6.662325e-022
898.600000  6.464986e-022
898.800000  6.707019e-022
899.000000  7.080821e-022
899.200000  6.768049e-022
899.400000  6.117775e-022
899.600000  6.376624e-022
899.800000  6.566102e-022
900.000000  6.184857e-022
900.200000  6.031179e-022
900.400000  6.369290e-022
900.600000  6.523061e-022
900.800000  6.333979e-022
901.000000  6.677929e-022
901.200000  7.239724e-022
901.400000  7.241819e-022
901.600000  7.175955e-022
901.800000  7.716441e-022
902.000000  7.932951e-022
902.200000  7.703642e-022
902.400000  7.798700e-022
902.600000  8.340066e-022
902.800000  8.402797e-022
903.000000  8.078255e-022
903.200000  8.560331e-022
903.400000  8.916513e-022
903.600000  8.886316e-022
903.800000  8.754933e-022
904.000000  9.208760e-022
904.200000  9.404782e-022
904.400000  9.079943e-022
904.600000  8.982028e-022
904.800000  9.438712e-022
905.000000  9.504560e-022
905.200000  9.374111e-022
905.400000  9.865172e-022
905.600000  1.045569e-021
905.800000  1.042436e-021
906.000000  1.052541e-021
906.200000  1.102214e-021
906.400000  1.115552e-021
906.600000  1.108928e-021
906.800000  1.128971e-021
907.000000  1.182238e-021
907.200000  1.172046e-021
907.400000  1.142941e-021
907.600000  1.163251e-021
907.800000  1.189398e-021
908.000000  1.169740e-021
908.200000  1.160191e-021
908.400000  1.209929e-021
908.600000  1.227177e-021
908.800000  1.184975e-021
909.000000  1.218584e-021
909.200000  1.278574e-021
909.400000  1.288762e-021
909.600000  1.272631e-021
909.800000  1.337376e-021
910.000000  1.408977e-021
910.200000  1.434627e-021
910.400000  1.492662e-021
910.600000  1.616661e-021
910.800000  1.706743e-021
911.000000  1.771216e-021
911.200000  1.894806e-021
911.400000  2.062707e-021
911.600000  2.155576e-021
911.800000  2.251547e-021
912.000000  2.427429e-021
912.200000  2.630913e-021
912.400000  2.806191e-021
912.600000  2.997662e-021
912.800000  3.273766e-021
913.000000  3.513792e-021
913.200000  3.744076e-021
913.400000  4.083414e-021
913.600000  4.349837e-021
913.800000  4.488196e-021
914.000000  4.591768e-021
914.200000  4.736374e-021
914.400000  4.759364e-021
914.600000  4.676011e-021
914.800000  4.618965e-021
915.000000  4.567566e-021
915.200000  4.421104e-021
915.400000  4.261329e-021
915.600000  4.200235e-021
915.800000  4.181827e-021
916.000000  4.051049e-021
916.200000  3.887061e-021
916.400000  3.807564e-021
916.600000  3.689456e-021
916.800000  3.511079e-021
917.000000  3.342725e-021
917.200000  3.225155e-021
917.400000  3.054004e-021
917.600000  2.847473e-021
917.800000  2.733141e-021
918.000000  2.638686e-021
918.200000  2.501492e-021
918.400000  2.372954e-021
918.600000  2.353270e-021
918.800000  2.321325e-021
919.000000  2.235978e-021
919.200000  2.222830e-021
919.400000  2.253485e-021
919.600000  2.234464e-021
919.800000  2.195012e-021
920.000000  2.213677e-021
920.200000  2.246914e-021
920.400000  2.199853e-021
920.600000  2.137844e-021
920.800000  2.125005e-021
921.000000  2.086923e-021
921.200000  1.982999e-021
921.400000  1.923083e-021
921.600000  1.916028e-021
921.800000  1.886143e-021
922.000000  1.850690e-021
922.200000  1.901515e-021
922.400000  1.981364e-021
922.600000  2.017008e-021
922.800000  2.044916e-021
923.000000  2.147119e-021
923.200000  2.194422e-021
923.400000  2.213223e-021
923.600000  2.268411e-021
923.800000  2.390717e-021
924.000000  2.465101e-021
924.200000  2.546163e-021
924.400000  2.694953e-021
924.600000  2.821439e-021
924.800000  2.886108e-021
925.000000  3.021447e-021
925.200000  3.228810e-021
925.400000  3.399267e-021
925.600000  3.527301e-021
925.800000  3.680436e-021
926.000000  3.841932e-021
926.200000  3.917839e-021
926.400000  3.966139e-021
926.600000  4.107623e-021
926.800000  4.148031e-021
927.000000  4.139505e-021
927.200000  4.190212e-021
927.400000  4.277166e-021
927.600000  4.255540e-021
927.800000  4.190012e-021
928.000000  4.230044e-021
928.200000  4.289932e-021
928.400000  4.264216e-021
928.600000  4.277323e-021
928.800000  4.356252e-021
929.000000  4.348559e-021
929.200000  4.338617e-021
929.400000  4.420699e-021
929.600000  4.575014e-021
929.800000  4.609703e-021
930.000000  4.616524e-021
930.200000  4.696663e-021
930.400000  4.745962e-021
930.600000  4.695830e-021
930.800000  4.674980e-021
931.000000  4.703828e-021
931.200000  4.610970e-021
931.400000  4.449934e-021
931.600000  4.388487e-021
931.800000  4.368307e-021
932.000000  4.254785e-021
932.200000  4.181006e-021
932.400000  4.194978e-021
932.600000  4.192909e-021
932.800000  4.135173e-021
933.000000  4.139444e-021
933.200000  4.268171e-021
933.400000  4.320763e-021
933.600000  4.354791e-021
933.800000  4.450943e-021
934.000000  4.583812e-021
934.200000  4.614254e-021
934.400000  4.684114e-021
934.600000  4.852288e-021
934.800000  4.981553e-021
935.000000  5.052353e-021
935.200000  5.172665e-021
935.400000  5.389372e-021
935.600000  5.527590e-021
935.800000  5.619957e-021
936.000000  5.836141e-021
936.200000  6.151170e-021
936.400000  6.286212e-021
936.600000  6.465374e-021
936.800000  6.726599e-021
937.000000  6.862422e-021
937.200000  6.878680e-021
937.400000  6.893394e-021
937.600000  6.974023e-021
937.800000  6.886014e-021
938.000000  6.742407e-021
938.200000  6.735369e-021
938.400000  6.667360e-021
938.600000  6.526373e-021
938.800000  6.538929e-021
939.000000  6.778150e-021
939.200000  6.914121e-021
939.400000  6.996202e-021
939.600000  7.268062e-021
939.800000  7.607558e-021
940.000000  7.816716e-021
940.200000  8.028138e-021
940.400000  8.374231e-021
940.600000  8.687983e-021
940.800000  8.829605e-021
941.000000  8.992762e-021
941.200000  9.189190e-021
941.400000  9.285632e-021
941.600000  9.226059e-021
941.800000  9.137368e-021
942.000000  9.024064e-021
942.200000  8.667552e-021
942.400000  8.203424e-021
942.600000  7.789516e-021
942.800000  7.314198e-021
943.000000  6.730016e-021
943.200000  6.229179e-021
943.400000  5.881237e-021
943.600000  5.478363e-021
943.800000  5.081775e-021
944.000000  4.778315e-021
944.200000  4.585746e-021
944.400000  4.329337e-021
944.600000  4.060511e-021
944.800000  3.912224e-021
945.000000  3.774824e-021
945.200000  3.591662e-021
945.400000  3.410220e-021
945.600000  3.293614e-021
945.800000  3.149229e-021
946.000000  2.978483e-021
946.200000  2.840904e-021
946.400000  2.763398e-021
946.600000  2.628408e-021
946.800000  2.472671e-021
947.000000  2.366328e-021
947.200000  2.312999e-021
947.400000  2.207637e-021
947.600000  2.098411e-021
947.800000  2.073385e-021
948.000000  2.053966e-021
948.200000  1.982787e-021
948.400000  1.964380e-021
948.600000  1.987712e-021
948.800000  1.957325e-021
949.000000  1.899523e-021
949.200000  1.906972e-021
949.400000  1.908875e-021
949.600000  1.854497e-021
949.800000  1.821496e-021
950.000000  1.849828e-021
950.200000  1.866388e-021
950.400000  1.806965e-021
950.600000  1.793654e-021
950.800000  1.827447e-021
951.000000  1.800317e-021
951.200000  1.743556e-021
951.400000  1.765109e-021
951.600000  1.770268e-021
951.800000  1.714009e-021
952.000000  1.676707e-021
952.200000  1.698446e-021
952.400000  1.665364e-021
952.600000  1.577176e-021
952.800000  1.542494e-021
953.000000  1.541339e-021
953.200000  1.465582e-021
953.400000  1.392203e-021
953.600000  1.402139e-021
953.800000  1.432423e-021
954.000000  1.399391e-021
954.200000  1.378579e-021
954.400000  1.435343e-021
954.600000  1.441995e-021
954.800000  1.417381e-021
955.000000  1.434779e-021
955.200000  1.475566e-021
955.400000  1.509763e-021
955.600000  1.527370e-021
955.800000  1.535368e-021
956.000000  1.548930e-021
956.200000  1.557225e-021
956.400000  1.536656e-021
956.600000  1.496046e-021
956.800000  1.494119e-021
957.000000  1.502960e-021
957.200000  1.515812e-021
957.400000  1.562124e-021
957.600000  1.619570e-021
957.800000  1.644046e-021
958.000000  1.672389e-021
958.200000  1.694730e-021
958.400000  1.712446e-021
958.600000  1.722464e-021
958.800000  1.726595e-021
959.000000  1.724172e-021
959.200000  1.706833e-021
959.400000  1.668941e-021
959.600000  1.635158e-021
959.800000  1.596976e-021
960.000000  1.551693e-021
960.200000  1.487171e-021
960.400000  1.442144e-021
960.600000  1.407120e-021
960.800000  1.351808e-021
961.000000  1.307757e-021
961.200000  1.266893e-021
961.400000  1.209108e-021
961.600000  1.171536e-021
961.800000  1.148679e-021
962.000000  1.134018e-021
962.200000  1.116114e-021
962.400000  1.097555e-021
962.600000  1.082080e-021
962.800000  1.085836e-021
963.000000  1.079539e-021
963.200000  1.088295e-021
963.400000  1.112934e-021
963.600000  1.141146e-021
963.800000  1.168604e-021
964.000000  1.198605e-021
964.200000  1.221424e-021
964.400000  1.228417e-021
964.600000  1.256109e-021
964.800000  1.296278e-021
965.000000  1.358358e-021
965.200000  1.396907e-021
965.400000  1.457974e-021
965.600000  1.537199e-021
965.800000  1.612039e-021
966.000000  1.706618e-021
966.010000  1.744125e-021
966.020000  1.759905e-021
966.030000  1.766487e-021
966.040000  1.769378e-021
966.050000  1.746465e-021
966.060000  1.765928e-021
966.070000  1.783606e-021
966.080000  1.795770e-021
966.090000  1.761685e-021
966.100000  1.751685e-021
966.110000  1.739874e-021
966.120000  1.755610e-021
966.130000  1.789867e-021
966.140000  1.798320e-021
966.150000  1.797509e-021
966.160000  1.794846e-021
966.170000  1.788485e-021
966.180000  1.808053e-021
966.190000  1.818382e-021
966.200000  1.856745e-021
966.210000  1.842320e-021
966.220000  1.842856e-021
966.230000  1.839655e-021
966.240000  1.845800e-021
966.250000  1.861332e-021
966.260000  1.867512e-021
966.270000  1.860542e-021
966.280000  1.855454e-021
966.290000  1.850369e-021
966.300000  1.860296e-021
966.310000  1.883447e-021
966.320000  1.895345e-021
966.330000  1.894009e-021
966.340000  1.885106e-021
966.350000  1.895123e-021
966.360000  1.912765e-021
966.370000  1.938116e-021
966.380000  1.961686e-021
966.390000  1.941177e-021
966.400000  1.934102e-021
966.410000  1.939395e-021
966.420000  1.942779e-021
966.430000  1.963442e-021
966.440000  1.984192e-021
966.450000  1.993411e-021
966.460000  1.983304e-021
966.470000  1.986723e-021
966.480000  1.999822e-021
966.490000  2.007132e-021
966.500000  2.028075e-021
966.510000  2.023736e-021
966.520000  2.003859e-021
966.530000  2.003415e-021
966.540000  2.020456e-021
966.550000  2.072829e-021
966.560000  2.103942e-021
966.570000  2.089667e-021
966.580000  2.071495e-021
966.590000  2.045551e-021
966.600000  2.054898e-021
966.610000  2.077257e-021
966.620000  2.133426e-021
966.630000  2.172126e-021
966.640000  2.148874e-021
966.650000  2.115813e-021
966.660000  2.096778e-021
966.670000  2.111368e-021
966.680000  2.129968e-021
966.690000  2.150625e-021
966.700000  2.157362e-021
966.710000  2.178119e-021
966.720000  2.204997e-021
966.730000  2.252303e-021
966.740000  2.263229e-021
966.750000  2.227433e-021
966.760000  2.207990e-021
966.770000  2.220843e-021
966.780000  2.245887e-021
966.790000  2.273085e-021
966.800000  2.294273e-021
966.810000  2.297218e-021
966.820000  2.304265e-021
966.830000  2.329837e-021
966.840000  2.351388e-021
966.850000  2.370944e-021
966.860000  2.386401e-021
966.870000  2.381051e-021
966.880000  2.394445e-021
966.890000  2.395340e-021
966.900000  2.423420e-021
966.910000  2.464309e-021
966.920000  2.454649e-021
966.930000  2.463985e-021
966.940000  2.488168e-021
966.950000  2.518855e-021
966.960000  2.485714e-021
966.970000  2.507854e-021
966.980000  2.515139e-021
966.990000  2.554546e-021
967.000000  2.583436e-021
967.010000  2.618799e-021
967.020000  2.606454e-021
967.030000  2.600633e-021
967.040000  2.616529e-021
967.050000  2.667538e-021
967.060000  2.685879e-021
967.070000  2.671171e-021
967.080000  2.660890e-021
967.090000  2.641856e-021
967.100000  2.684359e-021
967.110000  2.727242e-021
967.120000  2.752563e-021
967.130000  2.751077e-021
967.140000  2.747351e-021
967.150000  2.759314e-021
967.160000  2.762318e-021
967.170000  2.796903e-021
967.180000  2.852292e-021
967.190000  2.864548e-021
967.200000  2.863059e-021
967.210000  2.860918e-021
967.220000  2.884051e-021
967.230000  2.916550e-021
967.240000  2.958593e-021
967.250000  2.968101e-021
967.260000  2.954226e-021
967.270000  2.952044e-021
967.280000  2.959202e-021
967.290000  2.994528e-021
967.300000  3.015900e-021
967.310000  3.027879e-021
967.320000  3.032770e-021
967.330000  3.042413e-021
967.340000  3.083096e-021
967.350000  3.114460e-021
967.360000  3.146015e-021
967.370000  3.148591e-021
967.380000  3.173043e-021
967.390000  3.178069e-021
967.400000  3.197762e-021
967.410000  3.237521e-021
967.420000  3.307495e-021
967.430000  3.312948e-021
967.440000  3.328434e-021
967.450000  3.323868e-021
967.460000  3.341899e-021
967.470000  3.390375e-021
967.480000  3.408634e-021
967.490000  3.447453e-021
967.500000  3.435082e-021
967.510000  3.448354e-021
967.520000  3.474544e-021
967.530000  3.503459e-021
967.540000  3.545596e-021
967.550000  3.551281e-021
967.560000  3.577986e-021
967.570000  3.562667e-021
967.580000  3.613220e-021
967.590000  3.642902e-021
967.600000  3.702322e-021
967.610000  3.737195e-021
967.620000  3.742332e-021
967.630000  3.785702e-021
967.640000  3.818401e-021
967.650000  3.865215e-021
967.660000  3.901238e-021
967.670000  3.929057e-021
967.680000  3.928763e-021
967.690000  3.956737e-021
967.700000  4.083814e-021
967.710000  4.137897e-021
967.720000  4.149811e-021
967.730000  4.168129e-021
967.740000  4.177011e-021
967.750000  4.203463e-021
967.760000  4.245111e-021
967.770000  4.338338e-021
967.780000  4.342828e-021
967.790000  4.347896e-021
967.800000  4.391152e-021
967.810000  4.445999e-021
967.820000  4.485441e-021
967.830000  4.575251e-021
967.840000  4.583116e-021
967.850000  4.597778e-021
967.860000  4.618048e-021
967.870000  4.659908e-021
967.880000  4.702440e-021
967.890000  4.755007e-021
967.900000  4.763250e-021
967.910000  4.757109e-021
967.920000  4.770070e-021
967.930000  4.858812e-021
967.940000  4.897655e-021
967.950000  4.961006e-021
967.960000  4.977902e-021
967.970000  5.007401e-021
967.980000  5.016781e-021
967.990000  5.082738e-021
968.000000  5.143875e-021
968.010000  5.216185e-021
968.020000  5.240577e-021
968.030000  5.281027e-021
968.040000  5.292729e-021
968.050000  5.351559e-021
968.060000  5.457104e-021
968.070000  5.525700e-021
968.080000  5.579828e-021
968.090000  5.568937e-021
968.100000  5.623471e-021
968.110000  5.719820e-021
968.120000  5.821146e-021
968.130000  5.860741e-021
968.140000  5.896698e-021
968.150000  5.938820e-021
968.160000  6.027197e-021
968.170000  6.113326e-021
968.180000  6.224466e-021
968.190000  6.270427e-021
968.200000  6.332993e-021
968.210000  6.368711e-021
968.220000  6.429385e-021
968.230000  6.532002e-021
968.240000  6.618461e-021
968.250000  6.713828e-021
968.260000  6.741876e-021
968.270000  6.753013e-021
968.280000  6.781115e-021
968.290000  6.843294e-021
968.300000  7.008666e-021
968.310000  7.114987e-021
968.320000  7.108988e-021
968.330000  7.172409e-021
968.340000  7.262287e-021
968.350000  7.335080e-021
968.360000  7.470103e-021
968.370000  7.552733e-021
968.380000  7.591071e-021
968.390000  7.602665e-021
968.400000  7.614264e-021
968.410000  7.666207e-021
968.420000  7.790526e-021
968.430000  7.861266e-021
968.440000  7.886764e-021
968.450000  7.912311e-021
968.460000  8.001993e-021
968.470000  8.101454e-021
968.480000  8.201586e-021
968.490000  8.246349e-021
968.500000  8.253887e-021
968.510000  8.280114e-021
968.520000  8.353285e-021
968.530000  8.389113e-021
968.540000  8.529216e-021
968.550000  8.622754e-021
968.560000  8.630529e-021
968.570000  8.657470e-021
968.580000  8.761492e-021
968.590000  8.866248e-021
968.600000  8.952184e-021
968.610000  9.018973e-021
968.620000  9.066355e-021
968.630000  9.084277e-021
968.640000  9.092351e-021
968.650000  9.219402e-021
968.660000  9.337507e-021
968.670000  9.325687e-021
968.680000  9.384156e-021
968.690000  9.412583e-021
968.700000  9.511955e-021
968.710000  9.560994e-021
968.720000  9.681891e-021
968.730000  9.721212e-021
968.740000  9.719418e-021
968.750000  9.779504e-021
968.760000  9.850219e-021
968.770000  9.848424e-021
968.780000  9.909054e-021
968.790000  9.969938e-021
968.800000  9.999578e-021
968.810000  1.002325e-020
968.820000  1.008907e-020
968.830000  1.017635e-020
968.840000  1.027477e-020
968.850000  1.024546e-020
968.860000  1.020559e-020
968.870000  1.027211e-020
968.880000  1.037106e-020
968.890000  1.041672e-020
968.900000  1.051654e-020
968.910000  1.047596e-020
968.920000  1.051106e-020
968.930000  1.051372e-020
968.940000  1.057060e-020
968.950000  1.064947e-020
968.960000  1.066306e-020
968.970000  1.069852e-020
968.980000  1.061388e-020
968.990000  1.063832e-020
969.000000  1.069558e-020
969.010000  1.071835e-020
969.020000  1.074116e-020
969.030000  1.076399e-020
969.040000  1.071005e-020
969.050000  1.065631e-020
969.060000  1.071182e-020
969.070000  1.073461e-020
969.080000  1.074645e-020
969.090000  1.070352e-020
969.100000  1.069347e-020
969.110000  1.063981e-020
969.120000  1.067340e-020
969.130000  1.066337e-020
969.140000  1.068608e-020
969.150000  1.064334e-020
969.160000  1.060072e-020
969.170000  1.055822e-020
969.180000  1.054828e-020
969.190000  1.057082e-020
969.200000  1.055004e-020
969.210000  1.044716e-020
969.220000  1.039841e-020
969.230000  1.029640e-020
969.240000  1.027995e-020
969.250000  1.031681e-020
969.260000  1.032169e-020
969.270000  1.024126e-020
969.280000  1.010836e-020
969.290000  1.012366e-020
969.300000  1.004410e-020
969.310000  1.002777e-020
969.320000  1.001146e-020
969.330000  9.921896e-021
969.340000  9.843172e-021
969.350000  9.754453e-021
969.360000  9.686747e-021
969.370000  9.701519e-021
969.380000  9.644243e-021
969.390000  9.515639e-021
969.400000  9.408239e-021
969.410000  9.348509e-021
969.420000  9.319177e-021
969.430000  9.360373e-021
969.440000  9.220648e-021
969.450000  9.131818e-021
969.460000  9.053393e-021
969.470000  8.916461e-021
969.480000  8.878198e-021
969.490000  8.918238e-021
969.500000  8.840923e-021
969.510000  8.764004e-021
969.520000  8.629671e-021
969.530000  8.563392e-021
969.540000  8.535583e-021
969.550000  8.507829e-021
969.560000  8.404147e-021
969.570000  8.310586e-021
969.580000  8.161552e-021
969.590000  8.125186e-021
969.600000  8.098194e-021
969.610000  8.017980e-021
969.620000  7.947404e-021
969.630000  7.849762e-021
969.640000  7.770929e-021
969.650000  7.683499e-021
969.660000  7.641545e-021
969.670000  7.590748e-021
969.680000  7.566981e-021
969.690000  7.498629e-021
969.700000  7.350962e-021
969.710000  7.283632e-021
969.720000  7.234124e-021
969.730000  7.254765e-021
969.740000  7.170472e-021
969.750000  7.034757e-021
969.760000  6.986133e-021
969.770000  6.929105e-021
969.780000  6.949380e-021
969.790000  6.875425e-021
969.800000  6.793357e-021
969.810000  6.632346e-021
969.820000  6.556420e-021
969.830000  6.472541e-021
969.840000  6.455457e-021
969.850000  6.405218e-021
969.860000  6.355141e-021
969.870000  6.223134e-021
969.880000  6.157324e-021
969.890000  6.099911e-021
969.900000  6.067003e-021
969.910000  6.050348e-021
969.920000  5.855315e-021
969.930000  5.761047e-021
969.940000  5.691425e-021
969.950000  5.607072e-021
969.960000  5.562547e-021
969.970000  5.529676e-021
969.980000  5.488904e-021
969.990000  5.394643e-021
970.000000  5.311125e-021
970.010000  5.260542e-021
970.020000  5.224258e-021
970.030000  5.181331e-021
970.040000  5.136164e-021
970.050000  5.052321e-021
970.060000  4.983385e-021
970.070000  4.910409e-021
970.080000  4.907266e-021
970.090000  4.851905e-021
970.100000  4.778766e-021
970.110000  4.702957e-021
970.120000  4.631024e-021
970.130000  4.600228e-021
970.140000  4.581772e-021
970.150000  4.548126e-021
970.160000  4.483974e-021
970.170000  4.402269e-021
970.180000  4.341940e-021
970.190000  4.292952e-021
970.200000  4.264648e-021
970.210000  4.237184e-021
970.220000  4.194759e-021
970.230000  4.121391e-021
970.240000  4.062030e-021
970.250000  3.962497e-021
970.260000  3.943238e-021
970.270000  3.915601e-021
970.280000  3.921836e-021
970.290000  3.877528e-021
970.300000  3.822540e-021
970.310000  3.765416e-021
970.320000  3.725179e-021
970.330000  3.687955e-021
970.340000  3.656356e-021
970.350000  3.616989e-021
970.360000  3.567409e-021
970.370000  3.528736e-021
970.380000  3.503321e-021
970.390000  3.503920e-021
970.400000  3.463169e-021
970.410000  3.405501e-021
970.420000  3.358575e-021
970.430000  3.337132e-021
970.440000  3.323290e-021
970.450000  3.297032e-021
970.460000  3.253619e-021
970.470000  3.217934e-021
970.480000  3.180081e-021
970.490000  3.188573e-021
970.500000  3.153376e-021
970.510000  3.106449e-021
970.520000  3.095681e-021
970.530000  3.046945e-021
970.540000  2.986988e-021
970.550000  2.953231e-021
970.560000  2.908191e-021
970.570000  2.902483e-021
970.580000  2.905972e-021
970.590000  2.888802e-021
970.600000  2.830774e-021
970.610000  2.782255e-021
970.620000  2.767627e-021
970.630000  2.750803e-021
970.640000  2.754083e-021
970.650000  2.726173e-021
970.660000  2.693984e-021
970.670000  2.648831e-021
970.680000  2.625802e-021
970.690000  2.613730e-021
970.700000  2.614719e-021
970.710000  2.563728e-021
970.720000  2.491918e-021
970.730000  2.458948e-021
970.740000  2.445103e-021
970.750000  2.456574e-021
970.760000  2.463843e-021
970.770000  2.454199e-021
970.780000  2.434035e-021
970.790000  2.407655e-021
970.800000  2.391829e-021
970.810000  2.384677e-021
970.820000  2.373369e-021
970.830000  2.355853e-021
970.840000  2.317754e-021
970.850000  2.279923e-021
970.860000  2.250483e-021
970.870000  2.274051e-021
970.880000  2.273159e-021
970.890000  2.233593e-021
970.900000  2.190292e-021
970.910000  2.149335e-021
970.920000  2.132504e-021
970.930000  2.129622e-021
970.940000  2.116812e-021
970.950000  2.092168e-021
970.960000  2.059777e-021
970.970000  2.037341e-021
970.980000  2.020837e-021
970.990000  2.027742e-021
971.000000  2.017101e-021
971.010000  1.985148e-021
971.020000  1.982328e-021
971.030000  1.975649e-021
971.040000  1.970909e-021
971.050000  1.989344e-021
971.060000  1.973006e-021
971.070000  1.947125e-021
971.080000  1.919477e-021
971.090000  1.905286e-021
971.100000  1.894934e-021
971.110000  1.895981e-021
971.120000  1.878085e-021
971.130000  1.843331e-021
971.140000  1.820027e-021
971.150000  1.808009e-021
971.160000  1.783025e-021
971.170000  1.787782e-021
971.180000  1.770302e-021
971.190000  1.752889e-021
971.200000  1.731872e-021
971.210000  1.719495e-021
971.220000  1.712630e-021
971.230000  1.700304e-021
971.240000  1.695288e-021
971.250000  1.670308e-021
971.260000  1.638246e-021
971.270000  1.638696e-021
971.280000  1.648156e-021
971.290000  1.643197e-021
971.300000  1.620278e-021
971.310000  1.608188e-021
971.320000  1.572979e-021
971.330000  1.569876e-021
971.340000  1.570326e-021
971.350000  1.586780e-021
971.360000  1.573000e-021
971.370000  1.534523e-021
971.380000  1.510355e-021
971.390000  1.509050e-021
971.400000  1.530586e-021
971.410000  1.525284e-021
971.420000  1.500678e-021
971.430000  1.463979e-021
971.440000  1.443093e-021
971.450000  1.463894e-021
971.460000  1.462110e-021
971.470000  1.465552e-021
971.480000  1.444631e-021
971.490000  1.420322e-021
971.500000  1.408173e-021
971.510000  1.406386e-021
971.520000  1.389094e-021
971.530000  1.401085e-021
971.540000  1.361493e-021
971.550000  1.342612e-021
971.560000  1.316989e-021
971.570000  1.311802e-021
971.580000  1.328715e-021
971.590000  1.332036e-021
971.600000  1.311520e-021
971.610000  1.296705e-021
971.620000  1.278558e-021
971.630000  1.282387e-021
971.640000  1.309932e-021
971.650000  1.310384e-021
971.660000  1.275306e-021
971.670000  1.233778e-021
971.680000  1.219202e-021
971.690000  1.234682e-021
971.700000  1.243503e-021
971.710000  1.243954e-021
971.720000  1.226014e-021
971.730000  1.223128e-021
971.740000  1.226917e-021
971.750000  1.230708e-021
971.760000  1.242864e-021
971.770000  1.233282e-021
971.780000  1.220385e-021
971.790000  1.182654e-021
971.800000  1.183105e-021
971.810000  1.188969e-021
971.820000  1.203130e-021
971.830000  1.205690e-021
971.840000  1.175138e-021
971.850000  1.166145e-021
971.860000  1.168692e-021
971.870000  1.179485e-021
971.880000  1.182035e-021
971.890000  1.161511e-021
971.900000  1.136167e-021
971.910000  1.114212e-021
971.920000  1.111853e-021
971.930000  1.114379e-021
971.940000  1.116905e-021
971.950000  1.101541e-021
971.960000  1.068457e-021
971.970000  1.046824e-021
971.980000  1.033290e-021
971.990000  1.032586e-021
972.000000  1.035084e-021
972.010000  1.035646e-021
972.020000  1.015422e-021
972.030000  1.012787e-021
972.040000  1.032527e-021
972.050000  1.036294e-021
972.060000  1.065806e-021
972.070000  1.077684e-021
972.080000  1.063725e-021
972.090000  1.041760e-021
972.100000  1.026283e-021
972.110000  1.031653e-021
972.120000  1.041849e-021
972.130000  1.058518e-021
972.140000  1.062317e-021
972.150000  1.046766e-021
972.160000  1.016829e-021
972.170000  1.022193e-021
972.180000  1.033988e-021
972.190000  1.039376e-021
972.200000  9.998674e-022
972.210000  9.497126e-022
972.220000  9.283008e-022
972.230000  9.368660e-022
972.240000  9.501936e-022
972.250000  9.556325e-022
972.260000  9.373392e-022
972.270000  9.159582e-022
972.280000  9.150631e-022
972.290000  9.157409e-022
972.300000  9.290237e-022
972.310000  9.123770e-022
972.320000  9.004841e-022
972.330000  8.714179e-022
972.340000  8.611661e-022
972.350000  8.774353e-022
972.360000  8.968997e-022
972.370000  9.054279e-022
972.380000  8.982462e-022
972.390000  8.691618e-022
972.400000  8.542290e-022
972.410000  8.521685e-022
972.420000  8.610098e-022
972.430000  8.605041e-022
972.440000  8.522152e-022
972.450000  8.486033e-022
972.460000  8.356878e-022
972.470000  8.367398e-022
972.480000  8.533137e-022
972.490000  8.559202e-022
972.500000  8.321512e-022
972.510000  8.162079e-022
972.520000  8.110930e-022
972.530000  8.430475e-022
972.540000  8.689561e-022
972.550000  8.498001e-022
972.560000  8.369078e-022
972.570000  8.302282e-022
972.580000  8.343683e-022
972.590000  8.447001e-022
972.600000  8.643646e-022
972.610000  8.431048e-022
972.620000  8.389157e-022
972.630000  8.223880e-022
972.640000  8.166790e-022
972.650000  8.325449e-022
972.660000  8.546549e-022
972.670000  8.659700e-022
972.680000  8.555573e-022
972.690000  8.220142e-022
972.700000  8.009494e-022
972.710000  7.906763e-022
972.720000  8.049196e-022
972.730000  8.023024e-022
972.740000  7.920292e-022
972.750000  7.863621e-022
972.760000  7.807022e-022
972.770000  8.010395e-022
972.780000  8.122305e-022
972.790000  7.942832e-022
972.800000  7.855597e-022
972.810000  7.639216e-022
972.820000  7.560254e-022
972.830000  7.618101e-022
972.840000  7.706483e-022
972.850000  7.657843e-022
972.860000  7.411911e-022
972.870000  7.212383e-022
972.880000  7.103894e-022
972.890000  7.131072e-022
972.900000  7.309279e-022
972.910000  7.110098e-022
972.920000  6.986761e-022
972.930000  6.773816e-022
972.940000  6.785833e-022
972.950000  6.992932e-022
972.960000  7.125468e-022
972.970000  7.213040e-022
972.980000  6.923965e-022
972.990000  6.801015e-022
973.000000  6.903041e-022
973.010000  7.205701e-022
973.020000  7.494954e-022
973.030000  7.435770e-022
973.040000  7.119750e-022
973.050000  6.715873e-022
973.060000  6.657611e-022
973.070000  6.898705e-022
973.080000  6.900230e-022
973.090000  6.841757e-022
973.100000  6.589073e-022
973.110000  6.397051e-022
973.120000  6.458051e-022
973.130000  6.653348e-022
973.140000  6.759516e-022
973.150000  6.596696e-022
973.160000  6.523693e-022
973.170000  6.495437e-022
973.180000  6.660970e-022
973.190000  6.662494e-022
973.200000  6.873520e-022
973.210000  6.780632e-022
973.220000  6.777638e-022
973.230000  6.714857e-022
973.240000  6.667102e-022
973.250000  6.963343e-022
973.260000  6.975299e-022
973.270000  6.957254e-022
973.280000  6.789581e-022
973.290000  6.682128e-022
973.300000  6.843368e-022
973.310000  6.990049e-022
973.320000  7.122054e-022
973.330000  6.998937e-022
973.340000  6.876173e-022
973.350000  6.858220e-022
973.360000  6.944894e-022
973.370000  7.016695e-022
973.380000  7.028618e-022
973.390000  6.846201e-022
973.400000  6.843200e-022
973.410000  6.715101e-022
973.420000  6.780619e-022
973.430000  6.786591e-022
973.440000  6.747898e-022
973.450000  6.664656e-022
973.460000  6.522283e-022
973.470000  6.439453e-022
973.480000  6.578680e-022
973.490000  6.837308e-022
973.500000  7.007428e-022
973.510000  6.819453e-022
973.520000  6.558091e-022
973.530000  6.460471e-022
973.540000  6.466435e-022
973.550000  6.561174e-022
973.560000  6.641234e-022
973.570000  6.587911e-022
973.580000  6.431190e-022
973.590000  6.481468e-022
973.600000  6.590984e-022
973.610000  6.712609e-022
973.620000  6.730482e-022
973.630000  6.585122e-022
973.640000  6.395788e-022
973.650000  6.324921e-022
973.660000  6.342587e-022
973.670000  6.508139e-022
973.680000  6.496293e-022
973.690000  6.336572e-022
973.700000  6.221463e-022
973.710000  6.209609e-022
973.720000  6.241979e-022
973.730000  6.348247e-022
973.740000  6.454785e-022
973.750000  6.339304e-022
973.760000  6.209275e-022
973.770000  6.020671e-022
973.780000  5.994097e-022
973.790000  6.129413e-022
973.800000  6.117534e-022
973.810000  6.191321e-022
973.820000  6.058670e-022
973.830000  5.955741e-022
973.840000  6.088189e-022
973.850000  6.206212e-022
973.860000  6.206243e-022
973.870000  6.029390e-022
973.880000  5.867812e-022
973.890000  5.882514e-022
973.900000  5.926584e-022
973.910000  6.058955e-022
973.920000  6.044266e-022
973.930000  5.882641e-022
973.940000  5.853336e-022
973.950000  5.838705e-022
973.960000  5.926774e-022
973.970000  6.014995e-022
973.980000  5.912154e-022
973.990000  5.824174e-022
974.000000  5.707091e-022
974.200000  5.649756e-022
974.400000  5.718038e-022
974.600000  5.650369e-022
974.800000  5.587902e-022
975.000000  5.652296e-022
975.200000  5.813149e-022
975.400000  5.786252e-022
975.600000  5.603239e-022
975.800000  5.629097e-022
976.000000  5.576217e-022
976.200000  5.427904e-022
976.400000  5.526846e-022
976.600000  5.777617e-022
976.800000  5.731687e-022
977.000000  5.974521e-022
977.200000  6.467059e-022
977.400000  6.932270e-022
977.600000  7.038716e-022
977.800000  7.361328e-022
978.000000  7.785040e-022
978.200000  7.976154e-022
978.400000  7.831255e-022
978.600000  8.037896e-022
978.800000  8.296174e-022
979.000000  8.320516e-022
979.200000  8.380479e-022
979.400000  8.441676e-022
979.600000  8.498646e-022
979.800000  8.200607e-022
980.000000  8.296485e-022
980.200000  8.740941e-022
980.400000  8.799562e-022
980.600000  8.480779e-022
980.800000  8.455898e-022
981.000000  8.544881e-022
981.200000  8.427499e-022
981.400000  8.057637e-022
981.600000  7.750236e-022
981.800000  7.489827e-022
982.000000  7.227950e-022
982.200000  7.267108e-022
982.400000  7.381960e-022
982.600000  7.054582e-022
982.800000  6.544983e-022
983.000000  6.471834e-022
983.200000  6.483333e-022
983.400000  6.158946e-022
983.600000  5.941720e-022
983.800000  5.833017e-022
984.000000  5.709674e-022
984.200000  5.423448e-022
984.400000  5.389591e-022
984.600000  5.440840e-022
984.800000  5.346884e-022
985.000000  5.226259e-022
985.200000  5.278191e-022
985.400000  5.431842e-022
985.600000  5.230569e-022
985.800000  5.143463e-022
986.000000  5.267611e-022
986.200000  5.286090e-022
986.400000  4.912131e-022
986.600000  4.995119e-022
986.800000  5.166062e-022
987.000000  5.129780e-022
987.200000  5.014539e-022
987.400000  5.203930e-022
987.600000  5.153559e-022
987.800000  4.836398e-022
988.000000  4.796068e-022
988.200000  4.936683e-022
988.400000  4.743990e-022
988.600000  4.425083e-022
988.800000  4.394508e-022
989.000000  4.602510e-022
989.200000  4.521285e-022
989.400000  4.205923e-022
989.600000  4.131778e-022
989.800000  4.129339e-022
990.000000  3.847733e-022
990.200000  3.853077e-022
990.400000  3.997053e-022
990.600000  4.026935e-022
990.800000  3.862915e-022
991.000000  3.784857e-022
991.200000  3.901782e-022
991.400000  3.812839e-022
991.600000  3.844946e-022
991.800000  4.006073e-022
992.000000  4.044731e-022
992.200000  3.840582e-022
992.400000  3.806949e-022
992.600000  4.052666e-022
992.800000  4.141988e-022
993.000000  4.059461e-022
993.200000  4.315462e-022
993.400000  4.614054e-022
993.600000  4.428132e-022
993.800000  4.359481e-022
994.000000  4.365839e-022
994.200000  4.251037e-022
994.400000  4.102028e-022
994.600000  4.210289e-022
994.800000  4.318478e-022
995.000000  4.376977e-022
995.200000  4.299378e-022
995.400000  4.308761e-022
995.600000  4.517234e-022
995.800000  4.413641e-022
996.000000  4.461432e-022
996.200000  4.554637e-022
996.400000  4.554539e-022
996.600000  4.325863e-022
996.800000  4.202637e-022
997.000000  4.305814e-022
997.200000  4.304233e-022
997.400000  4.153355e-022
997.600000  4.349451e-022
997.800000  4.733628e-022
998.000000  4.920446e-022
998.200000  5.143197e-022
998.400000  5.438825e-022
998.600000  5.531036e-022
998.800000  5.270018e-022
999.000000  5.342252e-022
999.200000  5.420580e-022
999.400000  5.199832e-022
999.600000  4.892860e-022
999.800000  4.986166e-022
1000.000000  4.581405e-022
1000.200000  4.725370e-022
1000.400000  4.448269e-022
1000.600000  4.499745e-022
1000.800000  4.616579e-022
1001.000000  4.409461e-022
1001.200000  4.168296e-022
1001.400000  4.327170e-022
1001.600000  4.450621e-022
1001.800000  4.069240e-022
1002.000000  4.009535e-022
1002.200000  4.080413e-022
1002.400000  4.184301e-022
1002.600000  3.918116e-022
1002.800000  3.977473e-022
1003.000000  4.222479e-022
1003.200000  4.059393e-022
1003.400000  3.709962e-022
1003.600000  3.582122e-022
1003.800000  3.674233e-022
1004.000000  3.794294e-022
1004.200000  4.041528e-022
1004.400000  4.181541e-022
1004.600000  4.322468e-022
1004.800000  4.204117e-022
1005.000000  4.445477e-022
1005.200000  4.777117e-022
1005.400000  4.711385e-022
1005.600000  4.623851e-022
1005.800000  4.638460e-022
1006.000000  4.680197e-022
1006.200000  4.376655e-022
1006.400000  4.154484e-022
1006.600000  4.103624e-022
1006.800000  4.064580e-022
1007.000000  3.850470e-022
1007.200000  3.907038e-022
1007.400000  4.094357e-022
1007.600000  3.842678e-022
1007.800000  3.696835e-022
1008.000000  3.673734e-022
1008.200000  3.647730e-022
1008.400000  3.298942e-022
1008.600000  3.112577e-022
1008.800000  3.150880e-022
1009.000000  3.102950e-022
1009.200000  3.102164e-022
1009.400000  3.268670e-022
1009.600000  3.228433e-022
1009.800000  2.978624e-022
1010.000000  2.746353e-022
1010.200000  2.758417e-022
1010.400000  2.755197e-022
1010.600000  2.511959e-022
1010.800000  2.487159e-022
1011.000000  2.461314e-022
1011.200000  2.452697e-022
1011.400000  2.236795e-022
1011.600000  2.235550e-022
1011.800000  2.297163e-022
1012.000000  2.346628e-022
1012.200000  2.365039e-022
1012.400000  2.539313e-022
1012.600000  2.743371e-022
1012.800000  2.626705e-022
1013.000000  2.480737e-022
1013.200000  2.579000e-022
1013.400000  2.434486e-022
1013.600000  2.096121e-022
1013.800000  2.060896e-022
1014.000000  2.263547e-022
1014.200000  2.006578e-022
1014.400000  1.970686e-022
1014.600000  2.197075e-022
1014.800000  2.164912e-022
1015.000000  1.799181e-022
1015.200000  1.773463e-022
1015.400000  2.013560e-022
1015.600000  2.006796e-022
1015.800000  1.937071e-022
1016.000000  1.994433e-022
1016.200000  1.869245e-022
1016.400000  1.575693e-022
1016.600000  1.572977e-022
1016.800000  1.756877e-022
1017.000000  1.958638e-022
1017.200000  1.884770e-022
1017.400000  1.919493e-022
1017.600000  2.041436e-022
1017.800000  1.842845e-022
1018.000000  2.030170e-022
1018.200000  2.230584e-022
1018.400000  2.311935e-022
1018.600000  2.095281e-022
1018.800000  1.924594e-022
1019.000000  2.046969e-022
1019.200000  2.093001e-022
1019.400000  1.839666e-022
1019.600000  1.983810e-022
1019.800000  2.265601e-022
1020.000000  2.141409e-022
1020.200000  2.132265e-022
1020.400000  2.414134e-022
1020.600000  2.603898e-022
1020.800000  2.742169e-022
1021.000000  2.948712e-022
1021.200000  3.265162e-022
1021.400000  3.276833e-022
1021.600000  3.124607e-022
1021.800000  3.423543e-022
1022.000000  3.711910e-022
1022.200000  3.767698e-022
1022.400000  3.802298e-022
1022.600000  4.144464e-022
1022.800000  4.574677e-022
1023.000000  4.878729e-022
1023.200000  5.230809e-022
1023.400000  5.540608e-022
1023.600000  5.432600e-022
1023.800000  5.289421e-022
1024.000000  5.796856e-022
1024.200000  5.959264e-022
1024.400000  5.745126e-022
1024.600000  5.704770e-022
1024.800000  5.945504e-022
1025.000000  6.308678e-022
1025.200000  6.274814e-022
1025.400000  6.228028e-022
1025.600000  6.289713e-022
1025.800000  6.217396e-022
1026.000000  6.024065e-022
1026.200000  6.047592e-022
1026.400000  6.100840e-022
1026.600000  5.796210e-022
1026.800000  5.549012e-022
1027.000000  5.432101e-022
1027.200000  5.179629e-022
1027.400000  5.011209e-022
1027.600000  5.295815e-022
1027.800000  5.893944e-022
1028.000000  6.216379e-022
1028.200000  6.597205e-022
1028.400000  7.245890e-022
1028.600000  7.825395e-022
1028.800000  7.939517e-022
1029.000000  8.241185e-022
1029.200000  8.812804e-022
1029.400000  9.358833e-022
1029.600000  9.605508e-022
1029.800000  1.000726e-021
1030.000000  1.022433e-021
1030.200000  9.884871e-022
1030.400000  9.333538e-022
1030.600000  9.033389e-022
1030.800000  8.428713e-022
1031.000000  7.532733e-022
1031.200000  6.838343e-022
1031.400000  6.296384e-022
1031.600000  5.509745e-022
1031.800000  4.730436e-022
1032.000000  4.244142e-022
1032.200000  4.177405e-022
1032.400000  3.731859e-022
1032.600000  3.364892e-022
1032.800000  3.259012e-022
1033.000000  3.209432e-022
1033.200000  2.685497e-022
1033.400000  2.245152e-022
1033.600000  2.109179e-022
1033.800000  1.960524e-022
1034.000000  1.912621e-022
1034.200000  1.973994e-022
1034.400000  2.132722e-022
1034.600000  2.003126e-022
1034.800000  1.924281e-022
1035.000000  1.955706e-022
1035.200000  1.735959e-022
1035.400000  1.410518e-022
1035.600000  1.207615e-022
1035.800000  1.331453e-022
1036.000000  1.137671e-022
1036.200000  8.724732e-023
1036.400000  8.617580e-023
1036.600000  8.737380e-023
1036.800000  6.523647e-023
1037.000000  5.584071e-023
1037.200000  7.592085e-023
1037.400000  6.524391e-023
1037.600000  3.948853e-023
1037.800000  4.005185e-023
1038.000000  5.038173e-023
1038.200000  5.571446e-023
1038.400000  4.232654e-023
1038.600000  5.987079e-023
1038.800000  7.950413e-023
1039.000000  7.402021e-023
1039.200000  6.006049e-023
1039.400000  5.697729e-023
1039.600000  5.300768e-023
1039.800000  3.863058e-023
1040.000000  3.918949e-023
1040.200000  6.395710e-023
1040.400000  5.539695e-023
1040.600000  3.939775e-023
1040.800000  3.893895e-023
1041.000000  6.787904e-023
1041.200000  4.736374e-023
1041.400000  2.105792e-023
1041.600000  6.734054e-024
1041.800000  7.684890e-024
1042.000000  -2.568698e-024
1042.200000  5.858925e-024
1042.400000  4.620573e-023
1042.600000  3.745615e-023
1042.800000  1.316720e-023
1043.000000  2.724702e-023
1043.200000  5.786360e-023
1043.400000  3.250872e-023
1043.600000  2.795842e-023
1043.800000  3.989504e-023
1044.000000  4.514534e-023
1044.200000  4.158754e-023
1044.400000  6.077040e-023
1044.600000  8.048460e-023
1044.800000  6.927127e-023
1045.000000  6.764647e-023
1045.200000  7.338848e-023
1045.400000  7.987736e-023
1045.600000  5.811496e-023
1045.800000  5.603360e-023
1046.000000  6.896102e-023
1046.200000  7.342153e-023
1046.400000  5.893814e-023
1046.600000  8.434490e-023
1046.800000  1.012165e-022
1047.000000  7.801824e-023
1047.200000  4.826579e-023
1047.400000  2.496910e-023
1047.600000  2.138730e-023
1047.800000  2.698938e-024
1048.000000  5.555325e-024
1048.200000  2.679762e-023
1048.400000  2.833655e-023
1048.600000  -3.314075e-024
1048.800000  -9.377161e-024
1049.000000  3.078121e-024
1049.200000  -3.799237e-024
1049.400000  1.039496e-024
1049.600000  2.249698e-023
1049.800000  2.144548e-023
1050.000000  -7.791352e-024
1050.200000  -4.309664e-024
1050.400000  6.026563e-023
1050.600000  4.415407e-023
1050.800000  1.303120e-023
1051.000000  -2.066348e-023
1051.200000  -3.282927e-023
1051.400000  -6.079939e-023
1051.600000  -6.691698e-023
1051.800000  -3.297475e-023
1052.000000  -1.577132e-023
1052.200000  -3.952752e-023
1052.400000  -3.010855e-023
1052.600000  -1.612844e-023
1052.800000  -2.046051e-023
1053.000000  -2.867349e-023
1053.200000  -1.282789e-023
1053.400000  -4.658971e-024
1053.600000  -1.763184e-023
1053.800000  -3.646030e-023
1054.000000  -4.064262e-023
1054.200000  -4.452999e-023
1054.400000  -4.961227e-023
1054.600000  -3.018283e-023
1054.800000  1.896984e-024
1055.000000  -1.550433e-023
1055.200000  -1.306779e-023
1055.400000  4.353676e-024
1055.600000  3.378740e-023
1055.800000  1.131136e-024
1056.000000  -8.483010e-025
1056.200000  5.461568e-024
1056.400000  1.265812e-023
1056.600000  -1.907526e-023
1056.800000  -1.037060e-023
1057.000000  1.195332e-023
1057.200000  1.237377e-023
1057.400000  6.378597e-024
1057.600000  1.738537e-023
1057.800000  1.532267e-023
1058.000000  -1.108633e-023
1058.200000  5.139040e-025
1058.400000  3.315542e-023
1058.600000  3.888560e-023
1058.800000  -7.161739e-024
1059.000000  -1.861396e-025
1059.200000  1.993990e-023
1059.400000  2.458585e-023
1059.600000  6.106620e-024
1059.800000  -2.501733e-024
1060.000000  -5.693133e-024
1060.200000  -3.345270e-023
1060.400000  -3.886801e-023
1060.600000  -1.065172e-023
1060.800000  5.394454e-025
1061.000000  -1.750198e-023
1061.200000  -2.921383e-023
1061.400000  -1.995683e-023
1061.600000  -4.100578e-023
1061.800000  -4.295830e-023
1062.000000  -6.848615e-024
1062.200000  1.386330e-023
1062.400000  -1.946802e-023
1062.600000  -2.843130e-023
1062.800000  -2.173706e-023
1063.000000  -2.502597e-023
1063.200000  -4.479772e-023
1063.400000  -2.448381e-023
1063.600000  -1.151491e-023
1063.800000  -2.680477e-023
1064.000000  -3.572109e-023
1064.200000  -1.851885e-023
1064.400000  -1.346894e-023
1064.600000  -3.464472e-023
1064.800000  -3.835788e-023
1065.000000  -1.807759e-023
1065.200000  -1.525151e-023
1065.400000  -3.471612e-023
1065.600000  -2.192072e-023
1065.800000  -2.114765e-023
1066.000000  -5.052313e-023
1066.200000  -7.165784e-023
1066.400000  -6.039397e-023
1066.600000  -5.233965e-023
1066.800000  -7.182325e-023
1067.000000  -6.533973e-023
1067.200000  -4.557075e-023
1067.400000  -4.664720e-023
1067.600000  -6.423935e-023
1067.800000  -6.359905e-023
1068.000000  -5.245406e-023
1068.200000  -7.161222e-023
1068.400000  -7.771323e-023
1068.600000  -6.136580e-023
1068.800000  -4.131810e-023
1069.000000  -4.498206e-023
1069.200000  -5.037052e-023
1069.400000  -2.852778e-023
1069.600000  -3.702970e-023
1069.800000  -4.214323e-023
1070.000000  -3.181376e-023
1070.200000  -1.644906e-023
1070.400000  -3.791528e-023
1070.600000  -4.105486e-023
1070.800000  -2.864827e-023
1071.000000  -3.164328e-023
1071.200000  -5.900041e-023
1071.400000  -5.169832e-023
1071.600000  -3.372959e-023
1071.800000  -3.767366e-023
1072.000000  -4.053305e-023
1072.200000  -2.662701e-023
1072.400000  -1.930755e-023
1072.600000  -3.366035e-023
1072.800000  -3.050803e-023
1073.000000  -2.039545e-023
1073.200000  -8.606810e-024
1073.400000  -2.568309e-023
1073.600000  -2.336513e-023
1073.800000  -2.126531e-023
1074.000000  -4.366166e-023
1074.200000  -6.207425e-023
1074.400000  -5.534605e-023
1074.600000  -4.579374e-023
1074.800000  -4.890726e-023
1075.000000  -3.443967e-023
1075.200000  -6.532466e-024
1075.400000  -1.463037e-023
1075.600000  -3.538964e-023
1075.800000  -2.357950e-023
1076.000000  -2.890615e-024
1076.200000  -2.467837e-023
1076.400000  -4.551198e-023
1076.600000  -2.727573e-023
1076.800000  -1.064381e-023
1077.000000  -2.180793e-023
1077.200000  -1.201249e-023
1077.400000  7.331625e-024
1077.600000  9.352342e-024
1077.800000  -1.558134e-023
1078.000000  -9.503290e-024
1078.200000  -6.982178e-024
1078.400000  -2.845234e-023
1078.600000  -4.539549e-023
1078.800000  -4.096799e-023
1079.000000  -2.481618e-023
1079.200000  -4.286613e-023
1079.400000  -4.105619e-023
1079.600000  -2.874493e-023
1079.800000  -2.916505e-023
1080.000000  -3.734668e-023
1080.200000  -3.619260e-025
1080.400000  1.066798e-023
1080.600000  -1.903901e-023
1080.800000  -3.394236e-023
1081.000000  -2.464366e-023
1081.200000  -2.183749e-023
1081.400000  -3.810558e-023
1081.600000  -4.387195e-023
1081.800000  -2.439139e-023
1082.000000  -2.044667e-023
1082.200000  -2.130274e-023
1082.400000  -2.272299e-023
1082.600000  -1.762998e-023
1082.800000  -4.056562e-023
1083.000000  -3.586806e-023
1083.200000  -1.630753e-023
1083.400000  1.052543e-024
1083.600000  -1.638652e-023
1083.800000  4.373110e-024
1084.000000  2.083383e-023
1084.200000  5.929810e-025
1084.400000  -2.689667e-023
1084.600000  -2.396585e-023
1084.800000  -1.337392e-023
1085.000000  -3.403132e-023
1085.200000  -2.526029e-023
1085.400000  2.797452e-024
1085.600000  1.694213e-023
1085.800000  8.915225e-024
1086.000000  1.717266e-023
1086.200000  2.098010e-023
1086.400000  1.077541e-023
1086.600000  -2.505402e-023
1086.800000  -1.836500e-023
1087.000000  -1.268036e-023
1087.200000  -3.887596e-023
1087.400000  -2.045295e-023
1087.600000  -1.023034e-023
1087.800000  -1.433450e-023
1088.000000  -4.915807e-023
1088.200000  -5.108792e-023
1088.400000  -2.949978e-023
1088.600000  -3.610693e-023
1088.800000  -3.781502e-023
1089.000000  -1.016187e-023
1089.200000  -2.952418e-024
1089.400000  -3.790334e-023
1089.600000  -3.206031e-023
1089.800000  -2.594333e-024
1090.000000  9.388151e-024
1090.200000  -1.693885e-023
1090.400000  -6.717602e-024
1090.600000  -5.709605e-024
1090.800000  -2.660777e-023
1091.000000  -4.558097e-023
1091.200000  -3.354862e-023
1091.400000  -1.849147e-023
1091.600000  -2.834220e-023
1091.800000  -8.721928e-024
1092.000000  1.001846e-023
1092.200000  1.947085e-023
1092.400000  -1.817633e-023
1092.600000  -1.618249e-023
1092.800000  -4.067602e-024
1093.000000  -3.732886e-023
1093.200000  -3.640200e-023
1093.400000  -2.554372e-023
1093.600000  -3.243101e-023
1093.800000  -5.589451e-023
1094.000000  -5.311787e-023
1094.200000  -3.345129e-023
1094.400000  -6.390105e-024
1094.600000  -5.576692e-024
1094.800000  -6.268118e-025
1095.000000  1.207376e-023
1095.200000  3.499396e-024
1095.400000  -6.059493e-025
1095.600000  2.339464e-023
1095.800000  2.593261e-023
1096.000000  -7.211757e-024
1096.200000  -7.902841e-024
1096.400000  1.989968e-023
1096.600000  1.819563e-023
1096.800000  3.442263e-024
1097.000000  6.305014e-024
1097.200000  1.893891e-023
1097.400000  -1.797385e-023
1097.600000  -3.354389e-023
1097.800000  -2.968011e-023
1098.000000  3.502656e-024
1098.200000  -6.138722e-024
1098.400000  9.107085e-024
1098.600000  2.460798e-023
1098.800000  5.857639e-024
1099.000000  -2.633805e-023
1099.200000  -3.245763e-023
1099.400000  -2.505375e-023
1099.600000  -5.695798e-023
1099.800000  -4.661858e-023
1100.000000  -3.542619e-023
1100.200000  -3.976406e-023
1100.400000  -4.176410e-023
1100.600000  -1.846651e-023
1100.800000  1.042338e-023
1101.000000  1.667949e-023
1101.200000  1.097001e-023
1101.400000  2.292213e-023
1101.600000  2.601293e-023
1101.800000  1.693145e-023
1102.000000  1.655770e-023
1102.200000  3.376009e-023
1102.400000  2.496114e-023
1102.600000  1.311532e-023
1102.800000  2.842958e-023
1103.000000  3.173556e-023
1103.200000  2.949700e-023
1103.400000  3.938532e-023
1103.600000  5.564274e-023
1103.800000  5.192932e-023
1104.000000  1.794225e-023
1104.200000  2.181875e-023
1104.400000  3.915042e-023
1104.600000  2.985329e-023
1104.800000  -8.486336e-024
1105.000000  -1.032241e-023
1105.200000  -9.427394e-026
1105.400000  -3.273572e-023
1105.600000  -4.826773e-023
1105.800000  -2.423049e-023
1106.000000  -1.360894e-024
1106.200000  -2.081364e-023
1106.400000  -1.932958e-023
1106.600000  -1.213881e-023
1106.800000  -4.979214e-024
1107.000000  -1.903865e-023
1107.200000  2.303614e-024
1107.400000  3.112679e-023
1107.600000  2.827617e-023
1107.800000  3.229540e-023
1108.000000  5.209748e-023
1108.200000  3.795413e-023
1108.400000  1.611040e-023
1108.600000  2.287324e-023
1108.800000  2.621657e-023
1109.000000  1.300203e-023
1109.200000  -7.516650e-024
1109.400000  -1.111412e-023
1109.600000  -1.127220e-023
1109.800000  -3.404370e-023
1110.000000  -2.435660e-023
1110.200000  9.352315e-025
1110.400000  1.272245e-023
1110.600000  -7.496928e-024
1110.800000  -1.843231e-023
1111.000000  1.187053e-024
1111.200000  5.185194e-024
1111.400000  1.303722e-023
1111.600000  3.461600e-023
1111.800000  2.525361e-023
1112.000000  -7.859035e-024
1112.200000  -2.452691e-023
1112.400000  -2.174151e-023
1112.600000  -2.253779e-023
1112.800000  -4.401633e-023
1113.000000  -3.545421e-023
1113.200000  -1.652769e-023
1113.400000  -2.402430e-023
1113.600000  -2.978468e-023
1113.800000  -7.508461e-024
1114.000000  -9.670542e-025
1114.200000  -1.826172e-023
1114.400000  -1.185094e-023
1114.600000  5.498324e-024
1114.800000  2.034553e-023
1115.000000  5.448419e-024
1115.200000  1.002134e-023
1115.400000  1.950860e-023
1115.600000  5.050233e-024
1115.800000  5.290957e-024
1116.000000  2.155073e-023
1116.200000  1.931513e-023
1116.400000  3.720605e-024
1116.600000  -3.456803e-025
1116.800000  2.511679e-023
1117.000000  1.725741e-023
1117.200000  4.559413e-024
1117.400000  4.926655e-025
1117.600000  4.865909e-024
1117.800000  -1.472665e-023
1118.000000  -2.992848e-023
1118.200000  -1.709829e-023
1118.400000  7.932150e-024
1118.600000  1.672324e-024
1118.800000  1.928459e-024
1119.000000  1.030455e-023
1119.200000  7.836426e-024
1119.400000  -8.575234e-024
1119.600000  1.190218e-024
1119.800000  1.537067e-023
1120.000000  6.125317e-024
1120.200000  -9.991345e-024
1120.400000  1.438304e-023
1120.600000  1.089974e-023
1120.800000  -1.077609e-023
1121.000000  -1.300725e-023
1121.200000  -7.409706e-024
1121.400000  -3.251464e-023
1121.600000  -5.188066e-023
1121.800000  -4.100931e-023
1122.000000  -3.139764e-023
1122.200000  -3.848218e-023
1122.400000  -3.622101e-023
1122.600000  -1.637142e-024
1122.800000  1.395878e-023
1123.000000  -3.167835e-025
1123.200000  -4.987102e-024
1123.400000  -1.909700e-025
1123.600000  -2.062209e-023
1123.800000  -4.356790e-023
1124.000000  -4.772789e-023
1124.200000  -3.347890e-023
1124.400000  -4.670925e-023
1124.600000  -4.103197e-023
1124.800000  -2.192512e-023
1125.000000  -1.187940e-023
1125.200000  -1.696519e-023
1125.400000  -9.439000e-024
1125.600000  -3.143408e-024
1125.800000  -1.739254e-023
1126.000000  -4.042502e-023
1126.200000  -1.857437e-023
1126.400000  -9.124518e-024
1126.600000  -3.244370e-023
1126.800000  -4.984729e-023
1127.000000  -3.575455e-023
1127.200000  -3.069610e-023
1127.400000  -4.357897e-023
1127.600000  -2.553076e-023
1127.800000  -4.959772e-024
1128.000000  -1.502546e-023
1128.200000  -2.006986e-023
1128.400000  5.965873e-024
1128.600000  9.843761e-024
1128.800000  -1.679698e-023
1129.000000  -3.759658e-023
1129.200000  -5.621320e-023
1129.400000  -6.322317e-023
1129.600000  -6.164128e-023
1129.800000  -5.811622e-023
1130.000000  -4.677695e-023
1130.200000  -5.904873e-023
1130.400000  -7.198824e-023
1130.600000  -3.432385e-023
1130.800000  -1.760261e-023
1131.000000  -2.697627e-023
1131.200000  -3.446624e-023
1131.400000  -3.913303e-023
1131.600000  -3.279797e-023
1131.800000  -4.034977e-023
1132.000000  -3.743563e-023
1132.200000  -2.849113e-023
1132.400000  -4.569247e-023
1132.600000  -5.954961e-023
1132.800000  -5.467237e-023
1133.000000  -5.020058e-023
1133.200000  -8.131255e-023
1133.400000  -9.209944e-023
1133.600000  -6.143293e-023
1133.800000  -4.525239e-023
1134.000000  -4.583997e-023
1134.200000  -1.505117e-023
1134.400000  4.209736e-024
1134.600000  -1.861600e-023
1134.800000  -4.515012e-023
1135.000000  -3.177631e-023
1135.200000  -3.330803e-023
1135.400000  -6.635678e-023
1135.600000  -8.139775e-023
1135.800000  -7.527397e-023
1136.000000  -6.777991e-023
1136.200000  -1.009438e-022
1136.400000  -1.190871e-022
1136.600000  -1.204831e-022
1136.800000  -1.095996e-022
1137.000000  -9.543905e-023
1137.200000  -6.139195e-023
1137.400000  -6.198123e-023
1137.600000  -7.530333e-023
1137.800000  -6.830379e-023
1138.000000  -5.311328e-023
1138.200000  -5.880387e-023
1138.400000  -8.272201e-023
1138.600000  -7.788549e-023
1138.800000  -7.918224e-023
1139.000000  -9.553354e-023
1139.200000  -9.642027e-023
1139.400000  -5.979259e-023
1139.600000  -5.568728e-023
1139.800000  -7.559734e-023
1140.000000  -7.794640e-023
1140.200000  -6.333571e-023
1140.400000  -7.385462e-023
1140.600000  -8.991038e-023
1140.800000  -7.701387e-023
1141.000000  -7.608756e-023
1141.200000  -1.099549e-022
1141.400000  -1.266220e-022
1141.600000  -1.093043e-022
1141.800000  -9.894845e-023
1142.000000  -1.111980e-022
1142.200000  -1.033377e-022
1142.400000  -1.003833e-022
1142.600000  -1.124993e-022
1142.800000  -1.470662e-022
1143.000000  -1.319119e-022
1143.200000  -1.209902e-022
1143.400000  -1.382299e-022
1143.600000  -1.266040e-022
1143.800000  -9.820129e-023
1144.000000  -8.461577e-023
1144.200000  -9.323793e-023
1144.400000  -8.464848e-023
1144.600000  -8.234380e-023
1144.800000  -1.026935e-022
1145.000000  -1.092927e-022
1145.200000  -1.048922e-022
1145.400000  -8.348061e-023
1145.600000  -1.038577e-022
1145.800000  -1.061169e-022
1146.000000  -8.121133e-023
1146.200000  -9.331298e-023
1146.400000  -1.020843e-022
1146.600000  -8.758642e-023
1146.800000  -7.145947e-023
1147.000000  -8.158997e-023
1147.200000  -8.031030e-023
1147.400000  -5.544054e-023
1147.600000  -4.307626e-023
1147.800000  -7.006676e-023
1148.000000  -6.677541e-023
1148.200000  -8.584361e-023
1148.400000  -1.286499e-022
1148.600000  -1.568883e-022
1148.800000  -1.387063e-022
1149.000000  -1.350273e-022
1149.200000  -1.683468e-022
1149.400000  -1.863834e-022
1149.600000  -1.587874e-022
1149.800000  -1.449598e-022
1150.000000  -1.631136e-022
