800.000000  NaN
800.200000  NaN
800.400000  NaN
800.600000  1.795625e-029
800.800000  -4.550949e-029
801.000000  -6.143927e-029
801.200000  -4.268720e-030
801.400000  3.673281e-029
801.600000  4.699584e-029
801.800000  6.137917e-029
802.000000  6.852296e-029
802.200000  -2.933744e-030
802.400000  -6.796548e-029
802.600000  -4.479971e-029
802.800000  -2.886197e-029
803.000000  -5.909806e-029
803.200000  -1.249569e-028
803.400000  -7.824271e-029
803.600000  -7.394678e-029
803.800000  -9.679087e-029
804.000000  -1.296322e-028
804.200000  -1.315924e-028
804.400000  -1.108411e-028
804.600000  -1.437330e-028
804.800000  -1.103151e-028
805.000000  -7.967809e-029
805.200000  -1.343794e-028
805.400000  -1.846407e-028
805.600000  -1.789596e-028
805.800000  -8.419117e-029
806.000000  -8.965685e-029
806.200000  -4.128124e-029
806.400000  3.652192e-029
806.600000  5.673851e-029
806.800000  -3.997747e-029
807.000000  -2.844442e-029
807.200000  2.634162e-029
807.400000  -2.783039e-029
807.600000  -6.410692e-029
807.800000  -3.886590e-029
808.000000  4.086475e-030
808.200000  -1.042863e-028
808.400000  -1.335088e-028
808.600000  -1.495471e-028
808.800000  -1.316816e-028
809.000000  -1.716003e-028
809.200000  -1.296114e-028
809.400000  -1.405068e-028
809.600000  -1.579957e-028
809.800000  -1.287817e-028
810.000000  -1.081187e-028
810.200000  -3.713850e-029
810.400000  -2.370413e-029
810.600000  1.329047e-029
810.800000  1.000091e-028
811.000000  1.922473e-028
811.200000  2.722339e-028
811.400000  3.498902e-028
811.600000  4.067756e-028
811.800000  5.203683e-028
812.000000  5.049513e-028
812.200000  3.629232e-028
812.400000  2.548401e-028
812.600000  -8.843150e-030
812.800000  -5.898205e-029
813.000000  7.530435e-029
813.200000  8.260882e-029
813.400000  3.262409e-029
813.600000  -2.862835e-029
813.800000  -2.367688e-028
814.000000  -4.628344e-028
814.200000  -4.031674e-028
814.400000  -3.376260e-028
814.600000  -2.362743e-028
814.800000  -2.992199e-028
815.000000  -2.480656e-028
815.200000  3.598626e-029
815.400000  2.845810e-029
815.600000  -8.835532e-029
815.800000  -1.112669e-028
816.000000  2.573424e-029
816.200000  -1.465267e-028
816.400000  -8.011003e-029
816.600000  6.400721e-029
816.800000  2.925584e-028
817.000000  2.820007e-028
817.200000  2.861890e-028
817.400000  3.983235e-028
817.600000  2.810731e-028
817.800000  1.370799e-028
818.000000  8.109955e-029
818.200000  6.443548e-029
818.400000  -1.303339e-028
818.600000  -9.029652e-029
818.800000  5.823940e-029
819.000000  1.709619e-028
819.200000  -1.418528e-028
819.400000  -1.061568e-028
819.600000  1.518369e-028
819.800000  3.287116e-028
820.000000  -5.482021e-030
820.200000  -5.254818e-030
820.400000  1.281051e-028
820.600000  8.220370e-029
820.800000  1.764644e-028
821.000000  4.804926e-028
821.200000  4.140215e-028
821.400000  1.654314e-028
821.600000  8.621230e-029
821.800000  -1.587507e-028
822.000000  -3.281519e-028
822.200000  -2.846465e-028
822.400000  -1.334176e-028
822.600000  6.508350e-029
822.800000  -2.238222e-028
823.000000  -3.183770e-028
823.200000  -2.170938e-028
823.400000  1.714916e-029
823.600000  -1.804940e-030
823.800000  9.506794e-030
824.000000  -6.668694e-029
824.200000  -2.252919e-028
824.400000  -3.448493e-028
824.600000  -3.490296e-028
824.800000  -8.639228e-029
825.000000  -2.706735e-028
825.200000  -9.967228e-029
825.400000  2.677497e-028
825.600000  3.672875e-028
825.800000  3.228542e-028
826.000000  6.210858e-028
826.200000  7.963631e-028
826.400000  2.518241e-028
826.600000  -3.929809e-029
826.800000  3.184135e-028
827.000000  4.482368e-028
827.200000  1.464270e-028
827.400000  -1.212654e-028
827.600000  2.195970e-028
827.800000  1.502532e-028
828.000000  -3.886407e-028
828.200000  -8.471641e-029
828.400000  3.782859e-028
828.600000  2.907597e-028
828.800000  4.837507e-028
829.000000  7.360999e-028
829.200000  7.572243e-028
829.400000  4.294467e-028
829.600000  1.547732e-029
829.800000  -5.532652e-029
830.000000  -3.717989e-028
830.200000  -2.796400e-028
830.400000  -1.449236e-028
830.600000  5.331115e-028
830.800000  6.329221e-028
831.000000  9.339916e-028
831.200000  1.618687e-027
831.400000  1.189635e-027
831.600000  2.155537e-028
831.800000  2.311631e-029
832.000000  1.405331e-028
832.200000  5.897409e-028
832.400000  1.692965e-029
832.600000  9.665564e-028
832.800000  1.298651e-027
833.000000  4.936416e-028
833.200000  3.016235e-028
833.400000  1.065662e-027
833.600000  9.112526e-028
833.800000  -6.027448e-029
834.000000  -2.435045e-028
834.200000  -2.960411e-028
834.400000  -6.529171e-028
834.600000  -5.198422e-028
834.800000  4.947648e-028
835.000000  1.666354e-027
835.200000  1.811232e-027
835.400000  1.596518e-027
835.600000  1.592649e-027
835.800000  1.626034e-027
836.000000  1.583703e-027
836.200000  2.060102e-027
836.400000  1.714580e-027
836.600000  1.658954e-027
836.800000  1.724998e-027
837.000000  2.325730e-027
837.200000  2.192248e-027
837.400000  1.581786e-027
837.600000  3.026832e-028
837.800000  2.406846e-028
838.000000  -2.535650e-028
838.200000  -6.968228e-028
838.400000  -1.731983e-028
838.600000  3.709352e-028
838.800000  4.710853e-028
839.000000  1.250483e-028
839.200000  1.564221e-027
839.400000  2.732827e-027
839.600000  2.761441e-027
839.800000  3.590791e-027
840.000000  5.514269e-027
840.200000  5.868434e-027
840.400000  5.639959e-027
840.600000  5.212614e-027
840.800000  5.979845e-027
841.000000  4.774655e-027
841.200000  4.664281e-027
841.400000  6.230688e-027
841.600000  7.442067e-027
841.800000  7.012481e-027
842.000000  4.960145e-027
842.200000  4.885896e-027
842.400000  5.273717e-027
842.600000  5.978116e-027
842.800000  6.957136e-027
843.000000  7.556510e-027
843.200000  4.448116e-027
843.400000  1.184686e-027
843.600000  7.967821e-028
843.800000  6.449980e-028
844.000000  -3.117656e-028
844.200000  1.116113e-027
844.400000  1.646398e-027
844.600000  1.312397e-027
844.800000  4.304578e-028
845.000000  3.033945e-027
845.200000  4.600934e-027
845.400000  2.981265e-027
845.600000  3.029793e-027
845.800000  6.866605e-027
846.000000  7.458569e-027
846.200000  3.157446e-027
846.400000  8.914579e-028
846.600000  3.261672e-027
846.800000  1.268676e-027
847.000000  -2.214102e-027
847.200000  4.610006e-028
847.400000  4.456324e-027
847.600000  4.311155e-027
847.800000  5.980412e-027
848.000000  5.750066e-027
848.200000  7.086913e-027
848.400000  9.723186e-027
848.600000  1.446497e-026
848.800000  1.749642e-026
849.000000  1.795824e-026
849.200000  1.254051e-026
849.400000  9.828340e-027
849.600000  6.413914e-027
849.800000  5.055256e-027
850.000000  4.731131e-027
850.200000  4.418866e-027
850.400000  4.831362e-027
850.600000  5.659439e-027
850.800000  2.455097e-027
851.000000  5.724627e-028
851.200000  1.158748e-027
851.400000  4.536397e-027
851.600000  8.547250e-027
851.800000  8.855957e-027
852.000000  6.009669e-027
852.200000  6.928743e-027
852.400000  1.297191e-026
852.600000  1.563062e-026
852.800000  1.425264e-026
853.000000  1.370392e-026
853.200000  1.295064e-026
853.400000  1.084493e-026
853.600000  8.625310e-027
853.800000  1.312982e-026
854.000000  1.797949e-026
854.200000  1.579702e-026
854.400000  1.810719e-026
854.600000  2.575933e-026
854.800000  2.595700e-026
855.000000  2.093733e-026
855.200000  2.288498e-026
855.400000  2.624569e-026
855.600000  2.670989e-026
855.800000  2.333494e-026
856.000000  2.660923e-026
856.200000  2.955053e-026
856.400000  2.415898e-026
856.600000  2.565007e-026
856.800000  2.843832e-026
857.000000  2.425859e-026
857.200000  1.176742e-026
857.400000  1.068105e-026
857.600000  2.018274e-026
857.800000  2.477202e-026
858.000000  2.383659e-026
858.200000  2.426576e-026
858.400000  2.710771e-026
858.600000  2.397310e-026
858.800000  2.331204e-026
859.000000  2.540629e-026
859.200000  2.529411e-026
859.400000  2.402051e-026
859.600000  3.264389e-026
859.800000  4.143506e-026
860.000000  3.432466e-026
860.200000  2.847745e-026
860.400000  2.795860e-026
860.600000  3.265437e-026
860.800000  2.971592e-026
861.000000  3.251624e-026
861.200000  3.265758e-026
861.400000  2.888176e-026
861.600000  2.658239e-026
861.800000  3.247389e-026
862.000000  3.188369e-026
862.200000  3.077697e-026
862.400000  4.391326e-026
862.600000  4.874724e-026
862.800000  5.090988e-026
863.000000  5.698812e-026
863.200000  6.681052e-026
863.400000  6.578415e-026
863.600000  5.510906e-026
863.800000  4.966024e-026
864.000000  5.265176e-026
864.200000  6.502292e-026
864.400000  5.983310e-026
864.600000  5.460570e-026
864.800000  5.102788e-026
865.000000  4.970831e-026
865.200000  3.841287e-026
865.400000  4.656978e-026
865.600000  5.510151e-026
865.800000  5.043134e-026
866.000000  4.652507e-026
866.200000  5.364225e-026
866.400000  6.873990e-026
866.600000  6.038666e-026
866.800000  6.056500e-026
867.000000  7.399901e-026
867.200000  7.585564e-026
867.400000  6.699258e-026
867.600000  7.423401e-026
867.800000  9.915164e-026
868.000000  1.022041e-025
868.200000  8.675950e-026
868.400000  7.334909e-026
868.600000  7.524231e-026
868.800000  5.341901e-026
869.000000  6.426880e-026
869.200000  7.191688e-026
869.400000  8.568643e-026
869.600000  9.263257e-026
869.800000  1.077427e-025
870.000000  1.111485e-025
870.200000  1.117780e-025
870.400000  1.236256e-025
870.600000  1.522057e-025
870.800000  1.719746e-025
871.000000  1.608732e-025
871.200000  1.431152e-025
871.400000  1.459433e-025
871.600000  1.844956e-025
871.800000  1.828308e-025
872.000000  1.791500e-025
872.200000  1.416727e-025
872.400000  1.348894e-025
872.600000  1.479216e-025
872.800000  1.716848e-025
873.000000  1.832343e-025
873.200000  1.610892e-025
873.400000  1.435869e-025
873.600000  1.528179e-025
873.800000  1.435990e-025
874.000000  1.417463e-025
874.200000  1.677681e-025
874.400000  1.973404e-025
874.600000  2.115162e-025
874.800000  2.223493e-025
875.000000  2.393387e-025
875.200000  2.570279e-025
875.400000  2.461164e-025
875.600000  2.581113e-025
875.800000  2.886561e-025
876.000000  2.997063e-025
876.200000  2.973497e-025
876.400000  3.170520e-025
876.600000  3.342965e-025
876.800000  3.309279e-025
877.000000  3.186477e-025
877.200000  3.269717e-025
877.400000  3.670125e-025
877.600000  3.760427e-025
877.800000  3.846584e-025
878.000000  4.197488e-025
878.200000  4.298193e-025
878.400000  4.484233e-025
878.600000  4.607688e-025
878.800000  4.871975e-025
879.000000  4.765804e-025
879.200000  4.804570e-025
879.400000  4.852527e-025
879.600000  5.127988e-025
879.800000  4.894773e-025
880.000000  4.987775e-025
880.200000  5.120684e-025
880.400000  5.165619e-025
880.600000  5.231572e-025
880.800000  5.652562e-025
881.000000  5.915613e-025
881.200000  5.979565e-025
881.400000  6.148897e-025
881.600000  6.633814e-025
881.800000  6.609088e-025
882.000000  6.537987e-025
882.200000  6.987291e-025
882.400000  7.730182e-025
882.600000  7.692635e-025
882.800000  7.577734e-025
883.000000  7.805166e-025
883.200000  7.912249e-025
883.400000  7.943935e-025
883.600000  8.147308e-025
883.800000  8.722354e-025
884.000000  8.763189e-025
884.200000  8.693560e-025
884.400000  9.004460e-025
884.600000  9.277668e-025
884.800000  9.332386e-025
885.000000  8.660700e-025
885.200000  8.398203e-025
885.400000  8.668402e-025
885.600000  8.784386e-025
885.800000  8.558608e-025
886.000000  9.563364e-025
886.200000  1.008297e-024
886.400000  9.781657e-025
886.600000  1.007693e-024
886.800000  1.068573e-024
887.000000  1.057474e-024
887.200000  1.059393e-024
887.400000  1.109245e-024
887.600000  1.186327e-024
887.800000  1.147951e-024
888.000000  1.113169e-024
888.200000  1.151288e-024
888.400000  1.113712e-024
888.600000  1.065161e-024
888.800000  1.091272e-024
889.000000  1.148025e-024
889.200000  1.127904e-024
889.400000  1.123744e-024
889.600000  1.119990e-024
889.800000  1.108475e-024
890.000000  1.089751e-024
890.200000  1.068445e-024
890.400000  1.127342e-024
890.600000  1.095859e-024
890.800000  1.119660e-024
891.000000  1.269186e-024
891.200000  1.405474e-024
891.400000  1.481477e-024
891.600000  1.526521e-024
891.800000  1.630057e-024
892.000000  1.794270e-024
892.200000  1.790925e-024
892.400000  1.868320e-024
892.600000  1.935289e-024
892.800000  1.996392e-024
893.000000  2.074518e-024
893.200000  2.260096e-024
893.400000  2.411343e-024
893.600000  2.384154e-024
893.800000  2.428264e-024
894.000000  2.625676e-024
894.200000  2.734845e-024
894.400000  2.806112e-024
894.600000  2.917245e-024
894.800000  3.002121e-024
895.000000  2.933471e-024
895.200000  2.982894e-024
895.400000  3.233642e-024
895.600000  3.459603e-024
895.800000  3.437324e-024
896.000000  3.462938e-024
896.200000  3.577010e-024
896.400000  3.621714e-024
896.600000  3.640067e-024
896.800000  3.600092e-024
897.000000  3.650281e-024
897.200000  3.679509e-024
897.400000  3.746903e-024
897.600000  3.964966e-024
897.800000  4.215787e-024
898.000000  4.322235e-024
898.200000  4.399476e-024
898.400000  4.596997e-024
898.600000  4.499816e-024
898.800000  4.452467e-024
899.000000  4.432244e-024
899.200000  4.609961e-024
899.400000  4.791108e-024
899.600000  4.994662e-024
899.800000  5.342866e-024
900.000000  5.437029e-024
900.200000  5.568357e-024
900.400000  5.679554e-024
900.600000  6.132437e-024
900.800000  6.355215e-024
901.000000  6.590712e-024
901.200000  7.082005e-024
901.400000  7.615634e-024
901.600000  7.786202e-024
901.800000  7.878480e-024
902.000000  8.024634e-024
902.200000  8.261383e-024
902.400000  8.354203e-024
902.600000  8.512457e-024
902.800000  8.670672e-024
903.000000  8.601015e-024
903.200000  8.731777e-024
903.400000  8.865159e-024
903.600000  9.202254e-024
903.800000  9.473579e-024
904.000000  9.651556e-024
904.200000  1.008211e-023
904.400000  1.030281e-023
904.600000  1.030759e-023
904.800000  1.057567e-023
905.000000  1.122744e-023
905.200000  1.162828e-023
905.400000  1.199792e-023
905.600000  1.269637e-023
905.800000  1.333850e-023
906.000000  1.362222e-023
906.200000  1.390531e-023
906.400000  1.428320e-023
906.600000  1.484691e-023
906.800000  1.511008e-023
907.000000  1.555305e-023
907.200000  1.624367e-023
907.400000  1.640722e-023
907.600000  1.641025e-023
907.800000  1.688163e-023
908.000000  1.738579e-023
908.200000  1.750051e-023
908.400000  1.789357e-023
908.600000  1.841784e-023
908.800000  1.861606e-023
909.000000  1.893383e-023
909.200000  1.961998e-023
909.400000  2.034696e-023
909.600000  2.071848e-023
909.800000  2.152075e-023
910.000000  2.262528e-023
910.200000  2.410586e-023
910.400000  2.533533e-023
910.600000  2.711203e-023
910.800000  2.915485e-023
911.000000  3.113138e-023
911.200000  3.326800e-023
911.400000  3.610856e-023
911.600000  3.902592e-023
911.800000  4.202479e-023
912.000000  4.544203e-023
912.200000  4.988133e-023
912.400000  5.513573e-023
912.600000  6.017004e-023
912.800000  6.587128e-023
913.000000  7.258028e-023
913.200000  7.958892e-023
913.400000  8.826915e-023
913.600000  9.577151e-023
913.800000  1.016865e-022
914.000000  1.070234e-022
914.200000  1.121759e-022
914.400000  1.151073e-022
914.600000  1.156725e-022
914.800000  1.160935e-022
915.000000  1.162154e-022
915.200000  1.151621e-022
915.400000  1.137522e-022
915.600000  1.139904e-022
915.800000  1.148872e-022
916.000000  1.143089e-022
916.200000  1.131535e-022
916.400000  1.127563e-022
916.600000  1.099471e-022
916.800000  1.061903e-022
917.000000  1.017815e-022
917.200000  9.722981e-023
917.400000  9.314796e-023
917.600000  8.897914e-023
917.800000  8.491644e-023
918.000000  8.103823e-023
918.200000  7.811589e-023
918.400000  7.510501e-023
918.600000  7.330527e-023
918.800000  7.321605e-023
919.000000  7.338392e-023
919.200000  7.400229e-023
919.400000  7.553120e-023
919.600000  7.748960e-023
919.800000  7.936318e-023
920.000000  8.043324e-023
920.200000  8.115911e-023
920.400000  8.224226e-023
920.600000  8.203221e-023
920.800000  8.047135e-023
921.000000  7.870386e-023
921.200000  7.634706e-023
921.400000  7.380774e-023
921.600000  7.325256e-023
921.800000  7.402644e-023
922.000000  7.518332e-023
922.200000  7.676958e-023
922.400000  7.971028e-023
922.600000  8.359513e-023
922.800000  8.645041e-023
923.000000  9.051369e-023
923.200000  9.487448e-023
923.400000  9.882450e-023
923.600000  1.019660e-022
923.800000  1.070693e-022
924.000000  1.137104e-022
924.200000  1.202978e-022
924.400000  1.267646e-022
924.600000  1.335114e-022
924.800000  1.416263e-022
925.000000  1.507806e-022
925.200000  1.616001e-022
925.400000  1.742900e-022
925.600000  1.864097e-022
925.800000  1.972481e-022
926.000000  2.084893e-022
926.200000  2.175898e-022
926.400000  2.231601e-022
926.600000  2.317737e-022
926.800000  2.359578e-022
927.000000  2.394190e-022
927.200000  2.447568e-022
927.400000  2.523549e-022
927.600000  2.551948e-022
927.800000  2.557988e-022
928.000000  2.602695e-022
928.200000  2.659939e-022
928.400000  2.697797e-022
928.600000  2.751987e-022
928.800000  2.828110e-022
929.000000  2.868015e-022
929.200000  2.926244e-022
929.400000  3.039103e-022
929.600000  3.173119e-022
929.800000  3.263051e-022
930.000000  3.344287e-022
930.200000  3.437227e-022
930.400000  3.510635e-022
930.600000  3.539930e-022
930.800000  3.575344e-022
931.000000  3.627371e-022
931.200000  3.614289e-022
931.400000  3.554387e-022
931.600000  3.530315e-022
931.800000  3.520556e-022
932.000000  3.482697e-022
932.200000  3.458531e-022
932.400000  3.500318e-022
932.600000  3.538315e-022
932.800000  3.565673e-022
933.000000  3.607927e-022
933.200000  3.730297e-022
933.400000  3.821670e-022
933.600000  3.912817e-022
933.800000  4.073780e-022
934.000000  4.258926e-022
934.200000  4.385003e-022
934.400000  4.547130e-022
934.600000  4.754844e-022
934.800000  4.924912e-022
935.000000  5.080600e-022
935.200000  5.280178e-022
935.400000  5.540755e-022
935.600000  5.775654e-022
935.800000  5.992937e-022
936.000000  6.355380e-022
936.200000  6.773465e-022
936.400000  7.097266e-022
936.600000  7.461396e-022
936.800000  7.916920e-022
937.000000  8.222832e-022
937.200000  8.345459e-022
937.400000  8.473847e-022
937.600000  8.583963e-022
937.800000  8.523881e-022
938.000000  8.402591e-022
938.200000  8.458965e-022
938.400000  8.463847e-022
938.600000  8.416271e-022
938.800000  8.517885e-022
939.000000  8.921677e-022
939.200000  9.207254e-022
939.400000  9.550439e-022
939.600000  1.004983e-021
939.800000  1.071535e-021
940.000000  1.125697e-021
940.200000  1.182632e-021
940.400000  1.259016e-021
940.600000  1.322744e-021
940.800000  1.369272e-021
941.000000  1.416836e-021
941.200000  1.470407e-021
941.400000  1.511057e-021
941.600000  1.522613e-021
941.800000  1.528296e-021
942.000000  1.524498e-021
942.200000  1.476500e-021
942.400000  1.409668e-021
942.600000  1.342833e-021
942.800000  1.267257e-021
943.000000  1.172857e-021
943.200000  1.093439e-021
943.400000  1.043172e-021
943.600000  9.614979e-022
943.800000  9.022253e-022
944.000000  8.568410e-022
944.200000  8.272236e-022
944.400000  7.927557e-022
944.600000  7.577750e-022
944.800000  7.320089e-022
945.000000  7.110659e-022
945.200000  6.917010e-022
945.400000  6.693123e-022
945.600000  6.484274e-022
945.800000  6.291462e-022
946.000000  6.093203e-022
946.200000  5.843429e-022
946.400000  5.624669e-022
946.600000  5.399450e-022
946.800000  5.184221e-022
947.000000  4.945905e-022
947.200000  4.837119e-022
947.400000  4.763859e-022
947.600000  4.658698e-022
947.800000  4.638272e-022
948.000000  4.691544e-022
948.200000  4.718634e-022
948.400000  4.719331e-022
948.600000  4.776581e-022
948.800000  4.830203e-022
949.000000  4.795898e-022
949.200000  4.748498e-022
949.400000  4.751668e-022
949.600000  4.778120e-022
949.800000  4.793119e-022
950.000000  4.826793e-022
950.200000  4.916915e-022
950.400000  4.998837e-022
950.600000  4.957779e-022
950.800000  4.968249e-022
951.000000  5.018680e-022
951.200000  5.034924e-022
951.400000  5.040376e-022
951.600000  5.081397e-022
951.800000  5.150888e-022
952.000000  5.126715e-022
952.200000  5.101101e-022
952.400000  5.055738e-022
952.600000  4.952309e-022
952.800000  4.765307e-022
953.000000  4.664805e-022
953.200000  4.620677e-022
953.400000  4.491400e-022
953.600000  4.440721e-022
953.800000  4.527033e-022
954.000000  4.688658e-022
954.200000  4.711117e-022
954.400000  4.837262e-022
954.600000  5.067849e-022
954.800000  5.274563e-022
955.000000  5.397479e-022
955.200000  5.683085e-022
955.400000  6.003690e-022
955.600000  6.125240e-022
955.800000  6.278273e-022
956.000000  6.496878e-022
956.200000  6.493697e-022
956.400000  6.357388e-022
956.600000  6.233656e-022
956.800000  6.265432e-022
957.000000  6.242710e-022
957.200000  6.366060e-022
957.400000  6.725459e-022
957.600000  7.183961e-022
957.800000  7.280684e-022
958.000000  7.520835e-022
958.200000  7.832244e-022
958.400000  8.015041e-022
958.600000  8.021770e-022
958.800000  8.249422e-022
959.000000  8.395579e-022
959.200000  8.302326e-022
959.400000  8.124995e-022
959.600000  8.168809e-022
959.800000  8.081950e-022
960.000000  7.699194e-022
960.200000  7.471725e-022
960.400000  7.407989e-022
960.600000  7.216430e-022
960.800000  6.880605e-022
961.000000  6.826594e-022
961.200000  6.796075e-022
961.400000  6.316615e-022
961.600000  6.052253e-022
961.800000  6.131871e-022
962.000000  6.159676e-022
962.200000  5.848686e-022
962.400000  5.836737e-022
962.600000  5.896405e-022
962.800000  5.861363e-022
963.000000  5.847165e-022
963.200000  6.020055e-022
963.400000  6.346010e-022
963.600000  6.370206e-022
963.800000  6.651122e-022
964.000000  6.998621e-022
964.200000  7.293840e-022
964.400000  7.368982e-022
964.600000  7.738570e-022
964.800000  8.397273e-022
965.000000  8.997892e-022
965.200000  9.477532e-022
965.400000  1.015520e-021
965.600000  1.098103e-021
965.800000  1.121931e-021
966.000000  1.178544e-021
966.200000  1.318644e-021
966.400000  1.445350e-021
966.600000  1.567577e-021
966.800000  1.771515e-021
967.000000  1.990342e-021
967.200000  2.301124e-021
967.400000  2.639162e-021
967.600000  3.151834e-021
967.800000  3.835821e-021
968.000000  4.733141e-021
968.200000  5.987235e-021
968.400000  7.691785e-021
968.600000  9.498086e-021
968.800000  1.105091e-020
969.000000  1.195947e-020
969.200000  1.151509e-020
969.400000  9.908451e-021
969.600000  8.002230e-021
969.800000  6.461340e-021
970.000000  5.036668e-021
970.200000  4.010162e-021
970.400000  3.242669e-021
970.600000  2.703001e-021
970.800000  2.204740e-021
971.000000  1.898547e-021
971.200000  1.698091e-021
971.400000  1.464659e-021
971.600000  1.290880e-021
971.800000  1.191358e-021
972.000000  1.078033e-021
972.200000  9.959673e-022
972.400000  8.906781e-022
972.600000  8.234080e-022
972.800000  7.856239e-022
973.000000  7.670375e-022
973.200000  7.251541e-022
973.400000  7.315963e-022
973.600000  6.891897e-022
973.800000  6.982908e-022
974.000000  6.617353e-022
974.200000  6.204058e-022
974.400000  6.316442e-022
974.600000  6.139680e-022
974.800000  6.394338e-022
975.000000  6.723324e-022
975.200000  6.742354e-022
975.400000  6.526625e-022
975.600000  6.641928e-022
975.800000  6.910711e-022
976.000000  6.824130e-022
976.200000  6.950082e-022
976.400000  7.401556e-022
976.600000  7.868730e-022
976.800000  7.977225e-022
977.000000  8.507564e-022
977.200000  9.515211e-022
977.400000  1.025481e-021
977.600000  1.060622e-021
977.800000  1.136096e-021
978.000000  1.193155e-021
978.200000  1.200271e-021
978.400000  1.200196e-021
978.600000  1.266305e-021
978.800000  1.320072e-021
979.000000  1.310095e-021
979.200000  1.356594e-021
979.400000  1.409240e-021
979.600000  1.420728e-021
979.800000  1.393765e-021
980.000000  1.410087e-021
980.200000  1.428679e-021
980.400000  1.394651e-021
980.600000  1.361925e-021
980.800000  1.374362e-021
981.000000  1.373170e-021
981.200000  1.330010e-021
981.400000  1.348087e-021
981.600000  1.395544e-021
981.800000  1.391368e-021
982.000000  1.366221e-021
982.200000  1.416214e-021
982.400000  1.442766e-021
982.600000  1.384571e-021
982.800000  1.345767e-021
983.000000  1.339082e-021
983.200000  1.291051e-021
983.400000  1.228701e-021
983.600000  1.213432e-021
983.800000  1.218823e-021
984.000000  1.181617e-021
984.200000  1.145796e-021
984.400000  1.176027e-021
984.600000  1.185961e-021
984.800000  1.115029e-021
985.000000  1.110405e-021
985.200000  1.178326e-021
985.400000  1.205153e-021
985.600000  1.163656e-021
985.800000  1.204265e-021
986.000000  1.249763e-021
986.200000  1.235571e-021
986.400000  1.197913e-021
986.600000  1.264121e-021
986.800000  1.270828e-021
987.000000  1.227321e-021
987.200000  1.240509e-021
987.400000  1.324442e-021
987.600000  1.309079e-021
987.800000  1.234214e-021
988.000000  1.260373e-021
988.200000  1.298037e-021
988.400000  1.226060e-021
988.600000  1.166488e-021
988.800000  1.220441e-021
989.000000  1.238122e-021
989.200000  1.178519e-021
989.400000  1.177765e-021
989.600000  1.210279e-021
989.800000  1.209310e-021
990.000000  1.156285e-021
990.200000  1.205352e-021
990.400000  1.195607e-021
990.600000  1.190691e-021
990.800000  1.221524e-021
991.000000  1.220201e-021
991.200000  1.231159e-021
991.400000  1.237782e-021
991.600000  1.268269e-021
991.800000  1.293939e-021
992.000000  1.323513e-021
992.200000  1.369352e-021
992.400000  1.416570e-021
992.600000  1.464655e-021
992.800000  1.503545e-021
993.000000  1.549486e-021
993.200000  1.567853e-021
993.400000  1.591690e-021
993.600000  1.617128e-021
993.800000  1.629388e-021
994.000000  1.634144e-021
994.200000  1.639167e-021
994.400000  1.644978e-021
994.600000  1.654965e-021
994.800000  1.653241e-021
995.000000  1.647077e-021
995.200000  1.639331e-021
995.400000  1.646991e-021
995.600000  1.663040e-021
995.800000  1.680690e-021
996.000000  1.733248e-021
996.200000  1.771736e-021
996.400000  1.831844e-021
996.600000  1.929681e-021
996.800000  2.004807e-021
997.000000  2.071649e-021
997.200000  2.138359e-021
997.400000  2.169023e-021
997.600000  2.212434e-021
997.800000  2.280007e-021
998.000000  2.383469e-021
998.200000  2.499067e-021
998.400000  2.582781e-021
998.600000  2.631593e-021
998.800000  2.688478e-021
999.000000  2.661890e-021
999.200000  2.696530e-021
999.400000  2.760576e-021
999.600000  2.859455e-021
999.800000  2.958529e-021
1000.000000  2.838429e-021
1000.200000  2.870725e-021
1000.400000  2.988862e-021
1000.600000  3.021367e-021
1000.800000  2.943809e-021
1001.000000  2.868781e-021
1001.200000  2.839352e-021
1001.400000  2.774839e-021
1001.600000  2.726373e-021
1001.800000  2.742594e-021
1002.000000  2.710205e-021
1002.200000  2.726435e-021
1002.400000  2.715619e-021
1002.600000  2.712909e-021
1002.800000  2.696897e-021
1003.000000  2.714523e-021
1003.200000  2.772684e-021
1003.400000  2.829870e-021
1003.600000  2.895337e-021
1003.800000  2.985470e-021
1004.000000  3.086695e-021
1004.200000  3.171728e-021
1004.400000  3.336230e-021
1004.600000  3.457258e-021
1004.800000  3.537423e-021
1005.000000  3.519002e-021
1005.200000  3.486814e-021
1005.400000  3.484787e-021
1005.600000  3.526769e-021
1005.800000  3.579844e-021
1006.000000  3.616482e-021
1006.200000  3.735965e-021
1006.400000  3.852920e-021
1006.600000  3.900985e-021
1006.800000  3.929769e-021
1007.000000  3.939214e-021
1007.200000  3.876577e-021
1007.400000  3.805483e-021
1007.600000  3.817597e-021
1007.800000  3.757420e-021
1008.000000  3.685982e-021
1008.200000  3.681280e-021
1008.400000  3.623564e-021
1008.600000  3.495922e-021
1008.800000  3.345662e-021
1009.000000  3.256652e-021
1009.200000  3.167462e-021
1009.400000  3.024827e-021
1009.600000  2.935222e-021
1009.800000  2.921277e-021
1010.000000  2.890431e-021
1010.200000  2.890479e-021
1010.400000  2.989129e-021
1010.600000  2.997729e-021
1010.800000  2.961176e-021
1011.000000  2.899117e-021
1011.200000  2.887844e-021
1011.400000  2.921844e-021
1011.600000  2.936070e-021
1011.800000  2.953158e-021
1012.000000  3.100900e-021
1012.200000  3.055644e-021
1012.400000  2.996068e-021
1012.600000  2.936371e-021
1012.800000  2.959228e-021
1013.000000  2.942175e-021
1013.200000  2.970789e-021
1013.400000  3.065222e-021
1013.600000  2.993831e-021
1013.800000  2.896511e-021
1014.000000  2.841726e-021
1014.200000  2.836205e-021
1014.400000  2.810842e-021
1014.600000  2.780537e-021
1014.800000  2.824738e-021
1015.000000  2.864989e-021
1015.200000  2.867235e-021
1015.400000  2.851002e-021
1015.600000  2.858725e-021
1015.800000  2.848521e-021
1016.000000  2.822364e-021
1016.200000  2.820504e-021
1016.400000  2.845626e-021
1016.600000  2.889093e-021
1016.800000  2.854137e-021
1017.000000  2.922140e-021
1017.200000  2.948322e-021
1017.400000  2.971635e-021
1017.600000  3.006667e-021
1017.800000  3.041764e-021
1018.000000  2.876094e-021
1018.030000  2.875675e-021
1018.060000  2.882143e-021
1018.090000  2.901910e-021
1018.120000  2.916282e-021
1018.150000  2.936647e-021
1018.180000  2.970604e-021
1018.210000  2.998775e-021
1018.240000  3.019471e-021
1018.270000  3.044691e-021
1018.300000  3.065385e-021
1018.330000  3.080675e-021
1018.360000  3.088414e-021
1018.390000  3.088959e-021
1018.420000  3.096463e-021
1018.450000  3.110874e-021
1018.480000  3.123103e-021
1018.510000  3.139973e-021
1018.540000  3.163856e-021
1018.570000  3.188229e-021
1018.600000  3.211599e-021
1018.630000  3.237080e-021
1018.660000  3.253995e-021
1018.690000  3.269913e-021
1018.720000  3.295265e-021
1018.750000  3.313709e-021
1018.780000  3.317938e-021
1018.810000  3.321920e-021
1018.840000  3.324747e-021
1018.870000  3.315462e-021
1018.900000  3.308881e-021
1018.930000  3.314732e-021
1018.960000  3.334214e-021
1018.990000  3.358636e-021
1019.020000  3.387057e-021
1019.050000  3.414567e-021
1019.080000  3.433856e-021
1019.110000  3.453734e-021
1019.140000  3.478606e-021
1019.170000  3.502604e-021
1019.200000  3.522694e-021
1019.230000  3.534339e-021
1019.260000  3.537687e-021
1019.290000  3.552663e-021
1019.320000  3.575143e-021
1019.350000  3.597778e-021
1019.380000  3.624780e-021
1019.410000  3.657751e-021
1019.440000  3.685271e-021
1019.470000  3.703138e-021
1019.500000  3.718967e-021
1019.530000  3.739020e-021
1019.560000  3.751367e-021
1019.590000  3.761343e-021
1019.620000  3.789557e-021
1019.650000  3.828762e-021
1019.680000  3.874780e-021
1019.710000  3.924158e-021
1019.740000  3.961811e-021
1019.770000  3.988887e-021
1019.800000  4.014110e-021
1019.830000  4.028215e-021
1019.860000  4.044015e-021
1019.890000  4.062447e-021
1019.920000  4.066437e-021
1019.950000  4.067282e-021
1019.980000  4.077886e-021
1020.010000  4.089485e-021
1020.040000  4.103581e-021
1020.070000  4.126081e-021
1020.100000  4.152567e-021
1020.130000  4.182453e-021
1020.160000  4.214461e-021
1020.190000  4.235578e-021
1020.220000  4.251297e-021
1020.250000  4.263742e-021
1020.280000  4.263882e-021
1020.310000  4.266414e-021
1020.340000  4.289919e-021
1020.370000  4.321505e-021
1020.400000  4.346342e-021
1020.430000  4.374841e-021
1020.460000  4.401513e-021
1020.490000  4.421278e-021
1020.520000  4.443964e-021
1020.550000  4.475412e-021
1020.580000  4.506240e-021
1020.610000  4.528886e-021
1020.640000  4.549004e-021
1020.670000  4.564734e-021
1020.700000  4.584820e-021
1020.730000  4.621057e-021
1020.760000  4.668504e-021
1020.790000  4.720587e-021
1020.820000  4.774424e-021
1020.850000  4.821160e-021
1020.880000  4.851820e-021
1020.910000  4.887488e-021
1020.940000  4.925821e-021
1020.970000  4.953597e-021
1021.000000  4.984572e-021
1021.030000  5.022645e-021
1021.060000  5.055881e-021
1021.090000  5.090771e-021
1021.120000  5.141730e-021
1021.150000  5.198255e-021
1021.180000  5.256549e-021
1021.210000  5.320880e-021
1021.240000  5.388621e-021
1021.270000  5.454843e-021
1021.300000  5.515429e-021
1021.330000  5.580477e-021
1021.360000  5.645047e-021
1021.390000  5.701952e-021
1021.420000  5.759082e-021
1021.450000  5.824413e-021
1021.480000  5.902586e-021
1021.510000  5.976446e-021
1021.540000  6.035615e-021
1021.570000  6.091283e-021
1021.600000  6.156984e-021
1021.630000  6.225946e-021
1021.660000  6.301456e-021
1021.690000  6.405815e-021
1021.720000  6.520508e-021
1021.750000  6.618850e-021
1021.780000  6.709478e-021
1021.810000  6.806375e-021
1021.840000  6.897250e-021
1021.870000  6.976715e-021
1021.900000  7.054374e-021
1021.930000  7.126982e-021
1021.960000  7.203873e-021
1021.990000  7.293417e-021
1022.020000  7.398214e-021
1022.050000  7.515065e-021
1022.080000  7.633080e-021
1022.110000  7.732743e-021
1022.140000  7.819752e-021
1022.170000  7.911793e-021
1022.200000  8.003743e-021
1022.230000  8.094587e-021
1022.260000  8.184286e-021
1022.290000  8.269446e-021
1022.320000  8.341482e-021
1022.350000  8.409156e-021
1022.380000  8.479166e-021
1022.410000  8.561699e-021
1022.440000  8.660656e-021
1022.470000  8.773961e-021
1022.500000  8.899034e-021
1022.530000  9.021690e-021
1022.560000  9.130530e-021
1022.590000  9.223140e-021
1022.620000  9.303689e-021
1022.650000  9.364802e-021
1022.680000  9.410983e-021
1022.710000  9.457769e-021
1022.740000  9.518907e-021
1022.770000  9.595699e-021
1022.800000  9.691074e-021
1022.830000  9.804023e-021
1022.860000  9.910398e-021
1022.890000  9.994969e-021
1022.920000  1.006730e-020
1022.950000  1.013248e-020
1022.980000  1.019568e-020
1023.010000  1.026910e-020
1023.040000  1.035971e-020
1023.070000  1.044101e-020
1023.100000  1.050834e-020
1023.130000  1.057492e-020
1023.160000  1.063527e-020
1023.190000  1.068867e-020
1023.220000  1.075144e-020
1023.250000  1.081445e-020
1023.280000  1.085419e-020
1023.310000  1.088378e-020
1023.340000  1.089940e-020
1023.370000  1.090368e-020
1023.400000  1.091307e-020
1023.430000  1.092905e-020
1023.460000  1.094105e-020
1023.490000  1.096101e-020
1023.520000  1.099562e-020
1023.550000  1.103114e-020
1023.580000  1.107245e-020
1023.610000  1.113021e-020
1023.640000  1.118877e-020
1023.670000  1.123459e-020
1023.700000  1.127238e-020
1023.730000  1.130980e-020
1023.760000  1.133939e-020
1023.790000  1.134787e-020
1023.820000  1.134509e-020
1023.850000  1.134868e-020
1023.880000  1.136380e-020
1023.910000  1.138227e-020
1023.940000  1.142290e-020
1023.970000  1.148695e-020
1024.000000  1.157015e-020
1024.030000  1.166336e-020
1024.060000  1.176283e-020
1024.090000  1.186050e-020
1024.120000  1.193743e-020
1024.150000  1.199363e-020
1024.180000  1.203901e-020
1024.210000  1.209163e-020
1024.240000  1.215379e-020
1024.270000  1.222376e-020
1024.300000  1.229916e-020
1024.330000  1.237176e-020
1024.360000  1.243111e-020
1024.390000  1.247520e-020
1024.420000  1.251029e-020
1024.450000  1.255756e-020
1024.480000  1.263932e-020
1024.510000  1.274597e-020
1024.540000  1.285902e-020
1024.570000  1.298027e-020
1024.600000  1.308185e-020
1024.630000  1.314323e-020
1024.660000  1.317554e-020
1024.690000  1.322107e-020
1024.720000  1.329255e-020
1024.750000  1.337439e-020
1024.780000  1.345076e-020
1024.810000  1.352482e-020
1024.840000  1.358605e-020
1024.870000  1.363526e-020
1024.900000  1.371781e-020
1024.930000  1.382045e-020
1024.960000  1.390535e-020
1024.990000  1.396442e-020
1025.020000  1.400380e-020
1025.050000  1.402001e-020
1025.080000  1.403303e-020
1025.110000  1.405737e-020
1025.140000  1.408722e-020
1025.170000  1.413018e-020
1025.200000  1.417108e-020
1025.230000  1.419739e-020
1025.260000  1.422640e-020
1025.290000  1.424019e-020
1025.320000  1.424032e-020
1025.350000  1.426364e-020
1025.380000  1.429863e-020
1025.410000  1.432592e-020
1025.440000  1.436830e-020
1025.470000  1.439443e-020
1025.500000  1.433995e-020
1025.530000  1.427028e-020
1025.560000  1.425713e-020
1025.590000  1.426878e-020
1025.620000  1.427294e-020
1025.650000  1.427612e-020
1025.680000  1.427342e-020
1025.710000  1.425219e-020
1025.740000  1.422892e-020
1025.770000  1.421012e-020
1025.800000  1.419017e-020
1025.830000  1.415801e-020
1025.860000  1.409781e-020
1025.890000  1.404574e-020
1025.920000  1.403440e-020
1025.950000  1.404503e-020
1025.980000  1.403872e-020
1026.010000  1.399194e-020
1026.040000  1.393369e-020
1026.070000  1.388313e-020
1026.100000  1.384283e-020
1026.130000  1.382628e-020
1026.160000  1.382383e-020
1026.190000  1.380087e-020
1026.220000  1.375921e-020
1026.250000  1.371282e-020
1026.280000  1.365695e-020
1026.310000  1.360276e-020
1026.340000  1.357690e-020
1026.370000  1.355916e-020
1026.400000  1.351320e-020
1026.430000  1.345691e-020
1026.460000  1.343023e-020
1026.490000  1.342315e-020
1026.520000  1.341479e-020
1026.550000  1.341635e-020
1026.580000  1.341453e-020
1026.610000  1.338428e-020
1026.640000  1.334149e-020
1026.670000  1.331746e-020
1026.700000  1.330465e-020
1026.730000  1.330290e-020
1026.760000  1.330777e-020
1026.790000  1.328479e-020
1026.820000  1.325364e-020
1026.850000  1.324799e-020
1026.880000  1.325512e-020
1026.910000  1.328979e-020
1026.940000  1.334320e-020
1026.970000  1.336485e-020
1027.000000  1.336625e-020
1027.030000  1.340849e-020
1027.060000  1.346467e-020
1027.090000  1.347433e-020
1027.120000  1.346818e-020
1027.150000  1.352219e-020
1027.180000  1.358344e-020
1027.210000  1.361271e-020
1027.240000  1.366360e-020
1027.270000  1.372608e-020
1027.300000  1.377289e-020
1027.330000  1.381836e-020
1027.360000  1.388487e-020
1027.390000  1.396860e-020
1027.420000  1.406237e-020
1027.450000  1.416685e-020
1027.480000  1.428214e-020
1027.510000  1.437732e-020
1027.540000  1.445480e-020
1027.570000  1.454393e-020
1027.600000  1.462299e-020
1027.630000  1.471737e-020
1027.660000  1.485269e-020
1027.690000  1.498770e-020
1027.720000  1.512335e-020
1027.750000  1.525250e-020
1027.780000  1.534492e-020
1027.810000  1.545725e-020
1027.840000  1.560453e-020
1027.870000  1.573449e-020
1027.900000  1.587739e-020
1027.930000  1.607979e-020
1027.960000  1.627959e-020
1027.990000  1.645200e-020
1028.020000  1.665721e-020
1028.050000  1.690098e-020
1028.080000  1.710758e-020
1028.110000  1.727116e-020
1028.140000  1.749198e-020
1028.170000  1.775751e-020
1028.200000  1.798072e-020
1028.230000  1.816941e-020
1028.260000  1.843051e-020
1028.290000  1.869738e-020
1028.320000  1.887824e-020
1028.350000  1.907956e-020
1028.380000  1.934405e-020
1028.410000  1.955185e-020
1028.440000  1.972441e-020
1028.470000  2.001017e-020
1028.500000  2.033170e-020
1028.530000  2.058429e-020
1028.560000  2.082624e-020
1028.590000  2.115280e-020
1028.620000  2.149124e-020
1028.650000  2.174967e-020
1028.680000  2.199377e-020
1028.710000  2.225569e-020
1028.740000  2.254000e-020
1028.770000  2.281236e-020
1028.800000  2.306643e-020
1028.830000  2.334624e-020
1028.860000  2.371266e-020
1028.890000  2.403724e-020
1028.920000  2.425351e-020
1028.950000  2.449323e-020
1028.980000  2.484964e-020
1029.010000  2.520088e-020
1029.040000  2.545189e-020
1029.070000  2.571676e-020
1029.100000  2.602328e-020
1029.130000  2.634889e-020
1029.160000  2.664394e-020
1029.190000  2.692371e-020
1029.220000  2.720975e-020
1029.250000  2.755756e-020
1029.280000  2.784481e-020
1029.310000  2.805846e-020
1029.340000  2.837100e-020
1029.370000  2.876802e-020
1029.400000  2.907498e-020
1029.430000  2.927172e-020
1029.460000  2.956139e-020
1029.490000  2.985124e-020
1029.520000  3.001769e-020
1029.550000  3.015022e-020
1029.580000  3.042282e-020
1029.610000  3.065877e-020
1029.640000  3.075895e-020
1029.670000  3.097457e-020
1029.700000  3.126066e-020
1029.730000  3.139309e-020
1029.760000  3.150315e-020
1029.790000  3.172842e-020
1029.820000  3.184682e-020
1029.850000  3.193062e-020
1029.880000  3.211014e-020
1029.910000  3.221952e-020
1029.940000  3.223231e-020
1029.970000  3.227580e-020
1030.000000  3.226971e-020
1030.030000  3.221922e-020
1030.060000  3.221996e-020
1030.090000  3.219031e-020
1030.120000  3.213916e-020
1030.150000  3.209218e-020
1030.180000  3.195263e-020
1030.210000  3.183897e-020
1030.240000  3.177318e-020
1030.270000  3.159937e-020
1030.300000  3.143083e-020
1030.330000  3.129709e-020
1030.360000  3.109947e-020
1030.390000  3.089293e-020
1030.420000  3.070817e-020
1030.450000  3.053271e-020
1030.480000  3.033757e-020
1030.510000  3.007481e-020
1030.540000  2.977392e-020
1030.570000  2.946648e-020
1030.600000  2.915885e-020
1030.630000  2.883869e-020
1030.660000  2.846874e-020
1030.690000  2.816079e-020
1030.720000  2.788898e-020
1030.750000  2.749457e-020
1030.780000  2.713583e-020
1030.810000  2.689869e-020
1030.840000  2.654462e-020
1030.870000  2.611728e-020
1030.900000  2.580532e-020
1030.930000  2.553074e-020
1030.960000  2.516595e-020
1030.990000  2.478345e-020
1031.020000  2.450798e-020
1031.050000  2.415305e-020
1031.080000  2.366680e-020
1031.110000  2.328914e-020
1031.140000  2.300157e-020
1031.170000  2.261844e-020
1031.200000  2.228326e-020
1031.230000  2.200138e-020
1031.260000  2.162408e-020
1031.290000  2.129378e-020
1031.320000  2.101023e-020
1031.350000  2.064877e-020
1031.380000  2.033187e-020
1031.410000  2.002666e-020
1031.440000  1.963178e-020
1031.470000  1.931187e-020
1031.500000  1.908029e-020
1031.530000  1.878458e-020
1031.560000  1.848510e-020
1031.590000  1.825395e-020
1031.620000  1.800812e-020
1031.650000  1.771055e-020
1031.680000  1.743622e-020
1031.710000  1.722889e-020
1031.740000  1.698456e-020
1031.770000  1.669558e-020
1031.800000  1.647284e-020
1031.830000  1.625538e-020
1031.860000  1.598238e-020
1031.890000  1.575620e-020
1031.920000  1.552590e-020
1031.950000  1.524055e-020
1031.980000  1.501355e-020
1032.010000  1.482482e-020
1032.040000  1.460006e-020
1032.070000  1.440742e-020
1032.100000  1.425141e-020
1032.130000  1.403034e-020
1032.160000  1.378013e-020
1032.190000  1.358438e-020
1032.220000  1.338319e-020
1032.250000  1.315376e-020
1032.280000  1.298601e-020
1032.310000  1.284077e-020
1032.340000  1.265481e-020
1032.370000  1.250783e-020
1032.400000  1.236307e-020
1032.430000  1.217298e-020
1032.460000  1.202214e-020
1032.490000  1.189563e-020
1032.520000  1.173220e-020
1032.550000  1.159738e-020
1032.580000  1.150037e-020
1032.610000  1.135922e-020
1032.640000  1.120082e-020
1032.670000  1.107039e-020
1032.700000  1.092021e-020
1032.730000  1.075233e-020
1032.760000  1.063675e-020
1032.790000  1.051976e-020
1032.820000  1.036422e-020
1032.850000  1.023752e-020
1032.880000  1.012879e-020
1032.910000  9.985008e-021
1032.940000  9.851595e-021
1032.970000  9.750813e-021
1033.000000  9.640376e-021
1033.030000  9.505969e-021
1033.060000  9.381761e-021
1033.090000  9.277686e-021
1033.120000  9.170669e-021
1033.150000  9.057308e-021
1033.180000  8.959200e-021
1033.210000  8.871400e-021
1033.240000  8.786809e-021
1033.270000  8.702854e-021
1033.300000  8.626537e-021
1033.330000  8.565649e-021
1033.360000  8.500141e-021
1033.390000  8.406546e-021
1033.420000  8.303357e-021
1033.450000  8.237862e-021
1033.480000  8.178839e-021
1033.510000  8.087019e-021
1033.540000  8.000931e-021
1033.570000  7.938675e-021
1033.600000  7.851811e-021
1033.630000  7.743598e-021
1033.660000  7.653659e-021
1033.690000  7.582714e-021
1033.720000  7.507480e-021
1033.750000  7.431746e-021
1033.780000  7.364973e-021
1033.810000  7.307901e-021
1033.840000  7.241545e-021
1033.870000  7.172500e-021
1033.900000  7.104964e-021
1033.930000  7.035920e-021
1033.960000  6.967200e-021
1033.990000  6.910356e-021
1034.020000  6.864509e-021
1034.050000  6.821899e-021
1034.080000  6.787411e-021
1034.110000  6.737839e-021
1034.140000  6.668806e-021
1034.170000  6.601060e-021
1034.200000  6.524887e-021
1034.230000  6.441570e-021
1034.260000  6.389135e-021
1034.290000  6.360157e-021
1034.320000  6.320979e-021
1034.350000  6.265433e-021
1034.380000  6.221383e-021
1034.410000  6.180948e-021
1034.440000  6.124423e-021
1034.470000  6.074119e-021
1034.500000  6.048021e-021
1034.530000  6.029148e-021
1034.560000  6.002554e-021
1034.590000  5.968211e-021
1034.620000  5.916191e-021
1034.650000  5.870928e-021
1034.680000  5.823688e-021
1034.710000  5.763536e-021
1034.740000  5.710889e-021
1034.770000  5.671716e-021
1034.800000  5.628685e-021
1034.830000  5.579925e-021
1034.860000  5.527554e-021
1034.890000  5.477243e-021
1034.920000  5.437119e-021
1034.950000  5.401969e-021
1034.980000  5.362870e-021
1035.010000  5.332276e-021
1035.040000  5.315508e-021
1035.070000  5.304086e-021
1035.100000  5.291802e-021
1035.130000  5.270766e-021
1035.160000  5.240990e-021
1035.190000  5.201205e-021
1035.220000  5.144955e-021
1035.250000  5.085848e-021
1035.280000  5.043981e-021
1035.310000  5.015266e-021
1035.340000  4.980026e-021
1035.370000  4.936991e-021
1035.400000  4.904480e-021
1035.430000  4.871659e-021
1035.460000  4.832902e-021
1035.490000  4.797032e-021
1035.520000  4.777482e-021
1035.550000  4.758177e-021
1035.580000  4.742661e-021
1035.610000  4.731479e-021
1035.640000  4.722694e-021
1035.670000  4.711525e-021
1035.700000  4.683015e-021
1035.730000  4.638322e-021
1035.760000  4.591724e-021
1035.790000  4.561670e-021
1035.820000  4.534792e-021
1035.850000  4.509075e-021
1035.880000  4.499343e-021
1035.910000  4.498550e-021
1035.940000  4.487783e-021
1035.970000  4.475600e-021
1036.000000  4.467509e-021
1036.030000  4.453876e-021
1036.060000  4.432869e-021
1036.090000  4.407698e-021
1036.120000  4.379539e-021
1036.150000  4.355799e-021
1036.180000  4.335548e-021
1036.210000  4.314542e-021
1036.240000  4.300937e-021
1036.270000  4.282884e-021
1036.300000  4.251219e-021
1036.330000  4.225647e-021
1036.360000  4.207952e-021
1036.390000  4.181070e-021
1036.420000  4.159314e-021
1036.450000  4.143094e-021
1036.480000  4.117434e-021
1036.510000  4.097989e-021
1036.540000  4.096480e-021
1036.570000  4.095094e-021
1036.600000  4.104400e-021
1036.630000  4.118659e-021
1036.660000  4.112730e-021
1036.690000  4.090050e-021
1036.720000  4.062633e-021
1036.750000  4.031818e-021
1036.780000  4.006794e-021
1036.810000  3.999903e-021
1036.840000  4.002790e-021
1036.870000  4.005098e-021
1036.900000  3.989614e-021
1036.930000  3.960938e-021
1036.960000  3.931378e-021
1036.990000  3.904080e-021
1037.020000  3.886389e-021
1037.050000  3.883853e-021
1037.080000  3.887333e-021
1037.110000  3.891537e-021
1037.140000  3.881354e-021
1037.170000  3.859427e-021
1037.200000  3.845117e-021
1037.230000  3.829605e-021
1037.260000  3.820207e-021
1037.290000  3.819366e-021
1037.320000  3.813575e-021
1037.350000  3.812118e-021
1037.380000  3.822371e-021
1037.410000  3.811188e-021
1037.440000  3.787613e-021
1037.470000  3.787284e-021
1037.500000  3.785935e-021
1037.530000  3.759529e-021
1037.560000  3.741670e-021
1037.590000  3.750738e-021
1037.620000  3.741385e-021
1037.650000  3.711863e-021
1037.680000  3.696917e-021
1037.710000  3.690362e-021
1037.740000  3.682962e-021
1037.770000  3.688134e-021
1037.800000  3.701999e-021
1037.830000  3.704943e-021
1037.860000  3.695350e-021
1037.890000  3.675895e-021
1037.920000  3.647680e-021
1037.950000  3.616216e-021
1037.980000  3.599747e-021
1038.010000  3.596748e-021
1038.040000  3.596094e-021
1038.070000  3.606521e-021
1038.100000  3.626116e-021
1038.130000  3.648666e-021
1038.160000  3.654711e-021
1038.190000  3.643877e-021
1038.220000  3.633745e-021
1038.250000  3.630072e-021
1038.280000  3.615560e-021
1038.310000  3.607525e-021
1038.340000  3.615183e-021
1038.370000  3.613358e-021
1038.400000  3.599989e-021
1038.430000  3.581263e-021
1038.460000  3.571280e-021
1038.490000  3.558729e-021
1038.520000  3.540588e-021
1038.550000  3.526387e-021
1038.580000  3.518550e-021
1038.610000  3.504444e-021
1038.640000  3.494700e-021
1038.670000  3.488560e-021
1038.700000  3.478133e-021
1038.730000  3.474669e-021
1038.760000  3.473848e-021
1038.790000  3.470679e-021
1038.820000  3.468342e-021
1038.850000  3.461113e-021
1038.880000  3.443205e-021
1038.910000  3.423240e-021
1038.940000  3.409587e-021
1038.970000  3.407518e-021
1039.000000  3.410927e-021
1039.030000  3.411746e-021
1039.060000  3.395964e-021
1039.090000  3.361491e-021
1039.120000  3.326384e-021
1039.150000  3.297853e-021
1039.180000  3.283805e-021
1039.210000  3.295832e-021
1039.240000  3.314938e-021
1039.270000  3.327454e-021
1039.300000  3.335725e-021
1039.330000  3.334378e-021
1039.360000  3.322592e-021
1039.390000  3.304192e-021
1039.420000  3.273541e-021
1039.450000  3.244522e-021
1039.480000  3.224142e-021
1039.510000  3.207287e-021
1039.540000  3.197114e-021
1039.570000  3.199540e-021
1039.600000  3.204223e-021
1039.630000  3.205552e-021
1039.660000  3.209114e-021
1039.690000  3.220016e-021
1039.720000  3.233477e-021
1039.750000  3.236870e-021
1039.780000  3.240367e-021
1039.810000  3.241088e-021
1039.840000  3.223356e-021
1039.870000  3.194056e-021
1039.900000  3.173555e-021
1039.930000  3.143429e-021
1039.960000  3.104999e-021
1039.990000  3.083497e-021
1040.020000  3.071751e-021
1040.050000  3.066831e-021
1040.080000  3.078158e-021
1040.110000  3.094472e-021
1040.140000  3.094575e-021
1040.170000  3.081904e-021
1040.200000  3.061718e-021
1040.230000  3.036638e-021
1040.260000  3.015450e-021
1040.290000  3.002061e-021
1040.320000  2.996693e-021
1040.350000  2.994106e-021
1040.380000  2.988216e-021
1040.410000  2.975148e-021
1040.440000  2.958057e-021
1040.470000  2.945371e-021
1040.500000  2.930029e-021
1040.530000  2.907284e-021
1040.560000  2.881740e-021
1040.590000  2.860470e-021
1040.620000  2.834540e-021
1040.650000  2.807485e-021
1040.680000  2.791129e-021
1040.710000  2.797135e-021
1040.740000  2.827006e-021
1040.770000  2.851147e-021
1040.800000  2.863058e-021
1040.830000  2.875566e-021
1040.860000  2.875881e-021
1040.890000  2.846468e-021
1040.920000  2.817576e-021
1040.950000  2.802775e-021
1040.980000  2.787339e-021
1041.010000  2.773756e-021
1041.040000  2.769929e-021
1041.070000  2.766307e-021
1041.100000  2.753827e-021
1041.130000  2.740242e-021
1041.160000  2.725849e-021
1041.190000  2.707809e-021
1041.220000  2.695519e-021
1041.250000  2.694948e-021
1041.280000  2.692620e-021
1041.310000  2.680662e-021
1041.340000  2.671156e-021
1041.370000  2.661595e-021
1041.400000  2.648416e-021
1041.430000  2.636863e-021
1041.460000  2.635335e-021
1041.490000  2.643694e-021
1041.520000  2.648916e-021
1041.550000  2.648076e-021
1041.580000  2.644013e-021
1041.610000  2.634947e-021
1041.640000  2.617881e-021
1041.670000  2.609931e-021
1041.700000  2.612334e-021
1041.730000  2.603779e-021
1041.760000  2.594515e-021
1041.790000  2.590147e-021
1041.820000  2.581620e-021
1041.850000  2.573563e-021
1041.880000  2.587622e-021
1041.910000  2.604687e-021
1041.940000  2.604288e-021
1041.970000  2.597300e-021
1042.000000  2.579259e-021
1042.200000  2.281534e-021
1042.400000  2.224788e-021
1042.600000  2.228571e-021
1042.800000  2.215534e-021
1043.000000  2.152939e-021
1043.200000  2.129554e-021
1043.400000  2.207689e-021
1043.600000  2.213448e-021
1043.800000  2.207283e-021
1044.000000  2.275425e-021
1044.200000  2.339046e-021
1044.400000  2.365886e-021
1044.600000  2.398432e-021
1044.800000  2.445027e-021
1045.000000  2.520712e-021
1045.200000  2.556496e-021
1045.400000  2.629087e-021
1045.600000  2.716860e-021
1045.800000  2.793085e-021
1046.000000  2.944489e-021
1046.200000  2.995924e-021
1046.400000  3.129681e-021
1046.600000  3.211956e-021
1046.800000  3.299765e-021
1047.000000  3.412982e-021
1047.200000  3.493732e-021
1047.400000  3.561143e-021
1047.600000  3.621928e-021
1047.800000  3.679446e-021
1048.000000  3.750598e-021
1048.200000  3.767719e-021
1048.400000  3.795034e-021
1048.600000  3.795264e-021
1048.800000  3.775120e-021
1049.000000  3.765129e-021
1049.200000  3.717699e-021
1049.400000  3.666770e-021
1049.600000  3.537358e-021
1049.800000  3.417930e-021
1050.000000  3.309196e-021
1050.200000  3.225542e-021
1050.400000  3.108542e-021
1050.600000  2.987207e-021
1050.800000  2.884145e-021
1051.000000  2.746234e-021
1051.200000  2.620420e-021
1051.400000  2.499862e-021
1051.600000  2.376664e-021
1051.800000  2.240832e-021
1052.000000  2.160924e-021
1052.200000  2.095699e-021
1052.400000  2.008590e-021
1052.600000  1.900571e-021
1052.800000  1.831791e-021
1053.000000  1.756297e-021
1053.200000  1.674418e-021
1053.400000  1.609732e-021
1053.600000  1.565066e-021
1053.800000  1.524485e-021
1054.000000  1.477910e-021
1054.200000  1.435424e-021
1054.400000  1.425978e-021
1054.600000  1.364515e-021
1054.800000  1.326686e-021
1055.000000  1.327595e-021
1055.200000  1.294556e-021
1055.400000  1.269160e-021
1055.600000  1.240208e-021
1055.800000  1.230854e-021
1056.000000  1.213753e-021
1056.200000  1.195211e-021
1056.400000  1.181912e-021
1056.600000  1.157313e-021
1056.800000  1.138309e-021
1057.000000  1.143975e-021
1057.200000  1.103015e-021
1057.400000  1.085316e-021
1057.600000  1.065812e-021
1057.800000  1.049459e-021
1058.000000  1.028109e-021
1058.200000  9.957132e-022
1058.400000  9.710719e-022
1058.600000  9.698559e-022
1058.800000  9.501252e-022
1059.000000  9.392643e-022
1059.200000  9.105489e-022
1059.400000  8.796363e-022
1059.600000  8.465204e-022
1059.800000  8.448159e-022
1060.000000  8.391692e-022
1060.200000  8.388861e-022
1060.400000  8.131351e-022
1060.600000  8.117481e-022
1060.800000  7.834056e-022
1061.000000  7.837847e-022
1061.200000  7.686820e-022
1061.400000  7.831010e-022
1061.600000  7.694103e-022
1061.800000  7.412508e-022
1062.000000  7.397808e-022
1062.200000  7.408394e-022
1062.400000  7.523994e-022
1062.600000  7.338997e-022
1062.800000  7.164526e-022
1063.000000  7.280200e-022
1063.200000  7.116233e-022
1063.400000  7.253891e-022
1063.600000  7.144194e-022
1063.800000  6.972323e-022
1064.000000  6.876732e-022
1064.200000  6.751741e-022
1064.400000  6.758088e-022
1064.600000  6.863217e-022
1064.800000  6.723192e-022
1065.000000  6.729508e-022
1065.200000  6.739498e-022
1065.400000  6.503462e-022
1065.600000  6.399300e-022
1065.800000  6.383233e-022
1066.000000  6.437097e-022
1066.200000  6.693786e-022
1066.400000  6.364326e-022
1066.600000  6.396146e-022
1066.800000  6.439109e-022
1067.000000  6.271254e-022
1067.200000  6.029011e-022
1067.400000  6.197762e-022
1067.600000  6.133075e-022
1067.800000  5.993986e-022
1068.000000  6.345303e-022
1068.200000  6.254509e-022
1068.400000  6.066708e-022
1068.600000  6.135759e-022
1068.800000  5.977332e-022
1069.000000  5.956784e-022
1069.200000  6.089455e-022
1069.400000  5.784596e-022
1069.600000  5.969774e-022
1069.800000  6.031587e-022
1070.000000  5.887141e-022
1070.200000  5.693595e-022
1070.400000  5.717713e-022
1070.600000  5.734344e-022
1070.800000  5.592820e-022
1071.000000  5.530190e-022
1071.200000  5.456118e-022
1071.400000  5.929533e-022
1071.600000  5.814100e-022
1071.800000  5.721148e-022
1072.000000  5.836321e-022
1072.200000  5.652223e-022
1072.400000  5.729590e-022
1072.600000  5.674168e-022
1072.800000  5.573017e-022
1073.000000  5.426012e-022
1073.200000  5.556755e-022
1073.400000  5.558122e-022
1073.600000  5.368701e-022
1073.800000  5.404258e-022
1074.000000  5.466635e-022
1074.200000  5.448768e-022
1074.400000  5.718109e-022
1074.600000  5.516423e-022
1074.800000  5.640508e-022
1075.000000  5.472929e-022
1075.200000  5.435735e-022
1075.400000  5.402315e-022
1075.600000  5.545990e-022
1075.800000  5.504888e-022
1076.000000  5.479139e-022
1076.200000  5.383817e-022
1076.400000  5.458405e-022
1076.600000  5.355137e-022
1076.800000  5.185832e-022
1077.000000  5.229415e-022
1077.200000  5.218751e-022
1077.400000  5.301272e-022
1077.600000  5.224561e-022
1077.800000  5.077665e-022
1078.000000  4.747447e-022
1078.200000  4.931168e-022
1078.400000  4.904529e-022
1078.600000  4.557593e-022
1078.800000  4.819815e-022
1079.000000  4.785158e-022
1079.200000  4.719102e-022
1079.400000  4.770515e-022
1079.600000  4.774936e-022
1079.800000  4.689036e-022
1080.000000  4.693380e-022
1080.200000  4.445923e-022
1080.400000  4.363402e-022
1080.600000  4.481753e-022
1080.800000  4.312305e-022
1081.000000  4.284704e-022
1081.200000  4.209615e-022
1081.400000  4.304506e-022
1081.600000  4.352048e-022
1081.800000  4.328328e-022
1082.000000  4.368036e-022
1082.200000  4.201322e-022
1082.400000  4.185332e-022
1082.600000  4.169308e-022
1082.800000  4.396154e-022
1083.000000  4.173031e-022
1083.200000  4.101087e-022
1083.400000  4.388382e-022
1083.600000  4.212580e-022
1083.800000  3.966442e-022
1084.000000  3.908839e-022
1084.200000  4.140092e-022
1084.400000  3.889580e-022
1084.600000  3.879918e-022
1084.800000  3.830849e-022
1085.000000  3.786110e-022
1085.200000  3.916833e-022
1085.400000  3.722568e-022
1085.600000  3.932932e-022
1085.800000  3.795647e-022
1086.000000  3.834303e-022
1086.200000  3.648532e-022
1086.400000  3.749060e-022
1086.600000  3.752512e-022
1086.800000  3.720679e-022
1087.000000  3.710706e-022
1087.200000  3.754350e-022
1087.400000  3.779768e-022
1087.600000  3.619996e-022
1087.800000  3.751682e-022
1088.000000  3.702111e-022
1088.200000  3.586311e-022
1088.400000  3.449047e-022
1088.600000  3.527470e-022
1088.800000  3.301062e-022
1089.000000  3.524942e-022
1089.200000  3.387922e-022
1089.400000  3.448502e-022
1089.600000  3.438110e-022
1089.800000  3.521870e-022
1090.000000  3.370334e-022
1090.200000  3.368895e-022
1090.400000  3.373224e-022
1090.600000  3.562057e-022
1090.800000  3.361651e-022
1091.000000  3.507395e-022
1091.200000  3.408794e-022
1091.400000  3.429732e-022
1091.600000  3.393899e-022
1091.800000  3.260050e-022
1092.000000  3.621535e-022
1092.200000  3.147942e-022
1092.400000  3.159565e-022
1092.600000  3.228690e-022
1092.800000  3.187451e-022
1093.000000  3.218329e-022
1093.200000  3.252602e-022
1093.400000  3.233420e-022
1093.600000  3.131345e-022
1093.800000  3.315987e-022
1094.000000  3.097249e-022
1094.200000  3.075324e-022
1094.400000  3.099975e-022
1094.600000  3.049841e-022
1094.800000  3.076612e-022
1095.000000  2.773250e-022
1095.200000  2.949033e-022
1095.400000  2.869453e-022
1095.600000  2.707798e-022
1095.800000  2.803684e-022
1096.000000  2.795244e-022
1096.200000  2.762225e-022
1096.400000  2.840190e-022
1096.600000  2.800782e-022
1096.800000  2.967665e-022
1097.000000  2.663517e-022
1097.200000  2.562149e-022
1097.400000  2.547028e-022
1097.600000  2.495653e-022
1097.800000  2.431384e-022
1098.000000  2.605660e-022
1098.200000  2.331974e-022
1098.400000  2.316562e-022
1098.600000  2.210787e-022
1098.800000  2.181947e-022
1099.000000  2.255130e-022
1099.200000  2.291955e-022
1099.400000  2.240761e-022
1099.600000  2.483208e-022
1099.800000  2.284012e-022
1100.000000  2.059032e-022
1100.200000  2.078154e-022
1100.400000  2.249244e-022
1100.600000  2.072862e-022
1100.800000  2.185878e-022
1101.000000  1.964966e-022
1101.200000  1.753181e-022
1101.400000  2.155853e-022
1101.600000  2.063634e-022
1101.800000  1.883066e-022
1102.000000  1.876080e-022
1102.200000  2.126704e-022
1102.400000  1.968344e-022
1102.600000  1.939176e-022
1102.800000  1.812209e-022
1103.000000  1.720387e-022
1103.200000  1.798012e-022
1103.400000  1.963724e-022
1103.600000  1.947986e-022
1103.800000  1.869535e-022
1104.000000  1.862454e-022
1104.200000  1.842185e-022
1104.400000  1.657051e-022
1104.600000  1.934391e-022
1104.800000  1.736232e-022
1105.000000  1.632028e-022
1105.200000  1.779961e-022
1105.400000  1.848243e-022
1105.600000  1.672260e-022
1105.800000  1.882553e-022
1106.000000  1.764719e-022
1106.200000  1.531013e-022
1106.400000  1.555461e-022
1106.600000  1.530232e-022
1106.800000  1.585824e-022
1107.000000  1.400913e-022
1107.200000  1.615845e-022
1107.400000  1.657403e-022
1107.600000  1.592901e-022
1107.800000  1.829116e-022
1108.000000  1.521619e-022
1108.200000  1.558318e-022
1108.400000  1.445599e-022
1108.600000  1.473333e-022
1108.800000  1.452693e-022
1109.000000  1.530293e-022
1109.200000  1.381201e-022
1109.400000  1.502934e-022
1109.600000  1.468740e-022
1109.800000  1.542126e-022
1110.000000  1.689123e-022
1110.200000  1.416316e-022
1110.400000  1.427527e-022
1110.600000  1.504299e-022
1110.800000  1.425576e-022
1111.000000  1.316370e-022
1111.200000  1.265886e-022
1111.400000  1.253417e-022
1111.600000  1.334458e-022
1111.800000  1.545165e-022
1112.000000  1.400542e-022
1112.200000  1.246552e-022
1112.400000  1.342001e-022
1112.600000  1.400676e-022
1112.800000  1.291004e-022
1113.000000  1.492295e-022
1113.200000  1.401256e-022
1113.400000  1.336143e-022
1113.600000  1.363916e-022
1113.800000  1.366517e-022
1114.000000  1.452195e-022
1114.200000  1.275717e-022
1114.400000  1.233641e-022
1114.600000  1.217260e-022
1114.800000  1.476303e-022
1115.000000  1.192706e-022
1115.200000  1.177625e-022
1115.400000  1.347724e-022
1115.600000  1.010544e-022
1115.800000  1.346904e-022
1116.000000  1.192507e-022
1116.200000  1.157884e-022
1116.400000  1.489711e-022
1116.600000  1.161818e-022
1116.800000  1.354345e-022
1117.000000  9.452620e-023
1117.200000  9.754416e-023
1117.400000  1.087694e-022
1117.600000  1.182422e-022
1117.800000  1.158270e-022
1118.000000  1.132672e-022
1118.200000  1.044356e-022
1118.400000  9.895856e-023
1118.600000  1.141806e-022
1118.800000  7.990878e-023
1119.000000  1.023221e-022
1119.200000  1.303190e-022
1119.400000  8.665916e-023
1119.600000  8.673660e-023
1119.800000  1.093773e-022
1120.000000  9.830119e-023
1120.200000  8.140096e-023
1120.400000  8.997526e-023
1120.600000  8.045912e-023
1120.800000  1.020122e-022
1121.000000  9.983005e-023
1121.200000  1.048487e-022
1121.400000  1.002455e-022
1121.600000  9.587137e-023
1121.800000  8.474052e-023
1122.000000  8.686157e-023
1122.200000  8.246351e-023
1122.400000  7.758099e-023
1122.600000  6.462895e-023
1122.800000  9.504864e-023
1123.000000  8.748825e-023
1123.200000  9.698756e-023
1123.400000  8.137362e-023
1123.600000  7.943388e-023
1123.800000  7.231179e-023
1124.000000  6.834459e-023
1124.200000  8.099125e-023
1124.400000  1.011128e-022
1124.600000  6.924905e-023
1124.800000  7.157444e-023
1125.000000  6.397292e-023
1125.200000  8.458496e-023
1125.400000  6.258960e-023
1125.600000  5.679641e-023
1125.800000  7.218345e-023
1126.000000  8.290072e-023
1126.200000  6.446023e-023
1126.400000  6.723402e-023
1126.600000  7.545054e-023
1126.800000  7.396248e-023
1127.000000  6.323034e-023
1127.200000  6.869016e-023
1127.400000  7.581626e-023
1127.600000  7.451802e-023
1127.800000  6.736001e-023
1128.000000  6.517243e-023
1128.200000  6.958217e-023
1128.400000  5.970873e-023
1128.600000  5.388347e-023
1128.800000  5.211718e-023
1129.000000  5.427345e-023
1129.200000  6.699329e-023
1129.400000  5.756499e-023
1129.600000  5.353218e-023
1129.800000  5.028011e-023
1130.000000  7.344142e-023
1130.200000  5.850915e-023
1130.400000  7.357150e-023
1130.600000  5.624058e-023
1130.800000  5.673552e-023
1131.000000  4.633951e-023
1131.200000  6.184067e-023
1131.400000  4.858389e-023
1131.600000  5.271714e-023
1131.800000  5.003115e-023
1132.000000  6.041865e-023
1132.200000  7.545318e-023
1132.400000  5.823397e-023
1132.600000  2.914769e-023
1132.800000  4.365536e-023
1133.000000  4.733507e-023
1133.200000  4.737686e-023
1133.400000  4.559739e-023
1133.600000  6.645577e-023
1133.800000  4.511652e-023
1134.000000  4.469980e-023
1134.200000  3.926106e-023
1134.400000  2.689737e-023
1134.600000  3.696117e-023
1134.800000  3.836315e-023
1135.000000  5.437050e-023
1135.200000  5.613319e-023
1135.400000  3.974683e-023
1135.600000  4.297996e-023
1135.800000  4.896962e-023
1136.000000  4.249897e-023
1136.200000  5.121388e-023
1136.400000  6.864950e-023
1136.600000  4.719368e-023
1136.800000  5.307613e-023
1137.000000  6.135814e-023
1137.200000  1.787413e-023
1137.400000  5.219785e-023
1137.600000  5.769749e-023
1137.800000  5.820736e-023
1138.000000  5.647146e-023
1138.200000  7.287441e-023
1138.400000  5.091370e-023
1138.600000  5.185946e-023
1138.800000  6.158917e-023
1139.000000  4.496574e-023
1139.200000  5.005600e-023
1139.400000  3.447198e-023
1139.600000  1.840291e-023
1139.800000  3.812988e-023
1140.000000  2.942735e-023
1140.200000  4.187784e-023
1140.400000  4.145018e-023
1140.600000  2.950487e-023
1140.800000  6.735263e-023
1141.000000  4.017799e-023
1141.200000  4.159577e-023
1141.400000  4.949950e-023
1141.600000  4.398740e-023
1141.800000  2.085521e-023
1142.000000  5.289820e-023
1142.200000  4.224641e-023
1142.400000  4.042509e-023
1142.600000  3.674058e-023
1142.800000  4.700884e-023
1143.000000  3.726943e-023
1143.200000  2.237810e-023
1143.400000  4.620175e-023
1143.600000  3.409686e-023
1143.800000  2.056714e-023
1144.000000  2.620450e-023
1144.200000  3.933850e-023
1144.400000  2.202844e-023
1144.600000  1.970365e-023
1144.800000  5.129847e-023
1145.000000  3.862330e-023
1145.200000  2.875565e-023
1145.400000  2.028947e-023
1145.600000  2.077699e-023
1145.800000  4.774006e-023
1146.000000  4.731111e-024
1146.200000  3.787875e-023
1146.400000  2.037819e-023
1146.600000  3.130705e-023
1146.800000  3.750573e-023
1147.000000  9.979447e-024
1147.200000  1.997630e-023
1147.400000  1.190153e-023
1147.600000  5.002255e-023
1147.800000  4.625017e-023
1148.000000  1.049777e-023
1148.200000  2.245000e-023
1148.400000  2.294513e-023
1148.600000  1.818384e-023
1148.800000  2.969224e-023
1149.000000  8.148768e-024
1149.200000  3.454311e-023
1149.400000  1.920792e-023
1149.600000  2.018613e-023
1149.800000  1.012335e-023
1150.000000  8.200433e-024
