800.000000  NaN
800.200000  NaN
800.400000  NaN
800.600000  8.284948e-030
800.800000  3.018188e-030
801.000000  1.899899e-030
801.200000  7.021348e-030
801.400000  6.438763e-030
801.600000  1.473204e-030
801.800000  9.202222e-030
802.000000  2.424191e-029
802.200000  2.683765e-029
802.400000  1.873023e-029
802.600000  8.975726e-031
802.800000  -2.118160e-029
803.000000  -3.347012e-029
803.200000  -2.703594e-029
803.400000  -1.443009e-029
803.600000  -1.561813e-029
803.800000  -1.696536e-029
804.000000  -1.539812e-029
804.200000  -1.192269e-029
804.400000  -1.819831e-029
804.600000  -2.118898e-029
804.800000  -1.031031e-029
805.000000  -5.210399e-030
805.200000  -1.675829e-029
805.400000  -1.411351e-029
805.600000  -4.589035e-030
805.800000  7.659379e-030
806.000000  1.943064e-030
806.200000  5.062243e-030
806.400000  1.495900e-029
806.600000  1.292766e-029
806.800000  8.822890e-030
807.000000  2.072362e-029
807.200000  2.970076e-029
807.400000  1.779250e-029
807.600000  1.370319e-029
807.800000  2.086552e-029
808.000000  1.943560e-029
808.200000  1.511478e-030
808.400000  8.892856e-030
808.600000  2.476706e-029
808.800000  1.674623e-029
809.000000  5.307495e-030
809.200000  5.126971e-030
809.400000  -2.435829e-030
809.600000  -1.799942e-029
809.800000  -6.597746e-030
810.000000  1.039269e-029
810.200000  5.296231e-030
810.400000  -1.218118e-029
810.600000  -1.406780e-029
810.800000  -1.576701e-030
811.000000  -1.797253e-029
811.200000  -1.805537e-029
811.400000  -3.050807e-030
811.600000  -9.004352e-030
811.800000  -3.370582e-029
812.000000  -2.575512e-029
812.200000  -1.238771e-029
812.400000  -2.359136e-029
812.600000  -3.201100e-029
812.800000  -1.544935e-030
813.000000  1.999336e-029
813.200000  1.062531e-029
813.400000  3.670604e-030
813.600000  6.376158e-030
813.800000  -9.283788e-030
814.000000  -3.814412e-029
814.200000  -2.586644e-029
814.400000  4.716805e-030
814.600000  8.705738e-030
814.800000  -9.684681e-030
815.000000  4.018437e-031
815.200000  1.414817e-029
815.400000  -1.830581e-029
815.600000  -2.559462e-029
815.800000  7.641623e-030
816.000000  3.976520e-029
816.200000  2.394586e-030
816.400000  3.298597e-029
816.600000  5.151154e-029
816.800000  1.391432e-029
817.000000  -2.247182e-029
817.200000  5.839727e-030
817.400000  3.049380e-029
817.600000  -1.243852e-029
817.800000  -1.076984e-030
818.000000  2.451717e-029
818.200000  -5.761526e-030
818.400000  -6.331116e-029
818.600000  -3.048236e-029
818.800000  -1.102261e-029
819.000000  -2.628865e-029
819.200000  -4.907881e-029
819.400000  3.166255e-030
819.600000  3.149235e-029
819.800000  -4.526574e-030
820.000000  -2.083182e-029
820.200000  3.206355e-029
820.400000  2.077021e-029
820.600000  -2.663111e-029
820.800000  2.556580e-029
821.000000  8.415670e-029
821.200000  1.760522e-029
821.400000  -4.145130e-029
821.600000  3.067347e-029
821.800000  1.909843e-029
822.000000  -6.376520e-029
822.200000  -6.597897e-029
822.400000  1.195679e-029
822.600000  -1.547642e-029
822.800000  -1.586575e-030
823.000000  2.385496e-029
823.200000  5.730645e-029
823.400000  -2.108996e-029
823.600000  -6.256588e-029
823.800000  -4.215459e-030
824.000000  -3.346903e-029
824.200000  -1.343200e-028
824.400000  -1.098943e-028
824.600000  -4.128214e-029
824.800000  -4.558727e-029
825.000000  -6.148651e-029
825.200000  4.074655e-029
825.400000  1.174827e-028
825.600000  3.602795e-029
825.800000  -2.704251e-030
826.000000  5.649889e-029
826.200000  6.897333e-029
826.400000  -3.121287e-029
826.600000  5.802245e-031
826.800000  8.037801e-029
827.000000  -1.925840e-030
827.200000  -3.166738e-029
827.400000  2.893623e-029
827.600000  8.473103e-029
827.800000  4.850338e-029
828.000000  2.021817e-029
828.200000  1.014911e-028
828.400000  8.712232e-029
828.600000  -6.407899e-029
828.800000  -2.087424e-029
829.000000  5.461275e-029
829.200000  2.135653e-031
829.400000  -3.339638e-029
829.600000  1.253579e-028
829.800000  1.674809e-028
830.000000  -5.806596e-029
830.200000  -3.580834e-029
830.400000  9.965943e-029
830.600000  8.648827e-029
830.800000  2.065386e-029
831.000000  2.136519e-028
831.200000  3.922169e-028
831.400000  2.677269e-028
831.600000  1.394650e-028
831.800000  2.376520e-028
832.000000  2.587671e-028
832.200000  8.644419e-030
832.400000  -1.215105e-028
832.600000  8.565487e-029
832.800000  6.171784e-029
833.000000  -1.201882e-028
833.200000  -4.982852e-029
833.400000  1.787966e-028
833.600000  1.039290e-028
833.800000  -3.319015e-029
834.000000  1.282401e-028
834.200000  1.058060e-028
834.400000  -1.397505e-028
834.600000  -6.519394e-029
834.800000  1.806700e-028
835.000000  1.848790e-028
835.200000  -1.242829e-029
835.400000  1.207132e-028
835.600000  3.825078e-028
835.800000  7.272493e-029
836.000000  3.439855e-029
836.200000  2.994381e-028
836.400000  3.167558e-028
836.600000  -2.576712e-029
836.800000  5.193465e-029
837.000000  3.132577e-028
837.200000  7.054141e-029
837.400000  -2.600163e-028
837.600000  -2.248526e-028
837.800000  -2.431057e-029
838.000000  -3.165346e-028
838.200000  -2.748218e-028
838.400000  1.486867e-028
838.600000  2.378467e-028
838.800000  2.058676e-028
839.000000  5.627580e-028
839.200000  8.668348e-028
839.400000  6.394114e-028
839.600000  3.534518e-028
839.800000  8.256225e-028
840.000000  1.172166e-027
840.200000  8.462778e-028
840.400000  6.593715e-028
840.600000  9.199633e-028
840.800000  1.010988e-027
841.000000  4.796240e-028
841.200000  3.769791e-028
841.400000  5.779037e-028
841.600000  2.767041e-028
841.800000  1.084956e-028
842.000000  3.525851e-028
842.200000  5.930823e-028
842.400000  -8.687648e-030
842.600000  -1.368851e-028
842.800000  4.609689e-028
843.000000  3.621989e-028
843.200000  -1.192696e-028
843.400000  2.465296e-028
843.600000  7.786278e-028
843.800000  6.183274e-028
844.000000  4.142592e-028
844.200000  9.690658e-028
844.400000  1.341381e-027
844.600000  6.526718e-028
844.800000  5.622973e-028
845.000000  1.304305e-027
845.200000  1.069546e-027
845.400000  4.440834e-028
845.600000  8.082081e-028
845.800000  1.419026e-027
846.000000  7.705336e-028
846.200000  3.314372e-028
846.400000  1.159495e-027
846.600000  1.805601e-027
846.800000  5.953708e-028
847.000000  4.671705e-029
847.200000  5.231382e-028
847.400000  7.436045e-028
847.600000  5.434799e-029
847.800000  6.364650e-028
848.000000  1.285087e-027
848.200000  5.866393e-028
848.400000  1.066376e-029
848.600000  1.075989e-027
848.800000  1.605070e-027
849.000000  8.143424e-028
849.200000  1.095628e-027
849.400000  2.261310e-027
849.600000  1.916083e-027
849.800000  9.321412e-028
850.000000  1.605631e-027
850.200000  2.137513e-027
850.400000  8.738799e-028
850.600000  4.251170e-028
850.800000  1.413944e-027
851.000000  1.579372e-027
851.200000  -5.310623e-029
851.400000  2.478491e-028
851.600000  1.735895e-027
851.800000  1.483028e-027
852.000000  6.122608e-028
852.200000  1.681798e-027
852.400000  2.738407e-027
852.600000  1.355440e-027
852.800000  1.052820e-027
853.000000  3.040486e-027
853.200000  3.178277e-027
853.400000  1.216444e-027
853.600000  1.284220e-027
853.800000  2.989733e-027
854.000000  2.733007e-027
854.200000  1.590591e-027
854.400000  2.851398e-027
854.600000  3.921220e-027
854.800000  1.714352e-027
855.000000  1.388854e-027
855.200000  3.258080e-027
855.400000  3.303463e-027
855.600000  2.246990e-027
855.800000  2.810655e-027
856.000000  4.784519e-027
856.200000  4.369862e-027
856.400000  2.741701e-027
856.600000  5.467336e-027
856.800000  6.951144e-027
857.000000  5.930146e-027
857.200000  6.669674e-027
857.400000  9.902291e-027
857.600000  1.000489e-026
857.800000  8.387935e-027
858.000000  9.254883e-027
858.200000  1.154752e-026
858.400000  8.908454e-027
858.600000  8.709765e-027
858.800000  9.031181e-027
859.000000  8.252381e-027
859.200000  4.661773e-027
859.400000  3.666802e-027
859.600000  5.940028e-027
859.800000  4.965669e-027
860.000000  1.683488e-027
860.200000  3.472534e-027
860.400000  5.537439e-027
860.600000  4.546828e-027
860.800000  2.026020e-027
861.000000  4.402145e-027
861.200000  5.775650e-027
861.400000  1.613438e-027
861.600000  2.950850e-027
861.800000  6.474414e-027
862.000000  5.807418e-027
862.200000  2.919249e-027
862.400000  5.484666e-027
862.600000  7.779622e-027
862.800000  4.162989e-027
863.000000  3.156450e-027
863.200000  5.540405e-027
863.400000  5.470555e-027
863.600000  1.198219e-027
863.800000  3.518603e-027
864.000000  8.251901e-027
864.200000  8.625991e-027
864.400000  5.533484e-027
864.600000  7.481405e-027
864.800000  9.985323e-027
865.000000  5.790681e-027
865.200000  2.667379e-028
865.400000  5.191599e-027
865.600000  6.304334e-027
865.800000  5.758728e-028
866.000000  1.488147e-027
866.200000  3.880215e-027
866.400000  6.538218e-027
866.600000  4.362479e-027
866.800000  6.951688e-027
867.000000  1.197549e-026
867.200000  8.601799e-027
867.400000  7.250263e-027
867.600000  1.328337e-026
867.800000  1.239573e-026
868.000000  3.293422e-027
868.200000  3.774628e-027
868.400000  1.025429e-026
868.600000  6.325657e-027
868.800000  -2.641623e-027
869.000000  3.650557e-027
869.200000  8.182144e-027
869.400000  3.417969e-027
869.600000  3.089841e-027
869.800000  1.618360e-026
870.000000  1.633208e-026
870.200000  9.449442e-027
870.400000  1.470071e-026
870.600000  2.445323e-026
870.800000  1.873032e-026
871.000000  1.211893e-026
871.200000  1.662221e-026
871.400000  2.268569e-026
871.600000  2.047567e-026
871.800000  1.597458e-026
872.000000  1.895596e-026
872.200000  1.620029e-026
872.400000  1.333572e-026
872.600000  2.270030e-026
872.800000  3.838939e-026
873.000000  3.345150e-026
873.200000  2.229841e-026
873.400000  3.313384e-026
873.600000  3.130917e-026
873.800000  2.353064e-026
874.000000  2.807839e-026
874.200000  4.226973e-026
874.400000  4.589268e-026
874.600000  3.856292e-026
874.800000  4.311105e-026
875.000000  6.135027e-026
875.200000  5.134301e-026
875.400000  3.693093e-026
875.600000  4.400396e-026
875.800000  4.486221e-026
876.000000  3.258490e-026
876.200000  3.228671e-026
876.400000  4.933092e-026
876.600000  4.686820e-026
876.800000  3.719603e-026
877.000000  5.288560e-026
877.200000  6.916634e-026
877.400000  6.327336e-026
877.600000  5.917602e-026
877.800000  7.116211e-026
878.000000  7.580052e-026
878.200000  6.101328e-026
878.400000  7.753392e-026
878.600000  9.955721e-026
878.800000  1.000613e-025
879.000000  9.813476e-026
879.200000  1.233725e-025
879.400000  1.306626e-025
879.600000  1.075956e-025
879.800000  9.564402e-026
880.000000  1.087898e-025
880.200000  1.076783e-025
880.400000  9.741199e-026
880.600000  1.118297e-025
880.800000  1.391014e-025
881.000000  1.318177e-025
881.200000  1.229996e-025
881.400000  1.382759e-025
881.600000  1.563164e-025
881.800000  1.332372e-025
882.000000  1.303073e-025
882.200000  1.700458e-025
882.400000  1.811506e-025
882.600000  1.576686e-025
882.800000  1.674272e-025
883.000000  1.966188e-025
883.200000  1.893010e-025
883.400000  1.706552e-025
883.600000  2.044371e-025
883.800000  2.290975e-025
884.000000  2.008496e-025
884.200000  2.025640e-025
884.400000  2.330313e-025
884.600000  2.321315e-025
884.800000  1.996894e-025
885.000000  2.067424e-025
885.200000  2.332572e-025
885.400000  2.189491e-025
885.600000  2.119575e-025
885.800000  2.466507e-025
886.000000  2.936388e-025
886.200000  2.641102e-025
886.400000  2.619394e-025
886.600000  2.769600e-025
886.800000  2.883209e-025
887.000000  2.754506e-025
887.200000  3.028519e-025
887.400000  3.410939e-025
887.600000  3.206122e-025
887.800000  2.815820e-025
888.000000  3.142896e-025
888.200000  3.471634e-025
888.400000  3.179966e-025
888.600000  3.595737e-025
888.800000  4.003400e-025
889.000000  3.966598e-025
889.200000  3.730469e-025
889.400000  4.159383e-025
889.600000  4.617724e-025
889.800000  4.181775e-025
890.000000  3.936991e-025
890.200000  4.426010e-025
890.400000  4.664783e-025
890.600000  4.007380e-025
890.800000  4.267661e-025
891.000000  4.940031e-025
891.200000  5.064094e-025
891.400000  4.913043e-025
891.600000  5.348610e-025
891.800000  5.501944e-025
892.000000  5.734342e-025
892.200000  5.440103e-025
892.400000  6.256495e-025
892.600000  6.667156e-025
892.800000  5.938180e-025
893.000000  6.217458e-025
893.200000  7.103323e-025
893.400000  7.229844e-025
893.600000  7.183896e-025
893.800000  7.675457e-025
894.000000  8.870855e-025
894.200000  8.712357e-025
894.400000  8.864264e-025
894.600000  9.772310e-025
894.800000  1.030553e-024
895.000000  9.495088e-025
895.200000  9.615681e-025
895.400000  1.069130e-024
895.600000  1.135871e-024
895.800000  1.065965e-024
896.000000  1.095256e-024
896.200000  1.138176e-024
896.400000  1.025923e-024
896.600000  1.023186e-024
896.800000  1.079572e-024
897.000000  1.067358e-024
897.200000  9.998081e-025
897.400000  1.076842e-024
897.600000  1.245905e-024
897.800000  1.277647e-024
898.000000  1.292566e-024
898.200000  1.412623e-024
898.400000  1.593903e-024
898.600000  1.522396e-024
898.800000  1.504164e-024
899.000000  1.587203e-024
899.200000  1.614617e-024
899.400000  1.565950e-024
899.600000  1.684583e-024
899.800000  1.884291e-024
900.000000  1.884997e-024
900.200000  1.825967e-024
900.400000  1.943141e-024
900.600000  2.096113e-024
900.800000  2.089031e-024
901.000000  2.205784e-024
901.200000  2.428910e-024
901.400000  2.496142e-024
901.600000  2.504707e-024
901.800000  2.684407e-024
902.000000  2.880939e-024
902.200000  2.855748e-024
902.400000  2.829603e-024
902.600000  2.985711e-024
902.800000  3.146424e-024
903.000000  2.996920e-024
903.200000  3.106590e-024
903.400000  3.361053e-024
903.600000  3.508083e-024
903.800000  3.497066e-024
904.000000  3.725362e-024
904.200000  3.991682e-024
904.400000  3.954098e-024
904.600000  3.897092e-024
904.800000  4.144757e-024
905.000000  4.401252e-024
905.200000  4.397046e-024
905.400000  4.664192e-024
905.600000  5.134612e-024
905.800000  5.300202e-024
906.000000  5.265924e-024
906.200000  5.488689e-024
906.400000  5.643048e-024
906.600000  5.567435e-024
906.800000  5.705112e-024
907.000000  6.065077e-024
907.200000  6.254242e-024
907.400000  6.058113e-024
907.600000  6.250837e-024
907.800000  6.725641e-024
908.000000  6.782216e-024
908.200000  6.657148e-024
908.400000  6.973423e-024
908.600000  7.332882e-024
908.800000  7.190204e-024
909.000000  7.239379e-024
909.200000  7.826108e-024
909.400000  8.114909e-024
909.600000  7.955524e-024
909.800000  8.403348e-024
910.000000  9.130923e-024
910.200000  9.491412e-024
910.400000  9.863440e-024
910.600000  1.080394e-023
910.800000  1.172610e-023
911.000000  1.230427e-023
911.200000  1.319964e-023
911.400000  1.476015e-023
911.600000  1.602720e-023
911.800000  1.725392e-023
912.000000  1.905422e-023
912.200000  2.136248e-023
912.400000  2.365445e-023
912.600000  2.605554e-023
912.800000  2.937357e-023
913.000000  3.297780e-023
913.200000  3.636190e-023
913.400000  4.037619e-023
913.600000  4.606156e-023
913.800000  5.077271e-023
914.000000  5.402205e-023
914.200000  5.759675e-023
914.400000  6.077073e-023
914.600000  6.197517e-023
914.800000  6.178691e-023
915.000000  6.241289e-023
915.200000  6.312988e-023
915.400000  6.288224e-023
915.600000  6.340467e-023
915.800000  6.626579e-023
916.000000  6.771715e-023
916.200000  6.763624e-023
916.400000  6.782019e-023
916.600000  6.712768e-023
916.800000  6.448872e-023
917.000000  6.013357e-023
917.200000  5.617393e-023
917.400000  5.298681e-023
917.600000  4.860974e-023
917.800000  4.561759e-023
918.000000  4.343617e-023
918.200000  4.092458e-023
918.400000  3.854802e-023
918.600000  3.779368e-023
918.800000  3.824369e-023
919.000000  3.814350e-023
919.200000  3.878191e-023
919.400000  4.074178e-023
919.600000  4.253878e-023
919.800000  4.308225e-023
920.000000  4.410116e-023
920.200000  4.534342e-023
920.400000  4.475592e-023
920.600000  4.285391e-023
920.800000  4.109481e-023
921.000000  3.963266e-023
921.200000  3.728950e-023
921.400000  3.571992e-023
921.600000  3.578083e-023
921.800000  3.608291e-023
922.000000  3.592882e-023
922.200000  3.749735e-023
922.400000  4.036428e-023
922.600000  4.204738e-023
922.800000  4.295897e-023
923.000000  4.526235e-023
923.200000  4.745163e-023
923.400000  4.871550e-023
923.600000  5.040720e-023
923.800000  5.371563e-023
924.000000  5.694496e-023
924.200000  5.967249e-023
924.400000  6.401612e-023
924.600000  6.906159e-023
924.800000  7.360730e-023
925.000000  7.981956e-023
925.200000  8.864144e-023
925.400000  9.821722e-023
925.600000  1.052169e-022
925.800000  1.126917e-022
926.000000  1.209308e-022
926.200000  1.291093e-022
926.400000  1.314470e-022
926.600000  1.351375e-022
926.800000  1.405510e-022
927.000000  1.440030e-022
927.200000  1.462737e-022
927.400000  1.507796e-022
927.600000  1.543226e-022
927.800000  1.532484e-022
928.000000  1.540722e-022
928.200000  1.599624e-022
928.400000  1.644941e-022
928.600000  1.664386e-022
928.800000  1.716734e-022
929.000000  1.786911e-022
929.200000  1.849913e-022
929.400000  1.904263e-022
929.600000  2.020411e-022
929.800000  2.125193e-022
930.000000  2.176072e-022
930.200000  2.230227e-022
930.400000  2.322316e-022
930.600000  2.378863e-022
930.800000  2.385870e-022
931.000000  2.394173e-022
931.200000  2.393691e-022
931.400000  2.318255e-022
931.600000  2.240456e-022
931.800000  2.220362e-022
932.000000  2.220424e-022
932.200000  2.186129e-022
932.400000  2.169226e-022
932.600000  2.212251e-022
932.800000  2.237570e-022
933.000000  2.246586e-022
933.200000  2.334908e-022
933.400000  2.450066e-022
933.600000  2.524667e-022
933.800000  2.586796e-022
934.000000  2.739828e-022
934.200000  2.903277e-022
934.400000  3.015207e-022
934.600000  3.161641e-022
934.800000  3.326069e-022
935.000000  3.448278e-022
935.200000  3.529824e-022
935.400000  3.710048e-022
935.600000  3.934718e-022
935.800000  4.179186e-022
936.000000  4.437323e-022
936.200000  4.847046e-022
936.400000  5.334867e-022
936.600000  5.734120e-022
936.800000  6.102406e-022
937.000000  6.414803e-022
937.200000  6.493212e-022
937.400000  6.373938e-022
937.600000  6.292464e-022
937.800000  6.237322e-022
938.000000  6.070189e-022
938.200000  5.918180e-022
938.400000  5.905024e-022
938.600000  5.927245e-022
938.800000  5.962346e-022
939.000000  6.174875e-022
939.200000  6.576454e-022
939.400000  6.991605e-022
939.600000  7.429835e-022
939.800000  8.004391e-022
940.000000  8.674760e-022
940.200000  9.218976e-022
940.400000  9.768105e-022
940.600000  1.043041e-021
940.800000  1.096628e-021
941.000000  1.133782e-021
941.200000  1.181542e-021
941.400000  1.243794e-021
941.600000  1.276155e-021
941.800000  1.274762e-021
942.000000  1.262053e-021
942.200000  1.224137e-021
942.400000  1.144612e-021
942.600000  1.052477e-021
942.800000  9.794075e-022
943.000000  9.062136e-022
943.200000  8.166698e-022
943.400000  7.461961e-022
943.600000  6.981628e-022
943.800000  6.488571e-022
944.000000  6.083786e-022
944.200000  5.931065e-022
944.400000  5.847008e-022
944.600000  5.429958e-022
944.800000  5.265408e-022
945.000000  5.127508e-022
945.200000  4.907533e-022
945.400000  4.681711e-022
945.600000  4.554968e-022
945.800000  4.445835e-022
946.000000  4.225256e-022
946.200000  3.960609e-022
946.400000  3.796077e-022
946.600000  3.565303e-022
946.800000  3.290136e-022
947.000000  3.102599e-022
947.200000  3.087911e-022
947.400000  3.026614e-022
947.600000  2.946702e-022
947.800000  3.031085e-022
948.000000  3.127663e-022
948.200000  3.114833e-022
948.400000  3.129884e-022
948.600000  3.282850e-022
948.800000  3.305941e-022
949.000000  3.215431e-022
949.200000  3.209744e-022
949.400000  3.280640e-022
949.600000  3.273300e-022
949.800000  3.248421e-022
950.000000  3.377615e-022
950.200000  3.547340e-022
950.400000  3.552745e-022
950.600000  3.587760e-022
950.800000  3.757007e-022
951.000000  3.778932e-022
951.200000  3.644280e-022
951.400000  3.660556e-022
951.600000  3.714875e-022
951.800000  3.626566e-022
952.000000  3.511602e-022
952.200000  3.493036e-022
952.400000  3.447946e-022
952.600000  3.238802e-022
952.800000  3.146956e-022
953.000000  3.198329e-022
953.200000  3.115828e-022
953.400000  2.924530e-022
953.600000  2.962222e-022
953.800000  3.126595e-022
954.000000  3.109887e-022
954.200000  3.000196e-022
954.400000  3.200025e-022
954.600000  3.420328e-022
954.800000  3.468295e-022
955.000000  3.608671e-022
955.200000  3.981227e-022
955.400000  4.311305e-022
955.600000  4.404875e-022
955.800000  4.537264e-022
956.000000  4.680520e-022
956.200000  4.582598e-022
956.400000  4.343046e-022
956.600000  4.220310e-022
956.800000  4.218505e-022
957.000000  4.155971e-022
957.200000  4.319799e-022
957.400000  4.783851e-022
957.600000  5.199316e-022
957.800000  5.310060e-022
958.000000  5.577415e-022
958.200000  5.953942e-022
958.400000  6.047792e-022
958.600000  6.054367e-022
958.800000  6.304530e-022
959.000000  6.273200e-022
959.200000  5.992136e-022
959.400000  5.920109e-022
959.600000  5.988108e-022
959.800000  5.797654e-022
960.000000  5.338028e-022
960.200000  5.095274e-022
960.400000  5.030953e-022
960.600000  4.676866e-022
960.800000  4.253756e-022
961.000000  4.195178e-022
961.200000  4.089507e-022
961.400000  3.570805e-022
961.600000  3.375324e-022
961.800000  3.528708e-022
962.000000  3.452474e-022
962.200000  3.145093e-022
962.400000  3.196225e-022
962.600000  3.349256e-022
962.800000  3.209102e-022
963.000000  3.176170e-022
963.200000  3.423349e-022
963.400000  3.619071e-022
963.600000  3.618756e-022
963.800000  3.826168e-022
964.000000  4.324074e-022
964.200000  4.447308e-022
964.400000  4.319495e-022
964.600000  4.707808e-022
964.800000  5.149668e-022
965.000000  5.292114e-022
965.200000  5.523786e-022
965.400000  6.197358e-022
965.600000  6.787083e-022
965.800000  7.015489e-022
966.000000  7.808500e-022
966.200000  8.998126e-022
966.400000  9.597706e-022
966.600000  1.056331e-021
966.800000  1.272724e-021
967.000000  1.454999e-021
967.200000  1.774714e-021
967.400000  2.117030e-021
967.600000  2.715798e-021
967.800000  3.503915e-021
968.000000  4.822073e-021
968.200000  7.050183e-021
968.400000  1.007189e-020
968.600000  1.400459e-020
968.800000  1.753998e-020
969.000000  1.770560e-020
969.200000  1.456070e-020
969.400000  1.056631e-020
969.600000  7.182900e-021
969.800000  4.966233e-021
970.000000  3.722403e-021
970.200000  2.782576e-021
970.400000  2.244745e-021
970.600000  1.797544e-021
970.800000  1.444251e-021
971.000000  1.248619e-021
971.200000  1.061723e-021
971.400000  9.248578e-022
971.600000  8.147931e-022
971.800000  7.121757e-022
972.000000  6.702902e-022
972.200000  5.924261e-022
972.400000  5.137008e-022
972.600000  5.336986e-022
972.800000  5.048650e-022
973.000000  4.298630e-022
973.200000  4.212119e-022
973.400000  4.519245e-022
973.600000  4.180761e-022
973.800000  4.043029e-022
974.000000  3.669922e-022
974.200000  4.161080e-022
974.400000  4.068558e-022
974.600000  3.693276e-022
974.800000  3.891847e-022
975.000000  4.193697e-022
975.200000  4.185534e-022
975.400000  3.960742e-022
975.600000  4.245354e-022
975.800000  4.472352e-022
976.000000  4.280009e-022
976.200000  4.494074e-022
976.400000  5.275016e-022
976.600000  5.722634e-022
976.800000  5.756207e-022
977.000000  6.665785e-022
977.200000  8.002395e-022
977.400000  8.672772e-022
977.600000  8.893196e-022
977.800000  9.675817e-022
978.000000  1.045366e-021
978.200000  1.039765e-021
978.400000  1.068513e-021
978.600000  1.156585e-021
978.800000  1.216331e-021
979.000000  1.205084e-021
979.200000  1.215371e-021
979.400000  1.264524e-021
979.600000  1.258100e-021
979.800000  1.224367e-021
980.000000  1.234434e-021
980.200000  1.251537e-021
980.400000  1.162516e-021
980.600000  1.134827e-021
980.800000  1.176100e-021
981.000000  1.137420e-021
981.200000  1.065321e-021
981.400000  1.099472e-021
981.600000  1.171543e-021
981.800000  1.157451e-021
982.000000  1.147683e-021
982.200000  1.218297e-021
982.400000  1.246562e-021
982.600000  1.136419e-021
982.800000  1.074214e-021
983.000000  1.088678e-021
983.200000  1.048586e-021
983.400000  9.815879e-022
983.600000  9.909116e-022
983.800000  9.618560e-022
984.000000  8.730762e-022
984.200000  8.223130e-022
984.400000  8.515531e-022
984.600000  8.783066e-022
984.800000  7.605264e-022
985.000000  7.941445e-022
985.200000  8.733155e-022
985.400000  9.012944e-022
985.600000  8.284682e-022
985.800000  9.229691e-022
986.000000  1.107468e-021
986.200000  1.074867e-021
986.400000  9.306203e-022
986.600000  1.032170e-021
986.800000  1.074561e-021
987.000000  9.442631e-022
987.200000  9.785350e-022
987.400000  1.062687e-021
987.600000  1.046516e-021
987.800000  9.162926e-022
988.000000  1.013079e-021
988.200000  1.087457e-021
988.400000  9.323584e-022
988.600000  8.956945e-022
988.800000  1.039637e-021
989.000000  1.018778e-021
989.200000  8.433893e-022
989.400000  8.674437e-022
989.600000  9.274959e-022
989.800000  8.670380e-022
990.000000  7.735892e-022
990.200000  1.040613e-021
990.400000  9.698958e-022
990.600000  9.636729e-022
990.800000  9.774021e-022
991.000000  9.857912e-022
991.200000  9.686326e-022
991.400000  9.597824e-022
991.600000  9.891503e-022
991.800000  1.038643e-021
992.000000  1.085630e-021
992.200000  1.151143e-021
992.400000  1.215668e-021
992.600000  1.283494e-021
992.800000  1.325684e-021
993.000000  1.355433e-021
993.200000  1.359231e-021
993.400000  1.344867e-021
993.600000  1.360283e-021
993.800000  1.402756e-021
994.000000  1.443245e-021
994.200000  1.400879e-021
994.400000  1.374428e-021
994.600000  1.403700e-021
994.800000  1.404546e-021
995.000000  1.386510e-021
995.200000  1.380154e-021
995.400000  1.395921e-021
995.600000  1.454330e-021
995.800000  1.436265e-021
996.000000  1.463896e-021
996.200000  1.544391e-021
996.400000  1.634553e-021
996.600000  1.662652e-021
996.800000  1.722815e-021
997.000000  1.785385e-021
997.200000  1.862017e-021
997.400000  1.964599e-021
997.600000  2.079437e-021
997.800000  2.146629e-021
998.000000  2.229289e-021
998.200000  2.333218e-021
998.400000  2.429670e-021
998.600000  2.480170e-021
998.800000  2.528844e-021
999.000000  2.594950e-021
999.200000  2.661186e-021
999.400000  2.698596e-021
999.600000  2.770858e-021
999.800000  2.845197e-021
1000.000000  2.904191e-021
1000.200000  2.918725e-021
1000.400000  2.981784e-021
1000.600000  2.905147e-021
1000.800000  2.954704e-021
1001.000000  2.691079e-021
1001.200000  2.713247e-021
1001.400000  2.675014e-021
1001.600000  2.478616e-021
1001.800000  2.496721e-021
1002.000000  2.514858e-021
1002.200000  2.354895e-021
1002.400000  2.363124e-021
1002.600000  2.432171e-021
1002.800000  2.471902e-021
1003.000000  2.415408e-021
1003.200000  2.553561e-021
1003.400000  2.804235e-021
1003.600000  2.879967e-021
1003.800000  2.910462e-021
1004.000000  3.199761e-021
1004.200000  3.376937e-021
1004.400000  3.344677e-021
1004.600000  3.425270e-021
1004.800000  3.632934e-021
1005.000000  3.598836e-021
1005.200000  3.465316e-021
1005.400000  3.484676e-021
1005.600000  3.565791e-021
1005.800000  3.706850e-021
1006.000000  3.836217e-021
1006.200000  3.913917e-021
1006.400000  3.923805e-021
1006.600000  3.925704e-021
1006.800000  4.041766e-021
1007.000000  4.200155e-021
1007.200000  4.047794e-021
1007.400000  3.995568e-021
1007.600000  4.112142e-021
1007.800000  4.069929e-021
1008.000000  3.882561e-021
1008.200000  3.648430e-021
1008.400000  3.470356e-021
1008.600000  3.300008e-021
1008.800000  3.173820e-021
1009.000000  3.010931e-021
1009.200000  2.922708e-021
1009.400000  2.848509e-021
1009.600000  2.812746e-021
1009.800000  2.772842e-021
1010.000000  2.859020e-021
1010.200000  2.823150e-021
1010.400000  2.715844e-021
1010.600000  2.822621e-021
1010.800000  2.907134e-021
1011.000000  2.860931e-021
1011.200000  2.771647e-021
1011.400000  2.780536e-021
1011.600000  2.836614e-021
1011.800000  2.882534e-021
1012.000000  2.955258e-021
1012.200000  2.993151e-021
1012.400000  2.907564e-021
1012.600000  2.844479e-021
1012.800000  2.909186e-021
1013.000000  2.998802e-021
1013.200000  3.012100e-021
1013.400000  2.907467e-021
1013.600000  2.777767e-021
1013.800000  2.840638e-021
1014.000000  2.862121e-021
1014.200000  2.744447e-021
1014.400000  2.609900e-021
1014.600000  2.716557e-021
1014.800000  2.683812e-021
1015.000000  2.565484e-021
1015.200000  2.693281e-021
1015.400000  2.608161e-021
1015.600000  2.543788e-021
1015.800000  2.573516e-021
1016.000000  2.506881e-021
1016.200000  2.553410e-021
1016.400000  2.442513e-021
1016.600000  2.507985e-021
1016.800000  2.485201e-021
1017.000000  2.502391e-021
1017.200000  2.597625e-021
1017.400000  2.617064e-021
1017.600000  2.826673e-021
1017.800000  2.742750e-021
1018.000000  3.128656e-021
1018.030000  3.154133e-021
1018.060000  3.171460e-021
1018.090000  3.180007e-021
1018.120000  3.187624e-021
1018.150000  3.202460e-021
1018.180000  3.217479e-021
1018.210000  3.217193e-021
1018.240000  3.212649e-021
1018.270000  3.224439e-021
1018.300000  3.252518e-021
1018.330000  3.291571e-021
1018.360000  3.336750e-021
1018.390000  3.369831e-021
1018.420000  3.375270e-021
1018.450000  3.356412e-021
1018.480000  3.328064e-021
1018.510000  3.308396e-021
1018.540000  3.309320e-021
1018.570000  3.330506e-021
1018.600000  3.363149e-021
1018.630000  3.399311e-021
1018.660000  3.449592e-021
1018.690000  3.501432e-021
1018.720000  3.532234e-021
1018.750000  3.553483e-021
1018.780000  3.575095e-021
1018.810000  3.584656e-021
1018.840000  3.594439e-021
1018.870000  3.616941e-021
1018.900000  3.640604e-021
1018.930000  3.666048e-021
1018.960000  3.699880e-021
1018.990000  3.734818e-021
1019.020000  3.754086e-021
1019.050000  3.762345e-021
1019.080000  3.775731e-021
1019.110000  3.787357e-021
1019.140000  3.792840e-021
1019.170000  3.824455e-021
1019.200000  3.884017e-021
1019.230000  3.926577e-021
1019.260000  3.949571e-021
1019.290000  3.977093e-021
1019.320000  3.998171e-021
1019.350000  4.012392e-021
1019.380000  4.046972e-021
1019.410000  4.081778e-021
1019.440000  4.096644e-021
1019.470000  4.111126e-021
1019.500000  4.121771e-021
1019.530000  4.128354e-021
1019.560000  4.156944e-021
1019.590000  4.193111e-021
1019.620000  4.210997e-021
1019.650000  4.233625e-021
1019.680000  4.257993e-021
1019.710000  4.269400e-021
1019.740000  4.300409e-021
1019.770000  4.359332e-021
1019.800000  4.404653e-021
1019.830000  4.435842e-021
1019.860000  4.471000e-021
1019.890000  4.496487e-021
1019.920000  4.519607e-021
1019.950000  4.543103e-021
1019.980000  4.557584e-021
1020.010000  4.567511e-021
1020.040000  4.580107e-021
1020.070000  4.596310e-021
1020.100000  4.612401e-021
1020.130000  4.637455e-021
1020.160000  4.665658e-021
1020.190000  4.685373e-021
1020.220000  4.681077e-021
1020.250000  4.680103e-021
1020.280000  4.702049e-021
1020.310000  4.717281e-021
1020.340000  4.734081e-021
1020.370000  4.780451e-021
1020.400000  4.834673e-021
1020.430000  4.858741e-021
1020.460000  4.885422e-021
1020.490000  4.915623e-021
1020.520000  4.910164e-021
1020.550000  4.899809e-021
1020.580000  4.915105e-021
1020.610000  4.918743e-021
1020.640000  4.911884e-021
1020.670000  4.937688e-021
1020.700000  4.966066e-021
1020.730000  4.989785e-021
1020.760000  5.042455e-021
1020.790000  5.094439e-021
1020.820000  5.131263e-021
1020.850000  5.164204e-021
1020.880000  5.181611e-021
1020.910000  5.199446e-021
1020.940000  5.238454e-021
1020.970000  5.273004e-021
1021.000000  5.308799e-021
1021.030000  5.365819e-021
1021.060000  5.417851e-021
1021.090000  5.456538e-021
1021.120000  5.511283e-021
1021.150000  5.593767e-021
1021.180000  5.674523e-021
1021.210000  5.738968e-021
1021.240000  5.803679e-021
1021.270000  5.878475e-021
1021.300000  5.951578e-021
1021.330000  6.033728e-021
1021.360000  6.137172e-021
1021.390000  6.228536e-021
1021.420000  6.296454e-021
1021.450000  6.375927e-021
1021.480000  6.462237e-021
1021.510000  6.542955e-021
1021.540000  6.655957e-021
1021.570000  6.803260e-021
1021.600000  6.939139e-021
1021.630000  7.048105e-021
1021.660000  7.167186e-021
1021.690000  7.314597e-021
1021.720000  7.455460e-021
1021.750000  7.591116e-021
1021.780000  7.757671e-021
1021.810000  7.909301e-021
1021.840000  8.026025e-021
1021.870000  8.163441e-021
1021.900000  8.315452e-021
1021.930000  8.459213e-021
1021.960000  8.637271e-021
1021.990000  8.848796e-021
1022.020000  9.033397e-021
1022.050000  9.182276e-021
1022.080000  9.330940e-021
1022.110000  9.496323e-021
1022.140000  9.666216e-021
1022.170000  9.849948e-021
1022.200000  1.004781e-020
1022.230000  1.023303e-020
1022.260000  1.038718e-020
1022.290000  1.052567e-020
1022.320000  1.067229e-020
1022.350000  1.085035e-020
1022.380000  1.105933e-020
1022.410000  1.127324e-020
1022.440000  1.145541e-020
1022.470000  1.157581e-020
1022.500000  1.164306e-020
1022.530000  1.168452e-020
1022.560000  1.173936e-020
1022.590000  1.183816e-020
1022.620000  1.199067e-020
1022.650000  1.217777e-020
1022.680000  1.236960e-020
1022.710000  1.253768e-020
1022.740000  1.266959e-020
1022.770000  1.276195e-020
1022.800000  1.281443e-020
1022.830000  1.283947e-020
1022.860000  1.285929e-020
1022.890000  1.289861e-020
1022.920000  1.297353e-020
1022.950000  1.308078e-020
1022.980000  1.321142e-020
1023.010000  1.333888e-020
1023.040000  1.343697e-020
1023.070000  1.351191e-020
1023.100000  1.357678e-020
1023.130000  1.361942e-020
1023.160000  1.363496e-020
1023.190000  1.362652e-020
1023.220000  1.360062e-020
1023.250000  1.356496e-020
1023.280000  1.352210e-020
1023.310000  1.348865e-020
1023.340000  1.347566e-020
1023.370000  1.347028e-020
1023.400000  1.348557e-020
1023.430000  1.354874e-020
1023.460000  1.364524e-020
1023.490000  1.376786e-020
1023.520000  1.390157e-020
1023.550000  1.400351e-020
1023.580000  1.405623e-020
1023.610000  1.407676e-020
1023.640000  1.408024e-020
1023.670000  1.409067e-020
1023.700000  1.412394e-020
1023.730000  1.416247e-020
1023.760000  1.418538e-020
1023.790000  1.417150e-020
1023.820000  1.412245e-020
1023.850000  1.407430e-020
1023.880000  1.406199e-020
1023.910000  1.409719e-020
1023.940000  1.415851e-020
1023.970000  1.420246e-020
1024.000000  1.425013e-020
1024.030000  1.432987e-020
1024.060000  1.439186e-020
1024.090000  1.445981e-020
1024.120000  1.457167e-020
1024.150000  1.465786e-020
1024.180000  1.472125e-020
1024.210000  1.480001e-020
1024.240000  1.487600e-020
1024.270000  1.497402e-020
1024.300000  1.508655e-020
1024.330000  1.514058e-020
1024.360000  1.518383e-020
1024.390000  1.528765e-020
1024.420000  1.542277e-020
1024.450000  1.555569e-020
1024.480000  1.571008e-020
1024.510000  1.589464e-020
1024.540000  1.604967e-020
1024.570000  1.615524e-020
1024.600000  1.624990e-020
1024.630000  1.633300e-020
1024.660000  1.636944e-020
1024.690000  1.638160e-020
1024.720000  1.640312e-020
1024.750000  1.648331e-020
1024.780000  1.665686e-020
1024.810000  1.689493e-020
1024.840000  1.713788e-020
1024.870000  1.733090e-020
1024.900000  1.747159e-020
1024.930000  1.756308e-020
1024.960000  1.758816e-020
1024.990000  1.755931e-020
1025.020000  1.758318e-020
1025.050000  1.767947e-020
1025.080000  1.774190e-020
1025.110000  1.779783e-020
1025.140000  1.789294e-020
1025.170000  1.791686e-020
1025.200000  1.785661e-020
1025.230000  1.784621e-020
1025.260000  1.786835e-020
1025.290000  1.785361e-020
1025.320000  1.784805e-020
1025.350000  1.783838e-020
1025.380000  1.775254e-020
1025.410000  1.759750e-020
1025.440000  1.743050e-020
1025.470000  1.727938e-020
1025.500000  1.713273e-020
1025.530000  1.699949e-020
1025.560000  1.690017e-020
1025.590000  1.681851e-020
1025.620000  1.672918e-020
1025.650000  1.662691e-020
1025.680000  1.649640e-020
1025.710000  1.633891e-020
1025.740000  1.619790e-020
1025.770000  1.609346e-020
1025.800000  1.601555e-020
1025.830000  1.596003e-020
1025.860000  1.590717e-020
1025.890000  1.582009e-020
1025.920000  1.570243e-020
1025.950000  1.555141e-020
1025.980000  1.537566e-020
1026.010000  1.522755e-020
1026.040000  1.511817e-020
1026.070000  1.501291e-020
1026.100000  1.491298e-020
1026.130000  1.482201e-020
1026.160000  1.474359e-020
1026.190000  1.468293e-020
1026.220000  1.458182e-020
1026.250000  1.443604e-020
1026.280000  1.429212e-020
1026.310000  1.414399e-020
1026.340000  1.399763e-020
1026.370000  1.391181e-020
1026.400000  1.388535e-020
1026.430000  1.387468e-020
1026.460000  1.385647e-020
1026.490000  1.381735e-020
1026.520000  1.375603e-020
1026.550000  1.369130e-020
1026.580000  1.361742e-020
1026.610000  1.350684e-020
1026.640000  1.338320e-020
1026.670000  1.330244e-020
1026.700000  1.328161e-020
1026.730000  1.328638e-020
1026.760000  1.329406e-020
1026.790000  1.331395e-020
1026.820000  1.332348e-020
1026.850000  1.327185e-020
1026.880000  1.320542e-020
1026.910000  1.320700e-020
1026.940000  1.324089e-020
1026.970000  1.324306e-020
1027.000000  1.325149e-020
1027.030000  1.329490e-020
1027.060000  1.332992e-020
1027.090000  1.334771e-020
1027.120000  1.335896e-020
1027.150000  1.336883e-020
1027.180000  1.340473e-020
1027.210000  1.346618e-020
1027.240000  1.352653e-020
1027.270000  1.361464e-020
1027.300000  1.373772e-020
1027.330000  1.384196e-020
1027.360000  1.392227e-020
1027.390000  1.399862e-020
1027.420000  1.406482e-020
1027.450000  1.414293e-020
1027.480000  1.426523e-020
1027.510000  1.441032e-020
1027.540000  1.455581e-020
1027.570000  1.471835e-020
1027.600000  1.488902e-020
1027.630000  1.504474e-020
1027.660000  1.520595e-020
1027.690000  1.539721e-020
1027.720000  1.558322e-020
1027.750000  1.577879e-020
1027.780000  1.602590e-020
1027.810000  1.626609e-020
1027.840000  1.649596e-020
1027.870000  1.676110e-020
1027.900000  1.698971e-020
1027.930000  1.718845e-020
1027.960000  1.746271e-020
1027.990000  1.777589e-020
1028.020000  1.808036e-020
1028.050000  1.841665e-020
1028.080000  1.874022e-020
1028.110000  1.902414e-020
1028.140000  1.934248e-020
1028.170000  1.970220e-020
1028.200000  2.006692e-020
1028.230000  2.042853e-020
1028.260000  2.078596e-020
1028.290000  2.112913e-020
1028.320000  2.147247e-020
1028.350000  2.183046e-020
1028.380000  2.219260e-020
1028.410000  2.255458e-020
1028.440000  2.290688e-020
1028.470000  2.324551e-020
1028.500000  2.359986e-020
1028.530000  2.402740e-020
1028.560000  2.454167e-020
1028.590000  2.508900e-020
1028.620000  2.563129e-020
1028.650000  2.617928e-020
1028.680000  2.671472e-020
1028.710000  2.720322e-020
1028.740000  2.763408e-020
1028.770000  2.807332e-020
1028.800000  2.859231e-020
1028.830000  2.916147e-020
1028.860000  2.974180e-020
1028.890000  3.034297e-020
1028.920000  3.091153e-020
1028.950000  3.136244e-020
1028.980000  3.173208e-020
1029.010000  3.210304e-020
1029.040000  3.251907e-020
1029.070000  3.298992e-020
1029.100000  3.349858e-020
1029.130000  3.401834e-020
1029.160000  3.452892e-020
1029.190000  3.506573e-020
1029.220000  3.567869e-020
1029.250000  3.626527e-020
1029.280000  3.677421e-020
1029.310000  3.733929e-020
1029.340000  3.791347e-020
1029.370000  3.838125e-020
1029.400000  3.889886e-020
1029.430000  3.951434e-020
1029.460000  3.996532e-020
1029.490000  4.022187e-020
1029.520000  4.047210e-020
1029.550000  4.076738e-020
1029.580000  4.112891e-020
1029.610000  4.162716e-020
1029.640000  4.218733e-020
1029.670000  4.262769e-020
1029.700000  4.291845e-020
1029.730000  4.309842e-020
1029.760000  4.310895e-020
1029.790000  4.310933e-020
1029.820000  4.321286e-020
1029.850000  4.323368e-020
1029.880000  4.316266e-020
1029.910000  4.314724e-020
1029.940000  4.304620e-020
1029.970000  4.281080e-020
1030.000000  4.264449e-020
1030.030000  4.242548e-020
1030.060000  4.205207e-020
1030.090000  4.171749e-020
1030.120000  4.146746e-020
1030.150000  4.108430e-020
1030.180000  4.058009e-020
1030.210000  4.012422e-020
1030.240000  3.967054e-020
1030.270000  3.909687e-020
1030.300000  3.851731e-020
1030.330000  3.798378e-020
1030.360000  3.731791e-020
1030.390000  3.657026e-020
1030.420000  3.592488e-020
1030.450000  3.533387e-020
1030.480000  3.472416e-020
1030.510000  3.411708e-020
1030.540000  3.342670e-020
1030.570000  3.262678e-020
1030.600000  3.181548e-020
1030.630000  3.106392e-020
1030.660000  3.040398e-020
1030.690000  2.977856e-020
1030.720000  2.910326e-020
1030.750000  2.838098e-020
1030.780000  2.767148e-020
1030.810000  2.703556e-020
1030.840000  2.652376e-020
1030.870000  2.610148e-020
1030.900000  2.564357e-020
1030.930000  2.510583e-020
1030.960000  2.452418e-020
1030.990000  2.387544e-020
1031.020000  2.318048e-020
1031.050000  2.255587e-020
1031.080000  2.201351e-020
1031.110000  2.148865e-020
1031.140000  2.103173e-020
1031.170000  2.067350e-020
1031.200000  2.035384e-020
1031.230000  2.000359e-020
1031.260000  1.958083e-020
1031.290000  1.910023e-020
1031.320000  1.860352e-020
1031.350000  1.809642e-020
1031.380000  1.761199e-020
1031.410000  1.723664e-020
1031.440000  1.690907e-020
1031.470000  1.654982e-020
1031.500000  1.621765e-020
1031.530000  1.592970e-020
1031.560000  1.559002e-020
1031.590000  1.521826e-020
1031.620000  1.490218e-020
1031.650000  1.462511e-020
1031.680000  1.435771e-020
1031.710000  1.410745e-020
1031.740000  1.386941e-020
1031.770000  1.361160e-020
1031.800000  1.332579e-020
1031.830000  1.302230e-020
1031.860000  1.272739e-020
1031.890000  1.249393e-020
1031.920000  1.232365e-020
1031.950000  1.214621e-020
1031.980000  1.195723e-020
1032.010000  1.178088e-020
1032.040000  1.158833e-020
1032.070000  1.138886e-020
1032.100000  1.121277e-020
1032.130000  1.103385e-020
1032.160000  1.084119e-020
1032.190000  1.064572e-020
1032.220000  1.043176e-020
1032.250000  1.021380e-020
1032.280000  1.003489e-020
1032.310000  9.890187e-021
1032.340000  9.752015e-021
1032.370000  9.607511e-021
1032.400000  9.455351e-021
1032.430000  9.296242e-021
1032.460000  9.139399e-021
1032.490000  9.001075e-021
1032.520000  8.886367e-021
1032.550000  8.787423e-021
1032.580000  8.683085e-021
1032.610000  8.559370e-021
1032.640000  8.426861e-021
1032.670000  8.290569e-021
1032.700000  8.157772e-021
1032.730000  8.039063e-021
1032.760000  7.935671e-021
1032.790000  7.830354e-021
1032.820000  7.706386e-021
1032.850000  7.573451e-021
1032.880000  7.437913e-021
1032.910000  7.310643e-021
1032.940000  7.195848e-021
1032.970000  7.095099e-021
1033.000000  7.009834e-021
1033.030000  6.924678e-021
1033.060000  6.833758e-021
1033.090000  6.748416e-021
1033.120000  6.670952e-021
1033.150000  6.605602e-021
1033.180000  6.555605e-021
1033.210000  6.499887e-021
1033.240000  6.427864e-021
1033.270000  6.351548e-021
1033.300000  6.266258e-021
1033.330000  6.178125e-021
1033.360000  6.102347e-021
1033.390000  6.037540e-021
1033.420000  5.974395e-021
1033.450000  5.908149e-021
1033.480000  5.846650e-021
1033.510000  5.798562e-021
1033.540000  5.753446e-021
1033.570000  5.696393e-021
1033.600000  5.628474e-021
1033.630000  5.560729e-021
1033.660000  5.489051e-021
1033.690000  5.422926e-021
1033.720000  5.382259e-021
1033.750000  5.345017e-021
1033.780000  5.287191e-021
1033.810000  5.226718e-021
1033.840000  5.168252e-021
1033.870000  5.117411e-021
1033.900000  5.092576e-021
1033.930000  5.078401e-021
1033.960000  5.048444e-021
1033.990000  5.002266e-021
1034.020000  4.943366e-021
1034.050000  4.873654e-021
1034.080000  4.819583e-021
1034.110000  4.788486e-021
1034.140000  4.755412e-021
1034.170000  4.711290e-021
1034.200000  4.659155e-021
1034.230000  4.608410e-021
1034.260000  4.568088e-021
1034.290000  4.530238e-021
1034.320000  4.490461e-021
1034.350000  4.454024e-021
1034.380000  4.415951e-021
1034.410000  4.372086e-021
1034.440000  4.343246e-021
1034.470000  4.321906e-021
1034.500000  4.294079e-021
1034.530000  4.261504e-021
1034.560000  4.223012e-021
1034.590000  4.185785e-021
1034.620000  4.156548e-021
1034.650000  4.133382e-021
1034.680000  4.109988e-021
1034.710000  4.089261e-021
1034.740000  4.078498e-021
1034.770000  4.078469e-021
1034.800000  4.078853e-021
1034.830000  4.064295e-021
1034.860000  4.028417e-021
1034.890000  3.961503e-021
1034.920000  3.880809e-021
1034.950000  3.809092e-021
1034.980000  3.752446e-021
1035.010000  3.715408e-021
1035.040000  3.692324e-021
1035.070000  3.666299e-021
1035.100000  3.639955e-021
1035.130000  3.626850e-021
1035.160000  3.618825e-021
1035.190000  3.620756e-021
1035.220000  3.628678e-021
1035.250000  3.620232e-021
1035.280000  3.587705e-021
1035.310000  3.552402e-021
1035.340000  3.515583e-021
1035.370000  3.473238e-021
1035.400000  3.448927e-021
1035.430000  3.444497e-021
1035.460000  3.428810e-021
1035.490000  3.394572e-021
1035.520000  3.357736e-021
1035.550000  3.323036e-021
1035.580000  3.295481e-021
1035.610000  3.276491e-021
1035.640000  3.264286e-021
1035.670000  3.255261e-021
1035.700000  3.242526e-021
1035.730000  3.221103e-021
1035.760000  3.198453e-021
1035.790000  3.176393e-021
1035.820000  3.147410e-021
1035.850000  3.118122e-021
1035.880000  3.098776e-021
1035.910000  3.083076e-021
1035.940000  3.067500e-021
1035.970000  3.061765e-021
1036.000000  3.051602e-021
1036.030000  3.025797e-021
1036.060000  2.994686e-021
1036.090000  2.967585e-021
1036.120000  2.953637e-021
1036.150000  2.952290e-021
1036.180000  2.957326e-021
1036.210000  2.962477e-021
1036.240000  2.959951e-021
1036.270000  2.938671e-021
1036.300000  2.910041e-021
1036.330000  2.881809e-021
1036.360000  2.855718e-021
1036.390000  2.832099e-021
1036.420000  2.813918e-021
1036.450000  2.804013e-021
1036.480000  2.795354e-021
1036.510000  2.792988e-021
1036.540000  2.800450e-021
1036.570000  2.811694e-021
1036.600000  2.815042e-021
1036.630000  2.811303e-021
1036.660000  2.798307e-021
1036.690000  2.776421e-021
1036.720000  2.754592e-021
1036.750000  2.744973e-021
1036.780000  2.754899e-021
1036.810000  2.771933e-021
1036.840000  2.788733e-021
1036.870000  2.804954e-021
1036.900000  2.812568e-021
1036.930000  2.806877e-021
1036.960000  2.792876e-021
1036.990000  2.785193e-021
1037.020000  2.780374e-021
1037.050000  2.774488e-021
1037.080000  2.765296e-021
1037.110000  2.754411e-021
1037.140000  2.740936e-021
1037.170000  2.712186e-021
1037.200000  2.686090e-021
1037.230000  2.672928e-021
1037.260000  2.664076e-021
1037.290000  2.663742e-021
1037.320000  2.682102e-021
1037.350000  2.697254e-021
1037.380000  2.701300e-021
1037.410000  2.713624e-021
1037.440000  2.727951e-021
1037.470000  2.736536e-021
1037.500000  2.739324e-021
1037.530000  2.732499e-021
1037.560000  2.724239e-021
1037.590000  2.708997e-021
1037.620000  2.681797e-021
1037.650000  2.662260e-021
1037.680000  2.651525e-021
1037.710000  2.634852e-021
1037.740000  2.621013e-021
1037.770000  2.620877e-021
1037.800000  2.617618e-021
1037.830000  2.614671e-021
1037.860000  2.618252e-021
1037.890000  2.622404e-021
1037.920000  2.629115e-021
1037.950000  2.646239e-021
1037.980000  2.672676e-021
1038.010000  2.691647e-021
1038.040000  2.700602e-021
1038.070000  2.701393e-021
1038.100000  2.682026e-021
1038.130000  2.645435e-021
1038.160000  2.613168e-021
1038.190000  2.591822e-021
1038.220000  2.575638e-021
1038.250000  2.568288e-021
1038.280000  2.582096e-021
1038.310000  2.603301e-021
1038.340000  2.613250e-021
1038.370000  2.625294e-021
1038.400000  2.644651e-021
1038.430000  2.647206e-021
1038.460000  2.646278e-021
1038.490000  2.659792e-021
1038.520000  2.672018e-021
1038.550000  2.676776e-021
1038.580000  2.679468e-021
1038.610000  2.679351e-021
1038.640000  2.665907e-021
1038.670000  2.641650e-021
1038.700000  2.617602e-021
1038.730000  2.601431e-021
1038.760000  2.577353e-021
1038.790000  2.550040e-021
1038.820000  2.530816e-021
1038.850000  2.519383e-021
1038.880000  2.513774e-021
1038.910000  2.516989e-021
1038.940000  2.537681e-021
1038.970000  2.559699e-021
1039.000000  2.567797e-021
1039.030000  2.566579e-021
1039.060000  2.566759e-021
1039.090000  2.562474e-021
1039.120000  2.549468e-021
1039.150000  2.545632e-021
1039.180000  2.547151e-021
1039.210000  2.544073e-021
1039.240000  2.542781e-021
1039.270000  2.549064e-021
1039.300000  2.551489e-021
1039.330000  2.548541e-021
1039.360000  2.547122e-021
1039.390000  2.542040e-021
1039.420000  2.538460e-021
1039.450000  2.537084e-021
1039.480000  2.532865e-021
1039.510000  2.513635e-021
1039.540000  2.484708e-021
1039.570000  2.457741e-021
1039.600000  2.428865e-021
1039.630000  2.404548e-021
1039.660000  2.394880e-021
1039.690000  2.399393e-021
1039.720000  2.405223e-021
1039.750000  2.410812e-021
1039.780000  2.406507e-021
1039.810000  2.389685e-021
1039.840000  2.369027e-021
1039.870000  2.343330e-021
1039.900000  2.319874e-021
1039.930000  2.312191e-021
1039.960000  2.317538e-021
1039.990000  2.308867e-021
1040.020000  2.291674e-021
1040.050000  2.277703e-021
1040.080000  2.259335e-021
1040.110000  2.238813e-021
1040.140000  2.237656e-021
1040.170000  2.252104e-021
1040.200000  2.260815e-021
1040.230000  2.265305e-021
1040.260000  2.267362e-021
1040.290000  2.252868e-021
1040.320000  2.222843e-021
1040.350000  2.200296e-021
1040.380000  2.180495e-021
1040.410000  2.157070e-021
1040.440000  2.143646e-021
1040.470000  2.139633e-021
1040.500000  2.128739e-021
1040.530000  2.114434e-021
1040.560000  2.101988e-021
1040.590000  2.086818e-021
1040.620000  2.075621e-021
1040.650000  2.068316e-021
1040.680000  2.062137e-021
1040.710000  2.063703e-021
1040.740000  2.074368e-021
1040.770000  2.078038e-021
1040.800000  2.082462e-021
1040.830000  2.092971e-021
1040.860000  2.088613e-021
1040.890000  2.070632e-021
1040.920000  2.055998e-021
1040.950000  2.036471e-021
1040.980000  2.011016e-021
1041.010000  1.990190e-021
1041.040000  1.974423e-021
1041.070000  1.970214e-021
1041.100000  1.966681e-021
1041.130000  1.962256e-021
1041.160000  1.972394e-021
1041.190000  1.981892e-021
1041.220000  1.975711e-021
1041.250000  1.975559e-021
1041.280000  1.980769e-021
1041.310000  1.981665e-021
1041.340000  1.985163e-021
1041.370000  1.981791e-021
1041.400000  1.966323e-021
1041.430000  1.955161e-021
1041.460000  1.947499e-021
1041.490000  1.932741e-021
1041.520000  1.926802e-021
1041.550000  1.933784e-021
1041.580000  1.935179e-021
1041.610000  1.931096e-021
1041.640000  1.938185e-021
1041.670000  1.947107e-021
1041.700000  1.943034e-021
1041.730000  1.933335e-021
1041.760000  1.923395e-021
1041.790000  1.912167e-021
1041.820000  1.897749e-021
1041.850000  1.890969e-021
1041.880000  1.898199e-021
1041.910000  1.907516e-021
1041.940000  1.909771e-021
1041.970000  1.910706e-021
1042.000000  1.912150e-021
1042.200000  1.965912e-021
1042.400000  1.974948e-021
1042.600000  1.945359e-021
1042.800000  1.916188e-021
1043.000000  1.944314e-021
1043.200000  1.968664e-021
1043.400000  2.008144e-021
1043.600000  2.024449e-021
1043.800000  2.056136e-021
1044.000000  2.083800e-021
1044.200000  2.122571e-021
1044.400000  2.181383e-021
1044.600000  2.255476e-021
1044.800000  2.328504e-021
1045.000000  2.451371e-021
1045.200000  2.559982e-021
1045.400000  2.659127e-021
1045.600000  2.760880e-021
1045.800000  2.908842e-021
1046.000000  3.059509e-021
1046.200000  3.183768e-021
1046.400000  3.332550e-021
1046.600000  3.508358e-021
1046.800000  3.645561e-021
1047.000000  3.741611e-021
1047.200000  3.850031e-021
1047.400000  3.965977e-021
1047.600000  4.038167e-021
1047.800000  4.125162e-021
1048.000000  4.195186e-021
1048.200000  4.206540e-021
1048.400000  4.203198e-021
1048.600000  4.229300e-021
1048.800000  4.203851e-021
1049.000000  4.175890e-021
1049.200000  4.145410e-021
1049.400000  4.003987e-021
1049.600000  3.748838e-021
1049.800000  3.643788e-021
1050.000000  3.402627e-021
1050.200000  3.329194e-021
1050.400000  3.055081e-021
1050.600000  2.864698e-021
1050.800000  2.728519e-021
1051.000000  2.542421e-021
1051.200000  2.375102e-021
1051.400000  2.201243e-021
1051.600000  2.129885e-021
1051.800000  2.012530e-021
1052.000000  1.856282e-021
1052.200000  1.748427e-021
1052.400000  1.689104e-021
1052.600000  1.581381e-021
1052.800000  1.528043e-021
1053.000000  1.485129e-021
1053.200000  1.409767e-021
1053.400000  1.374441e-021
1053.600000  1.324718e-021
1053.800000  1.287480e-021
1054.000000  1.251680e-021
1054.200000  1.259675e-021
1054.400000  1.209396e-021
1054.600000  1.149422e-021
1054.800000  1.164417e-021
1055.000000  1.129336e-021
1055.200000  1.130154e-021
1055.400000  1.108408e-021
1055.600000  1.098547e-021
1055.800000  1.089681e-021
1056.000000  1.049780e-021
1056.200000  1.042886e-021
1056.400000  1.040053e-021
1056.600000  1.019620e-021
1056.800000  1.033346e-021
1057.000000  1.017975e-021
1057.200000  9.491344e-022
1057.400000  9.648767e-022
1057.600000  9.527245e-022
1057.800000  9.259324e-022
1058.000000  9.345079e-022
1058.200000  8.965988e-022
1058.400000  8.791889e-022
1058.600000  8.614878e-022
1058.800000  8.347350e-022
1059.000000  8.548645e-022
1059.200000  8.427660e-022
1059.400000  8.203091e-022
1059.600000  7.833268e-022
1059.800000  7.853606e-022
1060.000000  7.679651e-022
1060.200000  7.531293e-022
1060.400000  7.421586e-022
1060.600000  7.433784e-022
1060.800000  7.459001e-022
1061.000000  6.937581e-022
1061.200000  7.105674e-022
1061.400000  6.911547e-022
1061.600000  6.844964e-022
1061.800000  6.804380e-022
1062.000000  6.881409e-022
1062.200000  6.746521e-022
1062.400000  6.517035e-022
1062.600000  6.473336e-022
1062.800000  6.537189e-022
1063.000000  6.393555e-022
1063.200000  6.481112e-022
1063.400000  6.337140e-022
1063.600000  6.337831e-022
1063.800000  6.322690e-022
1064.000000  6.296953e-022
1064.200000  5.975177e-022
1064.400000  6.091892e-022
1064.600000  6.042017e-022
1064.800000  6.082146e-022
1065.000000  6.231104e-022
1065.200000  6.112165e-022
1065.400000  6.107275e-022
1065.600000  6.086408e-022
1065.800000  6.158688e-022
1066.000000  6.159138e-022
1066.200000  6.068883e-022
1066.400000  6.250806e-022
1066.600000  5.751540e-022
1066.800000  5.962921e-022
1067.000000  5.767688e-022
1067.200000  5.904424e-022
1067.400000  5.813382e-022
1067.600000  5.646977e-022
1067.800000  5.668395e-022
1068.000000  5.735581e-022
1068.200000  5.598237e-022
1068.400000  5.716682e-022
1068.600000  5.441463e-022
1068.800000  5.451958e-022
1069.000000  5.467872e-022
1069.200000  5.532508e-022
1069.400000  5.575595e-022
1069.600000  5.355843e-022
1069.800000  5.629438e-022
1070.000000  5.504357e-022
1070.200000  5.300213e-022
1070.400000  5.190902e-022
1070.600000  5.337357e-022
1070.800000  5.306910e-022
1071.000000  5.230021e-022
1071.200000  5.240368e-022
1071.400000  5.291728e-022
1071.600000  5.318556e-022
1071.800000  5.301614e-022
1072.000000  5.098246e-022
1072.200000  5.081056e-022
1072.400000  5.256055e-022
1072.600000  5.214231e-022
1072.800000  5.199835e-022
1073.000000  5.251499e-022
1073.200000  5.129602e-022
1073.400000  5.335786e-022
1073.600000  5.205445e-022
1073.800000  5.226879e-022
1074.000000  5.444782e-022
1074.200000  5.358468e-022
1074.400000  5.211009e-022
1074.600000  5.129855e-022
1074.800000  5.226270e-022
1075.000000  5.283946e-022
1075.200000  5.138627e-022
1075.400000  5.221381e-022
1075.600000  5.006039e-022
1075.800000  5.161351e-022
1076.000000  5.470534e-022
1076.200000  5.383382e-022
1076.400000  5.214928e-022
1076.600000  5.006951e-022
1076.800000  4.919107e-022
1077.000000  4.971371e-022
1077.200000  4.835583e-022
1077.400000  4.696726e-022
1077.600000  4.757354e-022
1077.800000  4.595630e-022
1078.000000  4.690089e-022
1078.200000  4.488495e-022
1078.400000  4.492660e-022
1078.600000  4.542050e-022
1078.800000  4.492511e-022
1079.000000  4.394737e-022
1079.200000  4.342126e-022
1079.400000  4.261043e-022
1079.600000  4.264992e-022
1079.800000  4.013149e-022
1080.000000  4.344020e-022
1080.200000  4.228451e-022
1080.400000  4.246617e-022
1080.600000  4.033743e-022
1080.800000  4.031766e-022
1081.000000  4.132670e-022
1081.200000  3.996323e-022
1081.400000  3.862582e-022
1081.600000  4.018050e-022
1081.800000  3.915629e-022
1082.000000  3.893408e-022
1082.200000  3.957360e-022
1082.400000  3.779795e-022
1082.600000  4.091364e-022
1082.800000  3.997161e-022
1083.000000  3.790283e-022
1083.200000  4.033422e-022
1083.400000  3.782838e-022
1083.600000  3.864430e-022
1083.800000  3.873788e-022
1084.000000  3.749856e-022
1084.200000  3.677903e-022
1084.400000  3.594199e-022
1084.600000  3.481279e-022
1084.800000  3.583382e-022
1085.000000  3.592509e-022
1085.200000  3.715293e-022
1085.400000  3.558303e-022
1085.600000  3.438970e-022
1085.800000  3.427529e-022
1086.000000  3.527202e-022
1086.200000  3.627056e-022
1086.400000  3.609886e-022
1086.600000  3.624941e-022
1086.800000  3.411051e-022
1087.000000  3.276095e-022
1087.200000  3.334988e-022
1087.400000  3.367492e-022
1087.600000  3.352912e-022
1087.800000  3.299965e-022
1088.000000  3.220351e-022
1088.200000  3.155359e-022
1088.400000  3.137560e-022
1088.600000  3.214441e-022
1088.800000  3.249983e-022
1089.000000  3.321172e-022
1089.200000  3.220341e-022
1089.400000  2.952660e-022
1089.600000  3.279782e-022
1089.800000  3.256007e-022
1090.000000  3.020678e-022
1090.200000  3.217261e-022
1090.400000  3.029209e-022
1090.600000  3.217193e-022
1090.800000  3.172305e-022
1091.000000  3.160251e-022
1091.200000  3.079278e-022
1091.400000  3.073106e-022
1091.600000  3.237972e-022
1091.800000  3.168851e-022
1092.000000  3.102608e-022
1092.200000  3.325118e-022
1092.400000  3.036008e-022
1092.600000  3.020700e-022
1092.800000  3.276930e-022
1093.000000  3.144021e-022
1093.200000  3.101555e-022
1093.400000  3.010898e-022
1093.600000  3.010018e-022
1093.800000  2.839384e-022
1094.000000  2.851689e-022
1094.200000  2.863711e-022
1094.400000  2.705839e-022
1094.600000  2.573231e-022
1094.800000  2.845688e-022
1095.000000  2.642857e-022
1095.200000  2.683711e-022
1095.400000  2.753950e-022
1095.600000  2.611903e-022
1095.800000  2.491924e-022
1096.000000  2.539821e-022
1096.200000  2.584125e-022
1096.400000  2.480349e-022
1096.600000  2.486297e-022
1096.800000  2.289430e-022
1097.000000  2.407171e-022
1097.200000  2.329936e-022
1097.400000  2.235611e-022
1097.600000  2.321233e-022
1097.800000  2.291242e-022
1098.000000  1.972598e-022
1098.200000  2.241916e-022
1098.400000  2.237457e-022
1098.600000  1.944531e-022
1098.800000  2.026932e-022
1099.000000  2.028778e-022
1099.200000  2.090276e-022
1099.400000  1.934207e-022
1099.600000  2.065135e-022
1099.800000  1.843023e-022
1100.000000  2.093216e-022
1100.200000  1.816415e-022
1100.400000  1.827751e-022
1100.600000  1.863806e-022
1100.800000  1.959072e-022
1101.000000  1.898205e-022
1101.200000  1.797095e-022
1101.400000  1.702076e-022
1101.600000  1.689802e-022
1101.800000  1.755784e-022
1102.000000  1.940195e-022
1102.200000  1.829206e-022
1102.400000  1.643303e-022
1102.600000  1.686443e-022
1102.800000  1.613443e-022
1103.000000  1.663269e-022
1103.200000  1.728369e-022
1103.400000  1.565904e-022
1103.600000  1.640856e-022
1103.800000  1.552248e-022
1104.000000  1.508566e-022
1104.200000  1.551567e-022
1104.400000  1.700890e-022
1104.600000  1.477010e-022
1104.800000  1.484721e-022
1105.000000  1.258005e-022
1105.200000  1.474322e-022
1105.400000  1.379154e-022
1105.600000  1.486587e-022
1105.800000  1.510020e-022
1106.000000  1.488957e-022
1106.200000  1.467855e-022
1106.400000  1.423922e-022
1106.600000  1.479828e-022
1106.800000  1.343211e-022
1107.000000  1.450318e-022
1107.200000  1.435521e-022
1107.400000  1.420696e-022
1107.600000  1.502018e-022
1107.800000  1.403882e-022
1108.000000  1.309123e-022
1108.200000  1.387325e-022
1108.400000  1.315051e-022
1108.600000  1.373945e-022
1108.800000  1.384595e-022
1109.000000  1.472236e-022
1109.200000  1.387094e-022
1109.400000  1.321319e-022
1109.600000  1.364195e-022
1109.800000  1.205381e-022
1110.000000  1.331421e-022
1110.200000  1.252618e-022
1110.400000  1.231522e-022
1110.600000  1.325537e-022
1110.800000  1.204928e-022
1111.000000  1.218794e-022
1111.200000  1.338962e-022
1111.400000  1.317514e-022
1111.600000  1.302598e-022
1111.800000  1.371524e-022
1112.000000  1.273340e-022
1112.200000  1.351258e-022
1112.400000  1.410516e-022
1112.600000  1.013699e-022
1112.800000  1.085313e-022
1113.000000  1.179541e-022
1113.200000  1.110433e-022
1113.400000  1.182324e-022
1113.600000  1.244396e-022
1113.800000  1.390210e-022
1114.000000  1.153625e-022
1114.200000  1.138703e-022
1114.400000  1.166013e-022
1114.600000  1.256988e-022
1114.800000  1.123103e-022
1115.000000  1.204524e-022
1115.200000  9.711631e-023
1115.400000  1.039889e-022
1115.600000  1.063238e-022
1115.800000  1.077920e-022
1116.000000  1.152958e-022
1116.200000  1.041276e-022
1116.400000  1.110369e-022
1116.600000  1.031045e-022
1116.800000  1.018850e-022
1117.000000  9.584893e-023
1117.200000  8.508441e-023
1117.400000  8.934274e-023
1117.600000  8.911891e-023
1117.800000  1.009229e-022
1118.000000  9.262645e-023
1118.200000  8.915530e-023
1118.400000  1.035316e-022
1118.600000  9.426551e-023
1118.800000  8.983595e-023
1119.000000  8.536442e-023
1119.200000  8.979267e-023
1119.400000  8.987292e-023
1119.600000  8.607037e-023
1119.800000  9.756766e-023
1120.000000  1.066969e-022
1120.200000  7.120621e-023
1120.400000  8.747214e-023
1120.600000  1.018854e-022
1120.800000  8.030035e-023
1121.000000  7.355153e-023
1121.200000  8.270783e-023
1121.400000  7.677300e-023
1121.600000  8.591401e-023
1121.800000  7.106266e-023
1122.000000  8.489680e-023
1122.200000  7.394605e-023
1122.400000  5.745757e-023
1122.600000  6.952142e-023
1122.800000  7.169091e-023
1123.000000  8.278600e-023
1123.200000  8.123301e-023
1123.400000  8.099357e-023
1123.600000  8.931789e-023
1123.800000  4.778736e-023
1124.000000  6.898343e-023
1124.200000  5.538187e-023
1124.400000  6.179895e-023
1124.600000  6.575463e-023
1124.800000  7.069333e-023
1125.000000  6.165001e-023
1125.200000  7.228579e-023
1125.400000  5.312661e-023
1125.600000  6.296901e-023
1125.800000  5.647738e-023
1126.000000  7.531168e-023
1126.200000  6.005032e-023
1126.400000  7.119756e-023
1126.600000  6.310867e-023
1126.800000  5.581425e-023
1127.000000  4.280427e-023
1127.200000  4.446294e-023
1127.400000  6.301569e-023
1127.600000  5.195377e-023
1127.800000  6.870906e-023
1128.000000  5.109134e-023
1128.200000  4.773934e-023
1128.400000  7.296533e-023
1128.600000  7.008755e-023
1128.800000  4.949863e-023
1129.000000  4.748266e-023
1129.200000  6.355589e-023
1129.400000  5.642558e-023
1129.600000  5.943109e-023
1129.800000  4.754421e-023
1130.000000  5.839489e-023
1130.200000  4.695007e-023
1130.400000  5.224468e-023
1130.600000  4.038060e-023
1130.800000  5.648979e-023
1131.000000  4.339015e-023
1131.200000  6.186144e-023
1131.400000  5.882931e-023
1131.600000  4.472682e-023
1131.800000  4.807439e-023
1132.000000  4.764903e-023
1132.200000  3.980265e-023
1132.400000  5.004063e-023
1132.600000  4.120812e-023
1132.800000  5.034576e-023
1133.000000  4.612477e-023
1133.200000  4.482684e-023
1133.400000  4.783578e-023
1133.600000  5.371324e-023
1133.800000  2.836400e-023
1134.000000  4.258898e-023
1134.200000  4.426184e-023
1134.400000  3.760846e-023
1134.600000  5.020097e-023
1134.800000  4.295803e-023
1135.000000  3.770803e-023
1135.200000  4.128179e-023
1135.400000  4.164696e-023
1135.600000  3.740559e-023
1135.800000  4.270848e-023
1136.000000  3.142040e-023
1136.200000  4.007080e-023
1136.400000  3.578358e-023
1136.600000  4.377725e-023
1136.800000  3.907397e-023
1137.000000  4.275062e-023
1137.200000  3.648783e-023
1137.400000  3.047566e-023
1137.600000  3.348668e-023
1137.800000  3.850773e-023
1138.000000  3.155015e-023
1138.200000  3.117475e-023
1138.400000  4.778974e-023
1138.600000  4.616447e-023
1138.800000  2.926195e-023
1139.000000  3.453204e-023
1139.200000  4.387163e-023
1139.400000  3.859334e-023
1139.600000  4.059952e-023
1139.800000  4.286991e-023
1140.000000  2.961403e-023
1140.200000  4.163929e-023
1140.400000  5.631464e-023
1140.600000  2.935939e-023
1140.800000  3.406132e-023
1141.000000  2.506386e-023
1141.200000  2.107225e-023
1141.400000  4.485951e-023
1141.600000  5.195650e-023
1141.800000  4.662898e-023
1142.000000  3.121727e-023
1142.200000  2.351721e-023
1142.400000  2.421214e-023
1142.600000  2.557943e-023
1142.800000  3.469682e-023
1143.000000  3.472719e-023
1143.200000  1.518612e-023
1143.400000  2.026588e-023
1143.600000  1.859078e-023
1143.800000  2.638873e-023
1144.000000  3.284594e-023
1144.200000  4.541244e-023
1144.400000  2.001263e-023
1144.600000  2.648114e-023
1144.800000  2.997245e-023
1145.000000  2.352110e-023
1145.200000  2.115431e-023
1145.400000  3.141756e-023
1145.600000  3.178501e-023
1145.800000  3.797266e-023
1146.000000  2.293896e-023
1146.200000  2.021647e-023
1146.400000  2.984130e-023
1146.600000  2.883518e-023
1146.800000  2.233172e-023
1147.000000  2.854342e-023
1147.200000  1.893141e-023
1147.400000  1.756947e-023
1147.600000  1.413566e-023
1147.800000  2.346682e-023
1148.000000  2.624753e-023
1148.200000  3.456998e-024
1148.400000  3.252339e-023
1148.600000  1.558303e-023
1148.800000  2.633911e-023
1149.000000  1.387701e-023
1149.200000  2.361029e-023
1149.400000  1.806881e-023
1149.600000  8.000426e-024
1149.800000  1.849325e-023
1150.000000  2.304614e-023
