800.000000  -2.060605e-027
800.200000  -2.060605e-027
800.400000  -2.060605e-027
800.600000  -2.060605e-027
800.800000  -1.275699e-028
801.000000  -3.128701e-027
801.200000  -1.081331e-027
801.400000  -3.241657e-027
801.600000  -4.310207e-027
801.800000  -6.925028e-027
802.000000  -2.013098e-027
802.200000  -1.485748e-027
802.400000  -2.929389e-029
802.600000  -3.177182e-027
802.800000  4.177695e-028
803.000000  -1.696867e-027
803.200000  -1.732952e-027
803.400000  -6.975349e-028
803.600000  2.023486e-027
803.800000  -5.998624e-028
804.000000  2.010501e-027
804.200000  1.723198e-027
804.400000  3.884301e-027
804.600000  1.036814e-027
804.800000  3.579518e-027
805.000000  3.421206e-027
805.200000  1.926504e-027
805.400000  1.096657e-027
805.600000  -4.094566e-028
805.800000  -3.390428e-028
806.000000  -1.041380e-027
806.200000  1.355956e-027
806.400000  -3.058397e-027
806.600000  3.796199e-027
806.800000  -1.440318e-028
807.000000  -8.570387e-028
807.200000  -3.729430e-028
807.400000  -8.746917e-028
807.600000  -1.217321e-027
807.800000  -2.716296e-027
808.000000  -9.921651e-028
808.200000  1.497209e-027
808.400000  -1.822793e-027
808.600000  -1.955334e-027
808.800000  4.396062e-027
809.000000  1.935169e-027
809.200000  7.593816e-028
809.400000  3.532175e-027
809.600000  5.784456e-027
809.800000  4.699907e-027
810.000000  -2.774501e-027
810.200000  6.005733e-027
810.400000  6.163497e-027
810.600000  1.060589e-026
810.800000  2.454932e-027
811.000000  3.301326e-027
811.200000  7.429212e-027
811.400000  -2.959501e-027
811.600000  -1.764390e-027
811.800000  5.245680e-027
812.000000  2.521681e-027
812.200000  1.710246e-027
812.400000  -2.773901e-027
812.600000  7.548828e-027
812.800000  1.096718e-026
813.000000  7.502434e-027
813.200000  9.319409e-027
813.400000  7.726632e-027
813.600000  1.592866e-026
813.800000  5.611502e-027
814.000000  1.744191e-026
814.200000  8.309170e-027
814.400000  1.095501e-026
814.600000  7.963066e-027
814.800000  2.075210e-027
815.000000  1.398569e-026
815.200000  1.295545e-026
815.400000  9.296473e-027
815.600000  4.588123e-027
815.800000  1.414644e-026
816.000000  1.068134e-026
816.200000  5.900622e-027
816.400000  1.003541e-026
816.600000  4.378546e-027
816.800000  8.217637e-027
817.000000  9.883317e-027
817.200000  7.898912e-027
817.400000  1.527211e-026
817.600000  8.361225e-027
817.800000  2.922760e-027
818.000000  7.213206e-027
818.200000  3.348297e-027
818.400000  4.325157e-027
818.600000  -5.264887e-027
818.800000  1.464326e-027
819.000000  1.632067e-027
819.200000  3.678814e-027
819.400000  -2.401143e-027
819.600000  6.540791e-027
819.800000  1.185950e-026
820.000000  2.339001e-027
820.200000  -4.463382e-027
820.400000  1.079212e-026
820.600000  9.230862e-027
820.800000  8.849352e-027
821.000000  -1.260437e-027
821.200000  6.793469e-027
821.400000  1.666015e-027
821.600000  -2.982627e-027
821.800000  5.131399e-027
822.000000  1.746259e-026
822.200000  -7.890358e-027
822.400000  -2.997168e-027
822.600000  1.100195e-026
822.800000  1.135066e-026
823.000000  -5.326302e-027
823.200000  -1.748505e-026
823.400000  -4.686878e-027
823.600000  -5.724379e-027
823.800000  -1.569274e-027
824.000000  -1.545001e-026
824.200000  -4.681072e-027
824.400000  -1.524436e-026
824.600000  -1.206117e-026
824.800000  -1.788100e-026
825.000000  -2.060950e-026
825.200000  3.024858e-027
825.400000  -2.281348e-026
825.600000  -1.812564e-026
825.800000  -6.515605e-027
826.000000  -1.268451e-026
826.200000  -1.576139e-027
826.400000  -9.073007e-027
826.600000  -1.651280e-027
826.800000  -7.315060e-027
827.000000  -7.920836e-027
827.200000  8.238416e-027
827.400000  -3.475627e-027
827.600000  -1.631411e-027
827.800000  -1.346395e-026
828.000000  -1.439458e-027
828.200000  2.702636e-027
828.400000  -1.366493e-026
828.600000  -8.900318e-027
828.800000  2.161818e-026
829.000000  -3.227340e-027
829.200000  -9.616714e-027
829.400000  1.073734e-026
829.600000  1.317417e-026
829.800000  1.038493e-026
830.000000  1.534069e-026
830.200000  9.581232e-028
830.400000  1.521192e-027
830.600000  1.367784e-026
830.800000  -7.062337e-028
831.000000  -1.954248e-029
831.200000  -1.032125e-027
831.400000  9.546248e-027
831.600000  -3.410224e-028
831.800000  1.864495e-026
832.000000  1.537353e-026
832.200000  3.697764e-026
832.400000  1.726818e-026
832.600000  1.859790e-027
832.800000  3.815079e-026
833.000000  1.344289e-026
833.200000  2.336117e-026
833.400000  1.738689e-026
833.600000  3.368957e-026
833.800000  2.338307e-026
834.000000  3.174685e-027
834.200000  1.887979e-026
834.400000  2.154858e-026
834.600000  -3.818196e-027
834.800000  -1.778564e-026
835.000000  -5.907757e-027
835.200000  4.688199e-027
835.400000  -2.318286e-026
835.600000  -1.213213e-026
835.800000  1.751193e-026
836.000000  1.796237e-026
836.200000  -1.434434e-026
836.400000  -1.072907e-026
836.600000  9.926036e-028
836.800000  6.368309e-028
837.000000  -4.337790e-027
837.200000  1.104403e-027
837.400000  4.422787e-026
837.600000  3.416627e-026
837.800000  1.779298e-026
838.000000  3.506533e-026
838.200000  9.018831e-026
838.400000  5.596727e-026
838.600000  4.366936e-026
838.800000  5.331901e-026
839.000000  5.095549e-026
839.200000  4.664250e-027
839.400000  8.885082e-027
839.600000  1.528810e-026
839.800000  5.616020e-027
840.000000  9.972005e-027
840.200000  -5.277744e-027
840.400000  -1.729461e-026
840.600000  -2.868678e-026
840.800000  -4.750501e-026
841.000000  -6.379509e-026
841.200000  -4.399331e-026
841.400000  -9.118859e-026
841.600000  -7.152321e-026
841.800000  -1.970375e-026
842.000000  -9.551045e-026
842.200000  -4.283354e-026
842.400000  -8.222488e-026
842.600000  -4.181431e-026
842.800000  -2.892185e-026
843.000000  -2.178643e-026
843.200000  -1.940678e-026
843.400000  -1.562196e-026
843.600000  -4.201299e-027
843.800000  -3.236176e-026
844.000000  -9.121010e-027
844.200000  3.318354e-026
844.400000  -2.859598e-026
844.600000  4.800081e-027
844.800000  -1.850007e-026
845.000000  2.127719e-026
845.200000  2.095535e-026
845.400000  6.110322e-026
845.600000  8.396627e-026
845.800000  7.081952e-026
846.000000  6.800591e-026
846.200000  7.257081e-026
846.400000  5.668526e-026
846.600000  1.116827e-025
846.800000  1.043373e-025
847.000000  6.210189e-026
847.200000  5.010089e-026
847.400000  1.233137e-025
847.600000  1.097606e-025
847.800000  1.048862e-025
848.000000  6.920494e-026
848.200000  6.899752e-026
848.400000  1.164824e-025
848.600000  5.407363e-026
848.800000  7.386718e-026
849.000000  5.956061e-026
849.200000  5.081580e-026
849.400000  4.365754e-026
849.600000  3.825057e-026
849.800000  5.843475e-026
850.000000  -2.637728e-026
850.200000  -8.321585e-028
850.400000  1.954960e-026
850.600000  4.498212e-026
850.800000  -2.252463e-026
851.000000  -1.580245e-026
851.200000  9.207857e-026
851.400000  -3.561164e-026
851.600000  2.576709e-026
851.800000  3.746117e-026
852.000000  5.108546e-026
852.200000  3.630214e-026
852.400000  1.075906e-026
852.600000  8.389908e-026
852.800000  6.425219e-026
853.000000  -2.994950e-026
853.200000  -6.954443e-026
853.400000  1.411680e-026
853.600000  3.350118e-026
853.800000  -5.002216e-026
854.000000  -8.427724e-027
854.200000  6.318377e-026
854.400000  -1.843048e-026
854.600000  -1.130739e-025
854.800000  -5.747534e-026
855.000000  -1.819929e-027
855.200000  -4.742130e-026
855.400000  -1.387386e-025
855.600000  -2.438989e-026
855.800000  -1.105833e-025
856.000000  -6.568578e-026
856.200000  -1.667463e-025
856.400000  -5.465581e-026
856.600000  -1.064899e-025
856.800000  -8.905110e-026
857.000000  -5.178869e-026
857.200000  -1.123885e-026
857.400000  -4.749500e-027
857.600000  -4.398780e-026
857.800000  -5.152136e-026
858.000000  -6.705889e-026
858.200000  2.166093e-026
858.400000  -6.031036e-026
858.600000  -5.618497e-028
858.800000  6.374767e-026
859.000000  1.573928e-026
859.200000  1.442358e-025
859.400000  2.211633e-025
859.600000  1.176588e-025
859.800000  2.628913e-025
860.000000  3.108362e-025
860.200000  2.603319e-025
860.400000  3.732858e-025
860.600000  3.177983e-025
860.800000  3.986227e-025
861.000000  3.558313e-025
861.200000  3.381538e-025
861.400000  2.540675e-025
861.600000  1.812493e-025
861.800000  1.543073e-025
862.000000  2.166381e-025
862.200000  1.533183e-025
862.400000  1.314261e-026
862.600000  2.244387e-025
862.800000  1.331477e-025
863.000000  1.133399e-025
863.200000  -5.880652e-026
863.400000  1.389055e-026
863.600000  2.729920e-026
863.800000  3.055813e-026
864.000000  2.009151e-026
864.200000  1.024443e-025
864.400000  1.675415e-025
864.600000  5.815550e-026
864.800000  1.564715e-025
865.000000  2.486859e-025
865.200000  3.748632e-025
865.400000  2.823028e-025
865.600000  3.261360e-025
865.800000  6.584279e-025
866.000000  3.349716e-025
866.200000  3.769629e-025
866.400000  4.238521e-025
866.600000  4.901236e-025
866.800000  7.083941e-026
867.000000  2.478893e-025
867.200000  2.108956e-025
867.400000  2.825382e-025
867.600000  1.055470e-025
867.800000  3.553590e-025
868.000000  3.274248e-025
868.200000  2.464288e-025
868.400000  1.881845e-026
868.600000  3.724730e-025
868.800000  4.412718e-025
869.000000  5.689612e-026
869.200000  3.554251e-025
869.400000  2.386055e-025
869.600000  3.865204e-025
869.800000  1.968072e-025
870.000000  1.890743e-025
870.200000  2.478870e-025
870.400000  1.378416e-025
870.600000  6.865467e-026
870.800000  3.587395e-027
871.000000  4.066481e-026
871.200000  3.192463e-026
871.400000  -1.641093e-025
871.600000  6.396705e-026
871.800000  1.784235e-025
872.000000  2.430103e-025
872.200000  -1.550240e-026
872.400000  2.203289e-025
872.600000  2.455623e-025
872.800000  -3.043217e-026
873.000000  1.320835e-025
873.200000  3.665741e-025
873.400000  1.724352e-025
873.600000  4.030570e-025
873.800000  3.963807e-025
874.000000  1.681008e-025
874.200000  2.152340e-025
874.400000  4.876918e-025
874.600000  1.713749e-025
874.800000  3.609544e-025
875.000000  4.707944e-025
875.200000  5.411691e-025
875.400000  2.078256e-025
875.600000  3.409392e-025
875.800000  3.350837e-025
876.000000  2.218326e-025
876.200000  8.491703e-026
876.400000  3.138234e-025
876.600000  1.006452e-025
876.800000  4.764592e-025
877.000000  1.143430e-025
877.200000  6.669397e-026
877.400000  4.426050e-025
877.600000  4.168110e-025
877.800000  4.801613e-025
878.000000  3.346421e-025
878.200000  9.566782e-025
878.400000  8.529235e-025
878.600000  8.093929e-025
878.800000  1.361675e-024
879.000000  1.699745e-024
879.200000  1.809859e-024
879.400000  2.036114e-024
879.600000  2.333374e-024
879.800000  2.640180e-024
880.000000  2.672057e-024
880.200000  3.184273e-024
880.400000  3.229315e-024
880.600000  3.412907e-024
880.800000  2.993371e-024
881.000000  3.252062e-024
881.200000  3.073987e-024
881.400000  2.591193e-024
881.600000  2.524742e-024
881.800000  2.992153e-024
882.000000  2.164593e-024
882.200000  1.950426e-024
882.400000  1.794817e-024
882.600000  2.175692e-024
882.800000  1.916465e-024
883.000000  1.916243e-024
883.200000  1.595633e-024
883.400000  2.468551e-024
883.600000  1.858781e-024
883.800000  1.632429e-024
884.000000  2.511124e-024
884.200000  2.653176e-024
884.400000  1.674751e-024
884.600000  2.388769e-024
884.800000  2.781797e-024
885.000000  2.969041e-024
885.200000  2.878065e-024
885.400000  2.773379e-024
885.600000  3.305337e-024
885.800000  2.946240e-024
886.000000  3.047291e-024
886.200000  2.718855e-024
886.400000  3.528969e-024
886.600000  3.486950e-024
886.800000  3.517494e-024
887.000000  3.883323e-024
887.200000  3.258137e-024
887.400000  3.495471e-024
887.600000  3.558046e-024
887.800000  3.150772e-024
888.000000  4.365827e-024
888.200000  3.193607e-024
888.400000  3.186029e-024
888.600000  2.834852e-024
888.800000  3.596941e-024
889.000000  3.656190e-024
889.200000  3.360771e-024
889.400000  3.556638e-024
889.600000  3.413558e-024
889.800000  3.743808e-024
890.000000  4.195208e-024
890.200000  3.803061e-024
890.400000  4.340633e-024
890.600000  3.872662e-024
890.800000  4.074360e-024
891.000000  4.412254e-024
891.200000  5.045889e-024
891.400000  5.530853e-024
891.600000  4.751085e-024
891.800000  5.931802e-024
892.000000  6.091924e-024
892.200000  6.418801e-024
892.400000  6.801442e-024
892.600000  6.442171e-024
892.800000  7.559167e-024
893.000000  7.607819e-024
893.200000  7.165706e-024
893.400000  7.950222e-024
893.600000  7.766982e-024
893.800000  7.162152e-024
894.000000  6.752165e-024
894.200000  7.689863e-024
894.400000  7.555560e-024
894.600000  6.669002e-024
894.800000  7.182694e-024
895.000000  7.793453e-024
895.200000  7.905038e-024
895.400000  7.962329e-024
895.600000  7.663922e-024
895.800000  8.636241e-024
896.000000  7.596137e-024
896.200000  7.220246e-024
896.400000  7.627147e-024
896.600000  8.991918e-024
896.800000  7.656822e-024
897.000000  7.447032e-024
897.200000  9.498990e-024
897.400000  8.976805e-024
897.600000  9.495114e-024
897.800000  8.982998e-024
898.000000  1.078590e-023
898.200000  9.780870e-024
898.400000  8.834898e-024
898.600000  1.039044e-023
898.800000  1.034492e-023
899.000000  1.162212e-023
899.200000  1.083441e-023
899.400000  1.157564e-023
899.600000  1.375573e-023
899.800000  1.137479e-023
900.000000  1.331629e-023
900.200000  1.320088e-023
900.400000  1.441321e-023
900.600000  1.310917e-023
900.800000  1.409278e-023
901.000000  1.419001e-023
901.200000  1.333360e-023
901.400000  1.419052e-023
901.600000  1.500907e-023
901.800000  1.441296e-023
902.000000  1.540255e-023
902.200000  1.568780e-023
902.400000  1.576505e-023
902.600000  1.735412e-023
902.800000  1.855869e-023
903.000000  1.932666e-023
903.200000  2.080306e-023
903.400000  2.105709e-023
903.600000  2.115651e-023
903.800000  2.298911e-023
904.000000  2.273179e-023
904.200000  2.383391e-023
904.400000  2.507124e-023
904.600000  2.600732e-023
904.800000  2.723031e-023
905.000000  2.661471e-023
905.200000  3.055074e-023
905.400000  3.047630e-023
905.600000  3.093304e-023
905.800000  3.270504e-023
906.000000  3.240001e-023
906.200000  3.401314e-023
906.400000  3.484929e-023
906.600000  3.838590e-023
906.800000  3.865746e-023
907.000000  3.872742e-023
907.200000  3.881296e-023
907.400000  4.246086e-023
907.600000  4.142162e-023
907.800000  4.035036e-023
908.000000  4.394635e-023
908.200000  4.437315e-023
908.400000  4.144559e-023
908.600000  4.339361e-023
908.800000  4.430039e-023
909.000000  4.364414e-023
909.200000  4.601068e-023
909.400000  4.431505e-023
909.600000  4.944351e-023
909.800000  5.176105e-023
910.000000  5.157523e-023
910.200000  5.317443e-023
910.400000  6.006357e-023
910.600000  6.188023e-023
910.800000  6.804172e-023
911.000000  7.700488e-023
911.200000  8.266172e-023
911.400000  8.874916e-023
911.600000  9.610086e-023
911.800000  1.132727e-022
912.000000  1.100995e-022
912.200000  1.271292e-022
912.400000  1.355998e-022
912.600000  1.462839e-022
912.800000  1.559022e-022
913.000000  1.625431e-022
913.200000  1.715802e-022
913.400000  1.877711e-022
913.600000  1.955285e-022
913.800000  2.044677e-022
914.000000  2.043357e-022
914.200000  2.036252e-022
914.400000  2.086946e-022
914.600000  1.999386e-022
914.800000  2.000830e-022
915.000000  1.996577e-022
915.200000  1.933578e-022
915.400000  1.891902e-022
915.600000  1.910297e-022
915.800000  1.816835e-022
916.000000  1.751702e-022
916.200000  1.789997e-022
916.400000  1.731573e-022
916.600000  1.679214e-022
916.800000  1.592337e-022
917.000000  1.578792e-022
917.200000  1.487606e-022
917.400000  1.455100e-022
917.600000  1.476630e-022
917.800000  1.432328e-022
918.000000  1.381024e-022
918.200000  1.347024e-022
918.400000  1.304125e-022
918.600000  1.340807e-022
918.800000  1.352985e-022
919.000000  1.348097e-022
919.200000  1.339442e-022
919.400000  1.313116e-022
919.600000  1.402525e-022
919.800000  1.386319e-022
920.000000  1.431902e-022
920.200000  1.434509e-022
920.400000  1.442230e-022
920.600000  1.422341e-022
920.800000  1.369498e-022
921.000000  1.371074e-022
921.200000  1.413511e-022
921.400000  1.383502e-022
921.600000  1.413267e-022
921.800000  1.411737e-022
922.000000  1.491082e-022
922.200000  1.437679e-022
922.400000  1.560740e-022
922.600000  1.568990e-022
922.800000  1.648894e-022
923.000000  1.709490e-022
923.200000  1.841470e-022
923.400000  1.921723e-022
923.600000  1.994286e-022
923.800000  2.113058e-022
924.000000  2.287245e-022
924.200000  2.407176e-022
924.400000  2.490539e-022
924.600000  2.660745e-022
924.800000  2.812871e-022
925.000000  2.938900e-022
925.200000  3.112082e-022
925.400000  3.142374e-022
925.600000  3.414191e-022
925.800000  3.611562e-022
926.000000  3.560817e-022
926.200000  3.742609e-022
926.400000  3.928234e-022
926.600000  4.063557e-022
926.800000  4.132400e-022
927.000000  4.302377e-022
927.200000  4.296795e-022
927.400000  4.292451e-022
927.600000  4.270384e-022
927.800000  4.461500e-022
928.000000  4.542936e-022
928.200000  4.572928e-022
928.400000  4.616075e-022
928.600000  4.758141e-022
928.800000  4.787700e-022
929.000000  4.859796e-022
929.200000  4.905939e-022
929.400000  4.985526e-022
929.600000  5.114126e-022
929.800000  5.217896e-022
930.000000  5.242123e-022
930.200000  5.306840e-022
930.400000  5.421848e-022
930.600000  5.553193e-022
930.800000  5.571869e-022
931.000000  5.551928e-022
931.200000  5.423723e-022
931.400000  5.483529e-022
931.600000  5.501578e-022
931.800000  5.682045e-022
932.000000  5.516794e-022
932.200000  5.407159e-022
932.400000  5.594493e-022
932.600000  5.569368e-022
932.800000  5.878260e-022
933.000000  6.052526e-022
933.200000  6.058218e-022
933.400000  6.152835e-022
933.600000  6.416781e-022
933.800000  6.606771e-022
934.000000  6.625627e-022
934.200000  7.120434e-022
934.400000  7.458020e-022
934.600000  7.419136e-022
934.800000  7.656382e-022
935.000000  7.909742e-022
935.200000  8.255501e-022
935.400000  8.339771e-022
935.600000  8.677051e-022
935.800000  9.346179e-022
936.000000  9.706874e-022
936.200000  8.945274e-022
936.400000  9.527526e-022
936.600000  9.772672e-022
936.800000  9.923682e-022
937.000000  9.931417e-022
937.200000  1.027189e-021
937.400000  1.034086e-021
937.600000  9.843136e-022
937.800000  1.040382e-021
938.000000  9.925785e-022
938.200000  1.067789e-021
938.400000  9.994774e-022
938.600000  1.096003e-021
938.800000  1.075037e-021
939.000000  1.076801e-021
939.200000  1.134888e-021
939.400000  1.206223e-021
939.600000  1.277735e-021
939.800000  1.336649e-021
940.000000  1.414002e-021
940.200000  1.485299e-021
940.400000  1.533263e-021
940.600000  1.611668e-021
940.800000  1.630903e-021
941.000000  1.720302e-021
941.200000  1.746348e-021
941.400000  1.769903e-021
941.600000  1.769791e-021
941.800000  1.770049e-021
942.000000  1.747899e-021
942.200000  1.709506e-021
942.400000  1.637156e-021
942.600000  1.589876e-021
942.800000  1.522127e-021
943.000000  1.443050e-021
943.200000  1.373145e-021
943.400000  1.315795e-021
943.600000  1.259638e-021
943.800000  1.188271e-021
944.000000  1.176647e-021
944.200000  1.092448e-021
944.400000  1.074818e-021
944.600000  1.049954e-021
944.800000  1.005608e-021
945.000000  9.569269e-022
945.200000  9.525977e-022
945.400000  8.883526e-022
945.600000  8.947755e-022
945.800000  8.460123e-022
946.000000  8.141638e-022
946.200000  7.951957e-022
946.400000  7.697997e-022
946.600000  7.480079e-022
946.800000  7.206140e-022
947.000000  7.016776e-022
947.200000  6.787671e-022
947.400000  6.750916e-022
947.600000  6.577793e-022
947.800000  6.732563e-022
948.000000  6.569080e-022
948.200000  6.698289e-022
948.400000  6.674527e-022
948.600000  6.624503e-022
948.800000  6.600665e-022
949.000000  6.512245e-022
949.200000  6.582420e-022
949.400000  6.669407e-022
949.600000  6.547797e-022
949.800000  6.501891e-022
950.000000  6.330918e-022
950.200000  6.489280e-022
950.400000  6.503275e-022
950.600000  6.529565e-022
950.800000  6.532368e-022
951.000000  6.433256e-022
951.200000  6.236419e-022
951.400000  6.411537e-022
951.600000  6.389934e-022
951.800000  6.079266e-022
952.000000  6.293414e-022
952.200000  5.995319e-022
952.400000  5.921839e-022
952.600000  5.872273e-022
952.800000  5.739559e-022
953.000000  5.813119e-022
953.200000  5.972793e-022
953.400000  5.924428e-022
953.600000  6.138636e-022
953.800000  6.353216e-022
954.000000  6.635255e-022
954.200000  6.661197e-022
954.400000  7.171293e-022
954.600000  7.318844e-022
954.800000  7.528665e-022
955.000000  7.547202e-022
955.200000  8.045390e-022
955.400000  8.234126e-022
955.600000  8.369248e-022
955.800000  8.533491e-022
956.000000  8.478632e-022
956.200000  8.641805e-022
956.400000  8.675761e-022
956.600000  8.666353e-022
956.800000  8.783644e-022
957.000000  8.834834e-022
957.200000  8.992092e-022
957.400000  9.286111e-022
957.600000  9.438628e-022
957.800000  9.382391e-022
958.000000  9.480433e-022
958.200000  9.704906e-022
958.400000  9.796265e-022
958.600000  9.548390e-022
958.800000  9.663113e-022
959.000000  9.784630e-022
959.200000  9.683956e-022
959.400000  9.452767e-022
959.600000  9.197122e-022
959.800000  9.319602e-022
960.000000  9.075727e-022
960.200000  8.821119e-022
960.400000  8.505484e-022
960.600000  8.383620e-022
960.800000  8.268468e-022
961.000000  7.967955e-022
961.200000  7.710607e-022
961.400000  7.910050e-022
961.600000  7.736950e-022
961.800000  7.461106e-022
962.000000  7.386239e-022
962.200000  7.579403e-022
962.400000  7.703134e-022
962.600000  7.770412e-022
962.800000  8.192918e-022
963.000000  8.236425e-022
963.200000  8.525321e-022
963.400000  8.615734e-022
963.600000  9.159986e-022
963.800000  9.409436e-022
964.000000  9.816814e-022
964.200000  1.018431e-021
964.400000  1.097409e-021
964.600000  1.145099e-021
964.800000  1.206812e-021
965.000000  1.212980e-021
965.200000  1.296216e-021
965.400000  1.348419e-021
965.600000  1.409204e-021
965.800000  1.495853e-021
966.000000  1.611594e-021
966.200000  1.723687e-021
966.400000  1.827289e-021
966.600000  1.975016e-021
966.800000  2.197461e-021
967.000000  2.427743e-021
967.200000  2.723304e-021
967.400000  3.039721e-021
967.600000  3.479807e-021
967.800000  3.969009e-021
968.000000  4.570279e-021
968.200000  5.152173e-021
968.400000  6.034533e-021
968.600000  6.781915e-021
968.800000  7.487933e-021
969.000000  7.877221e-021
969.200000  8.014465e-021
969.400000  7.755218e-021
969.600000  6.907093e-021
969.800000  5.977532e-021
970.000000  5.290552e-021
970.200000  4.344834e-021
970.400000  3.601544e-021
970.600000  3.118159e-021
970.800000  2.677525e-021
971.000000  2.279747e-021
971.200000  1.967169e-021
971.400000  1.751578e-021
971.600000  1.539249e-021
971.800000  1.349950e-021
972.000000  1.205326e-021
972.200000  1.089138e-021
972.400000  9.912669e-022
972.600000  9.465131e-022
972.800000  8.570983e-022
973.000000  8.242379e-022
973.200000  7.986914e-022
973.400000  7.747635e-022
973.600000  7.256050e-022
973.800000  7.574591e-022
974.000000  7.333975e-022
974.200000  7.337306e-022
974.400000  7.421286e-022
974.600000  7.587800e-022
974.800000  7.784794e-022
975.000000  7.832020e-022
975.200000  8.412414e-022
975.400000  8.435173e-022
975.600000  8.057933e-022
975.800000  8.423590e-022
976.000000  9.287414e-022
976.200000  9.215097e-022
976.400000  9.098743e-022
976.600000  9.918444e-022
976.800000  1.014039e-021
977.000000  1.020278e-021
977.200000  1.036595e-021
977.400000  1.091088e-021
977.600000  1.154001e-021
977.800000  1.235021e-021
978.000000  1.230505e-021
978.200000  1.252861e-021
978.400000  1.306559e-021
978.600000  1.333879e-021
978.800000  1.395945e-021
979.000000  1.413369e-021
979.200000  1.413633e-021
979.400000  1.436163e-021
979.600000  1.412791e-021
979.800000  1.431870e-021
980.000000  1.509183e-021
980.200000  1.439332e-021
980.400000  1.406815e-021
980.600000  1.436214e-021
980.800000  1.477567e-021
981.000000  1.440289e-021
981.200000  1.440558e-021
981.400000  1.431556e-021
981.600000  1.432104e-021
981.800000  1.428046e-021
982.000000  1.440878e-021
982.200000  1.398568e-021
982.400000  1.526213e-021
982.600000  1.461318e-021
982.800000  1.423175e-021
983.000000  1.414774e-021
983.200000  1.440716e-021
983.400000  1.352392e-021
983.600000  1.392684e-021
983.800000  1.400256e-021
984.000000  1.355075e-021
984.200000  1.379090e-021
984.400000  1.331786e-021
984.600000  1.378894e-021
984.800000  1.382948e-021
985.000000  1.340955e-021
985.200000  1.248015e-021
985.400000  1.393988e-021
985.600000  1.367709e-021
985.800000  1.306902e-021
986.000000  1.340399e-021
986.200000  1.363482e-021
986.400000  1.366430e-021
986.600000  1.377196e-021
986.800000  1.387645e-021
987.000000  1.324462e-021
987.200000  1.400407e-021
987.400000  1.296449e-021
987.600000  1.278548e-021
987.800000  1.355384e-021
988.000000  1.376963e-021
988.200000  1.364090e-021
988.400000  1.327062e-021
988.600000  1.357985e-021
988.800000  1.307639e-021
989.000000  1.304522e-021
989.200000  1.345536e-021
989.400000  1.383265e-021
989.600000  1.403658e-021
989.800000  1.337937e-021
990.000000  1.385859e-021
990.200000  1.406000e-021
990.400000  1.384513e-021
990.600000  1.362129e-021
990.800000  1.418186e-021
991.000000  1.413230e-021
991.200000  1.482660e-021
991.400000  1.433454e-021
991.600000  1.459546e-021
991.800000  1.529385e-021
992.000000  1.506452e-021
992.200000  1.553551e-021
992.400000  1.568259e-021
992.600000  1.623161e-021
992.800000  1.574913e-021
993.000000  1.677414e-021
993.200000  1.638270e-021
993.400000  1.639756e-021
993.600000  1.625691e-021
993.800000  1.685922e-021
994.000000  1.623090e-021
994.200000  1.694656e-021
994.400000  1.672193e-021
994.600000  1.724062e-021
994.800000  1.723279e-021
995.000000  1.754906e-021
995.200000  1.819234e-021
995.400000  1.801069e-021
995.600000  1.827892e-021
995.800000  1.880757e-021
996.000000  1.929037e-021
996.200000  1.984469e-021
996.400000  1.948652e-021
996.600000  2.005254e-021
996.800000  2.079214e-021
997.000000  2.123468e-021
997.200000  2.178347e-021
997.400000  2.186848e-021
997.600000  2.253850e-021
997.800000  2.340854e-021
998.000000  2.303608e-021
998.200000  2.351611e-021
998.400000  2.464052e-021
998.600000  2.525263e-021
998.800000  2.506460e-021
999.000000  2.599984e-021
999.200000  2.584015e-021
999.400000  2.635202e-021
999.600000  2.718998e-021
999.800000  2.654634e-021
1000.000000  2.679642e-021
1000.200000  2.725297e-021
1000.400000  2.757055e-021
1000.600000  2.712101e-021
1000.800000  2.745426e-021
1001.000000  2.707050e-021
1001.200000  2.701587e-021
1001.400000  2.677663e-021
1001.600000  2.740461e-021
1001.800000  2.713247e-021
1002.000000  2.696467e-021
1002.200000  2.670097e-021
1002.400000  2.729615e-021
1002.600000  2.738276e-021
1002.800000  2.750549e-021
1003.000000  2.778330e-021
1003.200000  2.854851e-021
1003.400000  2.911404e-021
1003.600000  2.957964e-021
1003.800000  2.999822e-021
1004.000000  3.104668e-021
1004.200000  3.128897e-021
1004.400000  3.106562e-021
1004.600000  3.192009e-021
1004.800000  3.253686e-021
1005.000000  3.259705e-021
1005.200000  3.362586e-021
1005.400000  3.332962e-021
1005.600000  3.384863e-021
1005.800000  3.401612e-021
1006.000000  3.394632e-021
1006.200000  3.387957e-021
1006.400000  3.350020e-021
1006.600000  3.401797e-021
1006.800000  3.430806e-021
1007.000000  3.435266e-021
1007.200000  3.369879e-021
1007.400000  3.398176e-021
1007.600000  3.365195e-021
1007.800000  3.261016e-021
1008.000000  3.327892e-021
1008.200000  3.286844e-021
1008.400000  3.284026e-021
1008.600000  3.214117e-021
1008.800000  3.114551e-021
1009.000000  3.100447e-021
1009.200000  3.079233e-021
1009.400000  2.990323e-021
1009.600000  2.947682e-021
1009.800000  2.939891e-021
1010.000000  2.908260e-021
1010.200000  2.897312e-021
1010.400000  2.926296e-021
1010.600000  2.853821e-021
1010.800000  2.891852e-021
1011.000000  2.859927e-021
1011.200000  2.911094e-021
1011.400000  2.870779e-021
1011.600000  2.873495e-021
1011.800000  2.917523e-021
1012.000000  2.887310e-021
1012.200000  2.891162e-021
1012.400000  2.934760e-021
1012.600000  2.973593e-021
1012.800000  2.946860e-021
1013.000000  2.940762e-021
1013.200000  2.973047e-021
1013.400000  3.002143e-021
1013.600000  2.963503e-021
1013.800000  2.991472e-021
1014.000000  3.001341e-021
1014.200000  2.977545e-021
1014.400000  2.958198e-021
1014.600000  3.010096e-021
1014.800000  2.976395e-021
1015.000000  2.911103e-021
1015.200000  2.941607e-021
1015.400000  2.997225e-021
1015.600000  3.017342e-021
1015.800000  2.974174e-021
1016.000000  3.006534e-021
1016.200000  3.013533e-021
1016.400000  2.998988e-021
1016.600000  3.053649e-021
1016.800000  3.038427e-021
1017.000000  3.101051e-021
1017.200000  3.123217e-021
1017.400000  3.166426e-021
1017.600000  3.222718e-021
1017.800000  3.232883e-021
1018.000000  3.309232e-021
1018.200000  3.410660e-021
1018.400000  3.468849e-021
1018.600000  3.520615e-021
1018.800000  3.645158e-021
1019.000000  3.732694e-021
1019.200000  3.835014e-021
1019.400000  3.872294e-021
1019.600000  3.980922e-021
1019.800000  4.103066e-021
1020.000000  4.175863e-021
1020.200000  4.295352e-021
1020.400000  4.395873e-021
1020.600000  4.548335e-021
1020.800000  4.720227e-021
1021.000000  4.823599e-021
1021.200000  5.037808e-021
1021.400000  5.262658e-021
1021.600000  5.496465e-021
1021.800000  5.722552e-021
1022.000000  6.078290e-021
1022.200000  6.402877e-021
1022.400000  6.517309e-021
1022.500000  6.781946e-021
1022.525000  6.823336e-021
1022.550000  6.834779e-021
1022.575000  6.863707e-021
1022.600000  6.893527e-021
1022.625000  6.929134e-021
1022.650000  7.000327e-021
1022.675000  7.086902e-021
1022.700000  7.159510e-021
1022.725000  7.240951e-021
1022.750000  7.309841e-021
1022.775000  7.322614e-021
1022.800000  7.365519e-021
1022.825000  7.462364e-021
1022.850000  7.525918e-021
1022.875000  7.564299e-021
1022.900000  7.638344e-021
1022.925000  7.681055e-021
1022.950000  7.660559e-021
1022.975000  7.680885e-021
1023.000000  7.745045e-021
1023.025000  7.814045e-021
1023.050000  7.873591e-021
1023.075000  7.925881e-021
1023.100000  7.975748e-021
1023.125000  8.010824e-021
1023.150000  8.007314e-021
1023.175000  8.025768e-021
1023.200000  8.066777e-021
1023.225000  8.080041e-021
1023.250000  8.122379e-021
1023.275000  8.208818e-021
1023.300000  8.274967e-021
1023.325000  8.337202e-021
1023.350000  8.380048e-021
1023.375000  8.370969e-021
1023.400000  8.357808e-021
1023.425000  8.337544e-021
1023.450000  8.318029e-021
1023.475000  8.352595e-021
1023.500000  8.399487e-021
1023.525000  8.411980e-021
1023.550000  8.431170e-021
1023.575000  8.479789e-021
1023.600000  8.539635e-021
1023.625000  8.620587e-021
1023.650000  8.741511e-021
1023.675000  8.862439e-021
1023.700000  8.937258e-021
1023.725000  8.963159e-021
1023.750000  8.964307e-021
1023.775000  8.936967e-021
1023.800000  8.913349e-021
1023.825000  8.907524e-021
1023.850000  8.924409e-021
1023.875000  8.959308e-021
1023.900000  9.004383e-021
1023.925000  9.041058e-021
1023.950000  9.058882e-021
1023.975000  9.108610e-021
1024.000000  9.194694e-021
1024.025000  9.264390e-021
1024.050000  9.288268e-021
1024.075000  9.312827e-021
1024.100000  9.327922e-021
1024.125000  9.304454e-021
1024.150000  9.329258e-021
1024.175000  9.391684e-021
1024.200000  9.449189e-021
1024.225000  9.511192e-021
1024.250000  9.572821e-021
1024.275000  9.607944e-021
1024.300000  9.648159e-021
1024.325000  9.688807e-021
1024.350000  9.721251e-021
1024.375000  9.781383e-021
1024.400000  9.845888e-021
1024.425000  9.920856e-021
1024.450000  1.002366e-020
1024.475000  1.010737e-020
1024.500000  1.016105e-020
1024.525000  1.020454e-020
1024.550000  1.016871e-020
1024.575000  1.010506e-020
1024.600000  1.009489e-020
1024.625000  1.008043e-020
1024.650000  1.006847e-020
1024.675000  1.014765e-020
1024.700000  1.022825e-020
1024.725000  1.025212e-020
1024.750000  1.031218e-020
1024.775000  1.036760e-020
1024.800000  1.037026e-020
1024.825000  1.037210e-020
1024.850000  1.037753e-020
1024.875000  1.036214e-020
1024.900000  1.034613e-020
1024.925000  1.036860e-020
1024.950000  1.042652e-020
1024.975000  1.050918e-020
1025.000000  1.059043e-020
1025.025000  1.065110e-020
1025.050000  1.071360e-020
1025.075000  1.079417e-020
1025.100000  1.086225e-020
1025.125000  1.091107e-020
1025.150000  1.097193e-020
1025.175000  1.101996e-020
1025.200000  1.103532e-020
1025.225000  1.104706e-020
1025.250000  1.107066e-020
1025.275000  1.109142e-020
1025.300000  1.110643e-020
1025.325000  1.110588e-020
1025.350000  1.113236e-020
1025.375000  1.116883e-020
1025.400000  1.120052e-020
1025.425000  1.126282e-020
1025.450000  1.132180e-020
1025.475000  1.132710e-020
1025.500000  1.131222e-020
1025.525000  1.135499e-020
1025.550000  1.141489e-020
1025.575000  1.144932e-020
1025.600000  1.147928e-020
1025.625000  1.152047e-020
1025.650000  1.152966e-020
1025.675000  1.152277e-020
1025.700000  1.154832e-020
1025.725000  1.158195e-020
1025.750000  1.162809e-020
1025.775000  1.167402e-020
1025.800000  1.169358e-020
1025.825000  1.170138e-020
1025.850000  1.173311e-020
1025.875000  1.177876e-020
1025.900000  1.178947e-020
1025.925000  1.175254e-020
1025.950000  1.169668e-020
1025.975000  1.164860e-020
1026.000000  1.161115e-020
1026.025000  1.161192e-020
1026.050000  1.166889e-020
1026.075000  1.178661e-020
1026.100000  1.187842e-020
1026.125000  1.191323e-020
1026.150000  1.193638e-020
1026.175000  1.196237e-020
1026.200000  1.194195e-020
1026.225000  1.188657e-020
1026.250000  1.187513e-020
1026.275000  1.188302e-020
1026.300000  1.186137e-020
1026.325000  1.183891e-020
1026.350000  1.185325e-020
1026.375000  1.185405e-020
1026.400000  1.186516e-020
1026.425000  1.189640e-020
1026.450000  1.192150e-020
1026.475000  1.195860e-020
1026.500000  1.195956e-020
1026.525000  1.193063e-020
1026.550000  1.195598e-020
1026.575000  1.201189e-020
1026.600000  1.205195e-020
1026.625000  1.215175e-020
1026.650000  1.225399e-020
1026.675000  1.227421e-020
1026.700000  1.229860e-020
1026.725000  1.232597e-020
1026.750000  1.230038e-020
1026.775000  1.225789e-020
1026.800000  1.221695e-020
1026.825000  1.213390e-020
1026.850000  1.206317e-020
1026.875000  1.204014e-020
1026.900000  1.205807e-020
1026.925000  1.210978e-020
1026.950000  1.216950e-020
1026.975000  1.220931e-020
1027.000000  1.223028e-020
1027.025000  1.222772e-020
1027.050000  1.219741e-020
1027.075000  1.218912e-020
1027.100000  1.220903e-020
1027.125000  1.221748e-020
1027.150000  1.225497e-020
1027.175000  1.233658e-020
1027.200000  1.242246e-020
1027.225000  1.248827e-020
1027.250000  1.253690e-020
1027.275000  1.255338e-020
1027.300000  1.255193e-020
1027.325000  1.254932e-020
1027.350000  1.252790e-020
1027.375000  1.251783e-020
1027.400000  1.251875e-020
1027.425000  1.252463e-020
1027.450000  1.252586e-020
1027.475000  1.253914e-020
1027.500000  1.255965e-020
1027.525000  1.258736e-020
1027.550000  1.258706e-020
1027.575000  1.258784e-020
1027.600000  1.264498e-020
1027.625000  1.273281e-020
1027.650000  1.282719e-020
1027.675000  1.290216e-020
1027.700000  1.294584e-020
1027.725000  1.298071e-020
1027.750000  1.300703e-020
1027.775000  1.300568e-020
1027.800000  1.305918e-020
1027.825000  1.317090e-020
1027.850000  1.322627e-020
1027.875000  1.325403e-020
1027.900000  1.330226e-020
1027.925000  1.334049e-020
1027.950000  1.336337e-020
1027.975000  1.337792e-020
1028.000000  1.338568e-020
1028.025000  1.342139e-020
1028.050000  1.346520e-020
1028.075000  1.347719e-020
1028.100000  1.354446e-020
1028.125000  1.367924e-020
1028.150000  1.376021e-020
1028.175000  1.382648e-020
1028.200000  1.392731e-020
1028.225000  1.397883e-020
1028.250000  1.398000e-020
1028.275000  1.400385e-020
1028.300000  1.402157e-020
1028.325000  1.406143e-020
1028.350000  1.413532e-020
1028.375000  1.418187e-020
1028.400000  1.423142e-020
1028.425000  1.429349e-020
1028.450000  1.432015e-020
1028.475000  1.434145e-020
1028.500000  1.440951e-020
1028.525000  1.448836e-020
1028.550000  1.458464e-020
1028.575000  1.468841e-020
1028.600000  1.476072e-020
1028.625000  1.481876e-020
1028.650000  1.490742e-020
1028.675000  1.498365e-020
1028.700000  1.504033e-020
1028.725000  1.512956e-020
1028.750000  1.520857e-020
1028.775000  1.524434e-020
1028.800000  1.532922e-020
1028.825000  1.546168e-020
1028.850000  1.557830e-020
1028.875000  1.570770e-020
1028.900000  1.581862e-020
1028.925000  1.588423e-020
1028.950000  1.594048e-020
1028.975000  1.601412e-020
1029.000000  1.609364e-020
1029.025000  1.622496e-020
1029.050000  1.637492e-020
1029.075000  1.650333e-020
1029.100000  1.662631e-020
1029.125000  1.672703e-020
1029.150000  1.676935e-020
1029.175000  1.679630e-020
1029.200000  1.683216e-020
1029.225000  1.682659e-020
1029.250000  1.686028e-020
1029.275000  1.698820e-020
1029.300000  1.710554e-020
1029.325000  1.718547e-020
1029.350000  1.733182e-020
1029.375000  1.747810e-020
1029.400000  1.756551e-020
1029.425000  1.768998e-020
1029.450000  1.785059e-020
1029.475000  1.796926e-020
1029.500000  1.805068e-020
1029.525000  1.813478e-020
1029.550000  1.821233e-020
1029.575000  1.825596e-020
1029.600000  1.825474e-020
1029.625000  1.826031e-020
1029.650000  1.829307e-020
1029.675000  1.829036e-020
1029.700000  1.833470e-020
1029.725000  1.850356e-020
1029.750000  1.867969e-020
1029.775000  1.877905e-020
1029.800000  1.886217e-020
1029.825000  1.893330e-020
1029.850000  1.894764e-020
1029.875000  1.897097e-020
1029.900000  1.905590e-020
1029.925000  1.916238e-020
1029.950000  1.926511e-020
1029.975000  1.937012e-020
1030.000000  1.946236e-020
1030.025000  1.956123e-020
1030.050000  1.967308e-020
1030.075000  1.973552e-020
1030.100000  1.972926e-020
1030.125000  1.971629e-020
1030.150000  1.970274e-020
1030.175000  1.967178e-020
1030.200000  1.965384e-020
1030.225000  1.965032e-020
1030.250000  1.962582e-020
1030.275000  1.960632e-020
1030.300000  1.964024e-020
1030.325000  1.971624e-020
1030.350000  1.981505e-020
1030.375000  1.993806e-020
1030.400000  2.002942e-020
1030.425000  2.005774e-020
1030.450000  2.005271e-020
1030.475000  2.007214e-020
1030.500000  2.006494e-020
1030.525000  2.000084e-020
1030.550000  1.993594e-020
1030.575000  1.987151e-020
1030.600000  1.982986e-020
1030.625000  1.984158e-020
1030.650000  1.986927e-020
1030.675000  1.986198e-020
1030.700000  1.986140e-020
1030.725000  1.983493e-020
1030.750000  1.977513e-020
1030.775000  1.973843e-020
1030.800000  1.971906e-020
1030.825000  1.966416e-020
1030.850000  1.955843e-020
1030.875000  1.943648e-020
1030.900000  1.931162e-020
1030.925000  1.922809e-020
1030.950000  1.916535e-020
1030.975000  1.909884e-020
1031.000000  1.903986e-020
1031.025000  1.895885e-020
1031.050000  1.885287e-020
1031.075000  1.876334e-020
1031.100000  1.870766e-020
1031.125000  1.867302e-020
1031.150000  1.865250e-020
1031.175000  1.859040e-020
1031.200000  1.850636e-020
1031.225000  1.843345e-020
1031.250000  1.832418e-020
1031.275000  1.820180e-020
1031.300000  1.812579e-020
1031.325000  1.805273e-020
1031.350000  1.791185e-020
1031.375000  1.775717e-020
1031.400000  1.764246e-020
1031.425000  1.750595e-020
1031.450000  1.736755e-020
1031.475000  1.730181e-020
1031.500000  1.727280e-020
1031.525000  1.720950e-020
1031.550000  1.714458e-020
1031.575000  1.704057e-020
1031.600000  1.690109e-020
1031.625000  1.674945e-020
1031.650000  1.656965e-020
1031.675000  1.638400e-020
1031.700000  1.623042e-020
1031.725000  1.612965e-020
1031.750000  1.605275e-020
1031.775000  1.599634e-020
1031.800000  1.594497e-020
1031.825000  1.588244e-020
1031.850000  1.578936e-020
1031.875000  1.563404e-020
1031.900000  1.541845e-020
1031.925000  1.522760e-020
1031.950000  1.505484e-020
1031.975000  1.483512e-020
1032.000000  1.466525e-020
1032.025000  1.459777e-020
1032.050000  1.456218e-020
1032.075000  1.452014e-020
1032.100000  1.444364e-020
1032.125000  1.433409e-020
1032.150000  1.421980e-020
1032.175000  1.403684e-020
1032.200000  1.387049e-020
1032.225000  1.381005e-020
1032.250000  1.373992e-020
1032.275000  1.362392e-020
1032.300000  1.350736e-020
1032.325000  1.334221e-020
1032.350000  1.315253e-020
1032.375000  1.300091e-020
1032.400000  1.287034e-020
1032.425000  1.278502e-020
1032.450000  1.275933e-020
1032.475000  1.269247e-020
1032.500000  1.257569e-020
1032.525000  1.247829e-020
1032.550000  1.237415e-020
1032.575000  1.224308e-020
1032.600000  1.215313e-020
1032.625000  1.210555e-020
1032.650000  1.201575e-020
1032.675000  1.191405e-020
1032.700000  1.184762e-020
1032.725000  1.177751e-020
1032.750000  1.169866e-020
1032.775000  1.164453e-020
1032.800000  1.155775e-020
1032.825000  1.145195e-020
1032.850000  1.135971e-020
1032.875000  1.123337e-020
1032.900000  1.109290e-020
1032.925000  1.099821e-020
1032.950000  1.091019e-020
1032.975000  1.081499e-020
1033.000000  1.075882e-020
1033.025000  1.070936e-020
1033.050000  1.064429e-020
1033.075000  1.055935e-020
1033.100000  1.045001e-020
1033.125000  1.032093e-020
1033.150000  1.020723e-020
1033.175000  1.013117e-020
1033.200000  1.006926e-020
1033.225000  1.001578e-020
1033.250000  1.000458e-020
1033.275000  9.964933e-021
1033.300000  9.839028e-021
1033.325000  9.721403e-021
1033.350000  9.625680e-021
1033.375000  9.514577e-021
1033.400000  9.432047e-021
1033.425000  9.402856e-021
1033.450000  9.344113e-021
1033.475000  9.250916e-021
1033.500000  9.142890e-021
1033.525000  9.019710e-021
1033.550000  8.897682e-021
1033.575000  8.809516e-021
1033.600000  8.771517e-021
1033.625000  8.753576e-021
1033.650000  8.735359e-021
1033.675000  8.707524e-021
1033.700000  8.681926e-021
1033.725000  8.639454e-021
1033.750000  8.575800e-021
1033.775000  8.531623e-021
1033.800000  8.487187e-021
1033.825000  8.396606e-021
1033.850000  8.280515e-021
1033.875000  8.183785e-021
1033.900000  8.095487e-021
1033.925000  8.023529e-021
1033.950000  7.965384e-021
1033.975000  7.916743e-021
1034.000000  7.872612e-021
1034.025000  7.809706e-021
1034.050000  7.734676e-021
1034.075000  7.690589e-021
1034.100000  7.662765e-021
1034.125000  7.614038e-021
1034.150000  7.583981e-021
1034.175000  7.550407e-021
1034.200000  7.493709e-021
1034.225000  7.425033e-021
1034.250000  7.365712e-021
1034.275000  7.281916e-021
1034.300000  7.207868e-021
1034.325000  7.175215e-021
1034.350000  7.139646e-021
1034.375000  7.095072e-021
1034.400000  7.059888e-021
1034.425000  7.012454e-021
1034.450000  6.939250e-021
1034.475000  6.906326e-021
1034.500000  6.914295e-021
1034.525000  6.907540e-021
1034.550000  6.883612e-021
1034.575000  6.860058e-021
1034.600000  6.817928e-021
1034.625000  6.723940e-021
1034.650000  6.639289e-021
1034.675000  6.625135e-021
1034.700000  6.596477e-021
1034.725000  6.546962e-021
1034.750000  6.506903e-021
1034.775000  6.460410e-021
1034.800000  6.373144e-021
1034.825000  6.313478e-021
1034.850000  6.295091e-021
1034.875000  6.245765e-021
1034.900000  6.177611e-021
1034.925000  6.144362e-021
1034.950000  6.109471e-021
1034.975000  6.031225e-021
1035.000000  6.007733e-021
1035.025000  6.017805e-021
1035.050000  5.972363e-021
1035.075000  5.908887e-021
1035.100000  5.871650e-021
1035.125000  5.845798e-021
1035.150000  5.818481e-021
1035.175000  5.801302e-021
1035.200000  5.779171e-021
1035.225000  5.741493e-021
1035.250000  5.689678e-021
1035.275000  5.628509e-021
1035.300000  5.590622e-021
1035.325000  5.570228e-021
1035.350000  5.560050e-021
1035.375000  5.535570e-021
1035.400000  5.493881e-021
1035.425000  5.447244e-021
1035.450000  5.411123e-021
1035.475000  5.371504e-021
1035.500000  5.339225e-021
1035.525000  5.329190e-021
1035.550000  5.285852e-021
1035.575000  5.228626e-021
1035.600000  5.190332e-021
1035.625000  5.155583e-021
1035.650000  5.146310e-021
1035.675000  5.173170e-021
1035.700000  5.180835e-021
1035.725000  5.153333e-021
1035.750000  5.109487e-021
1035.775000  5.034597e-021
1035.800000  4.973417e-021
1035.825000  4.932328e-021
1035.850000  4.907860e-021
1035.875000  4.897582e-021
1035.900000  4.884262e-021
1035.925000  4.863471e-021
1035.950000  4.850061e-021
1035.975000  4.835185e-021
1036.000000  4.847568e-021
1036.025000  4.886604e-021
1036.050000  4.888362e-021
1036.075000  4.895137e-021
1036.100000  4.913343e-021
1036.125000  4.880362e-021
1036.150000  4.821364e-021
1036.175000  4.793961e-021
1036.200000  4.768032e-021
1036.225000  4.761909e-021
1036.250000  4.756849e-021
1036.275000  4.744307e-021
1036.300000  4.737022e-021
1036.325000  4.723741e-021
1036.350000  4.669115e-021
1036.375000  4.610552e-021
1036.400000  4.563042e-021
1036.425000  4.510396e-021
1036.450000  4.472917e-021
1036.475000  4.452679e-021
1036.500000  4.437667e-021
1036.525000  4.422486e-021
1036.550000  4.429076e-021
1036.575000  4.427443e-021
1036.600000  4.407078e-021
1036.625000  4.415612e-021
1036.650000  4.443431e-021
1036.675000  4.420950e-021
1036.700000  4.382417e-021
1036.725000  4.366240e-021
1036.750000  4.343977e-021
1036.775000  4.327415e-021
1036.800000  4.328284e-021
1036.825000  4.311664e-021
1036.850000  4.279351e-021
1036.875000  4.257162e-021
1036.900000  4.253781e-021
1036.925000  4.268196e-021
1036.950000  4.290444e-021
1036.975000  4.298140e-021
1037.000000  4.265202e-021
1037.025000  4.201318e-021
1037.050000  4.131671e-021
1037.075000  4.056309e-021
1037.100000  4.017935e-021
1037.125000  4.023233e-021
1037.150000  4.017544e-021
1037.175000  4.029139e-021
1037.200000  4.070198e-021
1037.225000  4.080529e-021
1037.250000  4.082366e-021
1037.275000  4.103688e-021
1037.300000  4.085056e-021
1037.325000  4.040313e-021
1037.350000  4.012385e-021
1037.375000  3.971043e-021
1037.400000  3.923940e-021
1037.425000  3.900666e-021
1037.450000  3.906259e-021
1037.475000  3.910581e-021
1037.500000  3.925887e-021
1037.525000  3.945459e-021
1037.550000  3.955562e-021
1037.575000  3.925780e-021
1037.600000  3.873893e-021
1037.625000  3.845313e-021
1037.650000  3.814304e-021
1037.675000  3.768658e-021
1037.700000  3.749157e-021
1037.725000  3.781408e-021
1037.750000  3.787181e-021
1037.775000  3.747399e-021
1037.800000  3.729160e-021
1037.825000  3.734869e-021
1037.850000  3.711710e-021
1037.875000  3.687827e-021
1037.900000  3.751110e-021
1037.925000  3.832658e-021
1037.950000  3.833570e-021
1037.975000  3.800070e-021
1038.000000  3.788566e-021
1038.025000  3.744761e-021
1038.050000  3.662974e-021
1038.075000  3.625014e-021
1038.100000  3.616205e-021
1038.125000  3.580404e-021
1038.150000  3.555856e-021
1038.175000  3.549520e-021
1038.200000  3.540246e-021
1038.225000  3.578663e-021
1038.250000  3.646351e-021
1038.275000  3.666954e-021
1038.300000  3.675066e-021
1038.325000  3.727055e-021
1038.350000  3.727861e-021
1038.375000  3.671172e-021
1038.400000  3.664792e-021
1038.425000  3.687276e-021
1038.450000  3.665020e-021
1038.475000  3.641118e-021
1038.500000  3.640713e-021
1038.525000  3.623479e-021
1038.550000  3.600017e-021
1038.575000  3.597934e-021
1038.600000  3.610542e-021
1038.625000  3.630154e-021
1038.650000  3.622972e-021
1038.675000  3.593538e-021
1038.700000  3.530650e-021
1038.725000  3.455444e-021
1038.750000  3.431823e-021
1038.775000  3.444302e-021
1038.800000  3.453062e-021
1038.825000  3.478469e-021
1038.850000  3.513765e-021
1038.875000  3.511127e-021
1038.900000  3.512231e-021
1038.925000  3.505769e-021
1038.950000  3.470418e-021
1038.975000  3.469771e-021
1039.000000  3.480702e-021
1039.025000  3.464529e-021
1039.050000  3.474688e-021
1039.075000  3.504306e-021
1039.100000  3.473167e-021
1039.125000  3.404680e-021
1039.150000  3.357308e-021
1039.175000  3.329744e-021
1039.200000  3.323404e-021
1039.225000  3.331508e-021
1039.250000  3.343706e-021
1039.275000  3.341402e-021
1039.300000  3.348645e-021
1039.325000  3.384974e-021
1039.350000  3.423479e-021
1039.375000  3.446216e-021
1039.400000  3.432762e-021
1039.425000  3.398568e-021
1039.450000  3.342807e-021
1039.475000  3.267752e-021
1039.500000  3.231915e-021
1039.525000  3.241390e-021
1039.550000  3.236644e-021
1039.575000  3.246813e-021
1039.600000  3.274051e-021
1039.625000  3.285844e-021
1039.650000  3.290212e-021
1039.675000  3.296521e-021
1039.700000  3.285015e-021
1039.725000  3.265702e-021
1039.750000  3.253853e-021
1039.775000  3.253157e-021
1039.800000  3.254324e-021
1039.825000  3.230396e-021
1039.850000  3.208158e-021
1039.875000  3.181420e-021
1039.900000  3.147491e-021
1039.925000  3.106617e-021
1039.950000  3.088152e-021
1039.975000  3.127482e-021
1040.000000  3.181152e-021
1040.025000  3.203921e-021
1040.050000  3.206318e-021
1040.075000  3.226810e-021
1040.100000  3.224623e-021
1040.125000  3.190488e-021
1040.150000  3.164007e-021
1040.175000  3.168740e-021
1040.200000  3.185850e-021
1040.225000  3.173277e-021
1040.250000  3.144357e-021
1040.275000  3.118973e-021
1040.300000  3.115902e-021
1040.325000  3.095282e-021
1040.350000  3.061917e-021
1040.375000  3.070466e-021
1040.400000  3.096136e-021
1040.425000  3.080269e-021
1040.450000  3.035849e-021
1040.475000  3.014358e-021
1040.500000  3.011875e-021
1040.525000  3.013853e-021
1040.550000  3.019203e-021
1040.575000  3.014745e-021
1040.600000  3.014723e-021
1040.625000  2.992094e-021
1040.650000  2.953481e-021
1040.675000  2.933212e-021
1040.700000  2.935316e-021
1040.725000  2.907225e-021
1040.750000  2.879288e-021
1040.775000  2.901410e-021
1040.800000  2.931255e-021
1040.825000  2.906729e-021
1040.850000  2.880007e-021
1040.875000  2.876331e-021
1040.900000  2.828953e-021
1040.925000  2.754700e-021
1040.950000  2.731893e-021
1040.975000  2.748808e-021
1041.000000  2.748015e-021
1041.025000  2.746470e-021
1041.050000  2.748827e-021
1041.075000  2.766860e-021
1041.100000  2.774669e-021
1041.125000  2.774546e-021
1041.150000  2.762816e-021
1041.175000  2.749560e-021
1041.200000  2.727726e-021
1041.225000  2.702998e-021
1041.250000  2.674157e-021
1041.275000  2.650277e-021
1041.300000  2.646182e-021
1041.325000  2.644875e-021
1041.350000  2.645042e-021
1041.375000  2.635986e-021
1041.400000  2.641286e-021
1041.425000  2.646585e-021
1041.450000  2.647152e-021
1041.475000  2.656500e-021
1041.500000  2.670141e-021
1041.525000  2.668402e-021
1041.550000  2.678623e-021
1041.575000  2.695835e-021
1041.600000  2.672736e-021
1041.625000  2.633569e-021
1041.650000  2.594214e-021
1041.675000  2.536050e-021
1041.700000  2.504537e-021
1041.725000  2.539505e-021
1041.750000  2.609029e-021
1041.775000  2.684537e-021
1041.800000  2.731286e-021
1041.825000  2.720657e-021
1041.850000  2.650730e-021
1041.875000  2.564838e-021
1041.900000  2.496652e-021
1041.925000  2.466426e-021
1041.950000  2.475915e-021
1041.975000  2.495462e-021
1042.000000  2.508066e-021
1042.025000  2.500080e-021
1042.050000  2.465946e-021
1042.075000  2.417983e-021
1042.100000  2.390569e-021
1042.125000  2.380582e-021
1042.150000  2.390176e-021
1042.175000  2.422991e-021
1042.200000  2.463553e-021
1042.225000  2.497486e-021
1042.250000  2.538501e-021
1042.275000  2.573220e-021
1042.300000  2.577544e-021
1042.325000  2.577484e-021
1042.350000  2.594598e-021
1042.375000  2.574226e-021
1042.400000  2.522058e-021
1042.425000  2.509205e-021
1042.450000  2.485658e-021
1042.475000  2.451412e-021
1042.500000  2.480335e-021
1042.600000  2.439151e-021
1042.800000  2.389478e-021
1043.000000  2.334077e-021
1043.200000  2.377225e-021
1043.400000  2.325386e-021
1043.600000  2.306816e-021
1043.800000  2.292896e-021
1044.000000  2.354857e-021
1044.200000  2.350896e-021
1044.400000  2.362515e-021
1044.600000  2.332467e-021
1044.800000  2.340191e-021
1045.000000  2.389398e-021
1045.200000  2.407143e-021
1045.400000  2.493704e-021
1045.600000  2.497886e-021
1045.800000  2.569807e-021
1046.000000  2.585953e-021
1046.200000  2.642668e-021
1046.400000  2.737365e-021
1046.600000  2.775335e-021
1046.800000  2.881222e-021
1047.000000  2.945015e-021
1047.200000  2.971201e-021
1047.400000  3.068726e-021
1047.600000  3.019299e-021
1047.800000  3.142777e-021
1048.000000  3.185819e-021
1048.200000  3.261653e-021
1048.400000  3.260295e-021
1048.600000  3.280514e-021
1048.800000  3.270442e-021
1049.000000  3.257070e-021
1049.200000  3.324792e-021
1049.400000  3.266015e-021
1049.600000  3.222109e-021
1049.800000  3.190479e-021
1050.000000  3.139029e-021
1050.200000  3.190958e-021
1050.400000  3.074494e-021
1050.600000  3.002081e-021
1050.800000  2.921641e-021
1051.000000  2.804892e-021
1051.200000  2.684507e-021
1051.400000  2.604673e-021
1051.600000  2.544041e-021
1051.800000  2.458708e-021
1052.000000  2.357453e-021
1052.200000  2.254687e-021
1052.400000  2.185424e-021
1052.600000  2.088489e-021
1052.800000  2.017810e-021
1053.000000  1.958695e-021
1053.200000  1.869941e-021
1053.400000  1.814417e-021
1053.600000  1.738137e-021
1053.800000  1.671775e-021
1054.000000  1.602820e-021
1054.200000  1.577985e-021
1054.400000  1.521725e-021
1054.600000  1.476827e-021
1054.800000  1.431946e-021
1055.000000  1.415335e-021
1055.200000  1.408941e-021
1055.400000  1.302448e-021
1055.600000  1.279495e-021
1055.800000  1.272542e-021
1056.000000  1.261858e-021
1056.200000  1.215264e-021
1056.400000  1.198200e-021
1056.600000  1.188324e-021
1056.800000  1.130279e-021
1057.000000  1.122541e-021
1057.200000  1.112055e-021
1057.400000  1.106809e-021
1057.600000  1.099463e-021
1057.800000  1.075099e-021
1058.000000  1.053546e-021
1058.200000  1.067832e-021
1058.400000  1.046842e-021
1058.600000  1.037610e-021
1058.800000  1.012561e-021
1059.000000  9.769170e-022
1059.200000  9.909803e-022
1059.400000  9.703424e-022
1059.600000  9.548047e-022
1059.800000  9.627127e-022
1060.000000  9.436574e-022
1060.200000  9.435724e-022
1060.400000  9.257431e-022
1060.600000  9.460333e-022
1060.800000  9.003181e-022
1061.000000  8.924798e-022
1061.200000  8.483960e-022
1061.400000  8.934999e-022
1061.600000  8.685274e-022
1061.800000  8.456613e-022
1062.000000  8.307249e-022
1062.200000  7.989830e-022
1062.400000  8.137530e-022
1062.600000  7.811863e-022
1062.800000  7.799829e-022
1063.000000  7.709408e-022
1063.200000  7.410250e-022
1063.400000  7.608850e-022
1063.600000  7.536791e-022
1063.800000  7.539201e-022
1064.000000  7.261671e-022
1064.200000  7.207222e-022
1064.400000  7.336222e-022
1064.600000  7.318880e-022
1064.800000  7.267700e-022
1065.000000  7.217038e-022
1065.200000  6.956646e-022
1065.400000  6.933056e-022
1065.600000  6.845076e-022
1065.800000  6.891462e-022
1066.000000  6.697331e-022
1066.200000  6.512677e-022
1066.400000  6.838658e-022
1066.600000  6.563602e-022
1066.800000  6.510104e-022
1067.000000  6.592594e-022
1067.200000  6.277788e-022
1067.400000  6.244381e-022
1067.600000  6.465913e-022
1067.800000  6.171224e-022
1068.000000  5.956595e-022
1068.200000  6.245202e-022
1068.400000  5.973814e-022
1068.600000  6.104100e-022
1068.800000  6.117847e-022
1069.000000  6.105092e-022
1069.200000  6.150773e-022
1069.400000  6.197562e-022
1069.600000  5.953518e-022
1069.800000  6.017920e-022
1070.000000  5.852329e-022
1070.200000  5.909811e-022
1070.400000  5.763480e-022
1070.600000  6.018737e-022
1070.800000  5.872448e-022
1071.000000  6.151416e-022
1071.200000  5.850816e-022
1071.400000  5.866427e-022
1071.600000  5.851910e-022
1071.800000  5.813791e-022
1072.000000  5.832454e-022
1072.200000  5.725649e-022
1072.400000  5.735515e-022
1072.600000  5.292390e-022
1072.800000  5.415267e-022
1073.000000  5.388683e-022
1073.200000  5.596704e-022
1073.400000  5.336725e-022
1073.600000  5.275459e-022
1073.800000  5.598847e-022
1074.000000  5.394100e-022
1074.200000  5.404962e-022
1074.400000  5.582350e-022
1074.600000  5.289969e-022
1074.800000  5.359090e-022
1075.000000  5.363163e-022
1075.200000  5.357005e-022
1075.400000  5.267395e-022
1075.600000  5.056857e-022
1075.800000  5.385845e-022
1076.000000  5.380104e-022
1076.200000  5.323799e-022
1076.400000  5.332148e-022
1076.600000  5.109464e-022
1076.800000  4.977380e-022
1077.000000  5.225247e-022
1077.200000  5.130962e-022
1077.400000  5.100905e-022
1077.600000  4.914325e-022
1077.800000  4.854615e-022
1078.000000  4.891000e-022
1078.200000  5.073092e-022
1078.400000  4.742850e-022
1078.600000  4.869680e-022
1078.800000  4.909666e-022
1079.000000  4.795617e-022
1079.200000  4.818910e-022
1079.400000  4.659157e-022
1079.600000  4.903849e-022
1079.800000  4.957779e-022
1080.000000  4.665650e-022
1080.200000  4.474843e-022
1080.400000  4.299360e-022
1080.600000  4.309932e-022
1080.800000  4.326544e-022
1081.000000  4.404706e-022
1081.200000  4.265521e-022
1081.400000  4.192484e-022
1081.600000  4.248565e-022
1081.800000  4.390296e-022
1082.000000  4.199593e-022
1082.200000  4.101656e-022
1082.400000  4.171525e-022
1082.600000  3.986920e-022
1082.800000  4.242904e-022
1083.000000  4.146283e-022
1083.200000  4.107134e-022
1083.400000  4.110237e-022
1083.600000  4.178896e-022
1083.800000  4.085111e-022
1084.000000  3.745352e-022
1084.200000  4.118420e-022
1084.400000  4.070887e-022
1084.600000  3.913465e-022
1084.800000  4.021292e-022
1085.000000  3.788494e-022
1085.200000  4.116251e-022
1085.400000  4.098038e-022
1085.600000  3.742658e-022
1085.800000  3.831847e-022
1086.000000  4.120135e-022
1086.200000  3.895054e-022
1086.400000  3.815279e-022
1086.600000  3.398329e-022
1086.800000  3.565620e-022
1087.000000  3.527169e-022
1087.200000  3.533892e-022
1087.400000  3.319280e-022
1087.600000  3.457163e-022
1087.800000  3.293361e-022
1088.000000  3.270986e-022
1088.200000  3.317725e-022
1088.400000  3.148505e-022
1088.600000  3.239917e-022
1088.800000  2.961217e-022
1089.000000  3.008319e-022
1089.200000  3.085714e-022
1089.400000  3.218890e-022
1089.600000  3.159411e-022
1089.800000  3.038332e-022
1090.000000  3.227192e-022
1090.200000  3.106950e-022
1090.400000  3.030178e-022
1090.600000  3.185172e-022
1090.800000  3.432670e-022
1091.000000  3.133278e-022
1091.200000  3.208802e-022
1091.400000  2.926719e-022
1091.600000  2.958841e-022
1091.800000  3.265056e-022
1092.000000  3.265408e-022
1092.200000  3.316821e-022
1092.400000  3.169924e-022
1092.600000  3.085211e-022
1092.800000  2.910603e-022
1093.000000  3.122846e-022
1093.200000  3.182329e-022
1093.400000  2.913131e-022
1093.600000  2.908961e-022
1093.800000  3.032004e-022
1094.000000  2.947164e-022
1094.200000  2.955398e-022
1094.400000  2.979205e-022
1094.600000  3.042150e-022
1094.800000  2.784709e-022
1095.000000  2.948789e-022
1095.200000  2.535101e-022
1095.400000  2.635699e-022
1095.600000  2.712524e-022
1095.800000  2.729563e-022
1096.000000  2.638319e-022
1096.200000  2.561449e-022
1096.400000  2.528380e-022
1096.600000  2.711342e-022
1096.800000  2.499208e-022
1097.000000  2.580129e-022
1097.200000  2.523182e-022
1097.400000  2.377043e-022
1097.600000  2.531669e-022
1097.800000  2.195435e-022
1098.000000  2.288958e-022
1098.200000  2.344971e-022
1098.400000  2.403008e-022
1098.600000  2.263806e-022
1098.800000  2.067911e-022
1099.000000  2.145614e-022
1099.200000  2.402109e-022
1099.400000  1.994293e-022
1099.600000  2.222044e-022
1099.800000  2.165607e-022
1100.000000  1.856101e-022
