800.000000  NaN
800.200000  NaN
800.400000  NaN
800.600000  -1.106395e-027
800.800000  -3.725893e-027
801.000000  -2.799871e-027
801.200000  -7.025284e-028
801.400000  -1.137144e-027
801.600000  -2.729422e-027
801.800000  -1.519386e-027
802.000000  -9.459089e-029
802.200000  -2.235117e-027
802.400000  -2.866933e-027
802.600000  -4.025222e-028
802.800000  1.768465e-028
803.000000  -2.525673e-027
803.200000  -2.066559e-027
803.400000  -5.411742e-028
803.600000  -1.894704e-027
803.800000  -3.050419e-027
804.000000  -1.678044e-027
804.200000  -5.982332e-028
804.400000  -2.046984e-027
804.600000  -2.120646e-027
804.800000  1.353254e-027
805.000000  1.427863e-027
805.200000  -1.611836e-027
805.400000  -5.918873e-028
805.600000  2.929153e-027
805.800000  2.976240e-027
806.000000  1.675462e-027
806.200000  4.064105e-027
806.400000  5.345074e-027
806.600000  1.758793e-027
806.800000  1.949540e-028
807.000000  3.089091e-027
807.200000  2.175396e-027
807.400000  -1.944890e-027
807.600000  -5.506853e-028
807.800000  1.953460e-027
808.000000  -1.044929e-027
808.200000  -4.752447e-027
808.400000  -2.485388e-027
808.600000  -1.355975e-027
808.800000  -4.499249e-027
809.000000  -3.525637e-027
809.200000  3.916201e-028
809.400000  -1.025438e-027
809.600000  -4.794243e-027
809.800000  -2.655487e-027
810.000000  -6.223754e-028
810.200000  -2.463728e-027
810.400000  -3.221159e-027
810.600000  1.861506e-027
810.800000  4.636786e-027
811.000000  2.166484e-028
811.200000  6.533148e-028
811.400000  4.228198e-027
811.600000  2.354052e-027
811.800000  -3.748994e-028
812.000000  1.786169e-027
812.200000  3.468604e-027
812.400000  -1.691989e-027
812.600000  -5.268998e-027
812.800000  -1.158623e-027
813.000000  1.744756e-027
813.200000  -9.539701e-028
813.400000  -3.145555e-027
813.600000  -1.458531e-027
813.800000  -6.161437e-027
814.000000  -9.538629e-027
814.200000  -3.244800e-027
814.400000  2.382543e-027
814.600000  -2.238709e-027
814.800000  -5.111014e-027
815.000000  -7.765987e-029
815.200000  9.436424e-028
815.400000  -3.447962e-027
815.600000  -1.294928e-027
815.800000  5.021822e-027
816.000000  3.178980e-027
816.200000  -4.222663e-027
816.400000  2.414503e-027
816.600000  8.003788e-027
816.800000  6.893133e-027
817.000000  5.122620e-027
817.200000  9.418295e-027
817.400000  1.084114e-026
817.600000  4.004861e-027
817.800000  7.017908e-027
818.000000  8.895006e-027
818.200000  5.325855e-027
818.400000  -1.922738e-027
818.600000  6.272089e-027
818.800000  5.917191e-027
819.000000  -5.781828e-027
819.200000  -1.098649e-026
819.400000  -6.227112e-027
819.600000  -4.520337e-027
819.800000  -9.898322e-027
820.000000  -9.101398e-027
820.200000  -2.816249e-027
820.400000  -8.527865e-027
820.600000  -1.135642e-026
820.800000  -2.074822e-027
821.000000  3.979333e-027
821.200000  -1.942254e-027
821.400000  -3.256783e-027
821.600000  2.503466e-027
821.800000  -1.966420e-027
822.000000  -1.038290e-026
822.200000  -3.914164e-027
822.400000  5.803198e-027
822.600000  -8.540406e-028
822.800000  -8.276969e-027
823.000000  -3.637962e-027
823.200000  -4.553593e-027
823.400000  -1.061579e-026
823.600000  -1.111145e-026
823.800000  -1.272206e-027
824.000000  -3.273000e-027
824.200000  -1.330367e-026
824.400000  -6.605970e-027
824.600000  2.810096e-027
824.800000  -3.756249e-027
825.000000  -8.143009e-027
825.200000  3.294389e-027
825.400000  9.525243e-027
825.600000  -8.923170e-028
825.800000  2.426084e-028
826.000000  1.285588e-026
826.200000  1.345747e-026
826.400000  -1.057333e-027
826.600000  6.586375e-027
826.800000  1.758234e-026
827.000000  8.364236e-027
827.200000  3.239223e-027
827.400000  6.823013e-027
827.600000  6.252407e-027
827.800000  -6.346446e-027
828.000000  -2.978836e-027
828.200000  9.822890e-027
828.400000  9.608471e-027
828.600000  -2.760085e-027
828.800000  6.565283e-027
829.000000  1.447597e-026
829.200000  4.249306e-027
829.400000  3.434530e-027
829.600000  1.826924e-026
829.800000  2.357680e-026
830.000000  6.350795e-027
830.200000  1.515559e-026
830.400000  2.337208e-026
830.600000  1.338461e-026
830.800000  1.740845e-027
831.000000  1.324176e-026
831.200000  2.064929e-026
831.400000  4.418846e-027
831.600000  -5.313781e-027
831.800000  9.876954e-027
832.000000  1.787836e-027
832.200000  -1.396510e-026
832.400000  -1.270456e-026
832.600000  1.038918e-026
832.800000  -4.315201e-027
833.000000  -1.729833e-026
833.200000  4.020069e-027
833.400000  2.522079e-026
833.600000  6.734807e-027
833.800000  -3.352005e-027
834.000000  1.009685e-026
834.200000  4.849444e-027
834.400000  -1.677960e-026
834.600000  2.564959e-027
834.800000  2.767842e-026
835.000000  2.808165e-026
835.200000  2.155680e-026
835.400000  3.458406e-026
835.600000  4.166320e-026
835.800000  1.805403e-026
836.000000  1.617865e-026
836.200000  3.437101e-026
836.400000  2.541849e-026
836.600000  -2.500267e-028
836.800000  1.457292e-026
837.000000  2.473901e-026
837.200000  2.258086e-028
837.400000  -2.203032e-026
837.600000  -9.702390e-029
837.800000  7.032152e-027
838.000000  -2.411163e-026
838.200000  -2.135715e-026
838.400000  1.033969e-026
838.600000  -1.073474e-028
838.800000  -1.621111e-026
839.000000  2.954109e-027
839.200000  2.436247e-026
839.400000  -4.744956e-028
839.600000  -1.653472e-026
839.800000  1.143002e-026
840.000000  2.390186e-026
840.200000  8.029790e-027
840.400000  1.899447e-026
840.600000  5.659220e-026
840.800000  4.732870e-026
841.000000  1.002866e-026
841.200000  1.808271e-026
841.400000  2.851493e-026
841.600000  4.255540e-027
841.800000  -1.635253e-026
842.000000  6.235049e-027
842.200000  1.788829e-026
842.400000  -8.334358e-027
842.600000  8.144469e-027
842.800000  4.152194e-026
843.000000  2.183220e-026
843.200000  -5.947635e-027
843.400000  1.820232e-026
843.600000  3.732921e-026
843.800000  1.025420e-026
844.000000  1.144814e-027
844.200000  3.570731e-026
844.400000  3.818371e-026
844.600000  -7.107845e-027
844.800000  -6.423313e-027
845.000000  3.001809e-026
845.200000  1.287767e-026
845.400000  -3.017418e-027
845.600000  2.931455e-026
845.800000  5.455073e-026
846.000000  3.278817e-026
846.200000  2.997384e-026
846.400000  6.724963e-026
846.600000  5.194543e-026
846.800000  -5.921563e-028
847.000000  6.419501e-027
847.200000  4.840134e-026
847.400000  1.628552e-026
847.600000  -1.459095e-026
847.800000  3.593421e-026
848.000000  8.178236e-026
848.200000  3.704637e-026
848.400000  2.456548e-026
848.600000  7.611763e-026
848.800000  6.549963e-026
849.000000  1.188936e-026
849.200000  3.200867e-026
849.400000  9.345411e-026
849.600000  5.206203e-026
849.800000  7.516444e-027
850.000000  6.325409e-026
850.200000  6.930207e-026
850.400000  1.297553e-026
850.600000  1.949931e-026
850.800000  7.170971e-026
851.000000  6.139096e-026
851.200000  1.269351e-026
851.400000  6.770656e-026
851.600000  1.426557e-025
851.800000  1.127859e-025
852.000000  6.595919e-026
852.200000  1.121220e-025
852.400000  1.514262e-025
852.600000  1.082496e-025
852.800000  1.315926e-025
853.000000  1.977183e-025
853.200000  1.615976e-025
853.400000  7.848124e-026
853.600000  8.184664e-026
853.800000  1.166594e-025
854.000000  6.303726e-026
854.200000  2.301873e-026
854.400000  1.110213e-025
854.600000  1.633426e-025
854.800000  1.022501e-025
855.000000  1.029078e-025
855.200000  1.623828e-025
855.400000  1.290454e-025
855.600000  6.743717e-026
855.800000  8.715900e-026
856.000000  1.394152e-025
856.200000  7.571275e-026
856.400000  2.665402e-026
856.600000  1.280886e-025
856.800000  1.598738e-025
857.000000  1.217847e-025
857.200000  1.641912e-025
857.400000  2.799519e-025
857.600000  2.456834e-025
857.800000  1.719086e-025
858.000000  2.252209e-025
858.200000  2.553319e-025
858.400000  1.994578e-025
858.600000  1.565392e-025
858.800000  2.430372e-025
859.000000  2.290858e-025
859.200000  1.414910e-025
859.400000  1.755070e-025
859.600000  3.017838e-025
859.800000  2.433685e-025
860.000000  1.324007e-025
860.200000  1.983951e-025
860.400000  2.488138e-025
860.600000  1.793910e-025
860.800000  1.195915e-025
861.000000  2.162541e-025
861.200000  2.077724e-025
861.400000  1.005881e-025
861.600000  1.498314e-025
861.800000  2.301006e-025
862.000000  1.409472e-025
862.200000  6.255009e-026
862.400000  1.723049e-025
862.600000  2.438674e-025
862.800000  1.481360e-025
863.000000  1.578992e-025
863.200000  2.989620e-025
863.400000  2.812612e-025
863.600000  1.907670e-025
863.800000  2.940801e-025
864.000000  4.263625e-025
864.200000  3.497275e-025
864.400000  1.978866e-025
864.600000  2.518151e-025
864.800000  2.768490e-025
865.000000  1.474286e-025
865.200000  1.350939e-025
865.400000  3.371081e-025
865.600000  3.478679e-025
865.800000  2.538129e-025
866.000000  3.569194e-025
866.200000  4.962965e-025
866.400000  4.787465e-025
866.600000  4.059520e-025
866.800000  5.287139e-025
867.000000  6.207689e-025
867.200000  4.717291e-025
867.400000  4.524498e-025
867.600000  5.883995e-025
867.800000  4.501503e-025
868.000000  2.585885e-025
868.200000  2.987067e-025
868.400000  3.994395e-025
868.600000  2.839323e-025
868.800000  1.683346e-025
869.000000  3.925613e-025
869.200000  4.869597e-025
869.400000  4.081224e-025
869.600000  4.577530e-025
869.800000  7.404116e-025
870.000000  7.043567e-025
870.200000  6.105733e-025
870.400000  7.710879e-025
870.600000  8.717911e-025
870.800000  6.812556e-025
871.000000  6.418521e-025
871.200000  8.723592e-025
871.400000  9.004052e-025
871.600000  7.802858e-025
871.800000  7.957566e-025
872.000000  8.920833e-025
872.200000  6.886604e-025
872.400000  5.271000e-025
872.600000  7.306371e-025
872.800000  9.013697e-025
873.000000  6.860207e-025
873.200000  6.119009e-025
873.400000  8.577109e-025
873.600000  8.878239e-025
873.800000  7.047479e-025
874.000000  8.599463e-025
874.200000  1.095816e-024
874.400000  9.217334e-025
874.600000  7.443654e-025
874.800000  8.993429e-025
875.000000  1.120884e-024
875.200000  1.024447e-024
875.400000  9.976338e-025
875.600000  1.323982e-024
875.800000  1.358718e-024
876.000000  1.174731e-024
876.200000  1.249799e-024
876.400000  1.514347e-024
876.600000  1.493633e-024
876.800000  1.409432e-024
877.000000  1.724644e-024
877.200000  1.986438e-024
877.400000  1.910945e-024
877.600000  1.968619e-024
877.800000  2.175032e-024
878.000000  2.101740e-024
878.200000  1.839532e-024
878.400000  2.054533e-024
878.600000  2.415646e-024
878.800000  2.133942e-024
879.000000  1.868754e-024
879.200000  2.174269e-024
879.400000  2.280282e-024
879.600000  2.091721e-024
879.800000  2.042751e-024
880.000000  2.359591e-024
880.200000  2.339817e-024
880.400000  2.153177e-024
880.600000  2.494582e-024
880.800000  2.955490e-024
881.000000  2.735363e-024
881.200000  2.521487e-024
881.400000  2.844579e-024
881.600000  2.999858e-024
881.800000  2.705710e-024
882.000000  2.795987e-024
882.200000  3.260672e-024
882.400000  3.271878e-024
882.600000  2.905164e-024
882.800000  3.121054e-024
883.000000  3.577546e-024
883.200000  3.266364e-024
883.400000  3.204486e-024
883.600000  3.605865e-024
883.800000  3.750857e-024
884.000000  3.272736e-024
884.200000  3.316294e-024
884.400000  3.705834e-024
884.600000  3.585378e-024
884.800000  3.140343e-024
885.000000  3.477514e-024
885.200000  3.706190e-024
885.400000  3.447382e-024
885.600000  3.444724e-024
885.800000  4.005571e-024
886.000000  4.275713e-024
886.200000  3.992774e-024
886.400000  4.100679e-024
886.600000  4.488862e-024
886.800000  4.440919e-024
887.000000  4.238606e-024
887.200000  4.664550e-024
887.400000  4.927990e-024
887.600000  4.516666e-024
887.800000  4.309833e-024
888.000000  4.720867e-024
888.200000  4.705878e-024
888.400000  4.195443e-024
888.600000  4.378887e-024
888.800000  4.863250e-024
889.000000  4.874558e-024
889.200000  4.580794e-024
889.400000  5.244392e-024
889.600000  5.634601e-024
889.800000  5.045998e-024
890.000000  5.050134e-024
890.200000  5.602148e-024
890.400000  5.611671e-024
890.600000  4.921144e-024
890.800000  5.401648e-024
891.000000  6.186353e-024
891.200000  6.148410e-024
891.400000  6.003614e-024
891.600000  6.809123e-024
891.800000  7.230630e-024
892.000000  6.913586e-024
892.200000  6.829237e-024
892.400000  7.630964e-024
892.600000  7.656759e-024
892.800000  7.098132e-024
893.000000  7.402925e-024
893.200000  8.194293e-024
893.400000  7.815985e-024
893.600000  7.519690e-024
893.800000  8.434292e-024
894.000000  9.041187e-024
894.200000  8.663107e-024
894.400000  8.748769e-024
894.600000  9.644678e-024
894.800000  9.708494e-024
895.000000  9.411952e-024
895.200000  1.000783e-023
895.400000  1.107040e-023
895.600000  1.095076e-023
895.800000  1.063912e-023
896.000000  1.129706e-023
896.200000  1.169972e-023
896.400000  1.109887e-023
896.600000  1.104387e-023
896.800000  1.175087e-023
897.000000  1.134698e-023
897.200000  1.079523e-023
897.400000  1.162981e-023
897.600000  1.310818e-023
897.800000  1.286668e-023
898.000000  1.280912e-023
898.200000  1.397402e-023
898.400000  1.455142e-023
898.600000  1.388432e-023
898.800000  1.402737e-023
899.000000  1.521551e-023
899.200000  1.529374e-023
899.400000  1.514080e-023
899.600000  1.641696e-023
899.800000  1.754159e-023
900.000000  1.683412e-023
900.200000  1.693903e-023
900.400000  1.825172e-023
900.600000  1.910574e-023
900.800000  1.864647e-023
901.000000  1.978803e-023
901.200000  2.129375e-023
901.400000  2.179554e-023
901.600000  2.150473e-023
901.800000  2.292740e-023
902.000000  2.388320e-023
902.200000  2.338535e-023
902.400000  2.364768e-023
902.600000  2.503916e-023
902.800000  2.568743e-023
903.000000  2.479492e-023
903.200000  2.595410e-023
903.400000  2.772982e-023
903.600000  2.815014e-023
903.800000  2.793569e-023
904.000000  2.968513e-023
904.200000  3.127371e-023
904.400000  3.076380e-023
904.600000  3.120092e-023
904.800000  3.340011e-023
905.000000  3.487218e-023
905.200000  3.424746e-023
905.400000  3.564987e-023
905.600000  3.822071e-023
905.800000  3.829758e-023
906.000000  3.802016e-023
906.200000  3.998255e-023
906.400000  4.162990e-023
906.600000  4.172525e-023
906.800000  4.329835e-023
907.000000  4.590328e-023
907.200000  4.691883e-023
907.400000  4.591520e-023
907.600000  4.746907e-023
907.800000  4.969342e-023
908.000000  4.972109e-023
908.200000  5.028650e-023
908.400000  5.301377e-023
908.600000  5.501064e-023
908.800000  5.398424e-023
909.000000  5.571090e-023
909.200000  5.977567e-023
909.400000  6.177132e-023
909.600000  6.219575e-023
909.800000  6.575988e-023
910.000000  7.033627e-023
910.200000  7.211973e-023
910.400000  7.493000e-023
910.600000  8.117575e-023
910.800000  8.647265e-023
911.000000  9.030704e-023
911.200000  9.704261e-023
911.400000  1.068271e-022
911.600000  1.141650e-022
911.800000  1.204309e-022
912.000000  1.306449e-022
912.200000  1.424749e-022
912.400000  1.514373e-022
912.600000  1.608109e-022
912.800000  1.727730e-022
913.000000  1.839442e-022
913.200000  1.914756e-022
913.400000  2.005811e-022
913.600000  2.103412e-022
913.800000  2.158141e-022
914.000000  2.181570e-022
914.200000  2.219129e-022
914.400000  2.229856e-022
914.600000  2.192807e-022
914.800000  2.159704e-022
915.000000  2.148542e-022
915.200000  2.112215e-022
915.400000  2.050643e-022
915.600000  2.013795e-022
915.800000  2.010844e-022
916.000000  1.975893e-022
916.200000  1.928833e-022
916.400000  1.908934e-022
916.600000  1.877952e-022
916.800000  1.820607e-022
917.000000  1.765141e-022
917.200000  1.748210e-022
917.400000  1.716198e-022
917.600000  1.651754e-022
917.800000  1.622770e-022
918.000000  1.621586e-022
918.200000  1.581590e-022
918.400000  1.535183e-022
918.600000  1.542237e-022
918.800000  1.563566e-022
919.000000  1.532047e-022
919.200000  1.522181e-022
919.400000  1.552291e-022
919.600000  1.555779e-022
919.800000  1.531631e-022
920.000000  1.558867e-022
920.200000  1.609400e-022
920.400000  1.612575e-022
920.600000  1.603975e-022
920.800000  1.645716e-022
921.000000  1.677293e-022
921.200000  1.649257e-022
921.400000  1.643170e-022
921.600000  1.686862e-022
921.800000  1.698987e-022
922.000000  1.696529e-022
922.200000  1.742060e-022
922.400000  1.830196e-022
922.600000  1.870797e-022
922.800000  1.901517e-022
923.000000  2.002579e-022
923.200000  2.084737e-022
923.400000  2.127755e-022
923.600000  2.212801e-022
923.800000  2.354889e-022
924.000000  2.454408e-022
924.200000  2.537643e-022
924.400000  2.674237e-022
924.600000  2.829439e-022
924.800000  2.927039e-022
925.000000  3.059568e-022
925.200000  3.255210e-022
925.400000  3.430014e-022
925.600000  3.531178e-022
925.800000  3.667390e-022
926.000000  3.839160e-022
926.200000  3.939129e-022
926.400000  4.007783e-022
926.600000  4.131574e-022
926.800000  4.233821e-022
927.000000  4.286575e-022
927.200000  4.339154e-022
927.400000  4.456118e-022
927.600000  4.533480e-022
927.800000  4.533345e-022
928.000000  4.603397e-022
928.200000  4.798851e-022
928.400000  4.871330e-022
928.600000  4.801216e-022
928.800000  4.878775e-022
929.000000  4.963663e-022
929.200000  5.014949e-022
929.400000  5.045563e-022
929.600000  5.223475e-022
929.800000  5.409556e-022
930.000000  5.454326e-022
930.200000  5.497330e-022
930.400000  5.656833e-022
930.600000  5.749919e-022
930.800000  5.742316e-022
931.000000  5.804660e-022
931.200000  5.875571e-022
931.400000  5.809322e-022
931.600000  5.735958e-022
931.800000  5.819859e-022
932.000000  5.890212e-022
932.200000  5.751198e-022
932.400000  5.794025e-022
932.600000  5.891508e-022
932.800000  5.931874e-022
933.000000  5.965410e-022
933.200000  6.158687e-022
933.400000  6.374662e-022
933.600000  6.473099e-022
933.800000  6.560842e-022
934.000000  6.814359e-022
934.200000  7.044738e-022
934.400000  7.175773e-022
934.600000  7.388191e-022
934.800000  7.707435e-022
935.000000  7.924897e-022
935.200000  8.063223e-022
935.400000  8.391525e-022
935.600000  8.790857e-022
935.800000  9.037488e-022
936.000000  9.294676e-022
936.200000  9.736725e-022
936.400000  1.012598e-021
936.600000  1.032614e-021
936.800000  1.061755e-021
937.000000  1.099456e-021
937.200000  1.146805e-021
937.400000  1.150880e-021
937.600000  1.176936e-021
937.800000  1.212622e-021
938.000000  1.223127e-021
938.200000  1.214027e-021
938.400000  1.223672e-021
938.600000  1.237179e-021
938.800000  1.231152e-021
939.000000  1.262165e-021
939.200000  1.313085e-021
939.400000  1.350903e-021
939.600000  1.376496e-021
939.800000  1.426512e-021
940.000000  1.488515e-021
940.200000  1.526100e-021
940.400000  1.562133e-021
940.600000  1.630348e-021
940.800000  1.688511e-021
941.000000  1.713071e-021
941.200000  1.748806e-021
941.400000  1.805440e-021
941.600000  1.821290e-021
941.800000  1.801017e-021
942.000000  1.804661e-021
942.200000  1.795217e-021
942.400000  1.735328e-021
942.600000  1.659533e-021
942.800000  1.615142e-021
943.000000  1.564317e-021
943.200000  1.475211e-021
943.400000  1.420934e-021
943.600000  1.378685e-021
943.800000  1.315557e-021
944.000000  1.249659e-021
944.200000  1.219615e-021
944.400000  1.189021e-021
944.600000  1.127866e-021
944.800000  1.085841e-021
945.000000  1.065355e-021
945.200000  1.030769e-021
945.400000  9.899397e-022
945.600000  9.695474e-022
945.800000  9.499521e-022
946.000000  9.187709e-022
946.200000  8.896311e-022
946.400000  8.817229e-022
946.600000  8.583270e-022
946.800000  8.287950e-022
947.000000  8.111391e-022
947.200000  8.058741e-022
947.400000  7.837180e-022
947.600000  7.584816e-022
947.800000  7.602411e-022
948.000000  7.599114e-022
948.200000  7.399774e-022
948.400000  7.311190e-022
948.600000  7.462392e-022
948.800000  7.431912e-022
949.000000  7.267643e-022
949.200000  7.339692e-022
949.400000  7.471902e-022
949.600000  7.392208e-022
949.800000  7.294665e-022
950.000000  7.416561e-022
950.200000  7.484222e-022
950.400000  7.338790e-022
950.600000  7.335518e-022
950.800000  7.535428e-022
951.000000  7.479944e-022
951.200000  7.281635e-022
951.400000  7.354359e-022
951.600000  7.461822e-022
951.800000  7.398075e-022
952.000000  7.393337e-022
952.200000  7.624487e-022
952.400000  7.721241e-022
952.600000  7.472810e-022
952.800000  7.414128e-022
953.000000  7.550939e-022
953.200000  7.443069e-022
953.400000  7.197869e-022
953.600000  7.255187e-022
953.800000  7.503248e-022
954.000000  7.472142e-022
954.200000  7.394790e-022
954.400000  7.650672e-022
954.600000  7.834496e-022
954.800000  7.721493e-022
955.000000  7.834939e-022
955.200000  8.055655e-022
955.400000  8.171827e-022
955.600000  8.143520e-022
955.800000  8.376495e-022
956.000000  8.656524e-022
956.200000  8.633867e-022
956.400000  8.601147e-022
956.600000  8.786990e-022
956.800000  8.934882e-022
957.000000  8.861410e-022
957.200000  9.033376e-022
957.400000  9.417641e-022
957.600000  9.581081e-022
957.800000  9.568586e-022
958.000000  9.888736e-022
958.200000  1.025773e-021
958.400000  1.030531e-021
958.600000  1.038511e-021
958.800000  1.080048e-021
959.000000  1.095279e-021
959.200000  1.072399e-021
959.400000  1.072997e-021
959.600000  1.095632e-021
959.800000  1.079788e-021
960.000000  1.053175e-021
960.200000  1.064808e-021
960.400000  1.077551e-021
960.600000  1.049745e-021
960.800000  1.020745e-021
961.000000  1.036575e-021
961.200000  1.040776e-021
961.400000  1.003307e-021
961.600000  1.004608e-021
961.800000  1.031474e-021
962.000000  1.019422e-021
962.200000  9.876906e-022
962.400000  1.003477e-021
962.600000  1.030136e-021
962.800000  1.021962e-021
963.000000  1.035872e-021
963.200000  1.080721e-021
963.400000  1.107448e-021
963.600000  1.107636e-021
963.800000  1.152572e-021
964.000000  1.209295e-021
964.200000  1.217908e-021
964.400000  1.216271e-021
964.600000  1.273924e-021
964.800000  1.325028e-021
965.000000  1.350149e-021
965.200000  1.401979e-021
965.400000  1.499723e-021
965.600000  1.555297e-021
965.800000  1.583910e-021
966.000000  1.677646e-021
966.200000  1.784905e-021
966.400000  1.887749e-021
966.600000  1.966347e-021
966.800000  2.144348e-021
967.000000  2.313442e-021
967.200000  2.495780e-021
967.400000  2.764025e-021
967.600000  3.054555e-021
967.800000  3.391432e-021
968.000000  3.847089e-021
968.200000  4.401542e-021
968.400000  4.894642e-021
968.600000  5.498245e-021
968.800000  6.006973e-021
969.000000  6.429549e-021
969.200000  6.620756e-021
969.400000  6.485283e-021
969.600000  6.104305e-021
969.800000  5.837507e-021
970.000000  5.079793e-021
970.200000  4.518606e-021
970.400000  4.047159e-021
970.600000  3.533037e-021
970.800000  3.136240e-021
971.000000  2.772634e-021
971.200000  2.467078e-021
971.400000  2.237550e-021
971.600000  2.005496e-021
971.800000  1.836124e-021
972.000000  1.720429e-021
972.200000  1.565686e-021
972.400000  1.446551e-021
972.600000  1.371266e-021
972.800000  1.295500e-021
973.000000  1.260818e-021
973.200000  1.193638e-021
973.400000  1.154914e-021
973.600000  1.147523e-021
973.800000  1.088795e-021
974.000000  1.079788e-021
974.200000  1.090274e-021
974.400000  1.068571e-021
974.600000  1.033125e-021
974.800000  1.046220e-021
975.000000  1.068633e-021
975.200000  1.051423e-021
975.400000  1.045345e-021
975.600000  1.073106e-021
975.800000  1.090456e-021
976.000000  1.068324e-021
976.200000  1.085528e-021
976.400000  1.129605e-021
976.600000  1.154535e-021
976.800000  1.158479e-021
977.000000  1.212836e-021
977.200000  1.283439e-021
977.400000  1.300186e-021
977.600000  1.317790e-021
977.800000  1.391882e-021
978.000000  1.444700e-021
978.200000  1.451404e-021
978.400000  1.475069e-021
978.600000  1.544793e-021
978.800000  1.562180e-021
979.000000  1.547687e-021
979.200000  1.577403e-021
979.400000  1.631232e-021
979.600000  1.624602e-021
979.800000  1.613831e-021
980.000000  1.646213e-021
980.200000  1.659072e-021
980.400000  1.625832e-021
980.600000  1.629712e-021
980.800000  1.658209e-021
981.000000  1.640164e-021
981.200000  1.620338e-021
981.400000  1.637431e-021
981.600000  1.674186e-021
981.800000  1.642155e-021
982.000000  1.623778e-021
982.200000  1.673172e-021
982.400000  1.664132e-021
982.600000  1.606550e-021
982.800000  1.600826e-021
983.000000  1.628721e-021
983.200000  1.588254e-021
983.400000  1.545892e-021
983.600000  1.555478e-021
983.800000  1.566429e-021
984.000000  1.514037e-021
984.200000  1.488722e-021
984.400000  1.527460e-021
984.600000  1.510508e-021
984.800000  1.467604e-021
985.000000  1.488965e-021
985.200000  1.541174e-021
985.400000  1.520316e-021
985.600000  1.492191e-021
985.800000  1.533186e-021
986.000000  1.578544e-021
986.200000  1.561323e-021
986.400000  1.539849e-021
986.600000  1.596837e-021
986.800000  1.602832e-021
987.000000  1.559340e-021
987.200000  1.585980e-021
987.400000  1.615697e-021
987.600000  1.551207e-021
987.800000  1.506741e-021
988.000000  1.562672e-021
988.200000  1.609314e-021
988.400000  1.551083e-021
988.600000  1.526468e-021
988.800000  1.600127e-021
989.000000  1.584594e-021
989.200000  1.534193e-021
989.400000  1.552847e-021
989.600000  1.585290e-021
989.800000  1.529193e-021
990.000000  1.489037e-021
990.200000  1.552639e-021
990.400000  1.574691e-021
990.600000  1.583537e-021
990.800000  1.583873e-021
991.000000  1.582628e-021
991.200000  1.613334e-021
991.400000  1.620030e-021
991.600000  1.621031e-021
991.800000  1.656941e-021
992.000000  1.683709e-021
992.200000  1.691767e-021
992.400000  1.729762e-021
992.600000  1.749350e-021
992.800000  1.774078e-021
993.000000  1.811306e-021
993.200000  1.823998e-021
993.400000  1.850150e-021
993.600000  1.871228e-021
993.800000  1.898758e-021
994.000000  1.911580e-021
994.200000  1.965862e-021
994.400000  1.960445e-021
994.600000  1.968211e-021
994.800000  1.982756e-021
995.000000  2.008938e-021
995.200000  2.021612e-021
995.400000  2.044973e-021
995.600000  2.079377e-021
995.800000  2.100895e-021
996.000000  2.123426e-021
996.200000  2.169037e-021
996.400000  2.191677e-021
996.600000  2.217936e-021
996.800000  2.267026e-021
997.000000  2.309045e-021
997.200000  2.344624e-021
997.400000  2.366888e-021
997.600000  2.439839e-021
997.800000  2.486769e-021
998.000000  2.519711e-021
998.200000  2.551732e-021
998.400000  2.607764e-021
998.600000  2.653724e-021
998.800000  2.686296e-021
999.000000  2.730118e-021
999.200000  2.780283e-021
999.400000  2.801200e-021
999.600000  2.826117e-021
999.800000  2.848767e-021
1000.000000  2.931316e-021
1000.200000  2.920014e-021
1000.400000  2.872568e-021
1000.600000  2.920551e-021
1000.800000  2.920815e-021
1001.000000  2.942014e-021
1001.200000  2.931979e-021
1001.400000  2.940570e-021
1001.600000  2.931174e-021
1001.800000  2.885050e-021
1002.000000  2.896615e-021
1002.200000  2.890145e-021
1002.400000  2.894369e-021
1002.600000  2.913003e-021
1002.800000  2.900484e-021
1003.000000  2.915798e-021
1003.200000  2.996328e-021
1003.400000  2.974425e-021
1003.600000  3.031935e-021
1003.800000  3.077086e-021
1004.000000  3.120974e-021
1004.200000  3.148061e-021
1004.400000  3.180606e-021
1004.600000  3.243328e-021
1004.800000  3.255026e-021
1005.000000  3.294884e-021
1005.200000  3.324975e-021
1005.400000  3.385018e-021
1005.600000  3.349279e-021
1005.800000  3.421032e-021
1006.000000  3.448286e-021
1006.200000  3.465359e-021
1006.400000  3.455147e-021
1006.600000  3.523516e-021
1006.800000  3.482545e-021
1007.000000  3.475732e-021
1007.200000  3.499752e-021
1007.400000  3.496365e-021
1007.600000  3.479230e-021
1007.800000  3.420457e-021
1008.000000  3.410431e-021
1008.200000  3.366277e-021
1008.400000  3.333411e-021
1008.600000  3.265268e-021
1008.800000  3.250540e-021
1009.000000  3.222637e-021
1009.200000  3.141361e-021
1009.400000  3.102544e-021
1009.600000  3.061218e-021
1009.800000  3.046891e-021
1010.000000  3.000902e-021
1010.200000  3.018487e-021
1010.400000  3.003715e-021
1010.600000  2.966251e-021
1010.800000  2.975468e-021
1011.000000  3.010897e-021
1011.200000  2.992549e-021
1011.400000  2.991659e-021
1011.600000  2.989013e-021
1011.800000  2.995827e-021
1012.000000  3.001246e-021
1012.200000  2.997537e-021
1012.400000  3.007534e-021
1012.600000  3.036206e-021
1012.800000  2.966609e-021
1013.000000  3.027392e-021
1013.200000  3.010254e-021
1013.400000  2.989545e-021
1013.600000  2.999926e-021
1013.800000  2.976679e-021
1014.000000  2.993442e-021
1014.200000  2.981847e-021
1014.400000  2.949978e-021
1014.600000  2.970309e-021
1014.800000  2.968255e-021
1015.000000  2.957644e-021
1015.200000  2.982312e-021
1015.400000  3.016663e-021
1015.600000  3.000340e-021
1015.800000  3.001150e-021
1016.000000  3.010908e-021
1016.200000  3.051143e-021
1016.400000  3.096834e-021
1016.600000  3.113527e-021
1016.800000  3.124858e-021
1017.000000  3.191613e-021
1017.200000  3.217441e-021
1017.400000  3.240072e-021
1017.600000  3.347902e-021
1017.800000  3.408624e-021
1018.000000  3.325511e-021
1018.030000  3.335051e-021
1018.060000  3.351880e-021
1018.090000  3.360657e-021
1018.120000  3.375263e-021
1018.150000  3.385647e-021
1018.180000  3.385370e-021
1018.210000  3.392645e-021
1018.240000  3.402440e-021
1018.270000  3.406780e-021
1018.300000  3.431529e-021
1018.330000  3.473584e-021
1018.360000  3.503757e-021
1018.390000  3.521574e-021
1018.420000  3.536261e-021
1018.450000  3.546819e-021
1018.480000  3.554148e-021
1018.510000  3.568188e-021
1018.540000  3.592011e-021
1018.570000  3.611681e-021
1018.600000  3.606723e-021
1018.630000  3.611361e-021
1018.660000  3.644309e-021
1018.690000  3.664436e-021
1018.720000  3.673734e-021
1018.750000  3.703676e-021
1018.780000  3.728009e-021
1018.810000  3.726338e-021
1018.840000  3.722804e-021
1018.870000  3.725087e-021
1018.900000  3.724727e-021
1018.930000  3.718780e-021
1018.960000  3.711092e-021
1018.990000  3.722521e-021
1019.020000  3.749126e-021
1019.050000  3.775095e-021
1019.080000  3.803212e-021
1019.110000  3.829448e-021
1019.140000  3.851218e-021
1019.170000  3.867411e-021
1019.200000  3.877655e-021
1019.230000  3.890878e-021
1019.260000  3.911176e-021
1019.290000  3.936691e-021
1019.320000  3.976856e-021
1019.350000  4.024273e-021
1019.380000  4.059843e-021
1019.410000  4.076695e-021
1019.440000  4.082341e-021
1019.470000  4.092075e-021
1019.500000  4.105162e-021
1019.530000  4.118499e-021
1019.560000  4.133911e-021
1019.590000  4.144301e-021
1019.620000  4.149290e-021
1019.650000  4.161180e-021
1019.680000  4.177363e-021
1019.710000  4.200948e-021
1019.740000  4.234840e-021
1019.770000  4.259117e-021
1019.800000  4.280939e-021
1019.830000  4.306051e-021
1019.860000  4.331644e-021
1019.890000  4.362006e-021
1019.920000  4.380150e-021
1019.950000  4.386629e-021
1019.980000  4.402416e-021
1020.010000  4.415084e-021
1020.040000  4.415631e-021
1020.070000  4.424467e-021
1020.100000  4.438684e-021
1020.130000  4.455696e-021
1020.160000  4.478751e-021
1020.190000  4.507939e-021
1020.220000  4.550022e-021
1020.250000  4.592050e-021
1020.280000  4.617610e-021
1020.310000  4.638432e-021
1020.340000  4.664411e-021
1020.370000  4.682761e-021
1020.400000  4.706305e-021
1020.430000  4.744687e-021
1020.460000  4.778165e-021
1020.490000  4.796910e-021
1020.520000  4.821606e-021
1020.550000  4.852659e-021
1020.580000  4.881095e-021
1020.610000  4.922775e-021
1020.640000  4.975998e-021
1020.670000  5.010346e-021
1020.700000  5.026038e-021
1020.730000  5.044758e-021
1020.760000  5.057243e-021
1020.790000  5.074275e-021
1020.820000  5.115454e-021
1020.850000  5.153942e-021
1020.880000  5.179159e-021
1020.910000  5.217089e-021
1020.940000  5.248510e-021
1020.970000  5.261502e-021
1021.000000  5.284867e-021
1021.030000  5.314950e-021
1021.060000  5.333386e-021
1021.090000  5.363588e-021
1021.120000  5.406484e-021
1021.150000  5.438846e-021
1021.180000  5.470081e-021
1021.210000  5.507208e-021
1021.240000  5.535284e-021
1021.270000  5.560472e-021
1021.300000  5.614525e-021
1021.330000  5.672825e-021
1021.360000  5.711245e-021
1021.390000  5.751190e-021
1021.420000  5.799426e-021
1021.450000  5.824729e-021
1021.480000  5.836997e-021
1021.510000  5.879289e-021
1021.540000  5.926835e-021
1021.570000  5.963594e-021
1021.600000  6.002034e-021
1021.630000  6.042925e-021
1021.660000  6.081001e-021
1021.690000  6.106846e-021
1021.720000  6.133891e-021
1021.750000  6.178923e-021
1021.780000  6.238125e-021
1021.810000  6.298171e-021
1021.840000  6.359766e-021
1021.870000  6.412716e-021
1021.900000  6.441430e-021
1021.930000  6.461187e-021
1021.960000  6.487263e-021
1021.990000  6.538837e-021
1022.020000  6.605589e-021
1022.050000  6.673768e-021
1022.080000  6.740172e-021
1022.110000  6.790523e-021
1022.140000  6.821942e-021
1022.170000  6.858002e-021
1022.200000  6.910341e-021
1022.230000  6.961826e-021
1022.260000  7.011903e-021
1022.290000  7.062023e-021
1022.320000  7.106123e-021
1022.350000  7.151121e-021
1022.380000  7.201591e-021
1022.410000  7.250746e-021
1022.440000  7.301993e-021
1022.470000  7.349788e-021
1022.500000  7.386232e-021
1022.530000  7.429108e-021
1022.560000  7.487124e-021
1022.590000  7.535320e-021
1022.620000  7.571801e-021
1022.650000  7.616618e-021
1022.680000  7.642398e-021
1022.710000  7.654391e-021
1022.740000  7.699645e-021
1022.770000  7.759408e-021
1022.800000  7.804455e-021
1022.830000  7.867833e-021
1022.860000  7.943523e-021
1022.890000  8.003002e-021
1022.920000  8.052539e-021
1022.950000  8.103319e-021
1022.980000  8.157428e-021
1023.010000  8.214679e-021
1023.040000  8.271600e-021
1023.070000  8.333476e-021
1023.100000  8.395375e-021
1023.130000  8.435419e-021
1023.160000  8.467678e-021
1023.190000  8.504682e-021
1023.220000  8.545805e-021
1023.250000  8.583629e-021
1023.280000  8.639718e-021
1023.310000  8.702794e-021
1023.340000  8.744420e-021
1023.370000  8.777128e-021
1023.400000  8.821427e-021
1023.430000  8.868714e-021
1023.460000  8.915613e-021
1023.490000  8.980504e-021
1023.520000  9.034939e-021
1023.550000  9.065881e-021
1023.580000  9.091402e-021
1023.610000  9.109164e-021
1023.640000  9.118384e-021
1023.670000  9.154421e-021
1023.700000  9.214367e-021
1023.730000  9.264547e-021
1023.760000  9.317186e-021
1023.790000  9.370275e-021
1023.820000  9.420859e-021
1023.850000  9.468970e-021
1023.880000  9.511696e-021
1023.910000  9.546542e-021
1023.940000  9.579911e-021
1023.970000  9.613935e-021
1024.000000  9.648565e-021
1024.030000  9.680483e-021
1024.060000  9.706296e-021
1024.090000  9.741763e-021
1024.120000  9.783888e-021
1024.150000  9.823285e-021
1024.180000  9.868006e-021
1024.210000  9.933069e-021
1024.240000  9.992597e-021
1024.270000  1.003542e-020
1024.300000  1.008081e-020
1024.330000  1.013241e-020
1024.360000  1.017324e-020
1024.390000  1.020872e-020
1024.420000  1.024546e-020
1024.450000  1.027296e-020
1024.480000  1.030477e-020
1024.510000  1.034744e-020
1024.540000  1.039718e-020
1024.570000  1.043795e-020
1024.600000  1.046861e-020
1024.630000  1.049857e-020
1024.660000  1.053112e-020
1024.690000  1.056389e-020
1024.720000  1.060834e-020
1024.750000  1.067657e-020
1024.780000  1.073822e-020
1024.810000  1.079449e-020
1024.840000  1.085536e-020
1024.870000  1.090336e-020
1024.900000  1.093969e-020
1024.930000  1.097251e-020
1024.960000  1.098938e-020
1024.990000  1.097808e-020
1025.020000  1.098138e-020
1025.050000  1.101954e-020
1025.080000  1.107062e-020
1025.110000  1.111860e-020
1025.140000  1.117845e-020
1025.170000  1.124011e-020
1025.200000  1.128373e-020
1025.230000  1.131585e-020
1025.260000  1.135679e-020
1025.290000  1.140848e-020
1025.320000  1.144880e-020
1025.350000  1.146797e-020
1025.380000  1.149836e-020
1025.410000  1.154848e-020
1025.440000  1.159380e-020
1025.470000  1.164279e-020
1025.500000  1.169082e-020
1025.530000  1.172602e-020
1025.560000  1.174516e-020
1025.590000  1.177956e-020
1025.620000  1.182904e-020
1025.650000  1.186871e-020
1025.680000  1.190869e-020
1025.710000  1.195443e-020
1025.740000  1.197481e-020
1025.770000  1.197535e-020
1025.800000  1.198207e-020
1025.830000  1.197882e-020
1025.860000  1.196173e-020
1025.890000  1.197015e-020
1025.920000  1.200385e-020
1025.950000  1.204382e-020
1025.980000  1.208909e-020
1026.010000  1.214549e-020
1026.040000  1.219075e-020
1026.070000  1.221382e-020
1026.100000  1.223772e-020
1026.130000  1.225855e-020
1026.160000  1.227632e-020
1026.190000  1.226791e-020
1026.220000  1.224782e-020
1026.250000  1.224770e-020
1026.280000  1.226760e-020
1026.310000  1.228840e-020
1026.340000  1.232273e-020
1026.370000  1.237713e-020
1026.400000  1.241150e-020
1026.430000  1.243715e-020
1026.460000  1.246297e-020
1026.490000  1.249092e-020
1026.520000  1.251752e-020
1026.550000  1.253918e-020
1026.580000  1.255097e-020
1026.610000  1.256409e-020
1026.640000  1.258461e-020
1026.670000  1.258972e-020
1026.700000  1.260397e-020
1026.730000  1.262629e-020
1026.760000  1.264475e-020
1026.790000  1.266461e-020
1026.820000  1.268457e-020
1026.850000  1.270122e-020
1026.880000  1.270981e-020
1026.910000  1.271108e-020
1026.940000  1.270385e-020
1026.970000  1.272329e-020
1027.000000  1.276760e-020
1027.030000  1.281467e-020
1027.060000  1.284502e-020
1027.090000  1.287147e-020
1027.120000  1.290010e-020
1027.150000  1.291246e-020
1027.180000  1.294401e-020
1027.210000  1.301847e-020
1027.240000  1.309603e-020
1027.270000  1.313014e-020
1027.300000  1.316265e-020
1027.330000  1.319568e-020
1027.360000  1.322670e-020
1027.390000  1.327718e-020
1027.420000  1.335379e-020
1027.450000  1.341627e-020
1027.480000  1.345791e-020
1027.510000  1.349584e-020
1027.540000  1.353111e-020
1027.570000  1.357235e-020
1027.600000  1.362012e-020
1027.630000  1.368842e-020
1027.660000  1.374639e-020
1027.690000  1.380441e-020
1027.720000  1.387669e-020
1027.750000  1.395102e-020
1027.780000  1.401363e-020
1027.810000  1.408542e-020
1027.840000  1.415419e-020
1027.870000  1.419881e-020
1027.900000  1.425997e-020
1027.930000  1.434168e-020
1027.960000  1.441096e-020
1027.990000  1.448867e-020
1028.020000  1.457789e-020
1028.050000  1.464635e-020
1028.080000  1.471075e-020
1028.110000  1.478288e-020
1028.140000  1.483298e-020
1028.170000  1.486344e-020
1028.200000  1.491794e-020
1028.230000  1.498111e-020
1028.260000  1.505302e-020
1028.290000  1.513966e-020
1028.320000  1.524523e-020
1028.350000  1.535272e-020
1028.380000  1.543804e-020
1028.410000  1.552079e-020
1028.440000  1.562424e-020
1028.470000  1.572656e-020
1028.500000  1.580880e-020
1028.530000  1.591291e-020
1028.560000  1.602590e-020
1028.590000  1.612174e-020
1028.620000  1.623643e-020
1028.650000  1.636625e-020
1028.680000  1.648712e-020
1028.710000  1.659866e-020
1028.740000  1.669074e-020
1028.770000  1.678258e-020
1028.800000  1.687735e-020
1028.830000  1.696688e-020
1028.860000  1.705922e-020
1028.890000  1.717359e-020
1028.920000  1.727907e-020
1028.950000  1.737107e-020
1028.980000  1.747680e-020
1029.010000  1.757113e-020
1029.040000  1.764255e-020
1029.070000  1.771128e-020
1029.100000  1.778942e-020
1029.130000  1.787747e-020
1029.160000  1.798135e-020
1029.190000  1.809392e-020
1029.220000  1.820536e-020
1029.250000  1.830485e-020
1029.280000  1.838554e-020
1029.310000  1.848289e-020
1029.340000  1.859351e-020
1029.370000  1.869476e-020
1029.400000  1.880777e-020
1029.430000  1.890399e-020
1029.460000  1.897246e-020
1029.490000  1.903638e-020
1029.520000  1.911928e-020
1029.550000  1.921753e-020
1029.580000  1.930199e-020
1029.610000  1.938018e-020
1029.640000  1.946516e-020
1029.670000  1.953755e-020
1029.700000  1.960013e-020
1029.730000  1.967134e-020
1029.760000  1.974152e-020
1029.790000  1.980210e-020
1029.820000  1.986733e-020
1029.850000  1.992236e-020
1029.880000  1.997531e-020
1029.910000  2.003018e-020
1029.940000  2.008179e-020
1029.970000  2.010226e-020
1030.000000  2.010842e-020
1030.030000  2.014511e-020
1030.060000  2.016715e-020
1030.090000  2.018430e-020
1030.120000  2.021553e-020
1030.150000  2.023313e-020
1030.180000  2.023966e-020
1030.210000  2.025296e-020
1030.240000  2.023580e-020
1030.270000  2.022550e-020
1030.300000  2.024890e-020
1030.330000  2.024820e-020
1030.360000  2.023028e-020
1030.390000  2.022103e-020
1030.420000  2.019633e-020
1030.450000  2.014027e-020
1030.480000  2.009863e-020
1030.510000  2.007753e-020
1030.540000  2.006850e-020
1030.570000  2.007007e-020
1030.600000  2.006467e-020
1030.630000  2.004645e-020
1030.660000  2.002921e-020
1030.690000  1.999393e-020
1030.720000  1.992060e-020
1030.750000  1.985531e-020
1030.780000  1.977878e-020
1030.810000  1.965189e-020
1030.840000  1.953745e-020
1030.870000  1.945589e-020
1030.900000  1.936073e-020
1030.930000  1.925944e-020
1030.960000  1.917671e-020
1030.990000  1.907374e-020
1031.020000  1.894101e-020
1031.050000  1.880083e-020
1031.080000  1.868560e-020
1031.110000  1.860102e-020
1031.140000  1.852362e-020
1031.170000  1.845766e-020
1031.200000  1.838986e-020
1031.230000  1.829749e-020
1031.260000  1.818468e-020
1031.290000  1.807818e-020
1031.320000  1.797272e-020
1031.350000  1.786337e-020
1031.380000  1.773125e-020
1031.410000  1.758900e-020
1031.440000  1.746205e-020
1031.470000  1.734400e-020
1031.500000  1.723678e-020
1031.530000  1.714238e-020
1031.560000  1.704368e-020
1031.590000  1.692296e-020
1031.620000  1.678975e-020
1031.650000  1.666709e-020
1031.680000  1.656429e-020
1031.710000  1.645555e-020
1031.740000  1.632834e-020
1031.770000  1.619415e-020
1031.800000  1.605285e-020
1031.830000  1.590613e-020
1031.860000  1.576984e-020
1031.890000  1.565191e-020
1031.920000  1.553519e-020
1031.950000  1.540606e-020
1031.980000  1.526009e-020
1032.010000  1.510108e-020
1032.040000  1.494073e-020
1032.070000  1.480010e-020
1032.100000  1.468055e-020
1032.130000  1.457766e-020
1032.160000  1.449059e-020
1032.190000  1.441144e-020
1032.220000  1.431839e-020
1032.250000  1.420654e-020
1032.280000  1.407611e-020
1032.310000  1.392967e-020
1032.340000  1.377879e-020
1032.370000  1.363752e-020
1032.400000  1.351356e-020
1032.430000  1.339034e-020
1032.460000  1.325621e-020
1032.490000  1.311896e-020
1032.520000  1.298726e-020
1032.550000  1.286148e-020
1032.580000  1.274599e-020
1032.610000  1.263974e-020
1032.640000  1.253019e-020
1032.670000  1.240787e-020
1032.700000  1.227503e-020
1032.730000  1.214701e-020
1032.760000  1.203846e-020
1032.790000  1.193121e-020
1032.820000  1.181802e-020
1032.850000  1.170825e-020
1032.880000  1.161366e-020
1032.910000  1.152981e-020
1032.940000  1.145496e-020
1032.970000  1.139888e-020
1033.000000  1.134441e-020
1033.030000  1.127004e-020
1033.060000  1.119432e-020
1033.090000  1.111800e-020
1033.120000  1.101492e-020
1033.150000  1.090051e-020
1033.180000  1.078682e-020
1033.210000  1.066098e-020
1033.240000  1.053600e-020
1033.270000  1.043637e-020
1033.300000  1.036444e-020
1033.330000  1.029894e-020
1033.360000  1.022575e-020
1033.390000  1.014877e-020
1033.420000  1.006694e-020
1033.450000  9.974154e-021
1033.480000  9.880896e-021
1033.510000  9.795837e-021
1033.540000  9.703124e-021
1033.570000  9.603050e-021
1033.600000  9.517664e-021
1033.630000  9.444478e-021
1033.660000  9.355384e-021
1033.690000  9.260835e-021
1033.720000  9.177760e-021
1033.750000  9.078791e-021
1033.780000  8.969576e-021
1033.810000  8.893678e-021
1033.840000  8.849254e-021
1033.870000  8.805858e-021
1033.900000  8.763597e-021
1033.930000  8.727035e-021
1033.960000  8.683571e-021
1033.990000  8.619137e-021
1034.020000  8.535700e-021
1034.050000  8.435910e-021
1034.080000  8.325181e-021
1034.110000  8.226518e-021
1034.140000  8.148400e-021
1034.170000  8.088057e-021
1034.200000  8.051240e-021
1034.230000  8.029201e-021
1034.260000  7.996872e-021
1034.290000  7.962972e-021
1034.320000  7.933616e-021
1034.350000  7.906970e-021
1034.380000  7.876817e-021
1034.410000  7.839210e-021
1034.440000  7.784284e-021
1034.470000  7.699124e-021
1034.500000  7.594779e-021
1034.530000  7.502189e-021
1034.560000  7.416844e-021
1034.590000  7.336972e-021
1034.620000  7.288188e-021
1034.650000  7.254308e-021
1034.680000  7.209076e-021
1034.710000  7.156707e-021
1034.740000  7.111444e-021
1034.770000  7.060247e-021
1034.800000  7.000505e-021
1034.830000  6.951151e-021
1034.860000  6.916761e-021
1034.890000  6.875442e-021
1034.920000  6.830330e-021
1034.950000  6.789302e-021
1034.980000  6.748287e-021
1035.010000  6.714637e-021
1035.040000  6.683837e-021
1035.070000  6.652508e-021
1035.100000  6.633860e-021
1035.130000  6.598933e-021
1035.160000  6.521976e-021
1035.190000  6.443323e-021
1035.220000  6.377362e-021
1035.250000  6.304088e-021
1035.280000  6.247004e-021
1035.310000  6.221733e-021
1035.340000  6.204919e-021
1035.370000  6.182603e-021
1035.400000  6.159790e-021
1035.430000  6.125533e-021
1035.460000  6.074163e-021
1035.490000  6.014794e-021
1035.520000  5.958385e-021
1035.550000  5.912085e-021
1035.580000  5.873445e-021
1035.610000  5.849844e-021
1035.640000  5.836494e-021
1035.670000  5.815810e-021
1035.700000  5.788644e-021
1035.730000  5.760924e-021
1035.760000  5.737720e-021
1035.790000  5.712655e-021
1035.820000  5.677417e-021
1035.850000  5.632190e-021
1035.880000  5.588601e-021
1035.910000  5.549449e-021
1035.940000  5.506523e-021
1035.970000  5.462465e-021
1036.000000  5.422730e-021
1036.030000  5.400448e-021
1036.060000  5.388962e-021
1036.090000  5.386326e-021
1036.120000  5.389064e-021
1036.150000  5.389689e-021
1036.180000  5.360648e-021
1036.210000  5.304330e-021
1036.240000  5.244833e-021
1036.270000  5.191002e-021
1036.300000  5.138241e-021
1036.330000  5.104430e-021
1036.360000  5.098637e-021
1036.390000  5.090456e-021
1036.420000  5.071362e-021
1036.450000  5.048220e-021
1036.480000  5.018058e-021
1036.510000  4.975161e-021
1036.540000  4.935970e-021
1036.570000  4.908533e-021
1036.600000  4.894999e-021
1036.630000  4.881239e-021
1036.660000  4.851334e-021
1036.690000  4.811313e-021
1036.720000  4.771017e-021
1036.750000  4.740077e-021
1036.780000  4.719275e-021
1036.810000  4.703066e-021
1036.840000  4.686764e-021
1036.870000  4.670022e-021
1036.900000  4.631774e-021
1036.930000  4.582830e-021
1036.960000  4.562491e-021
1036.990000  4.568050e-021
1037.020000  4.579541e-021
1037.050000  4.582326e-021
1037.080000  4.585861e-021
1037.110000  4.579769e-021
1037.140000  4.553685e-021
1037.170000  4.527291e-021
1037.200000  4.509857e-021
1037.230000  4.485931e-021
1037.260000  4.456043e-021
1037.290000  4.440143e-021
1037.320000  4.423892e-021
1037.350000  4.403050e-021
1037.380000  4.389209e-021
1037.410000  4.369841e-021
1037.440000  4.333989e-021
1037.470000  4.297513e-021
1037.500000  4.281698e-021
1037.530000  4.279549e-021
1037.560000  4.277889e-021
1037.590000  4.269339e-021
1037.620000  4.258083e-021
1037.650000  4.243345e-021
1037.680000  4.220658e-021
1037.710000  4.202781e-021
1037.740000  4.189760e-021
1037.770000  4.176863e-021
1037.800000  4.161698e-021
1037.830000  4.146723e-021
1037.860000  4.131945e-021
1037.890000  4.119538e-021
1037.920000  4.108734e-021
1037.950000  4.105528e-021
1037.980000  4.101458e-021
1038.010000  4.081062e-021
1038.040000  4.066228e-021
1038.070000  4.061402e-021
1038.100000  4.048900e-021
1038.130000  4.031116e-021
1038.160000  4.023398e-021
1038.190000  4.016724e-021
1038.220000  3.998970e-021
1038.250000  3.976020e-021
1038.280000  3.958138e-021
1038.310000  3.947793e-021
1038.340000  3.941049e-021
1038.370000  3.931148e-021
1038.400000  3.910934e-021
1038.430000  3.892451e-021
1038.460000  3.883667e-021
1038.490000  3.872531e-021
1038.520000  3.861834e-021
1038.550000  3.862727e-021
1038.580000  3.863124e-021
1038.610000  3.854088e-021
1038.640000  3.840951e-021
1038.670000  3.838985e-021
1038.700000  3.849334e-021
1038.730000  3.844701e-021
1038.760000  3.824705e-021
1038.790000  3.808311e-021
1038.820000  3.795845e-021
1038.850000  3.787687e-021
1038.880000  3.780010e-021
1038.910000  3.770853e-021
1038.940000  3.759016e-021
1038.970000  3.726898e-021
1039.000000  3.679680e-021
1039.030000  3.644079e-021
1039.060000  3.618081e-021
1039.090000  3.603613e-021
1039.120000  3.614711e-021
1039.150000  3.630784e-021
1039.180000  3.643463e-021
1039.210000  3.655558e-021
1039.240000  3.659533e-021
1039.270000  3.655195e-021
1039.300000  3.640699e-021
1039.330000  3.619257e-021
1039.360000  3.594264e-021
1039.390000  3.563841e-021
1039.420000  3.520656e-021
1039.450000  3.480869e-021
1039.480000  3.454799e-021
1039.510000  3.438637e-021
1039.540000  3.431251e-021
1039.570000  3.429392e-021
1039.600000  3.444166e-021
1039.630000  3.458599e-021
1039.660000  3.450184e-021
1039.690000  3.435243e-021
1039.720000  3.431002e-021
1039.750000  3.413337e-021
1039.780000  3.393932e-021
1039.810000  3.405060e-021
1039.840000  3.424179e-021
1039.870000  3.421284e-021
1039.900000  3.408854e-021
1039.930000  3.403117e-021
1039.960000  3.381915e-021
1039.990000  3.347732e-021
1040.020000  3.319778e-021
1040.050000  3.297739e-021
1040.080000  3.273276e-021
1040.110000  3.247726e-021
1040.140000  3.234301e-021
1040.170000  3.232333e-021
1040.200000  3.231301e-021
1040.230000  3.224262e-021
1040.260000  3.222775e-021
1040.290000  3.216681e-021
1040.320000  3.206301e-021
1040.350000  3.201362e-021
1040.380000  3.202359e-021
1040.410000  3.204099e-021
1040.440000  3.199625e-021
1040.470000  3.198578e-021
1040.500000  3.191247e-021
1040.530000  3.172603e-021
1040.560000  3.155136e-021
1040.590000  3.141909e-021
1040.620000  3.118122e-021
1040.650000  3.097416e-021
1040.680000  3.087092e-021
1040.710000  3.073897e-021
1040.740000  3.073372e-021
1040.770000  3.078451e-021
1040.800000  3.070247e-021
1040.830000  3.052930e-021
1040.860000  3.043454e-021
1040.890000  3.020469e-021
1040.920000  2.985533e-021
1040.950000  2.968106e-021
1040.980000  2.968371e-021
1041.010000  2.958403e-021
1041.040000  2.943781e-021
1041.070000  2.960013e-021
1041.100000  2.981296e-021
1041.130000  2.983851e-021
1041.160000  2.981815e-021
1041.190000  2.988737e-021
1041.220000  2.986087e-021
1041.250000  2.974586e-021
1041.280000  2.961235e-021
1041.310000  2.945470e-021
1041.340000  2.919231e-021
1041.370000  2.881069e-021
1041.400000  2.844310e-021
1041.430000  2.826801e-021
1041.460000  2.820958e-021
1041.490000  2.812094e-021
1041.520000  2.810377e-021
1041.550000  2.820441e-021
1041.580000  2.823100e-021
1041.610000  2.817067e-021
1041.640000  2.825560e-021
1041.670000  2.837376e-021
1041.700000  2.829277e-021
1041.730000  2.801392e-021
1041.760000  2.776036e-021
1041.790000  2.758160e-021
1041.820000  2.732534e-021
1041.850000  2.704733e-021
1041.880000  2.698215e-021
1041.910000  2.702394e-021
1041.940000  2.698645e-021
1041.970000  2.696962e-021
1042.000000  2.705110e-021
1042.200000  2.634081e-021
1042.400000  2.634168e-021
1042.600000  2.633029e-021
1042.800000  2.561337e-021
1043.000000  2.532365e-021
1043.200000  2.534793e-021
1043.400000  2.524546e-021
1043.600000  2.484394e-021
1043.800000  2.490053e-021
1044.000000  2.522380e-021
1044.200000  2.520692e-021
1044.400000  2.484479e-021
1044.600000  2.513184e-021
1044.800000  2.539058e-021
1045.000000  2.531187e-021
1045.200000  2.572798e-021
1045.400000  2.568654e-021
1045.600000  2.637652e-021
1045.800000  2.640590e-021
1046.000000  2.705643e-021
1046.200000  2.699526e-021
1046.400000  2.711650e-021
1046.600000  2.818892e-021
1046.800000  2.816598e-021
1047.000000  2.842590e-021
1047.200000  2.897781e-021
1047.400000  2.900966e-021
1047.600000  2.961736e-021
1047.800000  3.027214e-021
1048.000000  3.007528e-021
1048.200000  3.073587e-021
1048.400000  3.116312e-021
1048.600000  3.074425e-021
1048.800000  3.098341e-021
1049.000000  3.149603e-021
1049.200000  3.144618e-021
1049.400000  3.060077e-021
1049.600000  3.065943e-021
1049.800000  3.051577e-021
1050.000000  3.003837e-021
1050.200000  2.998672e-021
1050.400000  2.936407e-021
1050.600000  2.875712e-021
1050.800000  2.772108e-021
1051.000000  2.712832e-021
1051.200000  2.693341e-021
1051.400000  2.551442e-021
1051.600000  2.502835e-021
1051.800000  2.472438e-021
1052.000000  2.338011e-021
1052.200000  2.286068e-021
1052.400000  2.216521e-021
1052.600000  2.138292e-021
1052.800000  2.087714e-021
1053.000000  2.007926e-021
1053.200000  1.931840e-021
1053.400000  1.889922e-021
1053.600000  1.823021e-021
1053.800000  1.789512e-021
1054.000000  1.730987e-021
1054.200000  1.663308e-021
1054.400000  1.674368e-021
1054.600000  1.607797e-021
1054.800000  1.573482e-021
1055.000000  1.532186e-021
1055.200000  1.488214e-021
1055.400000  1.460611e-021
1055.600000  1.440757e-021
1055.800000  1.408716e-021
1056.000000  1.388772e-021
1056.200000  1.376178e-021
1056.400000  1.317005e-021
1056.600000  1.278186e-021
1056.800000  1.283319e-021
1057.000000  1.255737e-021
1057.200000  1.249064e-021
1057.400000  1.203034e-021
1057.600000  1.205047e-021
1057.800000  1.186478e-021
1058.000000  1.154721e-021
1058.200000  1.128607e-021
1058.400000  1.134066e-021
1058.600000  1.117992e-021
1058.800000  1.072403e-021
1059.000000  1.071655e-021
1059.200000  1.075312e-021
1059.400000  1.038817e-021
1059.600000  9.890010e-022
1059.800000  1.024863e-021
1060.000000  1.012997e-021
1060.200000  9.847168e-022
1060.400000  9.985042e-022
1060.600000  9.461897e-022
1060.800000  9.359766e-022
1061.000000  9.235200e-022
1061.200000  9.190501e-022
1061.400000  9.074430e-022
1061.600000  8.967049e-022
1061.800000  9.037983e-022
1062.000000  8.885672e-022
1062.200000  8.581029e-022
1062.400000  8.548828e-022
1062.600000  8.225355e-022
1062.800000  8.183772e-022
1063.000000  8.402433e-022
1063.200000  8.262081e-022
1063.400000  8.256365e-022
1063.600000  8.102090e-022
1063.800000  8.168280e-022
1064.000000  8.049692e-022
1064.200000  7.754831e-022
1064.400000  7.902182e-022
1064.600000  7.823684e-022
1064.800000  7.514173e-022
1065.000000  7.752307e-022
1065.200000  7.605395e-022
1065.400000  7.548986e-022
1065.600000  7.269825e-022
1065.800000  7.203883e-022
1066.000000  7.388180e-022
1066.200000  7.313097e-022
1066.400000  7.078240e-022
1066.600000  7.285740e-022
1066.800000  6.977293e-022
1067.000000  7.125617e-022
1067.200000  7.168920e-022
1067.400000  6.864054e-022
1067.600000  7.118155e-022
1067.800000  6.996284e-022
1068.000000  7.016624e-022
1068.200000  6.586259e-022
1068.400000  6.864042e-022
1068.600000  6.741446e-022
1068.800000  6.835391e-022
1069.000000  6.712524e-022
1069.200000  6.580178e-022
1069.400000  6.646463e-022
1069.600000  6.791567e-022
1069.800000  6.575492e-022
1070.000000  6.396112e-022
1070.200000  6.416020e-022
1070.400000  6.570718e-022
1070.600000  6.334994e-022
1070.800000  6.359536e-022
1071.000000  6.346837e-022
1071.200000  6.189515e-022
1071.400000  6.232645e-022
1071.600000  5.906681e-022
1071.800000  6.300417e-022
1072.000000  6.226708e-022
1072.200000  6.382474e-022
1072.400000  6.130452e-022
1072.600000  5.652601e-022
1072.800000  6.132495e-022
1073.000000  6.025327e-022
1073.200000  5.847333e-022
1073.400000  5.805660e-022
1073.600000  5.825221e-022
1073.800000  5.906187e-022
1074.000000  5.916415e-022
1074.200000  5.794217e-022
1074.400000  5.965316e-022
1074.600000  6.041952e-022
1074.800000  5.971685e-022
1075.000000  5.977244e-022
1075.200000  5.864005e-022
1075.400000  5.517484e-022
1075.600000  5.751138e-022
1075.800000  5.456273e-022
1076.000000  5.866774e-022
1076.200000  5.662165e-022
1076.400000  5.490620e-022
1076.600000  5.701394e-022
1076.800000  5.457742e-022
1077.000000  5.347806e-022
1077.200000  5.333587e-022
1077.400000  5.881036e-022
1077.600000  5.631816e-022
1077.800000  5.136828e-022
1078.000000  5.391936e-022
1078.200000  5.122274e-022
1078.400000  5.455002e-022
1078.600000  5.059368e-022
1078.800000  5.286338e-022
1079.000000  4.923658e-022
1079.200000  5.209006e-022
1079.400000  4.864953e-022
1079.600000  5.058615e-022
1079.800000  4.990484e-022
1080.000000  5.029120e-022
1080.200000  4.792060e-022
1080.400000  4.742462e-022
1080.600000  4.736134e-022
1080.800000  4.653707e-022
1081.000000  4.949933e-022
1081.200000  4.944742e-022
1081.400000  4.720924e-022
1081.600000  4.595570e-022
1081.800000  4.904580e-022
1082.000000  4.490787e-022
1082.200000  4.489539e-022
1082.400000  4.336955e-022
1082.600000  4.514563e-022
1082.800000  4.247512e-022
1083.000000  4.386926e-022
1083.200000  4.527087e-022
1083.400000  4.580135e-022
1083.600000  4.519148e-022
1083.800000  4.567332e-022
1084.000000  4.164682e-022
1084.200000  4.223022e-022
1084.400000  4.406925e-022
1084.600000  4.101769e-022
1084.800000  4.246643e-022
1085.000000  4.413660e-022
1085.200000  4.206698e-022
1085.400000  4.167234e-022
1085.600000  4.149135e-022
1085.800000  4.089075e-022
1086.000000  4.065866e-022
1086.200000  4.091112e-022
1086.400000  4.177959e-022
1086.600000  3.855697e-022
1086.800000  3.929944e-022
1087.000000  4.036944e-022
1087.200000  3.906037e-022
1087.400000  3.915162e-022
1087.600000  3.973617e-022
1087.800000  3.798960e-022
1088.000000  4.102435e-022
1088.200000  3.746403e-022
1088.400000  3.653878e-022
1088.600000  3.771494e-022
1088.800000  3.720815e-022
1089.000000  3.740441e-022
1089.200000  3.653639e-022
1089.400000  3.552973e-022
1089.600000  3.512557e-022
1089.800000  3.589493e-022
1090.000000  3.636547e-022
1090.200000  3.437697e-022
1090.400000  3.552997e-022
1090.600000  3.572584e-022
1090.800000  3.532452e-022
1091.000000  3.658370e-022
1091.200000  3.486748e-022
1091.400000  3.363968e-022
1091.600000  3.616159e-022
1091.800000  3.466588e-022
1092.000000  3.601222e-022
1092.200000  3.563403e-022
1092.400000  3.380437e-022
1092.600000  3.416487e-022
1092.800000  3.408792e-022
1093.000000  3.464015e-022
1093.200000  3.544119e-022
1093.400000  3.207303e-022
1093.600000  3.465774e-022
1093.800000  3.364876e-022
1094.000000  3.175691e-022
1094.200000  3.248101e-022
1094.400000  3.042882e-022
1094.600000  2.957842e-022
1094.800000  3.249734e-022
1095.000000  3.153790e-022
1095.200000  3.013897e-022
1095.400000  2.768391e-022
1095.600000  2.913433e-022
1095.800000  3.229595e-022
1096.000000  2.906727e-022
1096.200000  3.046526e-022
1096.400000  2.972811e-022
1096.600000  2.726952e-022
1096.800000  2.899504e-022
1097.000000  2.572741e-022
1097.200000  2.761238e-022
1097.400000  2.681122e-022
1097.600000  2.821064e-022
1097.800000  2.586882e-022
1098.000000  2.517462e-022
1098.200000  2.679288e-022
1098.400000  2.505661e-022
1098.600000  2.622782e-022
1098.800000  2.509697e-022
1099.000000  2.379967e-022
1099.200000  2.624115e-022
1099.400000  2.571264e-022
1099.600000  2.512998e-022
1099.800000  2.548275e-022
1100.000000  2.522898e-022
1100.200000  2.530523e-022
1100.400000  2.549365e-022
1100.600000  2.309224e-022
1100.800000  2.382951e-022
1101.000000  2.011673e-022
1101.200000  2.359973e-022
1101.400000  2.273678e-022
1101.600000  2.199026e-022
1101.800000  2.377148e-022
1102.000000  2.165400e-022
1102.200000  2.095820e-022
1102.400000  2.037956e-022
1102.600000  1.874896e-022
1102.800000  2.031407e-022
1103.000000  2.060785e-022
1103.200000  1.953496e-022
1103.400000  2.037480e-022
1103.600000  1.782720e-022
1103.800000  1.882954e-022
1104.000000  1.934014e-022
1104.200000  1.821770e-022
1104.400000  2.037493e-022
1104.600000  1.985500e-022
1104.800000  1.954095e-022
1105.000000  1.797870e-022
1105.200000  2.035613e-022
1105.400000  2.027086e-022
1105.600000  1.979754e-022
1105.800000  1.872735e-022
1106.000000  1.912739e-022
1106.200000  2.024572e-022
1106.400000  1.698538e-022
1106.600000  2.061709e-022
1106.800000  1.631854e-022
1107.000000  1.803204e-022
1107.200000  1.822442e-022
1107.400000  1.725504e-022
1107.600000  1.794315e-022
1107.800000  1.812488e-022
1108.000000  1.732944e-022
1108.200000  1.488538e-022
1108.400000  1.764843e-022
1108.600000  1.744840e-022
1108.800000  1.899940e-022
1109.000000  1.476167e-022
1109.200000  1.636298e-022
1109.400000  1.633883e-022
1109.600000  1.853960e-022
1109.800000  1.523812e-022
1110.000000  1.525185e-022
1110.200000  1.767507e-022
1110.400000  1.562547e-022
1110.600000  1.662295e-022
1110.800000  1.592767e-022
1111.000000  1.660253e-022
1111.200000  1.509916e-022
1111.400000  1.642496e-022
1111.600000  1.545751e-022
1111.800000  1.466807e-022
1112.000000  1.413023e-022
1112.200000  1.431178e-022
1112.400000  1.489359e-022
1112.600000  1.479422e-022
1112.800000  1.184489e-022
1113.000000  1.542519e-022
1113.200000  1.502071e-022
1113.400000  1.481353e-022
1113.600000  1.257846e-022
1113.800000  1.475513e-022
1114.000000  1.740094e-022
1114.200000  1.367998e-022
1114.400000  1.272602e-022
1114.600000  1.455220e-022
1114.800000  1.335813e-022
1115.000000  1.353539e-022
1115.200000  1.241810e-022
1115.400000  1.264619e-022
1115.600000  1.288040e-022
1115.800000  1.439620e-022
1116.000000  1.243408e-022
1116.200000  1.139666e-022
1116.400000  1.187715e-022
1116.600000  1.254790e-022
1116.800000  1.118028e-022
1117.000000  1.008622e-022
1117.200000  1.221905e-022
1117.400000  1.261596e-022
1117.600000  1.180274e-022
1117.800000  1.338302e-022
1118.000000  1.207225e-022
1118.200000  1.351683e-022
1118.400000  1.046784e-022
1118.600000  9.648993e-023
1118.800000  1.263722e-022
1119.000000  1.259630e-022
1119.200000  1.026143e-022
1119.400000  8.997676e-023
1119.600000  1.287445e-022
1119.800000  1.037631e-022
1120.000000  1.082268e-022
1120.200000  1.000403e-022
1120.400000  9.902030e-023
1120.600000  9.174568e-023
1120.800000  9.510296e-023
1121.000000  9.079726e-023
1121.200000  1.130266e-022
1121.400000  8.351138e-023
1121.600000  1.367662e-022
1121.800000  9.088671e-023
1122.000000  7.803117e-023
1122.200000  7.368661e-023
1122.400000  9.814003e-023
1122.600000  7.877067e-023
1122.800000  1.141304e-022
1123.000000  9.485871e-023
1123.200000  6.272400e-023
1123.400000  8.668473e-023
1123.600000  8.877551e-023
1123.800000  8.162289e-023
1124.000000  8.946760e-023
1124.200000  9.346640e-023
1124.400000  1.150054e-022
1124.600000  9.232409e-023
1124.800000  1.018135e-022
1125.000000  9.856688e-023
1125.200000  7.342426e-023
1125.400000  7.068368e-023
1125.600000  9.303405e-023
1125.800000  8.199296e-023
1126.000000  5.513554e-023
1126.200000  5.462735e-023
1126.400000  6.859969e-023
1126.600000  8.432531e-023
1126.800000  7.580999e-023
1127.000000  8.038664e-023
1127.200000  8.599437e-023
1127.400000  6.860358e-023
1127.600000  5.359927e-023
1127.800000  6.257086e-023
1128.000000  8.056274e-023
1128.200000  5.696376e-023
1128.400000  4.639669e-023
1128.600000  7.720462e-023
1128.800000  5.263659e-023
1129.000000  6.484557e-023
1129.200000  8.785283e-023
1129.400000  6.216522e-023
1129.600000  5.886902e-023
1129.800000  2.911663e-023
1130.000000  6.275702e-023
1130.200000  5.271988e-023
1130.400000  8.362078e-023
1130.600000  9.139226e-023
1130.800000  4.769320e-023
1131.000000  6.572797e-023
1131.200000  5.958114e-023
1131.400000  4.433760e-023
1131.600000  3.932060e-023
1131.800000  7.591014e-023
1132.000000  6.233084e-023
1132.200000  6.521605e-023
1132.400000  8.885841e-023
1132.600000  4.447462e-023
1132.800000  5.846150e-023
1133.000000  5.626571e-023
1133.200000  4.899247e-023
1133.400000  6.143691e-023
1133.600000  4.953092e-023
1133.800000  4.112321e-023
1134.000000  6.032839e-023
1134.200000  6.262854e-023
1134.400000  5.635327e-023
1134.600000  6.771341e-023
1134.800000  7.169387e-023
1135.000000  6.102465e-023
1135.200000  3.780541e-023
1135.400000  4.291800e-023
1135.600000  6.276621e-023
1135.800000  6.166508e-023
1136.000000  5.197192e-023
1136.200000  4.579961e-023
1136.400000  5.262755e-023
1136.600000  5.437385e-023
1136.800000  5.147083e-023
1137.000000  5.717799e-023
1137.200000  6.459332e-023
1137.400000  6.339113e-023
1137.600000  7.642609e-023
1137.800000  3.344138e-023
1138.000000  2.496265e-023
1138.200000  4.135250e-023
1138.400000  2.551237e-023
1138.600000  2.156693e-023
1138.800000  6.872266e-023
1139.000000  5.160946e-023
1139.200000  5.676887e-025
1139.400000  4.147569e-023
1139.600000  3.468559e-023
1139.800000  6.189340e-023
1140.000000  3.467010e-023
1140.200000  5.062643e-023
1140.400000  6.659160e-023
1140.600000  2.963500e-023
1140.800000  3.136704e-023
1141.000000  2.169287e-023
1141.200000  7.258632e-023
1141.400000  3.087943e-023
1141.600000  4.121080e-023
1141.800000  2.348898e-023
1142.000000  4.128304e-023
1142.200000  3.615029e-023
1142.400000  4.135540e-023
1142.600000  5.633303e-023
1142.800000  3.682547e-023
1143.000000  3.627706e-023
1143.200000  3.630881e-023
1143.400000  5.019047e-023
1143.600000  3.522099e-023
1143.800000  3.640420e-023
1144.000000  3.933251e-023
1144.200000  3.242095e-023
1144.400000  2.780812e-023
1144.600000  4.407451e-023
1144.800000  4.363184e-023
1145.000000  4.716487e-023
1145.200000  1.981522e-023
1145.400000  5.599657e-023
1145.600000  3.327883e-023
1145.800000  2.863173e-023
1146.000000  4.854125e-023
1146.200000  1.580636e-023
1146.400000  4.042128e-023
1146.600000  4.573235e-023
1146.800000  2.816653e-023
1147.000000  2.878197e-023
1147.200000  9.994425e-024
1147.400000  3.765811e-023
1147.600000  4.063328e-023
1147.800000  2.416536e-023
1148.000000  3.303544e-023
1148.200000  2.066349e-023
1148.400000  1.418178e-023
1148.600000  2.424970e-023
1148.800000  2.841300e-023
1149.000000  2.429195e-023
1149.200000  5.930461e-023
1149.400000  0.000000e+000
1149.600000  2.257593e-023
1149.800000  2.264874e-023
1150.000000  1.968190e-023
