800.000000  9.319848e-023
800.200000  1.999673e-023
800.400000  8.571997e-023
800.600000  -7.555556e-023
800.800000  -4.608056e-024
801.000000  -1.113358e-022
801.200000  -3.790827e-023
801.400000  -1.119567e-022
801.600000  -1.466534e-022
801.800000  -2.321292e-022
802.000000  -6.647994e-023
802.200000  -4.833830e-023
802.400000  -9.389605e-025
802.600000  -1.003320e-022
802.800000  1.299764e-023
803.000000  -5.201266e-023
803.200000  -5.233410e-023
803.400000  -2.075411e-023
803.600000  5.931733e-023
803.800000  -1.732525e-023
804.000000  5.721129e-023
804.200000  4.831317e-023
804.400000  1.072999e-022
804.600000  2.821931e-023
804.800000  9.599150e-023
805.000000  9.039682e-023
805.200000  5.015483e-023
805.400000  2.813102e-023
805.600000  -1.034899e-023
805.800000  -8.443511e-024
806.000000  -2.555402e-023
806.200000  3.278542e-023
806.400000  -7.286465e-023
806.600000  8.911753e-023
806.800000  -3.331708e-024
807.000000  -1.953469e-023
807.200000  -8.376243e-024
807.400000  -1.935823e-023
807.600000  -2.654746e-023
807.800000  -5.837205e-023
808.000000  -2.100996e-023
808.200000  3.124211e-023
808.400000  -3.748132e-023
808.600000  -3.962063e-023
808.800000  8.777892e-023
809.000000  3.807802e-023
809.200000  1.472475e-023
809.400000  6.749406e-023
809.600000  1.089242e-022
809.800000  8.721534e-023
810.000000  -5.073800e-023
810.200000  1.082337e-022
810.400000  1.094649e-022
810.600000  1.856303e-022
810.800000  4.234467e-023
811.000000  5.611880e-023
811.200000  1.244590e-022
811.400000  -4.886173e-023
811.600000  -2.870879e-023
811.800000  8.411919e-023
812.000000  3.985287e-023
812.200000  2.663835e-023
812.400000  -4.258161e-023
812.600000  1.142079e-022
812.800000  1.635310e-022
813.000000  1.102552e-022
813.200000  1.349833e-022
813.400000  1.103011e-022
813.600000  2.241144e-022
813.800000  7.781688e-023
814.000000  2.383943e-022
814.200000  1.119360e-022
814.400000  1.454582e-022
814.600000  1.042131e-022
814.800000  2.676847e-023
815.000000  1.778149e-022
815.200000  1.623538e-022
815.400000  1.148304e-022
815.600000  5.586059e-023
815.800000  1.697667e-022
816.000000  1.263482e-022
816.200000  6.879903e-023
816.400000  1.153357e-022
816.600000  4.960275e-023
816.800000  9.176416e-023
817.000000  1.087883e-022
817.200000  8.570440e-023
817.400000  1.633407e-022
817.600000  8.815109e-023
817.800000  3.037501e-023
818.000000  7.389588e-023
818.200000  3.381330e-023
818.400000  4.305664e-023
818.600000  -5.166602e-023
818.800000  1.416558e-023
819.000000  1.556390e-023
819.200000  3.458400e-023
819.400000  -2.225232e-023
819.600000  5.975584e-023
819.800000  1.068101e-022
820.000000  2.076708e-023
820.200000  -3.906709e-023
820.400000  9.312334e-023
820.600000  7.852397e-023
820.800000  7.421343e-023
821.000000  -1.042092e-023
821.200000  5.537245e-023
821.400000  1.338755e-023
821.600000  -2.362894e-023
821.800000  4.007811e-023
822.000000  1.344650e-022
822.200000  -5.990034e-023
822.400000  -2.243256e-023
822.600000  8.118491e-023
822.800000  8.257872e-023
823.000000  -3.820470e-023
823.200000  -1.236531e-022
823.400000  -3.267923e-023
823.600000  -3.935225e-023
823.800000  -1.063643e-023
824.000000  -1.032488e-022
824.200000  -3.084349e-023
824.400000  -9.903585e-023
824.600000  -7.725752e-023
824.800000  -1.129312e-022
825.000000  -1.283404e-022
825.200000  1.857282e-023
825.400000  -1.381161e-022
825.600000  -1.082004e-022
825.800000  -3.835094e-023
826.000000  -7.361794e-023
826.200000  -9.019784e-024
826.400000  -5.119736e-023
826.600000  -9.187868e-024
826.800000  -4.013399e-023
827.000000  -4.285179e-023
827.200000  4.394891e-023
827.400000  -1.828298e-023
827.600000  -8.462320e-024
827.800000  -6.886743e-023
828.000000  -7.260369e-024
828.200000  1.344214e-023
828.400000  -6.702123e-023
828.600000  -4.304646e-023
828.800000  1.031053e-022
829.000000  -1.517887e-023
829.200000  -4.460230e-023
829.400000  4.910956e-023
829.600000  5.942020e-023
829.800000  4.619119e-023
830.000000  6.728960e-023
830.200000  4.144525e-024
830.400000  6.489193e-024
830.600000  5.754143e-023
830.800000  -2.930020e-024
831.000000  -7.995836e-026
831.200000  -4.164678e-024
831.400000  3.798829e-023
831.600000  -1.338353e-024
831.800000  7.216434e-023
832.000000  5.868291e-023
832.200000  1.392056e-022
832.400000  6.411303e-023
832.600000  6.810030e-024
832.800000  1.377770e-022
833.000000  4.788029e-023
833.200000  8.206400e-023
833.400000  6.023888e-023
833.600000  1.151198e-022
833.800000  7.880589e-023
834.000000  1.055269e-023
834.200000  6.189676e-023
834.400000  6.967880e-023
834.600000  -1.217739e-023
834.800000  -5.594771e-023
835.000000  -1.832970e-023
835.200000  1.434701e-023
835.400000  -6.997579e-023
835.600000  -3.611987e-023
835.800000  5.142502e-023
836.000000  5.202813e-023
836.200000  -4.098190e-023
836.400000  -3.023522e-023
836.600000  2.759114e-024
836.800000  1.746077e-024
837.000000  -1.173157e-023
837.200000  2.946227e-024
837.400000  1.163828e-022
837.600000  8.868438e-023
837.800000  4.555730e-023
838.000000  8.856248e-023
838.200000  2.246919e-022
838.400000  1.375433e-022
838.600000  1.058652e-022
838.800000  1.275065e-022
839.000000  1.202037e-022
839.200000  1.085396e-023
839.400000  2.039624e-023
839.600000  3.462001e-023
839.800000  1.254557e-023
840.000000  2.197531e-023
840.200000  -1.147346e-023
840.400000  -3.708969e-023
840.600000  -6.069088e-023
840.800000  -9.914781e-023
841.000000  -1.313517e-022
841.200000  -8.935991e-023
841.400000  -1.827288e-022
841.600000  -1.413926e-022
841.800000  -3.842772e-023
842.000000  -1.837661e-022
842.200000  -8.130553e-023
842.400000  -1.539798e-022
842.600000  -7.725252e-023
842.800000  -5.271616e-023
843.000000  -3.917748e-023
843.200000  -3.443019e-023
843.400000  -2.734386e-023
843.600000  -7.255193e-024
843.800000  -5.513678e-023
844.000000  -1.533200e-023
844.200000  5.503361e-023
844.400000  -4.679101e-023
844.600000  7.749273e-024
844.800000  -2.946751e-023
845.000000  3.343835e-023
845.200000  3.249292e-023
845.400000  9.348115e-023
845.600000  1.267458e-022
845.800000  1.054759e-022
846.000000  9.993583e-023
846.200000  1.052237e-022
846.400000  8.109639e-023
846.600000  1.576521e-022
846.800000  1.453245e-022
847.000000  8.534775e-023
847.200000  6.793968e-023
847.400000  1.649996e-022
847.600000  1.449154e-022
847.800000  1.366423e-022
848.000000  8.896224e-023
848.200000  8.751985e-023
848.400000  1.457943e-022
848.600000  6.678452e-023
848.800000  9.002320e-023
849.000000  7.162711e-023
849.200000  6.030248e-023
849.400000  5.112303e-023
849.600000  4.419964e-023
849.800000  6.663130e-023
850.000000  -2.968015e-023
850.200000  -9.240041e-025
850.400000  2.142102e-023
850.600000  4.863841e-023
850.800000  -2.403460e-023
851.000000  -1.663973e-023
851.200000  9.568099e-023
851.400000  -3.651800e-023
851.600000  2.607541e-023
851.800000  3.741110e-023
852.000000  5.034687e-023
852.200000  3.530743e-023
852.400000  1.032689e-023
852.600000  7.947247e-023
852.800000  6.006401e-023
853.000000  -2.763029e-023
853.200000  -6.331848e-023
853.400000  1.268467e-023
853.600000  2.970850e-023
853.800000  -4.377874e-023
854.000000  -7.279375e-024
854.200000  5.386107e-023
854.400000  -1.550581e-023
854.600000  -9.388820e-023
854.800000  -4.710032e-023
855.000000  -1.471950e-024
855.200000  -3.785394e-023
855.400000  -1.093041e-022
855.600000  -1.896502e-023
855.800000  -8.486721e-023
856.000000  -4.975440e-023
856.200000  -1.246604e-022
856.400000  -4.032958e-023
856.600000  -7.755562e-023
856.800000  -6.401246e-023
857.000000  -3.674371e-023
857.200000  -7.870377e-024
857.400000  -3.282840e-024
857.600000  -3.000993e-023
857.800000  -3.469393e-023
858.000000  -4.457165e-023
858.200000  1.421079e-023
858.400000  -3.905480e-023
858.600000  -3.591259e-025
858.800000  4.021958e-023
859.000000  9.801834e-024
859.200000  8.866404e-023
859.400000  1.341968e-022
859.600000  7.047104e-023
859.800000  1.554255e-022
860.000000  1.814012e-022
860.200000  1.499688e-022
860.400000  2.122671e-022
860.600000  1.783870e-022
860.800000  2.208750e-022
861.000000  1.946275e-022
861.200000  1.825797e-022
861.400000  1.354154e-022
861.600000  9.536270e-023
861.800000  8.014467e-023
862.000000  1.110738e-022
862.200000  7.760006e-023
862.400000  6.566642e-024
862.600000  1.107021e-022
862.800000  6.483222e-023
863.000000  5.448055e-023
863.200000  -2.790541e-023
863.400000  6.507127e-024
863.600000  1.262493e-023
863.800000  1.395140e-023
864.000000  9.055620e-024
864.200000  4.558381e-023
864.400000  7.359777e-023
864.600000  2.522060e-023
864.800000  6.699229e-023
865.000000  1.051158e-022
865.200000  1.564299e-022
865.400000  1.163040e-022
865.600000  1.326519e-022
865.800000  2.643995e-022
866.000000  1.328008e-022
866.200000  1.475483e-022
866.400000  1.637930e-022
866.600000  1.869970e-022
866.800000  2.668422e-023
867.000000  9.219143e-023
867.200000  7.743832e-023
867.400000  1.024292e-022
867.600000  3.777924e-023
867.800000  1.255851e-022
868.000000  1.142479e-022
868.200000  8.489783e-023
868.400000  6.401178e-024
868.600000  1.250963e-022
868.800000  1.463295e-022
869.000000  1.862889e-023
869.200000  1.149036e-022
869.400000  7.616399e-023
869.600000  1.218226e-022
869.800000  6.124705e-023
870.000000  5.809893e-023
870.200000  7.521130e-023
870.400000  4.129582e-023
870.600000  2.030929e-023
870.800000  1.047865e-024
871.000000  1.172867e-023
871.200000  9.092063e-024
871.400000  -4.615074e-023
871.600000  1.776288e-023
871.800000  4.892414e-023
872.000000  6.579795e-023
872.200000  -4.144821e-024
872.400000  5.817011e-023
872.600000  6.401978e-023
872.800000  -7.834511e-024
873.000000  3.357815e-023
873.200000  9.202409e-023
873.400000  4.274642e-023
873.600000  9.866815e-023
873.800000  9.582133e-023
874.000000  4.012926e-023
874.200000  5.073952e-023
874.400000  1.135344e-022
874.600000  3.939838e-023
874.800000  8.194739e-023
875.000000  1.055524e-022
875.200000  1.198192e-022
875.400000  4.544138e-023
875.600000  7.361919e-023
875.800000  7.145480e-023
876.000000  4.671647e-023
876.200000  1.766072e-023
876.400000  6.445706e-023
876.600000  2.041513e-023
876.800000  9.544676e-023
877.000000  2.262164e-023
877.200000  1.303114e-023
877.400000  8.540749e-023
877.600000  7.943376e-023
877.800000  9.037368e-023
878.000000  6.220519e-023
878.200000  1.756328e-022
878.400000  1.546486e-022
878.600000  1.449419e-022
878.800000  2.408292e-022
879.000000  2.969087e-022
879.200000  3.122410e-022
879.400000  3.469412e-022
879.600000  3.926892e-022
879.800000  4.388454e-022
880.000000  4.386716e-022
880.200000  5.163241e-022
880.400000  5.171817e-022
880.600000  5.398590e-022
880.800000  4.676727e-022
881.000000  5.018435e-022
881.200000  4.685350e-022
881.400000  3.900970e-022
881.600000  3.754268e-022
881.800000  4.394706e-022
882.000000  3.140238e-022
882.200000  2.794849e-022
882.400000  2.540353e-022
882.600000  3.041717e-022
882.800000  2.646502e-022
883.000000  2.613811e-022
883.200000  2.149866e-022
883.400000  3.285321e-022
883.600000  2.443562e-022
883.800000  2.119784e-022
884.000000  3.220994e-022
884.200000  3.361666e-022
884.400000  2.096081e-022
884.600000  2.953273e-022
884.800000  3.397262e-022
885.000000  3.581758e-022
885.200000  3.429727e-022
885.400000  3.264746e-022
885.600000  3.843613e-022
885.800000  3.384373e-022
886.000000  3.457900e-022
886.200000  3.047723e-022
886.400000  3.907784e-022
886.600000  3.814381e-022
886.800000  3.801105e-022
887.000000  4.145534e-022
887.200000  3.435968e-022
887.400000  3.641588e-022
887.600000  3.661881e-022
887.800000  3.203463e-022
888.000000  4.385122e-022
888.200000  3.168921e-022
888.400000  3.123178e-022
888.600000  2.745345e-022
888.800000  3.441294e-022
889.000000  3.455744e-022
889.200000  3.138184e-022
889.400000  3.281015e-022
889.600000  3.111051e-022
889.800000  3.370911e-022
890.000000  3.731843e-022
890.200000  3.342271e-022
890.400000  3.768793e-022
890.600000  3.322018e-022
890.800000  3.453007e-022
891.000000  3.694422e-022
891.200000  4.174207e-022
891.400000  4.520444e-022
891.600000  3.836514e-022
891.800000  4.732471e-022
892.000000  4.801927e-022
892.200000  4.998930e-022
892.400000  5.233456e-022
892.600000  4.897637e-022
892.800000  5.678026e-022
893.000000  5.646184e-022
893.200000  5.254455e-022
893.400000  5.760021e-022
893.600000  5.560010e-022
893.800000  5.065795e-022
894.000000  4.718786e-022
894.200000  5.309961e-022
894.400000  5.154982e-022
894.600000  4.495847e-022
894.800000  4.784433e-022
895.000000  5.129415e-022
895.200000  5.140898e-022
895.400000  5.116519e-022
895.600000  4.866171e-022
895.800000  5.418326e-022
896.000000  4.709118e-022
896.200000  4.422904e-022
896.400000  4.616668e-022
896.600000  5.378142e-022
896.800000  4.525266e-022
897.000000  4.349074e-022
897.200000  5.481650e-022
897.400000  5.118919e-022
897.600000  5.350342e-022
897.800000  5.001841e-022
898.000000  5.934639e-022
898.200000  5.317989e-022
898.400000  4.746851e-022
898.600000  5.516638e-022
898.800000  5.427584e-022
899.000000  6.025675e-022
899.200000  5.550970e-022
899.400000  5.860764e-022
899.600000  6.882413e-022
899.800000  5.624071e-022
900.000000  6.506432e-022
900.200000  6.374078e-022
900.400000  6.877525e-022
900.600000  6.181674e-022
900.800000  6.567337e-022
901.000000  6.534904e-022
901.200000  6.068339e-022
901.400000  6.382479e-022
901.600000  6.671380e-022
901.800000  6.331226e-022
902.000000  6.686561e-022
902.200000  6.730534e-022
902.400000  6.684405e-022
902.600000  7.271970e-022
902.800000  7.685662e-022
903.000000  7.910016e-022
903.200000  8.414661e-022
903.400000  8.417805e-022
903.600000  8.358686e-022
903.800000  8.976598e-022
904.000000  8.772457e-022
904.200000  9.090403e-022
904.400000  9.450744e-022
904.600000  9.689260e-022
904.800000  1.002662e-021
905.000000  9.685741e-022
905.200000  1.098865e-021
905.400000  1.083424e-021
905.600000  1.086863e-021
905.800000  1.135756e-021
906.000000  1.112080e-021
906.200000  1.153879e-021
906.400000  1.168510e-021
906.600000  1.272147e-021
906.800000  1.266276e-021
907.000000  1.253849e-021
907.200000  1.242045e-021
907.400000  1.343029e-021
907.600000  1.294977e-021
907.800000  1.246875e-021
908.000000  1.342274e-021
908.200000  1.339626e-021
908.400000  1.236770e-021
908.600000  1.279929e-021
908.800000  1.291574e-021
909.000000  1.257742e-021
909.200000  1.310631e-021
909.400000  1.247761e-021
909.600000  1.376100e-021
909.800000  1.423989e-021
910.000000  1.402522e-021
910.200000  1.429350e-021
910.400000  1.595939e-021
910.600000  1.625282e-021
910.800000  1.766550e-021
911.000000  1.976264e-021
911.200000  2.097053e-021
911.400000  2.225613e-021
911.600000  2.382294e-021
911.800000  2.775735e-021
912.000000  2.667015e-021
912.200000  3.044210e-021
912.400000  3.209813e-021
912.600000  3.423032e-021
912.800000  3.606305e-021
913.000000  3.716864e-021
913.200000  3.878606e-021
913.400000  4.196040e-021
913.600000  4.319421e-021
913.800000  4.465263e-021
914.000000  4.411391e-021
914.200000  4.345842e-021
914.400000  4.403185e-021
914.600000  4.170307e-021
914.800000  4.125716e-021
915.000000  4.070005e-021
915.200000  3.896662e-021
915.400000  3.769241e-021
915.600000  3.762553e-021
915.800000  3.537739e-021
916.000000  3.372106e-021
916.200000  3.406639e-021
916.400000  3.257991e-021
916.600000  3.123577e-021
916.800000  2.928335e-021
917.000000  2.870465e-021
917.200000  2.673985e-021
917.400000  2.585888e-021
917.600000  2.594399e-021
917.800000  2.488042e-021
918.000000  2.371750e-021
918.200000  2.287164e-021
918.400000  2.189264e-021
918.600000  2.225378e-021
918.800000  2.220198e-021
919.000000  2.187172e-021
919.200000  2.148578e-021
919.400000  2.082561e-021
919.600000  2.199251e-021
919.800000  2.149310e-021
920.000000  2.194942e-021
920.200000  2.174147e-021
920.400000  2.161217e-021
920.600000  2.107405e-021
920.800000  2.006264e-021
921.000000  1.985968e-021
921.200000  2.024403e-021
921.400000  1.959145e-021
921.600000  1.978800e-021
921.800000  1.954450e-021
922.000000  2.041116e-021
922.200000  1.945921e-021
922.400000  2.088783e-021
922.600000  2.076274e-021
922.800000  2.157550e-021
923.000000  2.211773e-021
923.200000  2.355845e-021
923.400000  2.430988e-021
923.600000  2.494547e-021
923.800000  2.613546e-021
924.000000  2.797356e-021
924.200000  2.911129e-021
924.400000  2.978294e-021
924.600000  3.146301e-021
924.800000  3.289060e-021
925.000000  3.398081e-021
925.200000  3.558190e-021
925.400000  3.552770e-021
925.600000  3.817072e-021
925.800000  3.992758e-021
926.000000  3.892827e-021
926.200000  4.046034e-021
926.400000  4.199467e-021
926.600000  4.295829e-021
926.800000  4.320051e-021
927.000000  4.447777e-021
927.200000  4.392677e-021
927.400000  4.339524e-021
927.600000  4.269313e-021
927.800000  4.410911e-021
928.000000  4.441631e-021
928.200000  4.421410e-021
928.400000  4.413691e-021
928.600000  4.499156e-021
928.800000  4.477004e-021
929.000000  4.494149e-021
929.200000  4.486653e-021
929.400000  4.509043e-021
929.600000  4.574250e-021
929.800000  4.615525e-021
930.000000  4.585768e-021
930.200000  4.591158e-021
930.400000  4.638921e-021
930.600000  4.698918e-021
930.800000  4.662765e-021
931.000000  4.594900e-021
931.200000  4.439371e-021
931.400000  4.438925e-021
931.600000  4.404542e-021
931.800000  4.499000e-021
932.000000  4.320142e-021
932.200000  4.187766e-021
932.400000  4.285268e-021
932.600000  4.219192e-021
932.800000  4.404335e-021
933.000000  4.485165e-021
933.200000  4.440163e-021
933.400000  4.460090e-021
933.600000  4.600467e-021
933.800000  4.684814e-021
934.000000  4.646763e-021
934.200000  4.939154e-021
934.400000  5.116750e-021
934.600000  5.034433e-021
934.800000  5.138655e-021
935.000000  5.250720e-021
935.200000  5.420417e-021
935.400000  5.415994e-021
935.600000  5.573564e-021
935.800000  5.937912e-021
936.000000  6.099861e-021
936.010000  5.864375e-021
936.020000  5.857815e-021
936.030000  5.833599e-021
936.040000  5.812306e-021
936.050000  5.790997e-021
936.060000  5.757939e-021
936.070000  5.724888e-021
936.080000  5.715249e-021
936.090000  5.705593e-021
936.100000  5.695921e-021
936.110000  5.659864e-021
936.120000  5.626745e-021
936.130000  5.628698e-021
936.140000  5.630657e-021
936.150000  5.635556e-021
936.160000  5.614034e-021
936.170000  5.595427e-021
936.180000  5.585603e-021
936.190000  5.572826e-021
936.200000  5.560029e-021
936.210000  5.552059e-021
936.220000  5.547034e-021
936.230000  5.568374e-021
936.240000  5.586784e-021
936.250000  5.608128e-021
936.260000  5.641239e-021
936.270000  5.671440e-021
936.280000  5.672183e-021
936.290000  5.669983e-021
936.300000  5.670726e-021
936.310000  5.694993e-021
936.320000  5.719270e-021
936.330000  5.728813e-021
936.340000  5.738349e-021
936.350000  5.744930e-021
936.360000  5.783950e-021
936.370000  5.820073e-021
936.380000  5.832539e-021
936.390000  5.844997e-021
936.400000  5.857449e-021
936.410000  5.844816e-021
936.420000  5.832195e-021
936.430000  5.831404e-021
936.440000  5.827658e-021
936.450000  5.826867e-021
936.460000  5.843824e-021
936.470000  5.863770e-021
936.480000  5.854088e-021
936.490000  5.847373e-021
936.500000  5.837701e-021
936.510000  5.857643e-021
936.520000  5.874651e-021
936.530000  5.879799e-021
936.540000  5.881979e-021
936.550000  5.884159e-021
936.560000  5.907163e-021
936.570000  5.930215e-021
936.580000  5.935391e-021
936.590000  5.940571e-021
936.600000  5.942766e-021
936.610000  5.945112e-021
936.620000  5.944469e-021
936.630000  5.952800e-021
936.640000  5.964136e-021
936.650000  5.972490e-021
936.660000  5.968855e-021
936.670000  5.965219e-021
936.680000  5.958584e-021
936.690000  5.954946e-021
936.700000  5.948309e-021
936.710000  5.965667e-021
936.720000  5.980053e-021
936.730000  5.976410e-021
936.740000  5.969760e-021
936.750000  5.966116e-021
936.760000  5.968484e-021
936.770000  5.970854e-021
936.780000  5.970216e-021
936.790000  5.969577e-021
936.800000  5.968939e-021
936.810000  5.987795e-021
936.820000  6.009721e-021
936.830000  5.992370e-021
936.840000  5.978046e-021
936.850000  5.960712e-021
936.860000  5.973551e-021
936.870000  5.989441e-021
936.880000  5.966029e-021
936.890000  5.942641e-021
936.900000  5.922291e-021
936.910000  5.917012e-021
936.920000  5.911730e-021
936.930000  5.909460e-021
936.940000  5.910202e-021
936.950000  5.910946e-021
936.960000  5.911690e-021
936.970000  5.912434e-021
936.980000  5.910159e-021
936.990000  5.910904e-021
937.000000  5.908627e-021
937.010000  5.919989e-021
937.020000  5.931353e-021
937.030000  5.951801e-021
937.040000  5.972265e-021
937.050000  5.995783e-021
937.060000  5.988943e-021
937.070000  5.982113e-021
937.080000  5.984381e-021
937.090000  5.983618e-021
937.100000  5.985884e-021
937.110000  6.006328e-021
937.120000  6.026789e-021
937.130000  6.029041e-021
937.140000  6.031291e-021
937.150000  6.033539e-021
937.160000  6.047925e-021
937.170000  6.062314e-021
937.180000  6.055443e-021
937.190000  6.051613e-021
937.200000  6.044758e-021
937.210000  6.058944e-021
937.220000  6.076187e-021
937.230000  6.078252e-021
937.240000  6.080318e-021
937.250000  6.082384e-021
937.260000  6.102713e-021
937.270000  6.120028e-021
937.280000  6.125157e-021
937.290000  6.130289e-021
937.300000  6.135423e-021
937.310000  6.122235e-021
937.320000  6.109058e-021
937.330000  6.105035e-021
937.340000  6.097966e-021
937.350000  6.093945e-021
937.360000  6.065588e-021
937.370000  6.040325e-021
937.380000  6.033286e-021
937.390000  6.026250e-021
937.400000  6.019217e-021
937.410000  5.981919e-021
937.420000  5.941679e-021
937.430000  5.928596e-021
937.440000  5.915513e-021
937.450000  5.902428e-021
937.460000  5.868313e-021
937.470000  5.834254e-021
937.480000  5.833167e-021
937.490000  5.829081e-021
937.500000  5.827990e-021
937.510000  5.814903e-021
937.520000  5.804812e-021
937.530000  5.797713e-021
937.540000  5.793607e-021
937.550000  5.789497e-021
937.560000  5.767406e-021
937.570000  5.748320e-021
937.580000  5.720280e-021
937.590000  5.695253e-021
937.600000  5.667272e-021
937.610000  5.665457e-021
937.620000  5.666620e-021
937.630000  5.649891e-021
937.640000  5.636135e-021
937.650000  5.622370e-021
937.660000  5.605619e-021
937.670000  5.588861e-021
937.680000  5.592935e-021
937.690000  5.594036e-021
937.700000  5.598124e-021
937.710000  5.551501e-021
937.720000  5.504973e-021
937.730000  5.503020e-021
937.740000  5.501065e-021
937.750000  5.960052e-021
937.760000  5.955737e-021
937.770000  5.952904e-021
937.780000  5.942631e-021
937.790000  5.933843e-021
937.800000  5.925054e-021
937.810000  5.927406e-021
937.820000  5.929756e-021
937.830000  5.936550e-021
937.840000  5.941857e-021
937.850000  5.947160e-021
937.860000  5.959869e-021
937.870000  5.972580e-021
937.880000  5.500744e-021
937.890000  5.514039e-021
937.900000  5.527327e-021
937.910000  5.549521e-021
937.920000  5.571719e-021
937.930000  5.582010e-021
937.940000  5.589316e-021
937.950000  5.599590e-021
937.960000  5.597959e-021
937.970000  5.596332e-021
937.980000  5.594707e-021
937.990000  5.593085e-021
938.000000  5.591466e-021
938.010000  5.576601e-021
938.020000  5.561732e-021
938.030000  5.540949e-021
938.040000  5.517219e-021
938.050000  5.994347e-021
938.060000  5.991207e-021
938.070000  5.988063e-021
938.080000  5.979020e-021
938.090000  5.969977e-021
938.100000  5.960934e-021
938.110000  5.957775e-021
938.120000  5.954613e-021
938.130000  5.955867e-021
938.140000  5.957123e-021
938.150000  5.958382e-021
938.160000  5.959644e-021
938.170000  5.962387e-021
938.180000  5.959213e-021
938.190000  5.954556e-021
938.200000  5.949895e-021
938.210000  5.949766e-021
938.220000  5.949637e-021
938.230000  5.952467e-021
938.240000  5.955299e-021
938.250000  5.958131e-021
938.260000  5.968383e-021
938.270000  5.977166e-021
938.280000  5.974060e-021
938.290000  5.969470e-021
938.300000  5.966367e-021
938.310000  5.967717e-021
938.320000  5.969068e-021
938.330000  5.967448e-021
938.340000  5.964343e-021
938.350000  5.961240e-021
938.360000  5.955173e-021
938.370000  5.947632e-021
938.380000  5.953417e-021
938.390000  5.957725e-021
938.400000  5.508865e-021
938.410000  5.949959e-021
938.420000  5.936436e-021
938.430000  5.936221e-021
938.440000  5.937483e-021
938.450000  5.937269e-021
938.460000  5.945916e-021
938.470000  5.956051e-021
938.480000  5.951396e-021
938.490000  5.946747e-021
938.500000  5.942103e-021
938.510000  5.933044e-021
938.520000  5.924003e-021
938.530000  5.935568e-021
938.540000  5.947151e-021
938.550000  5.958752e-021
938.560000  5.958536e-021
938.570000  5.959797e-021
938.580000  5.964016e-021
938.590000  5.969715e-021
938.600000  5.975417e-021
938.610000  5.983533e-021
938.620000  5.993125e-021
938.630000  5.513778e-021
938.640000  5.536454e-021
938.650000  5.559132e-021
938.660000  5.561043e-021
938.670000  5.562952e-021
938.680000  5.576703e-021
938.690000  5.587481e-021
938.700000  5.601214e-021
938.710000  5.620867e-021
938.720000  5.643485e-021
938.730000  5.660164e-021
938.740000  5.673865e-021
938.750000  5.690529e-021
938.760000  5.716111e-021
938.770000  5.738722e-021
938.780000  5.758354e-021
938.790000  5.777982e-021
938.800000  5.797608e-021
938.810000  5.803919e-021
938.820000  5.810238e-021
938.830000  5.810580e-021
938.840000  5.813917e-021
938.850000  5.817258e-021
938.860000  5.820602e-021
938.870000  5.826953e-021
938.880000  5.821299e-021
938.890000  5.815641e-021
938.900000  5.806979e-021
938.910000  5.804318e-021
938.920000  5.804659e-021
938.930000  5.801996e-021
938.940000  5.802336e-021
938.950000  5.802677e-021
938.960000  5.784977e-021
938.970000  5.770289e-021
938.980000  5.761606e-021
938.990000  5.752922e-021
939.000000  5.744235e-021
939.010000  5.750300e-021
939.020000  5.756361e-021
939.030000  5.771423e-021
939.040000  5.789494e-021
939.050000  5.807573e-021
939.060000  5.822651e-021
939.070000  5.837731e-021
939.080000  5.846787e-021
939.090000  5.858856e-021
939.100000  5.867908e-021
939.110000  5.886010e-021
939.120000  5.904122e-021
939.130000  5.919218e-021
939.140000  5.934318e-021
939.150000  5.949421e-021
939.160000  5.955439e-021
939.170000  5.958427e-021
939.180000  5.967467e-021
939.190000  5.979535e-021
939.200000  5.988571e-021
939.210000  6.000807e-021
939.220000  6.016084e-021
939.230000  6.028334e-021
939.240000  6.040590e-021
939.250000  6.052852e-021
939.260000  6.077306e-021
939.270000  6.098744e-021
939.280000  6.111040e-021
939.290000  6.120285e-021
939.300000  6.132591e-021
939.310000  6.135722e-021
939.320000  6.141912e-021
939.330000  6.166479e-021
939.340000  6.191083e-021
939.350000  6.215724e-021
939.360000  6.215776e-021
939.370000  6.215827e-021
939.380000  6.243573e-021
939.390000  6.271368e-021
939.400000  6.296119e-021
939.410000  6.313754e-021
939.420000  6.331399e-021
939.430000  6.333555e-021
939.440000  6.335710e-021
939.450000  6.340960e-021
939.460000  6.358602e-021
939.470000  6.373151e-021
939.480000  6.397024e-021
939.490000  6.417811e-021
939.500000  6.438616e-021
939.510000  6.468800e-021
939.520000  6.499033e-021
939.530000  6.526181e-021
939.540000  6.556506e-021
939.550000  6.583735e-021
939.560000  6.579524e-021
939.570000  6.572179e-021
939.580000  6.580539e-021
939.590000  6.588898e-021
939.600000  6.597255e-021
939.610000  6.617250e-021
939.620000  6.634131e-021
939.630000  6.635261e-021
939.640000  6.633236e-021
939.650000  6.631212e-021
939.660000  6.635496e-021
939.670000  6.639784e-021
939.680000  6.669373e-021
939.690000  6.702219e-021
939.700000  6.731981e-021
939.710000  6.742693e-021
939.720000  6.750229e-021
939.730000  6.760964e-021
939.740000  6.771712e-021
939.750000  6.782473e-021
939.760000  6.790045e-021
939.770000  6.794421e-021
939.780000  6.805211e-021
939.790000  6.816015e-021
939.800000  6.826832e-021
939.810000  6.816029e-021
939.820000  6.805238e-021
939.830000  6.823324e-021
939.840000  6.844645e-021
939.850000  6.862777e-021
939.860000  6.877705e-021
939.870000  6.895874e-021
939.880000  6.930235e-021
939.890000  6.964682e-021
939.900000  6.999215e-021
939.910000  6.998001e-021
939.920000  6.993536e-021
939.930000  7.011840e-021
939.940000  7.026907e-021
939.950000  7.045251e-021
939.960000  7.057082e-021
939.970000  7.068921e-021
939.980000  7.093858e-021
939.990000  7.118839e-021
940.000000  7.143863e-021
940.010000  7.155235e-021
940.020000  7.169907e-021
940.030000  7.181297e-021
940.040000  7.179507e-021
940.050000  7.174424e-021
940.060000  7.192407e-021
940.070000  7.213715e-021
940.080000  7.231746e-021
940.090000  7.233251e-021
940.100000  7.231448e-021
940.110000  7.262749e-021
940.120000  7.297447e-021
940.130000  7.328903e-021
940.140000  7.333739e-021
940.150000  7.338576e-021
940.160000  7.353422e-021
940.170000  7.371624e-021
940.180000  7.386503e-021
940.190000  7.404746e-021
940.200000  7.423013e-021
940.210000  7.427895e-021
940.220000  7.436145e-021
940.230000  7.444407e-021
940.240000  7.445946e-021
940.250000  7.450856e-021
940.260000  7.438920e-021
940.270000  7.430353e-021
940.280000  7.418418e-021
940.290000  7.453665e-021
940.300000  7.485656e-021
940.310000  7.497394e-021
940.320000  7.505757e-021
940.330000  7.514133e-021
940.340000  7.505519e-021
940.350000  7.493508e-021
940.360000  7.498481e-021
940.370000  7.503462e-021
940.380000  7.505044e-021
940.390000  7.544149e-021
940.400000  7.579986e-021
940.410000  7.596757e-021
940.420000  7.610101e-021
940.430000  7.623445e-021
940.440000  7.629918e-021
940.450000  7.636388e-021
940.460000  7.656600e-021
940.470000  7.680267e-021
940.480000  7.700508e-021
940.490000  7.710411e-021
940.500000  7.716863e-021
940.510000  7.740565e-021
940.520000  7.760830e-021
940.530000  7.781108e-021
940.540000  7.797933e-021
940.550000  7.814764e-021
940.560000  7.835071e-021
940.570000  7.851916e-021
940.580000  7.868766e-021
940.590000  7.875186e-021
940.600000  7.881603e-021
940.610000  7.884262e-021
940.620000  7.883443e-021
940.630000  7.886105e-021
940.640000  7.885286e-021
940.650000  7.884467e-021
940.660000  7.890618e-021
940.670000  7.900268e-021
940.680000  7.906438e-021
940.690000  7.891652e-021
940.700000  7.873387e-021
940.710000  7.879540e-021
940.720000  7.885701e-021
940.730000  7.891870e-021
940.740000  7.891050e-021
940.750000  7.890230e-021
940.760000  7.896409e-021
940.770000  7.906100e-021
940.780000  7.912297e-021
940.790000  7.900960e-021
940.800000  7.889626e-021
940.810000  7.910311e-021
940.820000  7.927488e-021
940.830000  7.944660e-021
940.840000  7.972372e-021
940.850000  8.000100e-021
940.860000  8.017271e-021
940.870000  8.034437e-021
940.880000  8.055127e-021
940.890000  8.065228e-021
940.900000  8.075320e-021
940.910000  8.103058e-021
940.920000  8.130814e-021
940.930000  8.158586e-021
940.940000  8.158018e-021
940.950000  8.153914e-021
940.960000  8.153351e-021
940.970000  8.152789e-021
940.980000  8.152227e-021
940.990000  8.190494e-021
941.000000  8.232363e-021
941.010000  8.237808e-021
941.020000  8.246806e-021
941.030000  8.255813e-021
941.040000  8.239961e-021
941.050000  8.227672e-021
941.060000  8.229570e-021
941.070000  8.227922e-021
941.080000  8.229821e-021
941.090000  8.238820e-021
941.100000  8.244276e-021
941.110000  8.253290e-021
941.120000  8.258755e-021
941.130000  8.267785e-021
941.140000  8.262575e-021
941.150000  8.253807e-021
941.160000  8.269961e-021
941.170000  8.286141e-021
941.180000  8.298773e-021
941.190000  8.282840e-021
941.200000  8.266923e-021
941.210000  8.264072e-021
941.220000  8.264784e-021
941.230000  8.261937e-021
941.240000  8.273328e-021
941.250000  8.284723e-021
941.260000  8.285428e-021
941.270000  8.286133e-021
941.280000  8.286837e-021
941.290000  8.291100e-021
941.300000  8.295362e-021
941.310000  8.299623e-021
941.320000  8.303881e-021
941.330000  8.308139e-021
941.340000  8.287498e-021
941.350000  8.263361e-021
941.360000  8.253443e-021
941.370000  8.243540e-021
941.380000  8.233652e-021
941.390000  8.262652e-021
941.400000  8.288154e-021
941.410000  8.280463e-021
941.420000  8.276319e-021
941.430000  8.268635e-021
941.440000  8.264493e-021
941.450000  8.260353e-021
941.460000  8.256214e-021
941.470000  8.255613e-021
941.480000  8.251474e-021
941.490000  8.233204e-021
941.500000  8.211433e-021
941.510000  8.214357e-021
941.520000  8.220810e-021
941.530000  8.223737e-021
941.540000  8.194934e-021
941.550000  8.166197e-021
941.560000  8.172623e-021
941.570000  8.179054e-021
941.580000  8.185488e-021
941.590000  8.191927e-021
941.600000  8.198370e-021
941.610000  8.186747e-021
941.620000  8.175147e-021
941.630000  8.160061e-021
941.640000  8.166032e-021
941.650000  8.172001e-021
941.660000  8.160444e-021
941.670000  8.145413e-021
941.680000  8.133906e-021
941.690000  8.132883e-021
941.700000  8.135348e-021
941.710000  8.148275e-021
941.720000  8.157713e-021
941.730000  8.167149e-021
941.740000  8.159131e-021
941.750000  8.151126e-021
941.760000  8.146614e-021
941.770000  8.145587e-021
941.780000  8.141084e-021
941.790000  8.126173e-021
941.800000  8.111295e-021
941.810000  8.110903e-021
941.820000  8.107046e-021
941.830000  8.103187e-021
941.840000  8.088937e-021
941.850000  8.074695e-021
941.860000  8.067374e-021
941.870000  8.060053e-021
941.880000  8.052732e-021
941.890000  8.045411e-021
941.900000  8.038089e-021
941.910000  8.020413e-021
941.920000  8.002750e-021
941.930000  7.985103e-021
941.940000  7.991563e-021
941.950000  7.998030e-021
941.960000  7.970043e-021
941.970000  7.942101e-021
941.980000  7.917635e-021
941.990000  7.920617e-021
942.000000  7.923601e-021
942.010000  7.897152e-021
942.020000  7.874194e-021
942.030000  7.851296e-021
942.040000  7.842069e-021
942.050000  7.829455e-021
942.060000  7.823656e-021
942.070000  7.817864e-021
942.080000  7.808688e-021
942.090000  7.779221e-021
942.100000  7.749846e-021
942.110000  7.744124e-021
942.120000  7.738408e-021
942.130000  7.729336e-021
942.140000  7.733720e-021
942.150000  7.734740e-021
942.160000  7.725682e-021
942.170000  7.716636e-021
942.180000  7.707604e-021
942.190000  7.685206e-021
942.200000  7.666201e-021
942.210000  7.652171e-021
942.220000  7.634818e-021
942.230000  7.620806e-021
942.240000  7.603476e-021
942.250000  7.586159e-021
942.260000  7.568855e-021
942.270000  7.551565e-021
942.280000  7.534287e-021
942.290000  7.490605e-021
942.300000  7.450339e-021
942.310000  7.433154e-021
942.320000  7.419265e-021
942.330000  7.405382e-021
942.340000  7.388229e-021
942.350000  7.371089e-021
942.360000  7.363774e-021
942.370000  7.353188e-021
942.380000  7.342604e-021
942.390000  7.302656e-021
942.400000  7.262813e-021
942.410000  7.254914e-021
942.420000  7.247026e-021
942.430000  7.242389e-021
942.440000  7.228050e-021
942.450000  7.216970e-021
942.460000  7.205909e-021
942.470000  7.198089e-021
942.480000  7.187062e-021
942.490000  7.169628e-021
942.500000  7.152233e-021
942.510000  7.131677e-021
942.520000  7.111172e-021
942.530000  7.090719e-021
942.540000  7.057606e-021
942.550000  7.024609e-021
942.560000  7.013845e-021
942.570000  7.006259e-021
942.580000  6.995527e-021
942.590000  6.984814e-021
942.600000  6.977267e-021
942.610000  6.964154e-021
942.620000  6.951048e-021
942.630000  6.934808e-021
942.640000  6.915444e-021
942.650000  6.896099e-021
942.660000  6.873646e-021
942.670000  6.851221e-021
942.680000  6.828824e-021
942.690000  6.797122e-021
942.700000  6.768586e-021
942.710000  6.755595e-021
942.720000  6.742610e-021
942.730000  6.732728e-021
942.740000  6.704289e-021
942.750000  6.678984e-021
942.760000  6.669125e-021
942.770000  6.656187e-021
942.780000  6.646334e-021
942.790000  6.627251e-021
942.800000  6.608187e-021
942.810000  6.589973e-021
942.820000  6.568703e-021
942.830000  6.550511e-021
942.840000  6.532329e-021
942.850000  6.514155e-021
942.860000  6.502099e-021
942.870000  6.490043e-021
942.880000  6.477987e-021
942.890000  6.462882e-021
942.900000  6.447781e-021
942.910000  6.420512e-021
942.920000  6.393278e-021
942.930000  6.366078e-021
942.940000  6.329840e-021
942.950000  6.290658e-021
942.960000  6.269618e-021
942.970000  6.248593e-021
942.980000  6.227584e-021
942.990000  6.212593e-021
943.000000  6.197606e-021
943.010000  6.174339e-021
943.020000  6.148158e-021
943.030000  6.122062e-021
943.040000  6.099018e-021
943.050000  6.076043e-021
943.060000  6.053136e-021
943.070000  6.030298e-021
943.080000  6.007527e-021
943.090000  5.973097e-021
943.100000  5.938803e-021
943.110000  5.922116e-021
943.120000  5.905471e-021
943.130000  5.888866e-021
943.140000  5.857822e-021
943.150000  5.826889e-021
943.160000  5.839296e-021
943.170000  5.848814e-021
943.180000  5.861217e-021
943.190000  5.847634e-021
943.200000  5.834081e-021
943.210000  5.818325e-021
943.220000  5.802601e-021
943.230000  5.786909e-021
943.240000  5.751241e-021
943.250000  5.715704e-021
943.260000  5.708699e-021
943.270000  5.698862e-021
943.280000  5.691878e-021
943.290000  5.687738e-021
943.300000  5.683603e-021
943.310000  5.662492e-021
943.320000  5.641434e-021
943.330000  5.620427e-021
943.340000  5.613530e-021
943.350000  5.606642e-021
943.360000  5.596955e-021
943.370000  5.587282e-021
943.380000  5.577624e-021
943.390000  5.553999e-021
943.400000  5.530436e-021
943.410000  5.505393e-021
943.420000  5.580401e-021
943.430000  5.558451e-021
943.440000  5.540671e-021
943.450000  5.521511e-021
943.460000  5.499593e-021
943.470000  5.477689e-021
943.480000  5.454421e-021
943.490000  5.432548e-021
943.500000  5.409315e-021
943.510000  5.394328e-021
943.520000  5.377970e-021
943.530000  5.361613e-021
943.540000  5.335680e-021
943.550000  5.309777e-021
943.560000  5.293438e-021
943.570000  5.277100e-021
943.580000  5.260764e-021
943.590000  5.248512e-021
943.600000  5.237621e-021
943.610000  5.217216e-021
943.620000  5.196826e-021
943.630000  5.176450e-021
943.640000  5.161503e-021
943.650000  5.147912e-021
943.660000  5.128912e-021
943.670000  5.111272e-021
943.680000  5.093639e-021
943.690000  5.077361e-021
943.700000  5.061087e-021
943.710000  5.048855e-021
943.720000  5.036623e-021
943.730000  5.024390e-021
943.740000  4.998718e-021
943.750000  4.974420e-021
943.760000  4.954162e-021
943.770000  4.933918e-021
943.780000  4.915022e-021
943.790000  4.901465e-021
943.800000  4.887909e-021
943.810000  4.877050e-021
943.820000  4.866205e-021
943.830000  4.854048e-021
943.840000  4.859143e-021
943.850000  4.864246e-021
943.860000  4.862706e-021
943.870000  4.861167e-021
943.880000  4.859628e-021
943.890000  4.852776e-021
943.900000  4.845928e-021
943.910000  4.844389e-021
943.920000  4.841523e-021
943.930000  4.839984e-021
943.940000  4.830492e-021
943.950000  4.821010e-021
943.960000  4.816826e-021
943.970000  4.812642e-021
943.980000  4.809782e-021
943.990000  4.798999e-021
944.000000  4.788231e-021
944.200000  4.397976e-021
944.400000  4.280673e-021
944.600000  4.136897e-021
944.800000  3.919785e-021
945.000000  3.690144e-021
945.200000  3.634186e-021
945.400000  3.352880e-021
945.600000  3.341056e-021
945.800000  3.125254e-021
946.000000  2.975510e-021
946.200000  2.875190e-021
946.400000  2.753691e-021
946.600000  2.647223e-021
946.800000  2.523108e-021
947.000000  2.430645e-021
947.200000  2.326256e-021
947.400000  2.289044e-021
947.600000  2.206624e-021
947.800000  2.234535e-021
948.000000  2.157108e-021
948.200000  2.176175e-021
948.400000  2.145433e-021
948.600000  2.106756e-021
948.800000  2.076907e-021
949.000000  2.027358e-021
949.200000  2.027485e-021
949.400000  2.032514e-021
949.600000  1.974321e-021
949.800000  1.939726e-021
950.000000  1.868734e-021
950.200000  1.895219e-021
950.400000  1.879226e-021
950.600000  1.866883e-021
950.800000  1.847955e-021
951.000000  1.800700e-021
951.200000  1.727180e-021
951.400000  1.756945e-021
951.600000  1.732559e-021
951.800000  1.630949e-021
952.000000  1.670610e-021
952.200000  1.574717e-021
952.400000  1.539041e-021
952.600000  1.510098e-021
952.800000  1.460443e-021
953.000000  1.463607e-021
953.200000  1.488003e-021
953.400000  1.460447e-021
953.600000  1.497360e-021
953.800000  1.533433e-021
954.000000  1.584702e-021
954.200000  1.574211e-021
954.400000  1.676991e-021
954.600000  1.693559e-021
954.800000  1.723861e-021
955.000000  1.710010e-021
955.200000  1.803807e-021
955.400000  1.826807e-021
955.600000  1.837366e-021
955.800000  1.853839e-021
956.000000  1.822674e-021
956.200000  1.838347e-021
956.400000  1.826301e-021
956.600000  1.805281e-021
956.800000  1.810626e-021
957.000000  1.802187e-021
957.200000  1.815146e-021
957.400000  1.854966e-021
957.600000  1.865796e-021
957.800000  1.835371e-021
958.000000  1.835251e-021
958.200000  1.859163e-021
958.400000  1.857152e-021
958.600000  1.791347e-021
958.800000  1.794036e-021
959.000000  1.797732e-021
959.200000  1.760766e-021
959.400000  1.700897e-021
959.600000  1.637733e-021
959.800000  1.642338e-021
960.000000  1.582787e-021
960.200000  1.522448e-021
960.400000  1.452772e-021
960.600000  1.417136e-021
960.800000  1.383211e-021
961.000000  1.319154e-021
961.200000  1.263352e-021
961.400000  1.282638e-021
961.600000  1.241611e-021
961.800000  1.184982e-021
962.000000  1.160985e-021
962.200000  1.179057e-021
962.400000  1.185948e-021
962.600000  1.183975e-021
962.800000  1.235490e-021
963.000000  1.229259e-021
963.200000  1.259277e-021
963.400000  1.259536e-021
963.600000  1.325326e-021
963.800000  1.347420e-021
964.000000  1.391308e-021
964.200000  1.428564e-021
964.400000  1.523539e-021
964.600000  1.573428e-021
964.800000  1.641211e-021
965.000000  1.632680e-021
965.200000  1.726828e-021
965.400000  1.777965e-021
965.600000  1.839078e-021
965.800000  1.932170e-021
966.000000  2.060364e-021
966.010000  2.066402e-021
966.020000  2.072440e-021
966.030000  2.078478e-021
966.040000  2.084516e-021
966.050000  2.090554e-021
966.060000  2.096592e-021
966.070000  2.102630e-021
966.080000  2.108668e-021
966.090000  2.114706e-021
966.100000  2.120745e-021
966.110000  2.126783e-021
966.120000  2.132821e-021
966.130000  2.138859e-021
966.140000  2.144897e-021
966.150000  2.150935e-021
966.160000  2.156973e-021
966.170000  2.163011e-021
966.180000  2.169049e-021
966.190000  2.175087e-021
966.200000  2.181125e-021
966.210000  2.186498e-021
966.220000  2.191870e-021
966.230000  2.197243e-021
966.240000  2.202615e-021
966.250000  2.207988e-021
966.260000  2.213360e-021
966.270000  2.218733e-021
966.280000  2.224105e-021
966.290000  2.229477e-021
966.300000  2.234850e-021
966.310000  2.240222e-021
966.320000  2.245595e-021
966.330000  2.250967e-021
966.340000  2.256340e-021
966.350000  2.261712e-021
966.360000  2.267084e-021
966.370000  2.272457e-021
966.380000  2.277829e-021
966.390000  2.283202e-021
966.400000  2.288574e-021
966.410000  2.296561e-021
966.420000  2.304547e-021
966.430000  2.312534e-021
966.440000  2.320521e-021
966.450000  2.328507e-021
966.460000  2.336494e-021
966.470000  2.344480e-021
966.480000  2.352467e-021
966.490000  2.360454e-021
966.500000  2.368440e-021
966.510000  2.376427e-021
966.520000  2.384413e-021
966.530000  2.392400e-021
966.540000  2.400387e-021
966.550000  2.408373e-021
966.560000  2.416360e-021
966.570000  2.424346e-021
966.580000  2.432333e-021
966.590000  2.440320e-021
966.600000  2.448306e-021
966.610000  2.460702e-021
966.620000  2.473098e-021
966.630000  2.485493e-021
966.640000  2.497889e-021
966.650000  2.510285e-021
966.660000  2.522681e-021
966.670000  2.535077e-021
966.680000  2.547472e-021
966.690000  2.559868e-021
966.700000  2.572264e-021
966.710000  2.584660e-021
966.720000  2.597056e-021
966.730000  2.609451e-021
966.740000  2.621847e-021
966.750000  2.634243e-021
966.760000  2.646639e-021
966.770000  2.659034e-021
966.780000  2.671430e-021
966.790000  2.683826e-021
966.800000  2.696222e-021
966.810000  2.708828e-021
966.820000  2.721434e-021
966.830000  2.734040e-021
966.840000  2.746646e-021
966.850000  2.759253e-021
966.860000  2.771859e-021
966.870000  2.784465e-021
966.880000  2.797071e-021
966.890000  2.809677e-021
966.900000  2.822284e-021
966.910000  2.834890e-021
966.920000  2.847496e-021
966.930000  2.860102e-021
966.940000  2.872708e-021
966.950000  2.885314e-021
966.960000  2.897921e-021
966.970000  2.910527e-021
966.980000  2.923133e-021
966.990000  2.935739e-021
967.000000  2.948345e-021
967.010000  2.964604e-021
967.020000  2.980862e-021
967.030000  2.997121e-021
967.040000  3.013380e-021
967.050000  3.029638e-021
967.060000  3.045897e-021
967.070000  3.062156e-021
967.080000  3.078414e-021
967.090000  3.094673e-021
967.100000  3.110932e-021
967.110000  3.127190e-021
967.120000  3.143449e-021
967.130000  3.159707e-021
967.140000  3.175966e-021
967.150000  3.192225e-021
967.160000  3.208483e-021
967.170000  3.224742e-021
967.180000  3.241001e-021
967.190000  3.257259e-021
967.200000  3.273518e-021
967.210000  3.290671e-021
967.220000  3.307823e-021
967.230000  3.324976e-021
967.240000  3.342129e-021
967.250000  3.359281e-021
967.260000  3.376434e-021
967.270000  3.393587e-021
967.280000  3.410740e-021
967.290000  3.427892e-021
967.300000  3.445045e-021
967.310000  3.462198e-021
967.320000  3.479350e-021
967.330000  3.496503e-021
967.340000  3.513656e-021
967.350000  3.530808e-021
967.360000  3.547961e-021
967.370000  3.565114e-021
967.380000  3.582267e-021
967.390000  3.599419e-021
967.400000  3.616572e-021
967.410000  3.640640e-021
967.420000  3.664708e-021
967.430000  3.688777e-021
967.440000  3.712845e-021
967.450000  3.736913e-021
967.460000  3.760981e-021
967.470000  3.785050e-021
967.480000  3.809118e-021
967.490000  3.833186e-021
967.500000  3.857255e-021
967.510000  3.881323e-021
967.520000  3.905391e-021
967.530000  3.929459e-021
967.540000  3.953528e-021
967.550000  3.977596e-021
967.560000  4.001664e-021
967.570000  4.025732e-021
967.580000  4.049801e-021
967.590000  4.073869e-021
967.600000  4.097937e-021
967.610000  4.124640e-021
967.620000  4.151344e-021
967.630000  4.178047e-021
967.640000  4.204750e-021
967.650000  4.231453e-021
967.660000  4.258157e-021
967.670000  4.284860e-021
967.680000  4.311563e-021
967.690000  4.338266e-021
967.700000  4.364970e-021
967.710000  4.391673e-021
967.720000  4.418376e-021
967.730000  4.445079e-021
967.740000  4.471783e-021
967.750000  4.498486e-021
967.760000  4.510629e-021
967.770000  4.521302e-021
967.780000  4.556248e-021
967.790000  4.591272e-021
967.800000  4.626374e-021
967.810000  4.639568e-021
967.820000  4.652765e-021
967.830000  4.695632e-021
967.840000  4.738609e-021
967.850000  4.781698e-021
967.860000  4.794846e-021
967.870000  4.807998e-021
967.880000  4.843320e-021
967.890000  4.877387e-021
967.900000  4.911502e-021
967.910000  4.965459e-021
967.920000  5.018311e-021
967.930000  5.047349e-021
967.940000  5.076409e-021
967.950000  5.106832e-021
967.960000  5.138624e-021
967.970000  5.170452e-021
967.980000  5.205012e-021
967.990000  5.238270e-021
968.000000  5.272926e-021
968.010000  5.303354e-021
968.020000  5.333818e-021
968.030000  5.362953e-021
968.040000  5.390750e-021
968.050000  5.418573e-021
968.060000  5.467060e-021
968.070000  5.514965e-021
968.080000  5.532411e-021
968.090000  5.549887e-021
968.100000  5.570181e-021
968.110000  5.621261e-021
968.120000  5.672573e-021
968.130000  5.664974e-021
968.140000  5.657378e-021
968.150000  5.649784e-021
968.160000  5.718183e-021
968.170000  5.786991e-021
968.180000  5.819136e-021
968.190000  5.851377e-021
968.200000  5.883714e-021
968.210000  5.929139e-021
968.220000  5.974695e-021
968.230000  6.040647e-021
968.240000  6.103989e-021
968.250000  6.170532e-021
968.260000  6.169936e-021
968.270000  6.169341e-021
968.280000  6.268487e-021
968.290000  6.368362e-021
968.300000  6.468976e-021
968.310000  6.447320e-021
968.320000  6.425722e-021
968.330000  6.472735e-021
968.340000  6.516890e-021
968.350000  6.561168e-021
968.360000  6.605570e-021
968.370000  6.653124e-021
968.380000  6.706902e-021
968.390000  6.763927e-021
968.400000  6.821170e-021
968.410000  6.847516e-021
968.420000  6.873939e-021
968.430000  6.922087e-021
968.440000  6.970461e-021
968.450000  7.022187e-021
968.460000  7.017820e-021
968.470000  7.013452e-021
968.480000  7.056023e-021
968.490000  7.095627e-021
968.500000  7.138547e-021
968.510000  7.159471e-021
968.520000  7.180447e-021
968.530000  7.226931e-021
968.540000  7.273627e-021
968.550000  7.323750e-021
968.560000  7.364437e-021
968.570000  7.405291e-021
968.580000  7.465823e-021
968.590000  7.526702e-021
968.600000  7.587931e-021
968.610000  7.580725e-021
968.620000  7.573530e-021
968.630000  7.605759e-021
968.640000  7.641339e-021
968.650000  7.676989e-021
968.660000  7.749217e-021
968.670000  7.821805e-021
968.680000  7.877966e-021
968.690000  7.934332e-021
968.700000  7.994289e-021
968.710000  7.990055e-021
968.720000  7.985825e-021
968.730000  8.039138e-021
968.740000  8.096039e-021
968.750000  8.153152e-021
968.760000  8.162474e-021
968.770000  8.171795e-021
968.780000  8.211969e-021
968.790000  8.252237e-021
968.800000  8.292599e-021
968.810000  8.314706e-021
968.820000  8.336873e-021
968.830000  8.369534e-021
968.840000  8.402312e-021
968.850000  8.438710e-021
968.860000  8.471738e-021
968.870000  8.504885e-021
968.880000  8.492280e-021
968.890000  8.479676e-021
968.900000  8.467074e-021
968.910000  8.514393e-021
968.920000  8.561941e-021
968.930000  8.581237e-021
968.940000  8.604145e-021
968.950000  8.627118e-021
968.960000  8.621539e-021
968.970000  8.615958e-021
968.980000  8.621097e-021
968.990000  8.629823e-021
969.000000  8.634979e-021
969.010000  8.654892e-021
969.020000  8.674832e-021
969.030000  8.680408e-021
969.040000  8.682390e-021
969.050000  8.687968e-021
969.060000  8.715147e-021
969.070000  8.742379e-021
969.080000  8.737140e-021
969.090000  8.735512e-021
969.100000  8.730278e-021
969.110000  8.728653e-021
969.120000  8.723425e-021
969.130000  8.718201e-021
969.140000  8.712981e-021
969.150000  8.707765e-021
969.160000  8.695367e-021
969.170000  8.686574e-021
969.180000  8.688551e-021
969.190000  8.690528e-021
969.200000  8.696093e-021
969.210000  8.677579e-021
969.220000  8.662680e-021
969.230000  8.654954e-021
969.240000  8.643665e-021
969.250000  8.635960e-021
969.260000  8.628263e-021
969.270000  8.620575e-021
969.280000  8.591565e-021
969.290000  8.562638e-021
969.300000  8.537328e-021
969.310000  8.547396e-021
969.320000  8.561006e-021
969.330000  8.525129e-021
969.340000  8.492892e-021
969.350000  8.460757e-021
969.360000  8.428721e-021
969.370000  8.396786e-021
969.380000  8.375388e-021
969.390000  8.350564e-021
969.400000  8.329268e-021
969.410000  8.293253e-021
969.420000  8.257315e-021
969.430000  8.211140e-021
969.440000  8.165104e-021
969.450000  8.119204e-021
969.460000  8.080246e-021
969.470000  8.037988e-021
969.480000  7.985697e-021
969.490000  7.933589e-021
969.500000  7.881661e-021
969.510000  7.846630e-021
969.520000  7.815010e-021
969.530000  7.746859e-021
969.540000  7.679034e-021
969.550000  7.611530e-021
969.560000  7.570536e-021
969.570000  7.529646e-021
969.580000  7.466076e-021
969.590000  7.406023e-021
969.600000  7.342994e-021
969.610000  7.312175e-021
969.620000  7.278201e-021
969.630000  7.218722e-021
969.640000  7.162662e-021
969.650000  7.103647e-021
969.660000  7.054327e-021
969.670000  7.005165e-021
969.680000  6.949899e-021
969.690000  6.894837e-021
969.700000  6.836873e-021
969.710000  6.791503e-021
969.720000  6.743181e-021
969.730000  6.695010e-021
969.740000  6.650049e-021
969.750000  6.602166e-021
969.760000  6.539241e-021
969.770000  6.476588e-021
969.780000  6.414203e-021
969.790000  6.352085e-021
969.800000  6.290231e-021
969.810000  6.259602e-021
969.820000  6.229105e-021
969.830000  6.192842e-021
969.840000  6.153815e-021
969.850000  6.117908e-021
969.860000  6.070523e-021
969.870000  6.023407e-021
969.880000  5.993865e-021
969.890000  5.964448e-021
969.900000  5.938023e-021
969.910000  5.888845e-021
969.920000  5.839953e-021
969.930000  5.802655e-021
969.940000  5.765537e-021
969.950000  5.728598e-021
969.960000  5.680657e-021
969.970000  5.630210e-021
969.980000  5.591127e-021
969.990000  5.552238e-021
970.000000  5.510797e-021
970.010000  5.319773e-021
970.020000  5.280639e-021
970.030000  5.241574e-021
970.040000  5.198515e-021
970.050000  5.156903e-021
970.060000  5.108665e-021
970.070000  5.060570e-021
970.080000  5.013945e-021
970.090000  4.970096e-021
970.100000  4.926350e-021
970.110000  4.890588e-021
970.120000  4.854874e-021
970.130000  4.819207e-021
970.140000  4.779680e-021
970.150000  4.740224e-021
970.160000  4.696958e-021
970.170000  4.655080e-021
970.180000  4.612008e-021
970.190000  4.579262e-021
970.200000  4.479784e-021
970.210000  4.439582e-021
970.220000  4.399380e-021
970.230000  4.359178e-021
970.240000  4.318976e-021
970.250000  4.278774e-021
970.260000  4.238571e-021
970.270000  4.198369e-021
970.280000  4.158167e-021
970.290000  4.117965e-021
970.300000  4.077763e-021
970.310000  4.037561e-021
970.320000  3.997359e-021
970.330000  3.957157e-021
970.340000  3.916955e-021
970.350000  3.876753e-021
970.360000  3.836551e-021
970.370000  3.796349e-021
970.380000  3.756147e-021
970.390000  3.715944e-021
970.400000  3.675742e-021
970.410000  3.649462e-021
970.420000  3.623181e-021
970.430000  3.596901e-021
970.440000  3.570620e-021
970.450000  3.544340e-021
970.460000  3.518059e-021
970.470000  3.491778e-021
970.480000  3.465498e-021
970.490000  3.439217e-021
970.500000  3.412937e-021
970.510000  3.386656e-021
970.520000  3.360376e-021
970.530000  3.334095e-021
970.540000  3.307814e-021
970.550000  3.281534e-021
970.560000  3.255253e-021
970.570000  3.228973e-021
970.580000  3.202692e-021
970.590000  3.176412e-021
970.600000  3.150131e-021
970.610000  3.126503e-021
970.620000  3.102874e-021
970.630000  3.079246e-021
970.640000  3.055618e-021
970.650000  3.031989e-021
970.660000  3.008361e-021
970.670000  2.984733e-021
970.680000  2.961104e-021
970.690000  2.937476e-021
970.700000  2.913848e-021
970.710000  2.890219e-021
970.720000  2.866591e-021
970.730000  2.842962e-021
970.740000  2.819334e-021
970.750000  2.795706e-021
970.760000  2.772077e-021
970.770000  2.748449e-021
970.780000  2.724821e-021
970.790000  2.701192e-021
970.800000  2.677564e-021
970.810000  2.656520e-021
970.820000  2.635476e-021
970.830000  2.614432e-021
970.840000  2.593388e-021
970.850000  2.572344e-021
970.860000  2.551300e-021
970.870000  2.530256e-021
970.880000  2.509212e-021
970.890000  2.488168e-021
970.900000  2.467124e-021
970.910000  2.446080e-021
970.920000  2.425036e-021
970.930000  2.403993e-021
970.940000  2.382949e-021
970.950000  2.361905e-021
970.960000  2.340861e-021
970.970000  2.319817e-021
970.980000  2.298773e-021
970.990000  2.277729e-021
971.000000  2.256685e-021
971.010000  2.240228e-021
971.020000  2.223771e-021
971.030000  2.207314e-021
971.040000  2.190858e-021
971.050000  2.174401e-021
971.060000  2.157944e-021
971.070000  2.141487e-021
971.080000  2.125031e-021
971.090000  2.108574e-021
971.100000  2.092117e-021
971.110000  2.075660e-021
971.120000  2.059203e-021
971.130000  2.042747e-021
971.140000  2.026290e-021
971.150000  2.009833e-021
971.160000  1.993376e-021
971.170000  1.976920e-021
971.180000  1.960463e-021
971.190000  1.944006e-021
971.200000  1.927549e-021
971.210000  1.916118e-021
971.220000  1.904687e-021
971.230000  1.893256e-021
971.240000  1.881825e-021
971.250000  1.870394e-021
971.260000  1.858962e-021
971.270000  1.847531e-021
971.280000  1.836100e-021
971.290000  1.824669e-021
971.300000  1.813238e-021
971.310000  1.801807e-021
971.320000  1.790376e-021
971.330000  1.778945e-021
971.340000  1.767513e-021
971.350000  1.756082e-021
971.360000  1.744651e-021
971.370000  1.733220e-021
971.380000  1.721789e-021
971.390000  1.710358e-021
971.400000  1.698927e-021
971.410000  1.687874e-021
971.420000  1.676821e-021
971.430000  1.665769e-021
971.440000  1.654716e-021
971.450000  1.643664e-021
971.460000  1.632611e-021
971.470000  1.621558e-021
971.480000  1.610506e-021
971.490000  1.599453e-021
971.500000  1.588400e-021
971.510000  1.577348e-021
971.520000  1.566295e-021
971.530000  1.555243e-021
971.540000  1.544190e-021
971.550000  1.533137e-021
971.560000  1.522085e-021
971.570000  1.511032e-021
971.580000  1.499980e-021
971.590000  1.488927e-021
971.600000  1.477874e-021
971.610000  1.468131e-021
971.620000  1.458388e-021
971.630000  1.448645e-021
971.640000  1.438902e-021
971.650000  1.429159e-021
971.660000  1.419416e-021
971.670000  1.409673e-021
971.680000  1.399930e-021
971.690000  1.390187e-021
971.700000  1.380444e-021
971.710000  1.370701e-021
971.720000  1.360958e-021
971.730000  1.351215e-021
971.740000  1.341472e-021
971.750000  1.331729e-021
971.760000  1.321986e-021
971.770000  1.312243e-021
971.780000  1.302500e-021
971.790000  1.292757e-021
971.800000  1.283014e-021
971.810000  1.275562e-021
971.820000  1.268110e-021
971.830000  1.260658e-021
971.840000  1.253207e-021
971.850000  1.245755e-021
971.860000  1.238303e-021
971.870000  1.230851e-021
971.880000  1.223400e-021
971.890000  1.215948e-021
971.900000  1.208496e-021
971.910000  1.201044e-021
971.920000  1.193593e-021
971.930000  1.186141e-021
971.940000  1.178689e-021
971.950000  1.171237e-021
971.960000  1.163786e-021
971.970000  1.156334e-021
971.980000  1.148882e-021
971.990000  1.141430e-021
972.000000  1.133979e-021
972.010000  1.127995e-021
972.020000  1.122012e-021
972.030000  1.116029e-021
972.040000  1.110046e-021
972.050000  1.104062e-021
972.060000  1.098079e-021
972.070000  1.092096e-021
972.080000  1.086112e-021
972.090000  1.080129e-021
972.100000  1.074146e-021
972.110000  1.068163e-021
972.120000  1.062179e-021
972.130000  1.056196e-021
972.140000  1.050213e-021
972.150000  1.044229e-021
972.160000  1.038246e-021
972.170000  1.032263e-021
972.180000  1.026280e-021
972.190000  1.020296e-021
972.200000  1.014313e-021
972.210000  1.009289e-021
972.220000  1.004266e-021
972.230000  9.992421e-022
972.240000  9.942185e-022
972.250000  9.891949e-022
972.260000  9.841712e-022
972.270000  9.791476e-022
972.280000  9.741240e-022
972.290000  9.691004e-022
972.300000  9.640767e-022
972.310000  9.590531e-022
972.320000  9.540295e-022
972.330000  9.490059e-022
972.340000  9.439822e-022
972.350000  9.389586e-022
972.360000  9.339350e-022
972.370000  9.289114e-022
972.380000  9.238877e-022
972.390000  9.188641e-022
972.400000  9.138405e-022
972.410000  9.113370e-022
972.420000  9.088336e-022
972.430000  9.063301e-022
972.440000  9.038266e-022
972.450000  9.013232e-022
972.460000  8.988197e-022
972.470000  8.963163e-022
972.480000  8.938128e-022
972.490000  8.913094e-022
972.500000  8.888059e-022
972.510000  8.863024e-022
972.520000  8.837990e-022
972.530000  8.812955e-022
972.540000  8.787921e-022
972.550000  8.762886e-022
972.560000  8.737852e-022
972.570000  8.712817e-022
972.580000  8.687782e-022
972.590000  8.662748e-022
972.600000  8.637713e-022
972.610000  8.592967e-022
972.620000  8.548220e-022
972.630000  8.503473e-022
972.640000  8.458726e-022
972.650000  8.413980e-022
972.660000  8.369233e-022
972.670000  8.324486e-022
972.680000  8.279740e-022
972.690000  8.234993e-022
972.700000  8.190246e-022
972.710000  8.145500e-022
972.720000  8.100753e-022
972.730000  8.056006e-022
972.740000  8.011260e-022
972.750000  7.966513e-022
972.760000  7.921766e-022
972.770000  7.877020e-022
972.780000  7.832273e-022
972.790000  7.787526e-022
972.800000  7.742780e-022
972.810000  7.724181e-022
972.820000  7.705582e-022
972.830000  7.686983e-022
972.840000  7.668384e-022
972.850000  7.649786e-022
972.860000  7.631187e-022
972.870000  7.612588e-022
972.880000  7.593989e-022
972.890000  7.575391e-022
972.900000  7.556792e-022
972.910000  7.538193e-022
972.920000  7.519594e-022
972.930000  7.500996e-022
972.940000  7.482397e-022
972.950000  7.463798e-022
972.960000  7.445199e-022
972.970000  7.426600e-022
972.980000  7.408002e-022
972.990000  7.389403e-022
973.000000  7.370804e-022
973.010000  7.355780e-022
973.020000  7.340756e-022
973.030000  7.325732e-022
973.040000  7.310707e-022
973.050000  7.295683e-022
973.060000  7.280659e-022
973.070000  7.265635e-022
973.080000  7.250611e-022
973.090000  7.235586e-022
973.100000  7.220562e-022
973.110000  7.205538e-022
973.120000  7.190514e-022
973.130000  7.175490e-022
973.140000  7.160465e-022
973.150000  7.145441e-022
973.160000  7.130417e-022
973.170000  7.115393e-022
973.180000  7.100369e-022
973.190000  7.085344e-022
973.200000  7.070320e-022
973.210000  7.056272e-022
973.220000  7.042224e-022
973.230000  7.028176e-022
973.240000  7.014128e-022
973.250000  7.000080e-022
973.260000  6.986032e-022
973.270000  6.971984e-022
973.280000  6.957936e-022
973.290000  6.943888e-022
973.300000  6.929840e-022
973.310000  6.915792e-022
973.320000  6.901744e-022
973.330000  6.887695e-022
973.340000  6.873647e-022
973.350000  6.859599e-022
973.360000  6.845551e-022
973.370000  6.831503e-022
973.380000  6.817455e-022
973.390000  6.803407e-022
973.400000  6.789359e-022
973.410000  6.764616e-022
973.420000  6.739873e-022
973.430000  6.715130e-022
973.440000  6.690387e-022
973.450000  6.665645e-022
973.460000  6.640902e-022
973.470000  6.616159e-022
973.480000  6.591416e-022
973.490000  6.566673e-022
973.500000  6.541930e-022
973.510000  6.517187e-022
973.520000  6.492444e-022
973.530000  6.467702e-022
973.540000  6.442959e-022
973.550000  6.418216e-022
973.560000  6.393473e-022
973.570000  6.368730e-022
973.580000  6.343987e-022
973.590000  6.319244e-022
973.600000  6.294501e-022
973.610000  6.305008e-022
973.620000  6.315516e-022
973.630000  6.326023e-022
973.640000  6.336530e-022
973.650000  6.347037e-022
973.660000  6.357544e-022
973.670000  6.368051e-022
973.680000  6.378558e-022
973.690000  6.389065e-022
973.700000  6.399572e-022
973.710000  6.410079e-022
973.720000  6.420586e-022
973.730000  6.431093e-022
973.740000  6.441600e-022
973.750000  6.452107e-022
973.760000  6.462614e-022
973.770000  6.473121e-022
973.780000  6.483628e-022
973.790000  6.494135e-022
973.800000  6.504642e-022
973.810000  6.491140e-022
973.820000  6.477638e-022
973.830000  6.464136e-022
973.840000  6.450634e-022
973.850000  6.437132e-022
973.860000  6.423630e-022
973.870000  6.410128e-022
973.880000  6.396626e-022
973.890000  6.383124e-022
973.900000  6.369621e-022
973.910000  6.356119e-022
973.920000  6.342617e-022
973.930000  6.329115e-022
973.940000  6.315613e-022
973.950000  6.302111e-022
973.960000  6.288609e-022
973.970000  6.275107e-022
973.980000  6.261605e-022
973.990000  6.248103e-022
974.000000  6.234601e-022
974.200000  6.174655e-022
974.400000  6.182496e-022
974.600000  6.257646e-022
974.800000  6.355569e-022
975.000000  6.329875e-022
975.200000  6.730662e-022
975.400000  6.681112e-022
975.600000  6.318265e-022
975.800000  6.538718e-022
976.000000  7.100856e-022
976.200000  7.180232e-022
976.400000  6.863362e-022
976.600000  7.307995e-022
976.800000  7.547724e-022
977.000000  7.640247e-022
977.200000  7.216331e-022
977.400000  7.692488e-022
977.600000  8.028572e-022
977.800000  8.582869e-022
978.000000  8.718391e-022
978.200000  8.657238e-022
978.400000  8.942382e-022
978.600000  9.169542e-022
978.800000  9.233394e-022
979.000000  9.574362e-022
979.200000  9.280140e-022
979.400000  9.237151e-022
979.600000  8.901445e-022
979.800000  8.938733e-022
980.000000  8.469696e-022
980.200000  8.443590e-022
980.400000  8.011813e-022
980.600000  8.132562e-022
980.800000  7.741533e-022
981.000000  7.913448e-022
981.200000  7.831720e-022
981.400000  8.034455e-022
981.600000  8.022889e-022
981.800000  7.853782e-022
982.000000  7.891310e-022
982.200000  7.667340e-022
982.400000  7.470521e-022
982.600000  7.261144e-022
982.800000  7.020475e-022
983.000000  6.822572e-022
983.200000  6.658281e-022
983.400000  6.114446e-022
983.600000  6.280396e-022
983.800000  6.024356e-022
984.000000  6.026904e-022
984.200000  5.829980e-022
984.400000  5.831645e-022
984.600000  5.939960e-022
984.800000  5.823522e-022
985.000000  5.673319e-022
985.200000  5.922443e-022
985.400000  5.805087e-022
985.600000  5.564455e-022
985.800000  5.632191e-022
986.000000  5.895631e-022
986.200000  5.878555e-022
986.400000  5.971042e-022
986.600000  5.685621e-022
986.800000  6.215916e-022
987.000000  5.914688e-022
987.200000  5.798570e-022
987.400000  5.712291e-022
987.600000  5.940659e-022
987.800000  5.904650e-022
988.000000  5.509425e-022
988.200000  5.348716e-022
988.400000  5.290396e-022
988.600000  4.909004e-022
988.800000  4.585848e-022
989.000000  4.735953e-022
989.200000  4.530241e-022
989.400000  4.410322e-022
989.600000  4.075053e-022
989.800000  4.155796e-022
990.000000  4.071174e-022
990.200000  3.893551e-022
990.400000  3.704747e-022
990.600000  3.441077e-022
990.800000  3.713649e-022
991.000000  3.312315e-022
991.200000  3.363787e-022
991.400000  3.385340e-022
991.600000  3.032458e-022
991.800000  3.183023e-022
992.000000  3.535383e-022
992.200000  3.660120e-022
992.400000  3.639881e-022
992.600000  3.845509e-022
992.800000  4.365267e-022
993.000000  4.677768e-022
993.200000  4.921158e-022
993.400000  4.951477e-022
993.600000  5.455859e-022
993.800000  5.357292e-022
994.000000  5.283252e-022
994.200000  5.501027e-022
994.400000  5.688386e-022
994.600000  5.556564e-022
994.800000  5.465425e-022
995.000000  5.290635e-022
995.200000  5.391382e-022
995.400000  5.503777e-022
995.600000  5.292461e-022
995.800000  5.319058e-022
996.000000  5.099515e-022
996.200000  4.826711e-022
996.400000  5.011238e-022
996.600000  5.175890e-022
996.800000  4.764551e-022
997.000000  4.748210e-022
997.200000  4.304486e-022
997.400000  4.685442e-022
997.600000  4.855987e-022
997.800000  5.044786e-022
998.000000  5.146972e-022
998.200000  5.327776e-022
998.400000  5.233520e-022
998.600000  5.352400e-022
998.800000  5.467600e-022
999.000000  5.454049e-022
999.200000  5.081851e-022
999.400000  5.410257e-022
999.600000  5.254019e-022
999.800000  5.432128e-022
1000.000000  5.870543e-022
1000.200000  5.804661e-022
1000.400000  5.851891e-022
1000.600000  5.634596e-022
1000.800000  5.894285e-022
1001.000000  5.699710e-022
1001.200000  5.625889e-022
1001.400000  5.378497e-022
1001.600000  5.171316e-022
1001.800000  4.636853e-022
1002.000000  4.292277e-022
1002.200000  4.691036e-022
1002.400000  4.409113e-022
1002.600000  4.288207e-022
1002.800000  4.109591e-022
1003.000000  4.315455e-022
1003.200000  3.797974e-022
1003.400000  4.195416e-022
1003.600000  4.038939e-022
1003.800000  4.253548e-022
1004.000000  4.064469e-022
1004.200000  3.925845e-022
1004.400000  4.121673e-022
1004.600000  4.008678e-022
1004.800000  3.913500e-022
1005.000000  3.804577e-022
1005.200000  4.213357e-022
1005.400000  4.172671e-022
1005.600000  3.930199e-022
1005.800000  4.355216e-022
1006.000000  4.231748e-022
1006.200000  4.461236e-022
1006.400000  4.162703e-022
1006.600000  4.239688e-022
1006.800000  4.545729e-022
1007.000000  4.579456e-022
1007.200000  4.214683e-022
1007.400000  4.317396e-022
1007.600000  4.018312e-022
1007.800000  3.863510e-022
1008.000000  3.575940e-022
1008.200000  3.646725e-022
1008.400000  3.281507e-022
1008.600000  3.213506e-022
1008.800000  2.698554e-022
1009.000000  3.080739e-022
1009.200000  2.747827e-022
1009.400000  2.597156e-022
1009.600000  2.279468e-022
1009.800000  2.200055e-022
1010.000000  2.257822e-022
1010.200000  2.243615e-022
1010.400000  2.095724e-022
1010.600000  2.296095e-022
1010.800000  2.170152e-022
1011.000000  2.086787e-022
1011.200000  1.969664e-022
1011.400000  2.372157e-022
1011.600000  2.188076e-022
1011.800000  2.093316e-022
1012.000000  2.170142e-022
1012.200000  1.806799e-022
1012.400000  1.819106e-022
1012.600000  1.439263e-022
1012.800000  1.344671e-022
1013.000000  1.375258e-022
1013.200000  1.050415e-022
1013.400000  8.240283e-023
1013.600000  6.344412e-023
1013.800000  8.760063e-023
1014.000000  7.405687e-023
1014.200000  6.655600e-023
1014.400000  4.070423e-023
1014.600000  2.085427e-023
1014.800000  2.256888e-023
1015.000000  2.047022e-023
1015.200000  3.663026e-023
1015.400000  5.690066e-023
1015.600000  2.117941e-023
1015.800000  2.881219e-023
1016.000000  2.960682e-023
1016.200000  8.437954e-023
1016.400000  6.802098e-023
1016.600000  9.022358e-023
1016.800000  1.000153e-022
1017.000000  1.138905e-022
1017.200000  1.085236e-022
1017.400000  1.255111e-022
1017.600000  1.372699e-022
1017.800000  1.466188e-022
1018.000000  1.050859e-022
1018.200000  1.304863e-022
1018.400000  1.220581e-022
1018.600000  1.271880e-022
1018.800000  1.357243e-022
1019.000000  1.550541e-022
1019.200000  1.688120e-022
1019.400000  2.010261e-022
1019.600000  1.685163e-022
1019.800000  2.260973e-022
1020.000000  2.566032e-022
1020.200000  2.207054e-022
1020.400000  2.570021e-022
1020.600000  2.860855e-022
1020.800000  3.167092e-022
1021.000000  3.320633e-022
1021.200000  3.554511e-022
1021.400000  3.956570e-022
1021.600000  4.273355e-022
1021.800000  4.335239e-022
1022.000000  4.984564e-022
1022.200000  5.500896e-022
1022.400000  5.619982e-022
1022.600000  5.533613e-022
1022.800000  6.082045e-022
1023.000000  6.217249e-022
1023.200000  6.036601e-022
1023.400000  6.342841e-022
1023.600000  6.733473e-022
1023.800000  6.865419e-022
1024.000000  6.742777e-022
1024.200000  7.086751e-022
1024.400000  6.875958e-022
1024.600000  7.245770e-022
1024.800000  6.864458e-022
1025.000000  7.192587e-022
1025.200000  7.228565e-022
1025.400000  7.326321e-022
1025.600000  7.152335e-022
1025.800000  7.212570e-022
1026.000000  7.712239e-022
1026.200000  7.493220e-022
1026.400000  7.765025e-022
1026.600000  7.677050e-022
1026.800000  7.974009e-022
1027.000000  8.175764e-022
1027.200000  7.859905e-022
1027.400000  8.118920e-022
1027.600000  8.391467e-022
1027.800000  8.517295e-022
1028.000000  8.671131e-022
1028.200000  9.209383e-022
1028.400000  9.725189e-022
1028.600000  1.030147e-021
1028.800000  1.032366e-021
1029.000000  1.102589e-021
1029.200000  1.152410e-021
1029.400000  1.208174e-021
1029.600000  1.190156e-021
1029.800000  1.206288e-021
1030.000000  1.207671e-021
1030.200000  1.188997e-021
1030.400000  1.164394e-021
1030.600000  1.130016e-021
1030.800000  1.073590e-021
1031.000000  1.002223e-021
1031.200000  9.398444e-022
1031.400000  8.764914e-022
1031.600000  8.081137e-022
1031.800000  7.262417e-022
1032.000000  6.798216e-022
1032.200000  6.400228e-022
1032.400000  5.418652e-022
1032.600000  5.038026e-022
1032.800000  4.754438e-022
1033.000000  4.071827e-022
1033.200000  3.722513e-022
1033.400000  3.279155e-022
1033.600000  3.077543e-022
1033.800000  2.896700e-022
1034.000000  2.461021e-022
1034.200000  2.528627e-022
1034.400000  2.581641e-022
1034.600000  2.505552e-022
1034.800000  2.181775e-022
1035.000000  2.104791e-022
1035.200000  2.076752e-022
1035.400000  1.864507e-022
1035.600000  1.485010e-022
1035.800000  1.817563e-022
1036.000000  1.684381e-022
1036.200000  1.667907e-022
1036.400000  1.286420e-022
1036.600000  1.603918e-022
1036.800000  1.901071e-022
1037.000000  1.675598e-022
1037.200000  1.797000e-022
1037.400000  1.427655e-022
1037.600000  1.647966e-022
1037.800000  1.427500e-022
1038.000000  1.505768e-022
1038.200000  1.394399e-022
1038.400000  1.260919e-022
1038.600000  1.006181e-022
1038.800000  9.518802e-023
1039.000000  8.701908e-023
1039.200000  7.265875e-023
1039.400000  8.731586e-023
1039.600000  6.769940e-023
1039.800000  1.014201e-022
1040.000000  6.130252e-023
1040.200000  6.076124e-023
1040.400000  3.814981e-023
1040.600000  6.256963e-023
1040.800000  4.432984e-023
1041.000000  4.843164e-023
1041.200000  6.868746e-023
1041.400000  3.610794e-023
1041.600000  4.407074e-023
1041.800000  9.762530e-024
1042.000000  3.938906e-023
1042.200000  3.012775e-023
1042.400000  3.073741e-023
1042.600000  7.690280e-023
1042.800000  7.050392e-023
1043.000000  8.166506e-023
1043.200000  7.069392e-023
1043.400000  3.813924e-023
1043.600000  6.283318e-023
1043.800000  5.683766e-023
1044.000000  6.466886e-023
1044.200000  6.790775e-023
1044.400000  4.031233e-023
1044.600000  3.414962e-023
1044.800000  2.306036e-023
1045.000000  5.770598e-023
1045.200000  5.689996e-023
1045.400000  1.854309e-023
1045.600000  4.636966e-023
1045.800000  3.880101e-023
1046.000000  4.536077e-023
1046.200000  3.084815e-023
1046.400000  6.985989e-024
1046.600000  2.951047e-024
1046.800000  3.683333e-023
1047.000000  -9.795229e-024
1047.200000  2.414731e-025
1047.400000  -1.585000e-023
1047.600000  4.976222e-023
1047.800000  5.567978e-024
1048.000000  -3.793034e-024
1048.200000  -5.088914e-024
1048.400000  2.839150e-023
1048.600000  -7.813983e-024
1048.800000  -4.270112e-024
1049.000000  -7.090047e-024
1049.200000  1.146588e-023
1049.400000  -7.627164e-024
1049.600000  8.555854e-024
1049.800000  3.029744e-024
1050.000000  5.670702e-024
1050.200000  -3.697262e-023
1050.400000  -1.133056e-023
1050.600000  1.978768e-023
1050.800000  -5.820770e-024
1051.000000  -1.984376e-023
1051.200000  -2.255583e-023
1051.400000  -1.629326e-023
1051.600000  -5.292339e-024
1051.800000  -3.619748e-023
1052.000000  -4.525684e-023
1052.200000  -7.996691e-023
1052.400000  -6.770904e-023
1052.600000  -5.497057e-023
1052.800000  -8.022413e-023
1053.000000  -7.499434e-023
1053.200000  -6.295260e-023
1053.400000  -5.345232e-023
1053.600000  -3.353988e-023
1053.800000  -2.290762e-023
1054.000000  -3.407084e-024
1054.200000  1.593036e-023
1054.400000  3.702843e-023
1054.600000  5.243718e-023
1054.800000  5.524462e-023
1055.000000  6.698234e-023
1055.200000  7.727294e-023
1055.400000  4.760291e-023
1055.600000  7.926797e-023
1055.800000  8.270700e-023
1056.000000  5.753876e-023
1056.200000  6.942085e-023
1056.400000  8.476056e-023
1056.600000  6.810739e-023
1056.800000  7.063260e-023
1057.000000  7.573587e-023
1057.200000  8.393584e-023
1057.400000  5.562784e-023
1057.600000  3.704279e-023
1057.800000  7.829849e-024
1058.000000  5.526379e-025
1058.200000  -2.964384e-023
1058.400000  -4.799172e-023
1058.600000  -5.071082e-023
1058.800000  -6.908244e-023
1059.000000  -8.855057e-023
1059.200000  -9.076342e-023
1059.400000  -7.976698e-023
1059.600000  -7.804683e-023
1059.800000  -9.977623e-023
1060.000000  -1.305939e-022
1060.200000  -1.209518e-022
1060.400000  -1.173937e-022
1060.600000  -1.490054e-022
1060.800000  -1.391048e-022
1061.000000  -1.390789e-022
1061.200000  -1.794765e-022
1061.400000  -1.763411e-022
1061.600000  -1.669896e-022
1061.800000  -1.337796e-022
1062.000000  -1.322358e-022
1062.200000  -1.205950e-022
1062.400000  -1.124150e-022
1062.600000  -8.262198e-023
1062.800000  -6.457055e-023
1063.000000  -6.024381e-023
1063.200000  -5.842169e-023
1063.400000  -6.486756e-023
1063.600000  -5.612731e-023
1063.800000  -4.031055e-023
1064.000000  -6.573880e-023
1064.200000  -4.701386e-023
1064.400000  -5.025082e-023
1064.600000  -3.320768e-023
1064.800000  -5.509248e-023
1065.000000  -1.667799e-023
1065.200000  -8.115395e-024
1065.400000  -1.868295e-023
1065.600000  -3.404612e-023
1065.800000  -2.307017e-023
1066.000000  -1.675591e-023
1066.200000  -1.719764e-023
1066.400000  -1.254387e-023
1066.600000  1.746594e-023
1066.800000  -3.865878e-024
1067.000000  -2.251190e-023
1067.200000  3.173031e-025
1067.400000  1.489421e-023
1067.600000  1.798063e-023
1067.800000  3.694779e-024
1068.000000  2.354195e-023
1068.200000  1.770384e-023
1068.400000  3.959305e-024
1068.600000  -1.619475e-023
1068.800000  -5.240732e-023
1069.000000  -5.438108e-023
1069.200000  -7.782535e-023
1069.400000  -7.326002e-023
1069.600000  -7.106134e-023
1069.800000  -7.972457e-023
1070.000000  -1.008852e-022
1070.200000  -8.566095e-023
1070.400000  -7.775589e-023
1070.600000  -1.106231e-022
1070.800000  -1.200644e-022
1071.000000  -1.427913e-022
1071.200000  -1.590138e-022
1071.400000  -1.717973e-022
1071.600000  -1.628447e-022
1071.800000  -1.334925e-022
1072.000000  -1.408903e-022
1072.200000  -1.651739e-022
1072.400000  -1.472029e-022
1072.600000  -1.299472e-022
1072.800000  -1.176235e-022
1073.000000  -8.670666e-023
1073.200000  -4.579290e-023
1073.400000  -5.181923e-023
1073.600000  -3.053477e-023
1073.800000  -4.301970e-023
1074.000000  -2.063327e-023
1074.200000  -3.111635e-023
1074.400000  -5.238337e-023
1074.600000  -6.085244e-023
1074.800000  -4.761369e-023
1075.000000  -5.632660e-023
1075.200000  -3.022868e-023
1075.400000  -3.759245e-023
1075.600000  -2.741927e-023
1075.800000  -2.829500e-023
1076.000000  -1.921495e-023
1076.200000  -1.664617e-023
1076.400000  -9.799390e-024
1076.600000  -1.164233e-023
1076.800000  -1.280654e-023
1077.000000  -1.693627e-023
1077.200000  1.868982e-024
1077.400000  -3.104244e-023
1077.600000  -3.968344e-023
1077.800000  -5.824196e-023
1078.000000  -6.536255e-023
1078.200000  -4.720164e-023
1078.400000  -3.716764e-023
1078.600000  -6.187251e-023
1078.800000  -3.111813e-023
1079.000000  -4.089095e-023
1079.200000  -3.391492e-023
1079.400000  -5.309419e-023
1079.600000  -3.301841e-023
1079.800000  -2.529335e-023
1080.000000  -4.511794e-023
1080.200000  -5.359562e-023
1080.400000  4.080815e-024
1080.600000  1.978459e-023
1080.800000  4.210634e-023
1081.000000  4.595846e-023
1081.200000  5.896054e-023
1081.400000  5.291599e-023
1081.600000  5.127511e-023
1081.800000  6.944372e-023
1082.000000  5.933161e-023
1082.200000  3.563628e-023
1082.400000  -4.227155e-025
1082.600000  -1.443471e-023
1082.800000  -2.409779e-023
1083.000000  -4.654568e-023
1083.200000  -3.495804e-023
1083.400000  -5.754412e-023
1083.600000  -5.571005e-023
1083.800000  -8.887232e-023
1084.000000  -6.249132e-023
1084.200000  -6.164534e-023
1084.400000  -8.623522e-023
1084.600000  -8.639998e-023
1084.800000  -9.538863e-023
1085.000000  -8.794288e-023
1085.200000  -8.435700e-023
1085.400000  -1.154333e-022
1085.600000  -1.074565e-022
1085.800000  -1.173354e-022
1086.000000  -1.453634e-022
1086.200000  -1.030855e-022
1086.400000  -5.887853e-023
1086.600000  -2.607789e-023
1086.800000  -1.075614e-023
1087.000000  3.896613e-023
1087.200000  9.163601e-023
1087.400000  1.151249e-022
1087.600000  1.561084e-022
1087.800000  1.639484e-022
1088.000000  1.848346e-022
1088.200000  1.848478e-022
1088.400000  2.069518e-022
1088.600000  2.594493e-022
1088.800000  2.485147e-022
1089.000000  2.339494e-022
1089.200000  2.588221e-022
1089.400000  2.700967e-022
1089.600000  2.905627e-022
1089.800000  2.828404e-022
1090.000000  2.789538e-022
1090.200000  2.655867e-022
1090.400000  2.404682e-022
1090.600000  2.295858e-022
1090.800000  2.274553e-022
1091.000000  2.186807e-022
1091.200000  1.847563e-022
1091.400000  1.687515e-022
1091.600000  1.611498e-022
1091.800000  1.591411e-022
1092.000000  1.634668e-022
1092.200000  1.416733e-022
1092.400000  1.422350e-022
1092.600000  1.395847e-022
1092.800000  1.420200e-022
1093.000000  1.529745e-022
1093.200000  1.425885e-022
1093.400000  1.323981e-022
1093.600000  1.579779e-022
1093.800000  1.235086e-022
1094.000000  1.522720e-022
1094.200000  1.543165e-022
1094.400000  1.438060e-022
1094.600000  1.256368e-022
1094.800000  1.029644e-022
1095.000000  1.203664e-022
1095.200000  1.273183e-022
1095.400000  1.235077e-022
1095.600000  1.061042e-022
1095.800000  1.229975e-022
1096.000000  1.437088e-022
1096.200000  1.347756e-022
1096.400000  1.720829e-022
1096.600000  1.636044e-022
1096.800000  1.511402e-022
1097.000000  1.422401e-022
1097.200000  1.769261e-022
1097.400000  1.678908e-022
1097.600000  1.354914e-022
1097.800000  1.001884e-022
1098.000000  1.146614e-022
1098.200000  1.031996e-022
1098.400000  1.014218e-022
1098.600000  8.901558e-023
1098.800000  9.711407e-023
1099.000000  9.939693e-023
1099.200000  7.502196e-023
1099.400000  9.142128e-023
1099.600000  1.117433e-022
1099.800000  1.002369e-022
1100.000000  7.606128e-023
