800.000000  NaN
800.200000  NaN
800.400000  NaN
800.600000  -1.344417e-027
800.800000  -4.200757e-027
801.000000  -3.739019e-027
801.200000  -6.343142e-028
801.400000  -2.300907e-027
801.600000  -5.393344e-027
801.800000  -2.656261e-027
802.000000  7.821664e-028
802.200000  -2.002647e-027
802.400000  -3.719835e-027
802.600000  -1.047666e-027
802.800000  -3.894481e-028
803.000000  -5.115709e-027
803.200000  -4.314989e-027
803.400000  -9.884728e-028
803.600000  -4.080023e-027
803.800000  -6.439667e-027
804.000000  -4.434985e-027
804.200000  -3.281147e-027
804.400000  -5.811406e-027
804.600000  -6.721767e-027
804.800000  -1.209602e-027
805.000000  4.212104e-028
805.200000  -4.839679e-027
805.400000  -3.898940e-027
805.600000  -3.318110e-028
805.800000  -1.135839e-027
806.000000  -3.112719e-027
806.200000  3.022594e-027
806.400000  7.729711e-027
806.600000  4.623579e-027
806.800000  2.415745e-027
807.000000  7.400543e-027
807.200000  5.843868e-027
807.400000  -1.179294e-027
807.600000  3.034019e-028
807.800000  5.069296e-027
808.000000  -1.455362e-029
808.200000  -6.298745e-027
808.400000  -3.827145e-027
808.600000  -1.923633e-027
808.800000  -6.251478e-027
809.000000  -6.058327e-027
809.200000  -9.391784e-028
809.400000  -2.353310e-027
809.600000  -7.183755e-027
809.800000  -4.117286e-027
810.000000  1.985904e-027
810.200000  -1.095277e-027
810.400000  -2.332784e-027
810.600000  3.497612e-027
810.800000  7.634108e-027
811.000000  7.684817e-028
811.200000  2.091743e-027
811.400000  8.707942e-027
811.600000  7.358997e-027
811.800000  4.019684e-027
812.000000  8.339357e-027
812.200000  1.123092e-026
812.400000  2.667459e-027
812.600000  -2.024002e-027
812.800000  5.642991e-027
813.000000  6.052558e-027
813.200000  -1.047981e-027
813.400000  -4.686947e-027
813.600000  1.283555e-028
813.800000  -2.937396e-027
814.000000  -9.915563e-027
814.200000  -7.027476e-028
814.400000  7.997948e-027
814.600000  1.832046e-027
814.800000  -2.126564e-027
815.000000  4.863744e-027
815.200000  5.875837e-027
815.400000  -2.905393e-027
815.600000  -8.106786e-028
815.800000  8.095509e-027
816.000000  5.086778e-027
816.200000  -7.103384e-027
816.400000  -1.416290e-028
816.600000  8.179650e-027
816.800000  5.217198e-028
817.000000  -1.741165e-027
817.200000  5.197661e-027
817.400000  8.262175e-027
817.600000  4.182570e-028
817.800000  1.759677e-027
818.000000  9.983304e-027
818.200000  3.187091e-027
818.400000  -1.062752e-026
818.600000  -1.056437e-027
818.800000  1.050589e-027
819.000000  -1.047050e-026
819.200000  -1.703428e-026
819.400000  -4.403940e-027
819.600000  2.431511e-027
819.800000  -5.198562e-027
820.000000  -4.720877e-027
820.200000  5.657439e-027
820.400000  -1.447553e-027
820.600000  -6.897313e-027
820.800000  8.327633e-027
821.000000  2.046288e-026
821.200000  7.784051e-027
821.400000  3.529377e-027
821.600000  1.523900e-026
821.800000  1.265946e-026
822.000000  -1.950014e-027
822.200000  7.571854e-027
822.400000  2.226808e-026
822.600000  1.284683e-026
822.800000  2.266804e-027
823.000000  2.633484e-027
823.200000  3.596927e-027
823.400000  -4.746376e-027
823.600000  -6.685095e-027
823.800000  1.054523e-026
824.000000  7.470009e-027
824.200000  -9.853605e-027
824.400000  -1.589695e-027
824.600000  1.223249e-026
824.800000  3.217185e-027
825.000000  -7.708713e-027
825.200000  7.926707e-027
825.400000  1.790506e-026
825.600000  -2.800680e-027
825.800000  1.872926e-027
826.000000  2.194642e-026
826.200000  2.297878e-026
826.400000  -1.928625e-028
826.600000  8.925805e-027
826.800000  2.475213e-026
827.000000  1.000062e-026
827.200000  3.588643e-028
827.400000  7.555038e-027
827.600000  8.082041e-027
827.800000  -1.339794e-026
828.000000  -1.473427e-026
828.200000  3.504939e-027
828.400000  8.253115e-027
828.600000  -1.300743e-026
828.800000  -3.540606e-027
829.000000  8.714859e-027
829.200000  -7.525816e-027
829.400000  -1.424568e-026
829.600000  3.323261e-027
829.800000  1.302130e-026
830.000000  -1.230545e-026
830.200000  -6.239409e-027
830.400000  1.175746e-026
830.600000  5.701763e-027
830.800000  -1.466558e-026
831.000000  2.974115e-027
831.200000  2.053181e-026
831.400000  -2.897239e-027
831.600000  -1.830081e-026
831.800000  2.765288e-027
832.000000  7.526680e-028
832.200000  -2.373460e-026
832.400000  -2.397120e-026
832.600000  2.060223e-026
832.800000  1.154523e-026
833.000000  -1.054764e-026
833.200000  1.140098e-026
833.400000  3.038734e-026
833.600000  4.354088e-027
833.800000  -6.610856e-027
834.000000  1.164427e-026
834.200000  5.869472e-027
834.400000  -2.955598e-026
834.600000  -1.937274e-026
834.800000  8.831060e-027
835.000000  1.540515e-027
835.200000  -1.333778e-026
835.400000  8.834284e-027
835.600000  1.927701e-026
835.800000  -8.826350e-027
836.000000  -6.083243e-027
836.200000  2.745007e-026
836.400000  2.454856e-026
836.600000  -3.763728e-027
836.800000  1.042932e-026
837.000000  3.663231e-026
837.200000  1.698189e-027
837.400000  -1.235394e-026
837.600000  1.256237e-026
837.800000  2.942173e-026
838.000000  -1.193388e-026
838.200000  -1.353891e-026
838.400000  2.247575e-026
838.600000  1.597254e-026
838.800000  -1.779973e-026
839.000000  1.595822e-027
839.200000  3.341640e-026
839.400000  1.539018e-026
839.600000  -2.357624e-027
839.800000  4.320495e-026
840.000000  6.563037e-026
840.200000  1.812595e-026
840.400000  2.788847e-026
840.600000  5.955372e-026
840.800000  5.246170e-026
841.000000  -1.915708e-028
841.200000  1.520406e-026
841.400000  3.463922e-026
841.600000  -1.693005e-027
841.800000  -2.114559e-026
842.000000  1.264213e-026
842.200000  2.244224e-026
842.400000  -2.828817e-026
842.600000  -3.138559e-026
842.800000  1.768620e-026
843.000000  8.003044e-027
843.200000  -2.100965e-026
843.400000  1.049630e-026
843.600000  5.931964e-026
843.800000  1.932125e-026
844.000000  -1.518001e-026
844.200000  4.465228e-026
844.400000  7.446880e-026
844.600000  2.516437e-026
844.800000  1.344915e-026
845.000000  6.296543e-026
845.200000  4.231291e-026
845.400000  -1.784039e-026
845.600000  2.039912e-026
845.800000  6.181904e-026
846.000000  1.045460e-026
846.200000  2.509551e-026
846.400000  7.530525e-026
846.600000  7.263143e-026
846.800000  5.385387e-027
847.000000  1.560748e-026
847.200000  7.188073e-026
847.400000  5.099252e-026
847.600000  1.007794e-027
847.800000  5.380648e-026
848.000000  8.257274e-026
848.200000  2.309419e-026
848.400000  -1.184659e-026
848.600000  6.249618e-026
848.800000  6.338311e-026
849.000000  7.931418e-027
849.200000  1.386395e-026
849.400000  7.909477e-026
849.600000  4.808417e-026
849.800000  -1.002010e-026
850.000000  7.043742e-026
850.200000  1.151727e-025
850.400000  4.653686e-026
850.600000  5.035531e-026
850.800000  1.071610e-025
851.000000  9.279194e-026
851.200000  9.791648e-027
851.400000  4.391656e-026
851.600000  1.385989e-025
851.800000  8.799253e-026
852.000000  3.274308e-026
852.200000  1.055275e-025
852.400000  1.816562e-025
852.600000  9.810177e-026
852.800000  9.593506e-026
853.000000  2.098912e-025
853.200000  1.931074e-025
853.400000  9.634369e-026
853.600000  1.158568e-025
853.800000  1.727097e-025
854.000000  8.917379e-026
854.200000  1.705084e-026
854.400000  1.125292e-025
854.600000  2.021869e-025
854.800000  1.310267e-025
855.000000  1.092006e-025
855.200000  1.934885e-025
855.400000  1.620125e-025
855.600000  9.956562e-026
855.800000  1.437359e-025
856.000000  2.261009e-025
856.200000  1.453708e-025
856.400000  5.041696e-026
856.600000  1.769278e-025
856.800000  1.876264e-025
857.000000  1.509175e-025
857.200000  1.924854e-025
857.400000  3.460345e-025
857.600000  3.146558e-025
857.800000  2.185673e-025
858.000000  2.558583e-025
858.200000  2.966344e-025
858.400000  1.985745e-025
858.600000  1.294086e-025
858.800000  2.395175e-025
859.000000  2.378240e-025
859.200000  1.248950e-025
859.400000  1.714650e-025
859.600000  3.372008e-025
859.800000  2.771638e-025
860.000000  1.318852e-025
860.200000  2.139036e-025
860.400000  3.263436e-025
860.600000  2.509866e-025
860.800000  1.899399e-025
861.000000  3.138111e-025
861.200000  2.905319e-025
861.400000  1.312343e-025
861.600000  1.887565e-025
861.800000  3.233238e-025
862.000000  2.450063e-025
862.200000  1.472914e-025
862.400000  2.658322e-025
862.600000  3.402173e-025
862.800000  2.550953e-025
863.000000  2.218268e-025
863.200000  4.044041e-025
863.400000  3.934100e-025
863.600000  2.054849e-025
863.800000  2.709250e-025
864.000000  4.135009e-025
864.200000  2.935519e-025
864.400000  1.741993e-025
864.600000  2.616462e-025
864.800000  3.612180e-025
865.000000  1.847028e-025
865.200000  1.262979e-025
865.400000  3.743360e-025
865.600000  4.306075e-025
865.800000  2.718063e-025
866.000000  3.703357e-025
866.200000  5.574648e-025
866.400000  5.462434e-025
866.600000  4.318206e-025
866.800000  5.516205e-025
867.000000  6.891673e-025
867.200000  5.006986e-025
867.400000  4.724561e-025
867.600000  6.398918e-025
867.800000  5.617208e-025
868.000000  2.846119e-025
868.200000  3.398698e-025
868.400000  4.249319e-025
868.600000  2.508333e-025
868.800000  6.064525e-026
869.000000  3.447790e-025
869.200000  4.707982e-025
869.400000  2.938997e-025
869.600000  3.405516e-025
869.800000  6.650906e-025
870.000000  6.648150e-025
870.200000  4.642210e-025
870.400000  6.395316e-025
870.600000  9.152578e-025
870.800000  7.698300e-025
871.000000  6.957541e-025
871.200000  9.273554e-025
871.400000  9.807561e-025
871.600000  7.583280e-025
871.800000  7.764422e-025
872.000000  1.039937e-024
872.200000  9.479974e-025
872.400000  7.938168e-025
872.600000  1.045386e-024
872.800000  1.295592e-024
873.000000  1.028465e-024
873.200000  8.469464e-025
873.400000  1.091144e-024
873.600000  1.237296e-024
873.800000  9.507614e-025
874.000000  1.113008e-024
874.200000  1.470271e-024
874.400000  1.330564e-024
874.600000  1.162755e-024
874.800000  1.394542e-024
875.000000  1.736365e-024
875.200000  1.517449e-024
875.400000  1.388470e-024
875.600000  1.624342e-024
875.800000  1.667231e-024
876.000000  1.345298e-024
876.200000  1.465172e-024
876.400000  1.809597e-024
876.600000  1.855739e-024
876.800000  1.717850e-024
877.000000  1.972212e-024
877.200000  2.126753e-024
877.400000  1.945295e-024
877.600000  1.929643e-024
877.800000  2.271166e-024
878.000000  2.247224e-024
878.200000  1.957400e-024
878.400000  2.294558e-024
878.600000  2.788714e-024
878.800000  2.592331e-024
879.000000  2.299477e-024
879.200000  2.785048e-024
879.400000  3.039759e-024
879.600000  2.699947e-024
879.800000  2.574281e-024
880.000000  2.919600e-024
880.200000  2.891012e-024
880.400000  2.705922e-024
880.600000  3.051078e-024
880.800000  3.676690e-024
881.000000  3.449164e-024
881.200000  3.266720e-024
881.400000  3.713445e-024
881.600000  3.947722e-024
881.800000  3.426121e-024
882.000000  3.471204e-024
882.200000  4.037775e-024
882.400000  4.047971e-024
882.600000  3.643672e-024
882.800000  3.989606e-024
883.000000  4.572961e-024
883.200000  4.208879e-024
883.400000  3.940899e-024
883.600000  4.344352e-024
883.800000  4.676157e-024
884.000000  4.176705e-024
884.200000  4.306876e-024
884.400000  4.763273e-024
884.600000  4.566988e-024
884.800000  4.108523e-024
885.000000  4.457111e-024
885.200000  4.701898e-024
885.400000  4.370022e-024
885.600000  4.196250e-024
885.800000  4.818364e-024
886.000000  5.072446e-024
886.200000  4.746688e-024
886.400000  4.926074e-024
886.600000  5.632584e-024
886.800000  5.614090e-024
887.000000  5.266413e-024
887.200000  5.619454e-024
887.400000  6.223658e-024
887.600000  5.836433e-024
887.800000  5.528689e-024
888.000000  5.905307e-024
888.200000  5.978876e-024
888.400000  5.283411e-024
888.600000  5.561764e-024
888.800000  6.271067e-024
889.000000  6.183065e-024
889.200000  6.106225e-024
889.400000  6.843072e-024
889.600000  7.380108e-024
889.800000  6.741908e-024
890.000000  6.535851e-024
890.200000  7.120796e-024
890.400000  7.233867e-024
890.600000  6.414975e-024
890.800000  6.962011e-024
891.000000  7.945690e-024
891.200000  7.891966e-024
891.400000  7.702832e-024
891.600000  8.591998e-024
891.800000  9.112402e-024
892.000000  8.711812e-024
892.200000  8.480040e-024
892.400000  9.533671e-024
892.600000  9.618124e-024
892.800000  9.098426e-024
893.000000  9.601573e-024
893.200000  1.058590e-023
893.400000  1.037137e-023
893.600000  1.000246e-023
893.800000  1.087820e-023
894.000000  1.136531e-023
894.200000  1.075118e-023
894.400000  1.064469e-023
894.600000  1.159881e-023
894.800000  1.179064e-023
895.000000  1.112045e-023
895.200000  1.184099e-023
895.400000  1.335835e-023
895.600000  1.312758e-023
895.800000  1.273353e-023
896.000000  1.361233e-023
896.200000  1.402514e-023
896.400000  1.326871e-023
896.600000  1.342241e-023
896.800000  1.427371e-023
897.000000  1.415907e-023
897.200000  1.355402e-023
897.400000  1.457820e-023
897.600000  1.614798e-023
897.800000  1.626016e-023
898.000000  1.635159e-023
898.200000  1.777956e-023
898.400000  1.822335e-023
898.600000  1.713734e-023
898.800000  1.729826e-023
899.000000  1.837880e-023
899.200000  1.818810e-023
899.400000  1.771137e-023
899.600000  1.897275e-023
899.800000  2.058182e-023
900.000000  2.006482e-023
900.200000  2.026721e-023
900.400000  2.154159e-023
900.600000  2.273871e-023
900.800000  2.236059e-023
901.000000  2.362077e-023
901.200000  2.561436e-023
901.400000  2.599700e-023
901.600000  2.614075e-023
901.800000  2.764118e-023
902.000000  2.897059e-023
902.200000  2.855267e-023
902.400000  2.874501e-023
902.600000  3.073251e-023
902.800000  3.148997e-023
903.000000  3.027876e-023
903.200000  3.165650e-023
903.400000  3.376937e-023
903.600000  3.450081e-023
903.800000  3.397540e-023
904.000000  3.580617e-023
904.200000  3.768868e-023
904.400000  3.766659e-023
904.600000  3.841473e-023
904.800000  4.077951e-023
905.000000  4.212628e-023
905.200000  4.134355e-023
905.400000  4.247187e-023
905.600000  4.509868e-023
905.800000  4.542613e-023
906.000000  4.520446e-023
906.200000  4.750282e-023
906.400000  4.941673e-023
906.600000  4.993223e-023
906.800000  5.118034e-023
907.000000  5.407612e-023
907.200000  5.538691e-023
907.400000  5.474905e-023
907.600000  5.685216e-023
907.800000  5.977476e-023
908.000000  6.056060e-023
908.200000  6.151749e-023
908.400000  6.473646e-023
908.600000  6.739792e-023
908.800000  6.664281e-023
909.000000  6.850707e-023
909.200000  7.278389e-023
909.400000  7.546261e-023
909.600000  7.557275e-023
909.800000  7.992681e-023
910.000000  8.547535e-023
910.200000  8.829132e-023
910.400000  9.175774e-023
910.600000  9.908673e-023
910.800000  1.052667e-022
911.000000  1.094996e-022
911.200000  1.166896e-022
911.400000  1.278565e-022
911.600000  1.363472e-022
911.800000  1.442828e-022
912.000000  1.556161e-022
912.200000  1.682452e-022
912.400000  1.779626e-022
912.600000  1.875029e-022
912.800000  2.008488e-022
913.000000  2.121300e-022
913.200000  2.195793e-022
913.400000  2.285541e-022
913.600000  2.387054e-022
913.800000  2.434382e-022
914.000000  2.454614e-022
914.200000  2.474199e-022
914.400000  2.479518e-022
914.600000  2.435415e-022
914.800000  2.391790e-022
915.000000  2.374164e-022
915.200000  2.338749e-022
915.400000  2.270640e-022
915.600000  2.231696e-022
915.800000  2.227877e-022
916.000000  2.184441e-022
916.200000  2.123972e-022
916.400000  2.101316e-022
916.600000  2.082237e-022
916.800000  2.019878e-022
917.000000  1.962898e-022
917.200000  1.949870e-022
917.400000  1.916458e-022
917.600000  1.846088e-022
917.800000  1.825924e-022
918.000000  1.830588e-022
918.200000  1.800675e-022
918.400000  1.759582e-022
918.600000  1.770444e-022
918.800000  1.787817e-022
919.000000  1.741406e-022
919.200000  1.732745e-022
919.400000  1.759816e-022
919.600000  1.782649e-022
919.800000  1.760794e-022
920.000000  1.787562e-022
920.200000  1.830467e-022
920.400000  1.843164e-022
920.600000  1.842717e-022
920.800000  1.903224e-022
921.000000  1.938323e-022
921.200000  1.916119e-022
921.400000  1.922715e-022
921.600000  1.964628e-022
921.800000  1.985273e-022
922.000000  1.985409e-022
922.200000  2.036526e-022
922.400000  2.132036e-022
922.600000  2.180990e-022
922.800000  2.222530e-022
923.000000  2.332228e-022
923.200000  2.432363e-022
923.400000  2.492592e-022
923.600000  2.579522e-022
923.800000  2.734923e-022
924.000000  2.841568e-022
924.200000  2.929298e-022
924.400000  3.072124e-022
924.600000  3.229751e-022
924.800000  3.321624e-022
925.000000  3.457327e-022
925.200000  3.668098e-022
925.400000  3.849292e-022
925.600000  3.958407e-022
925.800000  4.100675e-022
926.000000  4.271123e-022
926.200000  4.390288e-022
926.400000  4.452540e-022
926.600000  4.577221e-022
926.800000  4.702676e-022
927.000000  4.761647e-022
927.200000  4.814806e-022
927.400000  4.938712e-022
927.600000  5.026999e-022
927.800000  5.033170e-022
928.000000  5.105235e-022
928.200000  5.224987e-022
928.400000  5.260255e-022
928.600000  5.290435e-022
928.800000  5.394230e-022
929.000000  5.475813e-022
929.200000  5.499686e-022
929.400000  5.564659e-022
929.600000  5.763080e-022
929.800000  5.842101e-022
930.000000  5.925066e-022
930.200000  6.066389e-022
930.400000  6.179315e-022
930.600000  6.211282e-022
930.800000  6.258834e-022
931.000000  6.388338e-022
931.200000  6.402922e-022
931.400000  6.232339e-022
931.600000  6.223935e-022
931.800000  6.302561e-022
932.000000  6.332220e-022
932.200000  6.312147e-022
932.400000  6.361115e-022
932.600000  6.484680e-022
932.800000  6.516231e-022
933.000000  6.546074e-022
933.200000  6.714906e-022
933.400000  6.942144e-022
933.600000  7.035338e-022
933.800000  7.217425e-022
934.000000  7.452584e-022
934.200000  7.585171e-022
934.400000  7.764898e-022
934.600000  8.075420e-022
934.800000  8.312769e-022
935.000000  8.483684e-022
935.200000  8.699089e-022
935.400000  9.068416e-022
935.600000  9.360056e-022
935.800000  9.613973e-022
936.000000  9.964339e-022
936.200000  1.038934e-021
936.400000  1.063726e-021
936.600000  1.090125e-021
936.800000  1.127923e-021
937.000000  1.157039e-021
937.200000  1.176158e-021
937.400000  1.200916e-021
937.600000  1.226935e-021
937.800000  1.247077e-021
938.000000  1.260159e-021
938.200000  1.304607e-021
938.400000  1.296539e-021
938.600000  1.304352e-021
938.800000  1.320360e-021
939.000000  1.369796e-021
939.200000  1.390077e-021
939.400000  1.408659e-021
939.600000  1.456756e-021
939.800000  1.513561e-021
940.000000  1.538180e-021
940.200000  1.580851e-021
940.400000  1.645182e-021
940.600000  1.685253e-021
940.800000  1.710773e-021
941.000000  1.755255e-021
941.200000  1.800352e-021
941.400000  1.827320e-021
941.600000  1.841269e-021
941.800000  1.853171e-021
942.000000  1.858442e-021
942.200000  1.824921e-021
942.400000  1.789404e-021
942.600000  1.750953e-021
942.800000  1.707662e-021
943.000000  1.636341e-021
943.200000  1.562435e-021
943.400000  1.525490e-021
943.600000  1.465055e-021
943.800000  1.398173e-021
944.000000  1.351356e-021
944.200000  1.315014e-021
944.400000  1.267064e-021
944.600000  1.215051e-021
944.800000  1.164975e-021
945.000000  1.145128e-021
945.200000  1.109626e-021
945.400000  1.067676e-021
945.600000  1.044532e-021
945.800000  1.023637e-021
946.000000  9.905337e-022
946.200000  9.624094e-022
946.400000  9.511807e-022
946.600000  9.318490e-022
946.800000  9.005045e-022
947.000000  8.817134e-022
947.200000  8.800411e-022
947.400000  8.604534e-022
947.600000  8.335958e-022
947.800000  8.313280e-022
948.000000  8.282115e-022
948.200000  8.043269e-022
948.400000  7.921262e-022
948.600000  8.078915e-022
948.800000  8.072166e-022
949.000000  7.911008e-022
949.200000  7.958477e-022
949.400000  8.067836e-022
949.600000  7.940617e-022
949.800000  7.836054e-022
950.000000  7.948287e-022
950.200000  8.030861e-022
950.400000  7.877180e-022
950.600000  7.829346e-022
950.800000  7.993882e-022
951.000000  7.990225e-022
951.200000  7.795632e-022
951.400000  7.856023e-022
951.600000  8.009126e-022
951.800000  7.897756e-022
952.000000  7.846540e-022
952.200000  8.012312e-022
952.400000  8.154128e-022
952.600000  7.969481e-022
952.800000  7.937153e-022
953.000000  8.123696e-022
953.200000  8.055251e-022
953.400000  7.814355e-022
953.600000  7.872724e-022
953.800000  8.098970e-022
954.000000  8.081238e-022
954.200000  8.030150e-022
954.400000  8.279017e-022
954.600000  8.483376e-022
954.800000  8.349196e-022
955.000000  8.416216e-022
955.200000  8.782398e-022
955.400000  8.802189e-022
955.600000  8.771589e-022
955.800000  9.111969e-022
956.000000  9.400867e-022
956.200000  9.290377e-022
956.400000  9.376083e-022
956.600000  9.584899e-022
956.800000  9.718796e-022
957.000000  9.516438e-022
957.200000  9.782404e-022
957.400000  1.015901e-021
957.600000  1.034436e-021
957.800000  1.038680e-021
958.000000  1.081087e-021
958.200000  1.101647e-021
958.400000  1.106295e-021
958.600000  1.114338e-021
958.800000  1.154815e-021
959.000000  1.152074e-021
959.200000  1.134485e-021
959.400000  1.153158e-021
959.600000  1.178286e-021
959.800000  1.153708e-021
960.000000  1.149154e-021
960.200000  1.156914e-021
960.400000  1.161568e-021
960.600000  1.131048e-021
960.800000  1.118177e-021
961.000000  1.142854e-021
961.200000  1.138801e-021
961.400000  1.094243e-021
961.600000  1.099898e-021
961.800000  1.123103e-021
962.000000  1.108718e-021
962.200000  1.087298e-021
962.400000  1.110110e-021
962.600000  1.133068e-021
962.800000  1.116001e-021
963.000000  1.141504e-021
963.200000  1.191920e-021
963.400000  1.212393e-021
963.600000  1.219771e-021
963.800000  1.270454e-021
964.000000  1.316247e-021
964.200000  1.322671e-021
964.400000  1.330991e-021
964.600000  1.407366e-021
964.800000  1.457067e-021
965.000000  1.467330e-021
965.200000  1.527958e-021
965.400000  1.610971e-021
965.600000  1.647774e-021
965.800000  1.676344e-021
966.000000  1.776221e-021
966.200000  1.894643e-021
966.400000  1.967813e-021
966.600000  2.044791e-021
966.800000  2.207597e-021
967.000000  2.361826e-021
967.200000  2.525561e-021
967.400000  2.750555e-021
967.600000  2.992097e-021
967.800000  3.273888e-021
968.000000  3.619602e-021
968.200000  4.042383e-021
968.400000  4.534110e-021
968.600000  4.902002e-021
968.800000  5.223100e-021
969.000000  5.705577e-021
969.200000  5.851105e-021
969.400000  5.824995e-021
969.600000  5.772022e-021
969.800000  5.460389e-021
970.000000  5.017621e-021
970.200000  4.602336e-021
970.400000  4.182305e-021
970.600000  3.699163e-021
970.800000  3.311854e-021
971.000000  2.980556e-021
971.200000  2.690431e-021
971.400000  2.450525e-021
971.600000  2.207246e-021
971.800000  2.050590e-021
972.000000  1.909032e-021
972.200000  1.752626e-021
972.400000  1.645656e-021
972.600000  1.572138e-021
972.800000  1.481999e-021
973.000000  1.430725e-021
973.200000  1.360966e-021
973.400000  1.350436e-021
973.600000  1.311504e-021
973.800000  1.226469e-021
974.000000  1.228721e-021
974.200000  1.205435e-021
974.400000  1.161956e-021
974.600000  1.131741e-021
974.800000  1.159060e-021
975.000000  1.165672e-021
975.200000  1.156321e-021
975.400000  1.155702e-021
975.600000  1.186771e-021
975.800000  1.182170e-021
976.000000  1.161065e-021
976.200000  1.193395e-021
976.400000  1.234722e-021
976.600000  1.255735e-021
976.800000  1.254523e-021
977.000000  1.311610e-021
977.200000  1.368569e-021
977.400000  1.386644e-021
977.600000  1.415431e-021
977.800000  1.489875e-021
978.000000  1.500561e-021
978.200000  1.505860e-021
978.400000  1.553022e-021
978.600000  1.599621e-021
978.800000  1.602787e-021
979.000000  1.609794e-021
979.200000  1.646144e-021
979.400000  1.679928e-021
979.600000  1.664524e-021
979.800000  1.679026e-021
980.000000  1.723382e-021
980.200000  1.732010e-021
980.400000  1.729616e-021
980.600000  1.718152e-021
980.800000  1.815043e-021
981.000000  1.738287e-021
981.200000  1.747314e-021
981.400000  1.723900e-021
981.600000  1.801393e-021
981.800000  1.702999e-021
982.000000  1.715993e-021
982.200000  1.749156e-021
982.400000  1.738787e-021
982.600000  1.701340e-021
982.800000  1.709229e-021
983.000000  1.729721e-021
983.200000  1.683908e-021
983.400000  1.633371e-021
983.600000  1.685273e-021
983.800000  1.662615e-021
984.000000  1.618614e-021
984.200000  1.617884e-021
984.400000  1.661461e-021
984.600000  1.639186e-021
984.800000  1.600598e-021
985.000000  1.631393e-021
985.200000  1.670751e-021
985.400000  1.642856e-021
985.600000  1.612655e-021
985.800000  1.644532e-021
986.000000  1.645509e-021
986.200000  1.614567e-021
986.400000  1.605973e-021
986.600000  1.662378e-021
986.800000  1.647459e-021
987.000000  1.632130e-021
987.200000  1.691346e-021
987.400000  1.733379e-021
987.600000  1.671053e-021
987.800000  1.668083e-021
988.000000  1.710230e-021
988.200000  1.702883e-021
988.400000  1.644436e-021
988.600000  1.643765e-021
988.800000  1.698827e-021
989.000000  1.671045e-021
989.200000  1.622150e-021
989.400000  1.681183e-021
989.600000  1.671927e-021
989.800000  1.611584e-021
990.000000  1.580192e-021
990.200000  1.680667e-021
990.400000  1.685360e-021
990.600000  1.709848e-021
990.800000  1.731683e-021
991.000000  1.717509e-021
991.200000  1.739692e-021
991.400000  1.740545e-021
991.600000  1.751643e-021
991.800000  1.773016e-021
992.000000  1.779334e-021
992.200000  1.808935e-021
992.400000  1.850998e-021
992.600000  1.860738e-021
992.800000  1.880803e-021
993.000000  1.908796e-021
993.200000  1.929553e-021
993.400000  1.945788e-021
993.600000  1.979403e-021
993.800000  2.003638e-021
994.000000  2.041950e-021
994.200000  2.065376e-021
994.400000  2.072039e-021
994.600000  2.062804e-021
994.800000  2.089071e-021
995.000000  2.129795e-021
995.200000  2.123038e-021
995.400000  2.161723e-021
995.600000  2.197409e-021
995.800000  2.189152e-021
996.000000  2.241876e-021
996.200000  2.258931e-021
996.400000  2.273856e-021
996.600000  2.350918e-021
996.800000  2.367507e-021
997.000000  2.381958e-021
997.200000  2.421851e-021
997.400000  2.465233e-021
997.600000  2.517085e-021
997.800000  2.577431e-021
998.000000  2.616734e-021
998.200000  2.626522e-021
998.400000  2.683409e-021
998.600000  2.715436e-021
998.800000  2.775957e-021
999.000000  2.796564e-021
999.200000  2.829418e-021
999.400000  2.850113e-021
999.600000  2.900332e-021
999.800000  2.887849e-021
1000.000000  2.947629e-021
1000.200000  2.952780e-021
1000.400000  2.981244e-021
1000.600000  3.001880e-021
1000.800000  2.994782e-021
1001.000000  3.013570e-021
1001.200000  2.998559e-021
1001.400000  3.005670e-021
1001.600000  2.945939e-021
1001.800000  3.016435e-021
1002.000000  2.998494e-021
1002.200000  2.998945e-021
1002.400000  2.987306e-021
1002.600000  2.996974e-021
1002.800000  3.002515e-021
1003.000000  2.974242e-021
1003.200000  3.036613e-021
1003.400000  3.091751e-021
1003.600000  3.127474e-021
1003.800000  3.150132e-021
1004.000000  3.192711e-021
1004.200000  3.228952e-021
1004.400000  3.192651e-021
1004.600000  3.257901e-021
1004.800000  3.319093e-021
1005.000000  3.312730e-021
1005.200000  3.357962e-021
1005.400000  3.354846e-021
1005.600000  3.409898e-021
1005.800000  3.419761e-021
1006.000000  3.442594e-021
1006.200000  3.488160e-021
1006.400000  3.507853e-021
1006.600000  3.459369e-021
1006.800000  3.492070e-021
1007.000000  3.511813e-021
1007.200000  3.482723e-021
1007.400000  3.447048e-021
1007.600000  3.519023e-021
1007.800000  3.463700e-021
1008.000000  3.427887e-021
1008.200000  3.375629e-021
1008.400000  3.392088e-021
1008.600000  3.326560e-021
1008.800000  3.257942e-021
1009.000000  3.275637e-021
1009.200000  3.214063e-021
1009.400000  3.181349e-021
1009.600000  3.124497e-021
1009.800000  3.135844e-021
1010.000000  3.127389e-021
1010.200000  3.059061e-021
1010.400000  3.039913e-021
1010.600000  3.069098e-021
1010.800000  3.063181e-021
1011.000000  3.023055e-021
1011.200000  3.039006e-021
1011.400000  3.048666e-021
1011.600000  3.063335e-021
1011.800000  2.992705e-021
1012.000000  3.048044e-021
1012.200000  3.064082e-021
1012.400000  3.072459e-021
1012.600000  3.035340e-021
1012.800000  3.067815e-021
1013.000000  3.050057e-021
1013.200000  3.072871e-021
1013.400000  3.056420e-021
1013.600000  3.031526e-021
1013.800000  3.025766e-021
1014.000000  3.046610e-021
1014.200000  3.039160e-021
1014.400000  3.036419e-021
1014.600000  3.065435e-021
1014.800000  3.062030e-021
1015.000000  3.068096e-021
1015.200000  3.065019e-021
1015.400000  3.075164e-021
1015.600000  3.080571e-021
1015.800000  3.108081e-021
1016.000000  3.097531e-021
1016.200000  3.111140e-021
1016.400000  3.160230e-021
1016.600000  3.212485e-021
1016.800000  3.233411e-021
1017.000000  3.217443e-021
1017.200000  3.309603e-021
1017.400000  3.364937e-021
1017.600000  3.392596e-021
1017.800000  3.501668e-021
1018.000000  3.578075e-021
1018.030000  3.590952e-021
1018.060000  3.603292e-021
1018.090000  3.620376e-021
1018.120000  3.642198e-021
1018.150000  3.656772e-021
1018.180000  3.663757e-021
1018.210000  3.666068e-021
1018.240000  3.662653e-021
1018.270000  3.659349e-021
1018.300000  3.663911e-021
1018.330000  3.676527e-021
1018.360000  3.684757e-021
1018.390000  3.698601e-021
1018.420000  3.725439e-021
1018.450000  3.751055e-021
1018.480000  3.777280e-021
1018.510000  3.818755e-021
1018.540000  3.856474e-021
1018.570000  3.880936e-021
1018.600000  3.910592e-021
1018.630000  3.920485e-021
1018.660000  3.910760e-021
1018.690000  3.913974e-021
1018.720000  3.917328e-021
1018.750000  3.905036e-021
1018.780000  3.910181e-021
1018.810000  3.935953e-021
1018.840000  3.957087e-021
1018.870000  3.973767e-021
1018.900000  3.989217e-021
1018.930000  3.998560e-021
1018.960000  4.005108e-021
1018.990000  4.015286e-021
1019.020000  4.022242e-021
1019.050000  4.021408e-021
1019.080000  4.028242e-021
1019.110000  4.043087e-021
1019.140000  4.065044e-021
1019.170000  4.097747e-021
1019.200000  4.131376e-021
1019.230000  4.146420e-021
1019.260000  4.147402e-021
1019.290000  4.150801e-021
1019.320000  4.161987e-021
1019.350000  4.186941e-021
1019.380000  4.223347e-021
1019.410000  4.261039e-021
1019.440000  4.276438e-021
1019.470000  4.280213e-021
1019.500000  4.281638e-021
1019.530000  4.277579e-021
1019.560000  4.282870e-021
1019.590000  4.298907e-021
1019.620000  4.315097e-021
1019.650000  4.342020e-021
1019.680000  4.387529e-021
1019.710000  4.419663e-021
1019.740000  4.439077e-021
1019.770000  4.461121e-021
1019.800000  4.474888e-021
1019.830000  4.474319e-021
1019.860000  4.478767e-021
1019.890000  4.498379e-021
1019.920000  4.523306e-021
1019.950000  4.547847e-021
1019.980000  4.574173e-021
1020.010000  4.604283e-021
1020.040000  4.633878e-021
1020.070000  4.652225e-021
1020.100000  4.661856e-021
1020.130000  4.671512e-021
1020.160000  4.686659e-021
1020.190000  4.710012e-021
1020.220000  4.744902e-021
1020.250000  4.791678e-021
1020.280000  4.842426e-021
1020.310000  4.878058e-021
1020.340000  4.886463e-021
1020.370000  4.890765e-021
1020.400000  4.896251e-021
1020.430000  4.897667e-021
1020.460000  4.906915e-021
1020.490000  4.931156e-021
1020.520000  4.952744e-021
1020.550000  4.979706e-021
1020.580000  5.021236e-021
1020.610000  5.061118e-021
1020.640000  5.098926e-021
1020.670000  5.139243e-021
1020.700000  5.164817e-021
1020.730000  5.179728e-021
1020.760000  5.201184e-021
1020.790000  5.223036e-021
1020.820000  5.246176e-021
1020.850000  5.284709e-021
1020.880000  5.321861e-021
1020.910000  5.340398e-021
1020.940000  5.362708e-021
1020.970000  5.393446e-021
1021.000000  5.419962e-021
1021.030000  5.447763e-021
1021.060000  5.486749e-021
1021.090000  5.528322e-021
1021.120000  5.557576e-021
1021.150000  5.581449e-021
1021.180000  5.605452e-021
1021.210000  5.634627e-021
1021.240000  5.662713e-021
1021.270000  5.678527e-021
1021.300000  5.705756e-021
1021.330000  5.751024e-021
1021.360000  5.791805e-021
1021.390000  5.823021e-021
1021.420000  5.874133e-021
1021.450000  5.923682e-021
1021.480000  5.966051e-021
1021.510000  6.016552e-021
1021.540000  6.063744e-021
1021.570000  6.102914e-021
1021.600000  6.129534e-021
1021.630000  6.149534e-021
1021.660000  6.154366e-021
1021.690000  6.159404e-021
1021.720000  6.186470e-021
1021.750000  6.231162e-021
1021.780000  6.278271e-021
1021.810000  6.324527e-021
1021.840000  6.370249e-021
1021.870000  6.410919e-021
1021.900000  6.455696e-021
1021.930000  6.504550e-021
1021.960000  6.558116e-021
1021.990000  6.619307e-021
1022.020000  6.667235e-021
1022.050000  6.692614e-021
1022.080000  6.710350e-021
1022.110000  6.739821e-021
1022.140000  6.785306e-021
1022.170000  6.831766e-021
1022.200000  6.875470e-021
1022.230000  6.919936e-021
1022.260000  6.957714e-021
1022.290000  6.985413e-021
1022.320000  7.025855e-021
1022.350000  7.084336e-021
1022.380000  7.153354e-021
1022.410000  7.229377e-021
1022.440000  7.285845e-021
1022.470000  7.326909e-021
1022.500000  7.367871e-021
1022.530000  7.403135e-021
1022.560000  7.437279e-021
1022.590000  7.479954e-021
1022.620000  7.528062e-021
1022.650000  7.583925e-021
1022.680000  7.640836e-021
1022.710000  7.690108e-021
1022.740000  7.733099e-021
1022.770000  7.760839e-021
1022.800000  7.782466e-021
1022.830000  7.803994e-021
1022.860000  7.827818e-021
1022.890000  7.869847e-021
1022.920000  7.933843e-021
1022.950000  7.997167e-021
1022.980000  8.051751e-021
1023.010000  8.100589e-021
1023.040000  8.145452e-021
1023.070000  8.187189e-021
1023.100000  8.223495e-021
1023.130000  8.257222e-021
1023.160000  8.293328e-021
1023.190000  8.344849e-021
1023.220000  8.402685e-021
1023.250000  8.448536e-021
1023.280000  8.488070e-021
1023.310000  8.532105e-021
1023.340000  8.550211e-021
1023.370000  8.545303e-021
1023.400000  8.570395e-021
1023.430000  8.621813e-021
1023.460000  8.664536e-021
1023.490000  8.705015e-021
1023.520000  8.743587e-021
1023.550000  8.765336e-021
1023.580000  8.782126e-021
1023.610000  8.819557e-021
1023.640000  8.881637e-021
1023.670000  8.954153e-021
1023.700000  9.015382e-021
1023.730000  9.056001e-021
1023.760000  9.078859e-021
1023.790000  9.097875e-021
1023.820000  9.124694e-021
1023.850000  9.153861e-021
1023.880000  9.186412e-021
1023.910000  9.216983e-021
1023.940000  9.241966e-021
1023.970000  9.269894e-021
1024.000000  9.308939e-021
1024.030000  9.359230e-021
1024.060000  9.425880e-021
1024.090000  9.493582e-021
1024.120000  9.545017e-021
1024.150000  9.584280e-021
1024.180000  9.619491e-021
1024.210000  9.649069e-021
1024.240000  9.677293e-021
1024.270000  9.706762e-021
1024.300000  9.724688e-021
1024.330000  9.737467e-021
1024.360000  9.753735e-021
1024.390000  9.771430e-021
1024.420000  9.796370e-021
1024.450000  9.849368e-021
1024.480000  9.919151e-021
1024.510000  9.986345e-021
1024.540000  1.005139e-020
1024.570000  1.011064e-020
1024.600000  1.015808e-020
1024.630000  1.019821e-020
1024.660000  1.023186e-020
1024.690000  1.025503e-020
1024.720000  1.027457e-020
1024.750000  1.030111e-020
1024.780000  1.032870e-020
1024.810000  1.035415e-020
1024.840000  1.038504e-020
1024.870000  1.041825e-020
1024.900000  1.043817e-020
1024.930000  1.045861e-020
1024.960000  1.049528e-020
1024.990000  1.051845e-020
1025.020000  1.054012e-020
1025.050000  1.057604e-020
1025.080000  1.059767e-020
1025.110000  1.059938e-020
1025.140000  1.061588e-020
1025.170000  1.064056e-020
1025.200000  1.065362e-020
1025.230000  1.067090e-020
1025.260000  1.070135e-020
1025.290000  1.072993e-020
1025.320000  1.073906e-020
1025.350000  1.074865e-020
1025.380000  1.077721e-020
1025.410000  1.082007e-020
1025.440000  1.087648e-020
1025.470000  1.094016e-020
1025.500000  1.100027e-020
1025.530000  1.105579e-020
1025.560000  1.110155e-020
1025.590000  1.113280e-020
1025.620000  1.116146e-020
1025.650000  1.118702e-020
1025.680000  1.119624e-020
1025.710000  1.119412e-020
1025.740000  1.120014e-020
1025.770000  1.122000e-020
1025.800000  1.124999e-020
1025.830000  1.128047e-020
1025.860000  1.130484e-020
1025.890000  1.131957e-020
1025.920000  1.133057e-020
1025.950000  1.134963e-020
1025.980000  1.139760e-020
1026.010000  1.146113e-020
1026.040000  1.150258e-020
1026.070000  1.152958e-020
1026.100000  1.154785e-020
1026.130000  1.154168e-020
1026.160000  1.153117e-020
1026.190000  1.156252e-020
1026.220000  1.160993e-020
1026.250000  1.163475e-020
1026.280000  1.165322e-020
1026.310000  1.166905e-020
1026.340000  1.166876e-020
1026.370000  1.168636e-020
1026.400000  1.172883e-020
1026.430000  1.176109e-020
1026.460000  1.178600e-020
1026.490000  1.181333e-020
1026.520000  1.182898e-020
1026.550000  1.182733e-020
1026.580000  1.183267e-020
1026.610000  1.185520e-020
1026.640000  1.188833e-020
1026.670000  1.192540e-020
1026.700000  1.198813e-020
1026.730000  1.206745e-020
1026.760000  1.212443e-020
1026.790000  1.215342e-020
1026.820000  1.217309e-020
1026.850000  1.217847e-020
1026.880000  1.215695e-020
1026.910000  1.213924e-020
1026.940000  1.214110e-020
1026.970000  1.214383e-020
1027.000000  1.216648e-020
1027.030000  1.222700e-020
1027.060000  1.228475e-020
1027.090000  1.232049e-020
1027.120000  1.234904e-020
1027.150000  1.236674e-020
1027.180000  1.237227e-020
1027.210000  1.238547e-020
1027.240000  1.242446e-020
1027.270000  1.248445e-020
1027.300000  1.253535e-020
1027.330000  1.258601e-020
1027.360000  1.265534e-020
1027.390000  1.270636e-020
1027.420000  1.272117e-020
1027.450000  1.272511e-020
1027.480000  1.274034e-020
1027.510000  1.275537e-020
1027.540000  1.277655e-020
1027.570000  1.281974e-020
1027.600000  1.287094e-020
1027.630000  1.290750e-020
1027.660000  1.292544e-020
1027.690000  1.294749e-020
1027.720000  1.298651e-020
1027.750000  1.306083e-020
1027.780000  1.316319e-020
1027.810000  1.326263e-020
1027.840000  1.334695e-020
1027.870000  1.341382e-020
1027.900000  1.344800e-020
1027.930000  1.344191e-020
1027.960000  1.342690e-020
1027.990000  1.342849e-020
1028.020000  1.345059e-020
1028.050000  1.349595e-020
1028.080000  1.357107e-020
1028.110000  1.368049e-020
1028.140000  1.379304e-020
1028.170000  1.387988e-020
1028.200000  1.393868e-020
1028.230000  1.397820e-020
1028.260000  1.401341e-020
1028.290000  1.405370e-020
1028.320000  1.410882e-020
1028.350000  1.418705e-020
1028.380000  1.429040e-020
1028.410000  1.440094e-020
1028.440000  1.451005e-020
1028.470000  1.460717e-020
1028.500000  1.468742e-020
1028.530000  1.475251e-020
1028.560000  1.480539e-020
1028.590000  1.487598e-020
1028.620000  1.497547e-020
1028.650000  1.508541e-020
1028.680000  1.517468e-020
1028.710000  1.524259e-020
1028.740000  1.528253e-020
1028.770000  1.529574e-020
1028.800000  1.532157e-020
1028.830000  1.538139e-020
1028.860000  1.545202e-020
1028.890000  1.552402e-020
1028.920000  1.560313e-020
1028.950000  1.567306e-020
1028.980000  1.574832e-020
1029.010000  1.584454e-020
1029.040000  1.592713e-020
1029.070000  1.597765e-020
1029.100000  1.602546e-020
1029.130000  1.607611e-020
1029.160000  1.612998e-020
1029.190000  1.621556e-020
1029.220000  1.633731e-020
1029.250000  1.645130e-020
1029.280000  1.652021e-020
1029.310000  1.655959e-020
1029.340000  1.659631e-020
1029.370000  1.664376e-020
1029.400000  1.671052e-020
1029.430000  1.680387e-020
1029.460000  1.689357e-020
1029.490000  1.695153e-020
1029.520000  1.698704e-020
1029.550000  1.701467e-020
1029.580000  1.703340e-020
1029.610000  1.707907e-020
1029.640000  1.716389e-020
1029.670000  1.723188e-020
1029.700000  1.728333e-020
1029.730000  1.734075e-020
1029.760000  1.738936e-020
1029.790000  1.741954e-020
1029.820000  1.745374e-020
1029.850000  1.749035e-020
1029.880000  1.753459e-020
1029.910000  1.757616e-020
1029.940000  1.762301e-020
1029.970000  1.768780e-020
1030.000000  1.773545e-020
1030.030000  1.774865e-020
1030.060000  1.774554e-020
1030.090000  1.773994e-020
1030.120000  1.774528e-020
1030.150000  1.777568e-020
1030.180000  1.781457e-020
1030.210000  1.784600e-020
1030.240000  1.785607e-020
1030.270000  1.783478e-020
1030.300000  1.780184e-020
1030.330000  1.777062e-020
1030.360000  1.774666e-020
1030.390000  1.774549e-020
1030.420000  1.777187e-020
1030.450000  1.780866e-020
1030.480000  1.785401e-020
1030.510000  1.789257e-020
1030.540000  1.789524e-020
1030.570000  1.786086e-020
1030.600000  1.780098e-020
1030.630000  1.773165e-020
1030.660000  1.765580e-020
1030.690000  1.758889e-020
1030.720000  1.753837e-020
1030.750000  1.749746e-020
1030.780000  1.745948e-020
1030.810000  1.742421e-020
1030.840000  1.737790e-020
1030.870000  1.732695e-020
1030.900000  1.729083e-020
1030.930000  1.726757e-020
1030.960000  1.723637e-020
1030.990000  1.718062e-020
1031.020000  1.710498e-020
1031.050000  1.700590e-020
1031.080000  1.689562e-020
1031.110000  1.682137e-020
1031.140000  1.678453e-020
1031.170000  1.673340e-020
1031.200000  1.666257e-020
1031.230000  1.657130e-020
1031.260000  1.645369e-020
1031.290000  1.634450e-020
1031.320000  1.627590e-020
1031.350000  1.621787e-020
1031.380000  1.613387e-020
1031.410000  1.603218e-020
1031.440000  1.591258e-020
1031.470000  1.579049e-020
1031.500000  1.570902e-020
1031.530000  1.565914e-020
1031.560000  1.559135e-020
1031.590000  1.550545e-020
1031.620000  1.540056e-020
1031.650000  1.526896e-020
1031.680000  1.515229e-020
1031.710000  1.506821e-020
1031.740000  1.498757e-020
1031.770000  1.488743e-020
1031.800000  1.477496e-020
1031.830000  1.464825e-020
1031.860000  1.452472e-020
1031.890000  1.443542e-020
1031.920000  1.436925e-020
1031.950000  1.428920e-020
1031.980000  1.418506e-020
1032.010000  1.407975e-020
1032.040000  1.397673e-020
1032.070000  1.387608e-020
1032.100000  1.378524e-020
1032.130000  1.370793e-020
1032.160000  1.363038e-020
1032.190000  1.354422e-020
1032.220000  1.345991e-020
1032.250000  1.338134e-020
1032.280000  1.329317e-020
1032.310000  1.318718e-020
1032.340000  1.306522e-020
1032.370000  1.292871e-020
1032.400000  1.278138e-020
1032.430000  1.264204e-020
1032.460000  1.251562e-020
1032.490000  1.240053e-020
1032.520000  1.230651e-020
1032.550000  1.223601e-020
1032.580000  1.218052e-020
1032.610000  1.212448e-020
1032.640000  1.205496e-020
1032.670000  1.195561e-020
1032.700000  1.183736e-020
1032.730000  1.171982e-020
1032.760000  1.160547e-020
1032.790000  1.149976e-020
1032.820000  1.141616e-020
1032.850000  1.133855e-020
1032.880000  1.124992e-020
1032.910000  1.116816e-020
1032.940000  1.108692e-020
1032.970000  1.099553e-020
1033.000000  1.089843e-020
1033.030000  1.080266e-020
1033.060000  1.070420e-020
1033.090000  1.061649e-020
1033.120000  1.055203e-020
1033.150000  1.049097e-020
1033.180000  1.041908e-020
1033.210000  1.032795e-020
1033.240000  1.023106e-020
1033.270000  1.013644e-020
1033.300000  1.004814e-020
1033.330000  9.974288e-021
1033.360000  9.920867e-021
1033.390000  9.861067e-021
1033.420000  9.779688e-021
1033.450000  9.699391e-021
1033.480000  9.632628e-021
1033.510000  9.564654e-021
1033.540000  9.474908e-021
1033.570000  9.378293e-021
1033.600000  9.283313e-021
1033.630000  9.186003e-021
1033.660000  9.097288e-021
1033.690000  9.030476e-021
1033.720000  8.972181e-021
1033.750000  8.917123e-021
1033.780000  8.857824e-021
1033.810000  8.791514e-021
1033.840000  8.729664e-021
1033.870000  8.672559e-021
1033.900000  8.617570e-021
1033.930000  8.559187e-021
1033.960000  8.501025e-021
1033.990000  8.443061e-021
1034.020000  8.382288e-021
1034.050000  8.311841e-021
1034.080000  8.238972e-021
1034.110000  8.162008e-021
1034.140000  8.090075e-021
1034.170000  8.035357e-021
1034.200000  7.993466e-021
1034.230000  7.959119e-021
1034.260000  7.915133e-021
1034.290000  7.861781e-021
1034.320000  7.796559e-021
1034.350000  7.712617e-021
1034.380000  7.617091e-021
1034.410000  7.538308e-021
1034.440000  7.483944e-021
1034.470000  7.446184e-021
1034.500000  7.425295e-021
1034.530000  7.409891e-021
1034.560000  7.393306e-021
1034.590000  7.363064e-021
1034.620000  7.312127e-021
1034.650000  7.257972e-021
1034.680000  7.208067e-021
1034.710000  7.153003e-021
1034.740000  7.100997e-021
1034.770000  7.059988e-021
1034.800000  7.012101e-021
1034.830000  6.946857e-021
1034.860000  6.888542e-021
1034.890000  6.830472e-021
1034.920000  6.761382e-021
1034.950000  6.706817e-021
1034.980000  6.672151e-021
1035.010000  6.633293e-021
1035.040000  6.587549e-021
1035.070000  6.548954e-021
1035.100000  6.514654e-021
1035.130000  6.483699e-021
1035.160000  6.443983e-021
1035.190000  6.399966e-021
1035.220000  6.369316e-021
1035.250000  6.337907e-021
1035.280000  6.298007e-021
1035.310000  6.267753e-021
1035.340000  6.244002e-021
1035.370000  6.209378e-021
1035.400000  6.158222e-021
1035.430000  6.099209e-021
1035.460000  6.050881e-021
1035.490000  6.007891e-021
1035.520000  5.963926e-021
1035.550000  5.933225e-021
1035.580000  5.913946e-021
1035.610000  5.890916e-021
1035.640000  5.859761e-021
1035.670000  5.823417e-021
1035.700000  5.786022e-021
1035.730000  5.752394e-021
1035.760000  5.711629e-021
1035.790000  5.668475e-021
1035.820000  5.637169e-021
1035.850000  5.611458e-021
1035.880000  5.588845e-021
1035.910000  5.569600e-021
1035.940000  5.552301e-021
1035.970000  5.529178e-021
1036.000000  5.493235e-021
1036.030000  5.441585e-021
1036.060000  5.382621e-021
1036.090000  5.330983e-021
1036.120000  5.295275e-021
1036.150000  5.281951e-021
1036.180000  5.274850e-021
1036.210000  5.275196e-021
1036.240000  5.278576e-021
1036.270000  5.269325e-021
1036.300000  5.256824e-021
1036.330000  5.256059e-021
1036.360000  5.240730e-021
1036.390000  5.203581e-021
1036.420000  5.165768e-021
1036.450000  5.120139e-021
1036.480000  5.063756e-021
1036.510000  5.005155e-021
1036.540000  4.971885e-021
1036.570000  4.953818e-021
1036.600000  4.933916e-021
1036.630000  4.915331e-021
1036.660000  4.911680e-021
1036.690000  4.902512e-021
1036.720000  4.881144e-021
1036.750000  4.855980e-021
1036.780000  4.829820e-021
1036.810000  4.807885e-021
1036.840000  4.778922e-021
1036.870000  4.746091e-021
1036.900000  4.725649e-021
1036.930000  4.717215e-021
1036.960000  4.696881e-021
1036.990000  4.676863e-021
1037.020000  4.658329e-021
1037.050000  4.627559e-021
1037.080000  4.588553e-021
1037.110000  4.553295e-021
1037.140000  4.522879e-021
1037.170000  4.497117e-021
1037.200000  4.478440e-021
1037.230000  4.476244e-021
1037.260000  4.483282e-021
1037.290000  4.483846e-021
1037.320000  4.476016e-021
1037.350000  4.459152e-021
1037.380000  4.435392e-021
1037.410000  4.404893e-021
1037.440000  4.378240e-021
1037.470000  4.372686e-021
1037.500000  4.375969e-021
1037.530000  4.356964e-021
1037.560000  4.333712e-021
1037.590000  4.316113e-021
1037.620000  4.282224e-021
1037.650000  4.240121e-021
1037.680000  4.204706e-021
1037.710000  4.187474e-021
1037.740000  4.180605e-021
1037.770000  4.165669e-021
1037.800000  4.152204e-021
1037.830000  4.152836e-021
1037.860000  4.150114e-021
1037.890000  4.140855e-021
1037.920000  4.147475e-021
1037.950000  4.154944e-021
1037.980000  4.142967e-021
1038.010000  4.123667e-021
1038.040000  4.097614e-021
1038.070000  4.059154e-021
1038.100000  4.025449e-021
1038.130000  4.015154e-021
1038.160000  4.011969e-021
1038.190000  4.009625e-021
1038.220000  4.017994e-021
1038.250000  4.021449e-021
1038.280000  4.007125e-021
1038.310000  3.986450e-021
1038.340000  3.966438e-021
1038.370000  3.941492e-021
1038.400000  3.916288e-021
1038.430000  3.903666e-021
1038.460000  3.896769e-021
1038.490000  3.881890e-021
1038.520000  3.868107e-021
1038.550000  3.857614e-021
1038.580000  3.843616e-021
1038.610000  3.829702e-021
1038.640000  3.828776e-021
1038.670000  3.831346e-021
1038.700000  3.828110e-021
1038.730000  3.816242e-021
1038.760000  3.800518e-021
1038.790000  3.767879e-021
1038.820000  3.724293e-021
1038.850000  3.703141e-021
1038.880000  3.696026e-021
1038.910000  3.695126e-021
1038.940000  3.707607e-021
1038.970000  3.726227e-021
1039.000000  3.723438e-021
1039.030000  3.702196e-021
1039.060000  3.673958e-021
1039.090000  3.649250e-021
1039.120000  3.621941e-021
1039.150000  3.589847e-021
1039.180000  3.582985e-021
1039.210000  3.586633e-021
1039.240000  3.584979e-021
1039.270000  3.592183e-021
1039.300000  3.600385e-021
1039.330000  3.591298e-021
1039.360000  3.580220e-021
1039.390000  3.563860e-021
1039.420000  3.533841e-021
1039.450000  3.513676e-021
1039.480000  3.495953e-021
1039.510000  3.468262e-021
1039.540000  3.439762e-021
1039.570000  3.418828e-021
1039.600000  3.400833e-021
1039.630000  3.381993e-021
1039.660000  3.365951e-021
1039.690000  3.360365e-021
1039.720000  3.366112e-021
1039.750000  3.364709e-021
1039.780000  3.360640e-021
1039.810000  3.366055e-021
1039.840000  3.372390e-021
1039.870000  3.360243e-021
1039.900000  3.342211e-021
1039.930000  3.328103e-021
1039.960000  3.303237e-021
1039.990000  3.272113e-021
1040.020000  3.250402e-021
1040.050000  3.244318e-021
1040.080000  3.241197e-021
1040.110000  3.239205e-021
1040.140000  3.241660e-021
1040.170000  3.249391e-021
1040.200000  3.252702e-021
1040.230000  3.247798e-021
1040.260000  3.236359e-021
1040.290000  3.220210e-021
1040.320000  3.203612e-021
1040.350000  3.188265e-021
1040.380000  3.179800e-021
1040.410000  3.183188e-021
1040.440000  3.189264e-021
1040.470000  3.175845e-021
1040.500000  3.158595e-021
1040.530000  3.148646e-021
1040.560000  3.128044e-021
1040.590000  3.104871e-021
1040.620000  3.103213e-021
1040.650000  3.109433e-021
1040.680000  3.111946e-021
1040.710000  3.125192e-021
1040.740000  3.129205e-021
1040.770000  3.110985e-021
1040.800000  3.089433e-021
1040.830000  3.072683e-021
1040.860000  3.054148e-021
1040.890000  3.049107e-021
1040.920000  3.049974e-021
1040.950000  3.031527e-021
1040.980000  3.003675e-021
1041.010000  2.972117e-021
1041.040000  2.940586e-021
1041.070000  2.923303e-021
1041.100000  2.919937e-021
1041.130000  2.912323e-021
1041.160000  2.892991e-021
1041.190000  2.871441e-021
1041.220000  2.864955e-021
1041.250000  2.870407e-021
1041.280000  2.873207e-021
1041.310000  2.879923e-021
1041.340000  2.878062e-021
1041.370000  2.847491e-021
1041.400000  2.809460e-021
1041.430000  2.781225e-021
1041.460000  2.761480e-021
1041.490000  2.760815e-021
1041.520000  2.773862e-021
1041.550000  2.782295e-021
1041.580000  2.787212e-021
1041.610000  2.786432e-021
1041.640000  2.770317e-021
1041.670000  2.753187e-021
1041.700000  2.748023e-021
1041.730000  2.745291e-021
1041.760000  2.742380e-021
1041.790000  2.745493e-021
1041.820000  2.739718e-021
1041.850000  2.719509e-021
1041.880000  2.709068e-021
1041.910000  2.713776e-021
1041.940000  2.717873e-021
1041.970000  2.723608e-021
1042.000000  2.734423e-021
1042.200000  2.705690e-021
1042.400000  2.634013e-021
1042.600000  2.597045e-021
1042.800000  2.599925e-021
1043.000000  2.567115e-021
1043.200000  2.516764e-021
1043.400000  2.505573e-021
1043.600000  2.528985e-021
1043.800000  2.479613e-021
1044.000000  2.467176e-021
1044.200000  2.473833e-021
1044.400000  2.478155e-021
1044.600000  2.496558e-021
1044.800000  2.482905e-021
1045.000000  2.485674e-021
1045.200000  2.489229e-021
1045.400000  2.470812e-021
1045.600000  2.535635e-021
1045.800000  2.568337e-021
1046.000000  2.555444e-021
1046.200000  2.570495e-021
1046.400000  2.593852e-021
1046.600000  2.648826e-021
1046.800000  2.666766e-021
1047.000000  2.693042e-021
1047.200000  2.721740e-021
1047.400000  2.748905e-021
1047.600000  2.782464e-021
1047.800000  2.821245e-021
1048.000000  2.830297e-021
1048.200000  2.842146e-021
1048.400000  2.839683e-021
1048.600000  2.819281e-021
1048.800000  2.848295e-021
1049.000000  2.846620e-021
1049.200000  2.868118e-021
1049.400000  2.852452e-021
1049.600000  2.821939e-021
1049.800000  2.822625e-021
1050.000000  2.830529e-021
1050.200000  2.789459e-021
1050.400000  2.745896e-021
1050.600000  2.688568e-021
1050.800000  2.635558e-021
1051.000000  2.536494e-021
1051.200000  2.508247e-021
1051.400000  2.468635e-021
1051.600000  2.390140e-021
1051.800000  2.334960e-021
1052.000000  2.282103e-021
1052.200000  2.234412e-021
1052.400000  2.142401e-021
1052.600000  2.070925e-021
1052.800000  2.022890e-021
1053.000000  1.984121e-021
1053.200000  1.902916e-021
1053.400000  1.835824e-021
1053.600000  1.778805e-021
1053.800000  1.750676e-021
1054.000000  1.719221e-021
1054.200000  1.668470e-021
1054.400000  1.613524e-021
1054.600000  1.586354e-021
1054.800000  1.555437e-021
1055.000000  1.501044e-021
1055.200000  1.472451e-021
1055.400000  1.467262e-021
1055.600000  1.392439e-021
1055.800000  1.378502e-021
1056.000000  1.400858e-021
1056.200000  1.317905e-021
1056.400000  1.330732e-021
1056.600000  1.286875e-021
1056.800000  1.275250e-021
1057.000000  1.241207e-021
1057.200000  1.184683e-021
1057.400000  1.184143e-021
1057.600000  1.165716e-021
1057.800000  1.133517e-021
1058.000000  1.155006e-021
1058.200000  1.120648e-021
1058.400000  1.090398e-021
1058.600000  1.085578e-021
1058.800000  1.077821e-021
1059.000000  1.037813e-021
1059.200000  1.016165e-021
1059.400000  1.027191e-021
1059.600000  9.920557e-022
1059.800000  9.707204e-022
1060.000000  9.821522e-022
1060.200000  9.675014e-022
1060.400000  9.443936e-022
1060.600000  9.246157e-022
1060.800000  9.478650e-022
1061.000000  9.280510e-022
1061.200000  8.878942e-022
1061.400000  8.696779e-022
1061.600000  8.632929e-022
1061.800000  8.560465e-022
1062.000000  8.479363e-022
1062.200000  8.636102e-022
1062.400000  8.503852e-022
1062.600000  8.222311e-022
1062.800000  8.204480e-022
1063.000000  7.913577e-022
1063.200000  7.690439e-022
1063.400000  7.753239e-022
1063.600000  7.828982e-022
1063.800000  7.575135e-022
1064.000000  7.689413e-022
1064.200000  7.593677e-022
1064.400000  7.484871e-022
1064.600000  7.530590e-022
1064.800000  7.451620e-022
1065.000000  7.445701e-022
1065.200000  7.086311e-022
1065.400000  7.140425e-022
1065.600000  7.026211e-022
1065.800000  7.024162e-022
1066.000000  7.030755e-022
1066.200000  7.184596e-022
1066.400000  6.913914e-022
1066.600000  6.751186e-022
1066.800000  6.675003e-022
1067.000000  6.733426e-022
1067.200000  6.805005e-022
1067.400000  6.672020e-022
1067.600000  6.726224e-022
1067.800000  6.527453e-022
1068.000000  6.690793e-022
1068.200000  6.539688e-022
1068.400000  6.467053e-022
1068.600000  6.468729e-022
1068.800000  6.452866e-022
1069.000000  6.261452e-022
1069.200000  6.201433e-022
1069.400000  6.163274e-022
1069.600000  6.230642e-022
1069.800000  6.104341e-022
1070.000000  6.101232e-022
1070.200000  6.204012e-022
1070.400000  6.033145e-022
1070.600000  6.091833e-022
1070.800000  6.057701e-022
1071.000000  5.819763e-022
1071.200000  5.927162e-022
1071.400000  6.096878e-022
1071.600000  5.760578e-022
1071.800000  5.583686e-022
1072.000000  5.962677e-022
1072.200000  5.910341e-022
1072.400000  5.933688e-022
1072.600000  5.568858e-022
1072.800000  5.882233e-022
1073.000000  5.731248e-022
1073.200000  5.521805e-022
1073.400000  5.576220e-022
1073.600000  5.666595e-022
1073.800000  5.577643e-022
1074.000000  5.681651e-022
1074.200000  5.363259e-022
1074.400000  5.561745e-022
1074.600000  5.449820e-022
1074.800000  5.504483e-022
1075.000000  5.315574e-022
1075.200000  5.410852e-022
1075.400000  5.474657e-022
1075.600000  5.493324e-022
1075.800000  5.489375e-022
1076.000000  5.195275e-022
1076.200000  5.177417e-022
1076.400000  5.409322e-022
1076.600000  5.218869e-022
1076.800000  4.987103e-022
1077.000000  4.968964e-022
1077.200000  5.169605e-022
1077.400000  5.178969e-022
1077.600000  5.138106e-022
1077.800000  4.658302e-022
1078.000000  4.950894e-022
1078.200000  4.918849e-022
1078.400000  4.886740e-022
1078.600000  4.978453e-022
1078.800000  4.813141e-022
1079.000000  4.716471e-022
1079.200000  4.932500e-022
1079.400000  4.978521e-022
1079.600000  4.766477e-022
1079.800000  4.673999e-022
1080.000000  4.636765e-022
1080.200000  4.682663e-022
1080.400000  4.543567e-022
1080.600000  4.593622e-022
1080.800000  4.284520e-022
1081.000000  4.468507e-022
1081.200000  4.447100e-022
1081.400000  4.564169e-022
1081.600000  4.470686e-022
1081.800000  4.500434e-022
1082.000000  4.190896e-022
1082.200000  4.313275e-022
1082.400000  4.302319e-022
1082.600000  4.254879e-022
1082.800000  4.299982e-022
1083.000000  4.221069e-022
1083.200000  4.164035e-022
1083.400000  4.219487e-022
1083.600000  4.321055e-022
1083.800000  3.908614e-022
1084.000000  4.056178e-022
1084.200000  3.998236e-022
1084.400000  3.910490e-022
1084.600000  4.166483e-022
1084.800000  3.953594e-022
1085.000000  3.895327e-022
1085.200000  3.637319e-022
1085.400000  3.831489e-022
1085.600000  3.948763e-022
1085.800000  3.747002e-022
1086.000000  3.636976e-022
1086.200000  3.723018e-022
1086.400000  3.676501e-022
1086.600000  3.716071e-022
1086.800000  3.600831e-022
1087.000000  3.484897e-022
1087.200000  3.614623e-022
1087.400000  3.742195e-022
1087.600000  3.709287e-022
1087.800000  3.491995e-022
1088.000000  3.500477e-022
1088.200000  3.550220e-022
1088.400000  3.493475e-022
1088.600000  3.424129e-022
1088.800000  3.587914e-022
1089.000000  3.305743e-022
1089.200000  3.384428e-022
1089.400000  3.485921e-022
1089.600000  3.572151e-022
1089.800000  3.282148e-022
1090.000000  3.279842e-022
1090.200000  3.298341e-022
1090.400000  3.340612e-022
1090.600000  3.255418e-022
1090.800000  3.487021e-022
1091.000000  3.238558e-022
1091.200000  3.329544e-022
1091.400000  3.280517e-022
1091.600000  3.208499e-022
1091.800000  3.346509e-022
1092.000000  3.271974e-022
1092.200000  3.059538e-022
1092.400000  3.103902e-022
1092.600000  3.096467e-022
1092.800000  2.994963e-022
1093.000000  3.152150e-022
1093.200000  2.852732e-022
1093.400000  2.990914e-022
1093.600000  2.940061e-022
1093.800000  3.078077e-022
1094.000000  3.039518e-022
1094.200000  2.811081e-022
1094.400000  3.105773e-022
1094.600000  2.868576e-022
1094.800000  2.708062e-022
1095.000000  2.820383e-022
1095.200000  3.016109e-022
1095.400000  2.902373e-022
1095.600000  2.628661e-022
1095.800000  2.719459e-022
1096.000000  2.663785e-022
1096.200000  2.754775e-022
1096.400000  2.658192e-022
1096.600000  2.644169e-022
1096.800000  2.698465e-022
1097.000000  2.549626e-022
1097.200000  2.780857e-022
1097.400000  2.605804e-022
1097.600000  2.556106e-022
1097.800000  2.537387e-022
1098.000000  2.246251e-022
1098.200000  2.457664e-022
1098.400000  2.381507e-022
1098.600000  2.487795e-022
1098.800000  2.479488e-022
1099.000000  2.377437e-022
1099.200000  2.379097e-022
1099.400000  2.087958e-022
1099.600000  2.288940e-022
1099.800000  2.380034e-022
1100.000000  2.026337e-022
1100.200000  2.216659e-022
1100.400000  2.114206e-022
1100.600000  2.095825e-022
1100.800000  2.170889e-022
1101.000000  1.984713e-022
1101.200000  1.871489e-022
1101.400000  2.093264e-022
1101.600000  2.012052e-022
1101.800000  2.170560e-022
1102.000000  2.031544e-022
1102.200000  2.023162e-022
1102.400000  1.879149e-022
1102.600000  1.614503e-022
1102.800000  2.092247e-022
1103.000000  1.859125e-022
1103.200000  1.898304e-022
1103.400000  1.910821e-022
1103.600000  1.881681e-022
1103.800000  1.659358e-022
1104.000000  1.770143e-022
1104.200000  1.971416e-022
1104.400000  1.785229e-022
1104.600000  1.813724e-022
1104.800000  1.684995e-022
1105.000000  1.484573e-022
1105.200000  1.647622e-022
1105.400000  1.619544e-022
1105.600000  1.631394e-022
1105.800000  1.847503e-022
1106.000000  1.604698e-022
1106.200000  1.543153e-022
1106.400000  1.655544e-022
1106.600000  1.605405e-022
1106.800000  1.707089e-022
1107.000000  1.307338e-022
1107.200000  1.472215e-022
1107.400000  1.353673e-022
1107.600000  1.549275e-022
1107.800000  1.524979e-022
1108.000000  1.439225e-022
1108.200000  1.529310e-022
1108.400000  1.719463e-022
1108.600000  1.466284e-022
1108.800000  1.571383e-022
1109.000000  1.590200e-022
1109.200000  1.482394e-022
1109.400000  1.516480e-022
1109.600000  1.403652e-022
1109.800000  1.629810e-022
1110.000000  1.278012e-022
1110.200000  1.352319e-022
1110.400000  1.568427e-022
1110.600000  1.424327e-022
1110.800000  1.576569e-022
1111.000000  1.562028e-022
1111.200000  1.352030e-022
1111.400000  1.524869e-022
1111.600000  1.333660e-022
1111.800000  1.466745e-022
1112.000000  1.359042e-022
1112.200000  1.427663e-022
1112.400000  1.274755e-022
1112.600000  1.375037e-022
1112.800000  1.141889e-022
1113.000000  1.252429e-022
1113.200000  1.370152e-022
1113.400000  1.231018e-022
1113.600000  1.294565e-022
1113.800000  1.308119e-022
1114.000000  1.335717e-022
1114.200000  1.436227e-022
1114.400000  1.287877e-022
1114.600000  1.336074e-022
1114.800000  1.144069e-022
1115.000000  1.092554e-022
1115.200000  1.169436e-022
1115.400000  1.112965e-022
1115.600000  1.135145e-022
1115.800000  1.357959e-022
1116.000000  1.207915e-022
1116.200000  1.083197e-022
1116.400000  1.212262e-022
1116.600000  1.124420e-022
1116.800000  1.104677e-022
1117.000000  1.016580e-022
1117.200000  1.119786e-022
1117.400000  9.685761e-023
1117.600000  1.173854e-022
1117.800000  9.785386e-023
1118.000000  9.640424e-023
1118.200000  9.802907e-023
1118.400000  9.949172e-023
1118.600000  1.027184e-022
1118.800000  1.012125e-022
1119.000000  9.082525e-023
1119.200000  9.907533e-023
1119.400000  8.971708e-023
1119.600000  8.824903e-023
1119.800000  9.491373e-023
1120.000000  7.561106e-023
1120.200000  1.050630e-022
1120.400000  7.785487e-023
1120.600000  8.614448e-023
1120.800000  9.617215e-023
1121.000000  6.521061e-023
1121.200000  8.793468e-023
1121.400000  6.521556e-023
1121.600000  9.422849e-023
1121.800000  8.588080e-023
1122.000000  8.204515e-023
1122.200000  9.688617e-023
1122.400000  1.022355e-022
1122.600000  8.120003e-023
1122.800000  1.079706e-022
1123.000000  7.904311e-023
1123.200000  8.018110e-023
1123.400000  7.659701e-023
1123.600000  7.328789e-023
1123.800000  5.701488e-023
1124.000000  6.918926e-023
1124.200000  6.343761e-023
1124.400000  8.659821e-023
1124.600000  6.976991e-023
1124.800000  9.467495e-023
1125.000000  5.135006e-023
1125.200000  6.712169e-023
1125.400000  6.349320e-023
1125.600000  6.724109e-023
1125.800000  7.736187e-023
1126.000000  3.122826e-023
1126.200000  6.992598e-023
1126.400000  7.796719e-023
1126.600000  6.685578e-023
1126.800000  6.463135e-023
1127.000000  5.569402e-023
1127.200000  7.326839e-023
1127.400000  6.045283e-023
1127.600000  6.050647e-023
1127.800000  6.795813e-023
1128.000000  7.335656e-023
1128.200000  6.049527e-023
1128.400000  7.808682e-023
1128.600000  6.750887e-023
1128.800000  4.577161e-023
1129.000000  4.783584e-023
1129.200000  5.955204e-023
1129.400000  5.483988e-023
1129.600000  8.098865e-023
1129.800000  5.480977e-023
1130.000000  6.601759e-023
1130.200000  5.064090e-023
1130.400000  6.671464e-023
1130.600000  3.942551e-023
1130.800000  5.974268e-023
1131.000000  5.979553e-023
1131.200000  7.050237e-023
1131.400000  8.484082e-023
1131.600000  6.088745e-023
1131.800000  6.998907e-023
1132.000000  4.963158e-023
1132.200000  5.982104e-023
1132.400000  3.742265e-023
1132.600000  4.761924e-023
1132.800000  7.481341e-023
1133.000000  4.492182e-023
1133.200000  3.158170e-023
1133.400000  4.714101e-023
1133.600000  4.600584e-023
1133.800000  4.443873e-023
1134.000000  3.376221e-023
1134.200000  6.595574e-023
1134.400000  5.356102e-023
1134.600000  6.376729e-023
1134.800000  5.311725e-023
1135.000000  3.436720e-023
1135.200000  6.435086e-023
1135.400000  4.615875e-023
1135.600000  5.909228e-023
1135.800000  3.387655e-023
1136.000000  7.248664e-023
1136.200000  6.017106e-023
1136.400000  6.076016e-023
1136.600000  5.437455e-023
1136.800000  4.193270e-023
1137.000000  3.120694e-023
1137.200000  3.877250e-023
1137.400000  6.665211e-023
1137.600000  2.422306e-023
1137.800000  4.471272e-023
1138.000000  3.720537e-023
1138.200000  2.745723e-023
1138.400000  3.233101e-023
1138.600000  3.182411e-023
1138.800000  2.159391e-023
1139.000000  5.768053e-023
1139.200000  3.021344e-023
1139.400000  5.021888e-023
1139.600000  3.081023e-023
1139.800000  5.019220e-023
1140.000000  2.970844e-023
1140.200000  4.649462e-023
1140.400000  4.329200e-023
1140.600000  3.791145e-023
1140.800000  5.258087e-023
1141.000000  2.278800e-023
1141.200000  4.127216e-023
1141.400000  4.619788e-023
1141.600000  4.950497e-023
1141.800000  5.009123e-023
1142.000000  2.179522e-024
1142.200000  3.054615e-023
1142.400000  4.476157e-023
1142.600000  2.950399e-023
1142.800000  4.210756e-023
1143.000000  4.816593e-023
1143.200000  4.272752e-023
1143.400000  2.686781e-023
1143.600000  3.512348e-023
1143.800000  3.020689e-023
1144.000000  2.198674e-023
1144.200000  1.925677e-023
1144.400000  1.101260e-023
1144.600000  4.078534e-023
1144.800000  4.533880e-023
1145.000000  3.209768e-023
1145.200000  1.274133e-023
1145.400000  3.326297e-023
1145.600000  3.162990e-023
1145.800000  7.777818e-024
1146.000000  2.334761e-023
1146.200000  1.557659e-023
1146.400000  5.568278e-024
1146.600000  1.560379e-023
1146.800000  1.283058e-023
1147.000000  3.516824e-023
1147.200000  0.000000e+000
1147.400000  4.641857e-023
1147.600000  3.526032e-023
1147.800000  3.809631e-023
1148.000000  2.523166e-023
1148.200000  3.984380e-023
1148.400000  2.022177e-023
1148.600000  1.574035e-023
1148.800000  2.306822e-023
1149.000000  2.196159e-023
1149.200000  1.690920e-023
1149.400000  7.900774e-024
1149.600000  2.709932e-023
1149.800000  1.925890e-023
1150.000000  4.591640e-023
