800.000000  NaN
800.200000  NaN
800.400000  NaN
800.600000  -2.228851e-031
800.800000  -8.834264e-031
801.000000  -7.704989e-031
801.200000  -2.976539e-031
801.400000  -5.584937e-031
801.600000  -1.169757e-030
801.800000  -6.865413e-031
802.000000  -3.026943e-031
802.200000  -7.803043e-031
802.400000  -8.628974e-031
802.600000  -2.211932e-031
802.800000  -2.735043e-031
803.000000  -1.254180e-030
803.200000  -1.138359e-030
803.400000  -6.034384e-031
803.600000  -1.104114e-030
803.800000  -1.585790e-030
804.000000  -1.051418e-030
804.200000  -5.248954e-031
804.400000  -1.218471e-030
804.600000  -1.564888e-030
804.800000  -6.182903e-031
805.000000  -5.402273e-031
805.200000  -1.490506e-030
805.400000  -1.171174e-030
805.600000  -9.585121e-032
805.800000  -4.098911e-031
806.000000  -1.381396e-030
806.200000  -3.627114e-031
806.400000  3.224729e-031
806.600000  -3.745431e-031
806.800000  -1.073166e-030
807.000000  2.740562e-031
807.200000  -1.266091e-034
807.400000  -1.418423e-030
807.600000  -1.288976e-030
807.800000  -2.145590e-032
808.000000  -1.026335e-030
808.200000  -2.272946e-030
808.400000  -1.401796e-030
808.600000  -7.259138e-031
808.800000  -1.501968e-030
809.000000  -1.491951e-030
809.200000  5.699371e-032
809.400000  -2.438340e-031
809.600000  -2.337988e-030
809.800000  -1.853636e-030
810.000000  -1.271838e-030
810.200000  -2.031622e-030
810.400000  -2.677706e-030
810.600000  -8.090226e-031
810.800000  6.769998e-031
811.000000  -1.079006e-030
811.200000  -6.006077e-031
811.400000  1.403110e-030
811.600000  4.865118e-031
811.800000  -1.248973e-030
812.000000  -1.484889e-031
812.200000  6.026299e-031
812.400000  -1.640209e-030
812.600000  -2.880654e-030
812.800000  2.747873e-031
813.000000  -1.964716e-031
813.200000  -2.438574e-030
813.400000  -2.560273e-030
813.600000  -1.394982e-030
813.800000  -4.520048e-030
814.000000  -4.784945e-030
814.200000  -1.741762e-030
814.400000  -2.633890e-030
814.600000  -3.394319e-030
814.800000  -2.139680e-030
815.000000  -1.048858e-030
815.200000  -1.826841e-030
815.400000  -2.725070e-030
815.600000  -7.543443e-031
815.800000  9.373181e-032
816.000000  -6.818893e-031
816.200000  -1.025683e-030
816.400000  7.599588e-031
816.600000  3.495381e-031
816.800000  1.302891e-030
817.000000  -4.776650e-031
817.200000  4.194873e-031
817.400000  1.251983e-030
817.600000  2.432667e-031
817.800000  -1.451698e-030
818.000000  -2.408065e-030
818.200000  -1.932598e-030
818.400000  -4.574511e-030
818.600000  -4.803834e-030
818.800000  -4.285459e-030
819.000000  -4.719487e-030
819.200000  -8.132442e-030
819.400000  -7.490970e-030
819.600000  -4.109170e-030
819.800000  -3.099536e-030
820.000000  -5.533276e-030
820.200000  -4.194067e-030
820.400000  -2.106802e-030
820.600000  -4.261931e-030
820.800000  -2.354434e-030
821.000000  3.500757e-031
821.200000  1.592475e-030
821.400000  -1.322391e-030
821.600000  6.526011e-031
821.800000  7.053665e-031
822.000000  -1.122312e-030
822.200000  -6.317076e-031
822.400000  2.819322e-030
822.600000  3.496520e-030
822.800000  -1.794435e-030
823.000000  -5.430404e-030
823.200000  -7.490177e-030
823.400000  -5.377184e-030
823.600000  -8.882737e-030
823.800000  -8.936893e-030
824.000000  -9.753506e-030
824.200000  -1.571197e-029
824.400000  -1.602593e-029
824.600000  -1.376507e-029
824.800000  -9.874166e-030
825.000000  -1.236323e-029
825.200000  -9.688920e-030
825.400000  -2.271719e-030
825.600000  1.908505e-031
825.800000  -4.015022e-031
826.000000  1.177563e-030
826.200000  6.975498e-030
826.400000  -1.803829e-030
826.600000  -4.524788e-031
826.800000  6.412336e-030
827.000000  8.709559e-030
827.200000  5.627410e-030
827.400000  -3.699829e-030
827.600000  -5.462487e-030
827.800000  -1.326385e-029
828.000000  -2.303466e-029
828.200000  -1.751151e-029
828.400000  -1.024890e-029
828.600000  -1.150742e-029
828.800000  -1.372769e-029
829.000000  -8.785890e-030
829.200000  -5.180661e-030
829.400000  -9.539600e-030
829.600000  -9.972883e-030
829.800000  -2.944401e-030
830.000000  -1.105510e-029
830.200000  -1.672112e-029
830.400000  -1.730883e-029
830.600000  -7.576521e-030
830.800000  -1.323911e-029
831.000000  -1.148873e-029
831.200000  -6.419307e-031
831.400000  -7.867931e-031
831.600000  -1.665688e-029
831.800000  -1.916386e-029
832.000000  -1.470827e-029
832.200000  -1.362302e-029
832.400000  -2.365559e-029
832.600000  3.373211e-031
832.800000  1.310808e-029
833.000000  9.184423e-031
833.200000  2.022496e-030
833.400000  1.035392e-029
833.600000  8.429494e-030
833.800000  -8.173803e-030
834.000000  -1.271276e-029
834.200000  -1.000327e-029
834.400000  -2.442972e-029
834.600000  -3.473877e-029
834.800000  -3.494781e-029
835.000000  -2.089372e-029
835.200000  -1.258549e-029
835.400000  -6.963810e-031
835.600000  9.831685e-030
835.800000  1.116584e-029
836.000000  7.845942e-030
836.200000  7.262210e-030
836.400000  4.410838e-030
836.600000  1.048245e-030
836.800000  -9.003496e-030
837.000000  -1.183291e-029
837.200000  -2.646350e-029
837.400000  -3.729695e-029
837.600000  -3.621977e-029
837.800000  -1.640730e-029
838.000000  -2.396099e-029
838.200000  -4.020249e-029
838.400000  -3.057862e-029
838.600000  -1.183822e-029
838.800000  -1.657945e-029
839.000000  -1.399168e-029
839.200000  -1.340773e-029
839.400000  1.223965e-030
839.600000  -1.497666e-029
839.800000  2.350993e-031
840.000000  1.142348e-029
840.200000  1.371190e-029
840.400000  7.509378e-030
840.600000  1.365627e-029
840.800000  5.143295e-029
841.000000  1.780681e-029
841.200000  6.610278e-030
841.400000  1.513301e-029
841.600000  1.875673e-029
841.800000  -9.610678e-030
842.000000  -2.251075e-029
842.200000  -1.674975e-029
842.400000  -1.467138e-029
842.600000  -5.591918e-029
842.800000  -3.110445e-029
843.000000  -2.157446e-029
843.200000  -4.541530e-029
843.400000  -6.682096e-029
843.600000  -5.863124e-029
843.800000  -3.200943e-029
844.000000  -3.362492e-029
844.200000  7.204768e-030
844.400000  7.184346e-029
844.600000  7.308454e-029
844.800000  -5.411780e-031
845.000000  3.808965e-029
845.200000  5.365268e-029
845.400000  2.194625e-030
845.600000  -1.523860e-029
845.800000  -9.299456e-030
846.000000  7.982888e-030
846.200000  -2.914061e-029
846.400000  -1.845856e-029
846.600000  3.706387e-029
846.800000  -1.818211e-029
847.000000  -7.800918e-029
847.200000  -8.450316e-029
847.400000  -4.314458e-029
847.600000  -6.732915e-029
847.800000  -4.786594e-029
848.000000  -2.665162e-030
848.200000  2.327954e-029
848.400000  -5.950654e-029
848.600000  -2.989330e-029
848.800000  4.502243e-029
849.000000  5.340751e-029
849.200000  -3.857591e-030
849.400000  5.649979e-029
849.600000  9.745414e-029
849.800000  4.884826e-029
850.000000  5.471818e-029
850.200000  1.050953e-028
850.400000  1.009318e-028
850.600000  3.250104e-029
850.800000  2.579712e-029
851.000000  3.745516e-029
851.200000  -8.200998e-029
851.400000  -1.653646e-028
851.600000  -3.418760e-029
851.800000  -1.966776e-029
852.000000  -7.473487e-029
852.200000  -7.573964e-029
852.400000  7.883073e-029
852.600000  5.401760e-029
852.800000  -7.831191e-029
853.000000  -6.951305e-029
853.200000  -7.019922e-032
853.400000  -2.314436e-030
853.600000  -7.128302e-029
853.800000  -5.063771e-029
854.000000  7.609480e-030
854.200000  -7.672503e-029
854.400000  -2.020089e-030
854.600000  1.375398e-028
854.800000  2.372461e-028
855.000000  8.498823e-029
855.200000  1.445546e-028
855.400000  3.724614e-028
855.600000  3.300710e-028
855.800000  2.194298e-028
856.000000  2.516293e-028
856.200000  2.217896e-028
856.400000  -6.563384e-029
856.600000  -1.088730e-028
856.800000  -1.320415e-029
857.000000  7.742020e-029
857.200000  -3.123353e-029
857.400000  8.209572e-029
857.600000  2.023534e-028
857.800000  -6.099195e-029
858.000000  -2.373658e-028
858.200000  -2.522635e-028
858.400000  -1.065141e-028
858.600000  -1.955972e-028
858.800000  -1.201699e-028
859.000000  -8.420088e-029
859.200000  -7.784332e-029
859.400000  -1.933362e-028
859.600000  1.948574e-029
859.800000  2.681277e-028
860.000000  1.339447e-028
860.200000  2.208170e-028
860.400000  2.968516e-028
860.600000  3.859430e-028
860.800000  6.296678e-029
861.000000  1.786084e-028
861.200000  3.087192e-028
861.400000  7.379661e-029
861.600000  1.412485e-028
861.800000  2.186487e-028
862.000000  3.532126e-028
862.200000  -5.589024e-029
862.400000  -3.044590e-030
862.600000  -6.004666e-031
862.800000  -1.070019e-028
863.000000  -2.186932e-028
863.200000  1.490319e-028
863.400000  3.578306e-028
863.600000  2.513710e-028
863.800000  3.574180e-029
864.000000  3.054769e-028
864.200000  4.110811e-028
864.400000  2.958282e-028
864.600000  2.152304e-028
864.800000  5.261570e-028
865.000000  2.658829e-028
865.200000  -2.401733e-028
865.400000  6.754763e-029
865.600000  5.708933e-028
865.800000  6.031532e-028
866.000000  4.757957e-028
866.200000  7.607740e-028
866.400000  1.353791e-027
866.600000  7.487222e-028
866.800000  6.423019e-028
867.000000  1.378603e-027
867.200000  1.445853e-027
867.400000  1.230436e-027
867.600000  1.285175e-027
867.800000  1.411724e-027
868.000000  7.290287e-028
868.200000  2.546477e-029
868.400000  -1.324183e-028
868.600000  7.024340e-029
868.800000  -9.632844e-028
869.000000  -5.251097e-028
869.200000  2.648929e-028
869.400000  6.214573e-028
869.600000  5.277600e-028
869.800000  9.151405e-028
870.000000  1.635735e-027
870.200000  1.265594e-027
870.400000  1.131749e-027
870.600000  9.751596e-028
870.800000  1.337916e-027
871.000000  1.075545e-027
871.200000  1.010830e-027
871.400000  1.858232e-027
871.600000  2.481187e-027
871.800000  2.164902e-027
872.000000  2.163884e-027
872.200000  2.532983e-027
872.400000  2.670025e-027
872.600000  1.669655e-027
872.800000  2.444494e-027
873.000000  2.542901e-027
873.200000  1.615523e-027
873.400000  1.999529e-027
873.600000  3.354559e-027
873.800000  3.500580e-027
874.000000  3.224615e-027
874.200000  3.255735e-027
874.400000  3.634614e-027
874.600000  2.962255e-027
874.800000  2.674886e-027
875.000000  4.166693e-027
875.200000  4.692026e-027
875.400000  2.904294e-027
875.600000  1.517963e-027
875.800000  1.905171e-027
876.000000  1.507349e-027
876.200000  7.182349e-028
876.400000  1.659909e-027
876.600000  4.343812e-027
876.800000  4.179096e-027
877.000000  3.675145e-027
877.200000  3.951129e-027
877.400000  5.145118e-027
877.600000  3.854459e-027
877.800000  3.428864e-027
878.000000  4.477576e-027
878.200000  4.857068e-027
878.400000  4.801170e-027
878.600000  6.997762e-027
878.800000  8.566723e-027
879.000000  7.735300e-027
879.200000  8.011828e-027
879.400000  9.223887e-027
879.600000  9.685333e-027
879.800000  6.937524e-027
880.000000  6.770923e-027
880.200000  6.928210e-027
880.400000  5.728365e-027
880.600000  5.564814e-027
880.800000  8.300729e-027
881.000000  9.175843e-027
881.200000  7.724149e-027
881.400000  6.913782e-027
881.600000  9.428670e-027
881.800000  8.224434e-027
882.000000  8.213399e-027
882.200000  1.125667e-026
882.400000  1.558876e-026
882.600000  1.471872e-026
882.800000  1.508729e-026
883.000000  1.790357e-026
883.200000  1.950491e-026
883.400000  1.762217e-026
883.600000  1.813794e-026
883.800000  2.249761e-026
884.000000  2.214719e-026
884.200000  2.236948e-026
884.400000  2.373062e-026
884.600000  2.564194e-026
884.800000  2.286035e-026
885.000000  1.807553e-026
885.200000  1.875792e-026
885.400000  2.067599e-026
885.600000  2.172416e-026
885.800000  2.291613e-026
886.000000  2.611114e-026
886.200000  2.827451e-026
886.400000  3.033710e-026
886.600000  3.456124e-026
886.800000  4.139695e-026
887.000000  4.043998e-026
887.200000  3.910435e-026
887.400000  4.493120e-026
887.600000  4.661521e-026
887.800000  4.285130e-026
888.000000  4.100198e-026
888.200000  4.764104e-026
888.400000  4.691202e-026
888.600000  4.923489e-026
888.800000  5.123850e-026
889.000000  5.811343e-026
889.200000  5.884167e-026
889.400000  6.107718e-026
889.600000  6.379075e-026
889.800000  6.606972e-026
890.000000  6.545962e-026
890.200000  6.940265e-026
890.400000  7.499037e-026
890.600000  7.174051e-026
890.800000  7.112251e-026
891.000000  7.817744e-026
891.200000  8.485915e-026
891.400000  8.259087e-026
891.600000  8.962281e-026
891.800000  9.928202e-026
892.000000  1.087322e-025
892.200000  1.034809e-025
892.400000  1.113612e-025
892.600000  1.189184e-025
892.800000  1.181086e-025
893.000000  1.164490e-025
893.200000  1.271493e-025
893.400000  1.411672e-025
893.600000  1.441440e-025
893.800000  1.499914e-025
894.000000  1.658677e-025
894.200000  1.702790e-025
894.400000  1.587979e-025
894.600000  1.580080e-025
894.800000  1.671815e-025
895.000000  1.657751e-025
895.200000  1.639666e-025
895.400000  1.802730e-025
895.600000  1.875860e-025
895.800000  1.851136e-025
896.000000  1.905806e-025
896.200000  2.047699e-025
896.400000  2.101956e-025
896.600000  2.075541e-025
896.800000  2.137886e-025
897.000000  2.244559e-025
897.200000  2.302704e-025
897.400000  2.432601e-025
897.600000  2.749862e-025
897.800000  2.983709e-025
898.000000  3.044470e-025
898.200000  3.146402e-025
898.400000  3.281667e-025
898.600000  3.270576e-025
898.800000  3.140613e-025
899.000000  3.102345e-025
899.200000  3.206145e-025
899.400000  3.169472e-025
899.600000  3.255466e-025
899.800000  3.441472e-025
900.000000  3.587793e-025
900.200000  3.632980e-025
900.400000  3.691202e-025
900.600000  3.988414e-025
900.800000  4.300816e-025
901.000000  4.383928e-025
901.200000  4.516093e-025
901.400000  4.735186e-025
901.600000  4.934374e-025
901.800000  5.189787e-025
902.000000  5.351085e-025
902.200000  5.527837e-025
902.400000  5.601092e-025
902.600000  5.818495e-025
902.800000  6.203208e-025
903.000000  6.227323e-025
903.200000  6.404814e-025
903.400000  6.690752e-025
903.600000  7.044979e-025
903.800000  7.080393e-025
904.000000  7.329806e-025
904.200000  7.824886e-025
904.400000  8.139132e-025
904.600000  7.945861e-025
904.800000  8.109179e-025
905.000000  8.636565e-025
905.200000  8.826107e-025
905.400000  8.899960e-025
905.600000  9.314322e-025
905.800000  9.820890e-025
906.000000  9.903302e-025
906.200000  1.018612e-024
906.400000  1.081641e-024
906.600000  1.135891e-024
906.800000  1.166258e-024
907.000000  1.218699e-024
907.200000  1.297541e-024
907.400000  1.323801e-024
907.600000  1.348137e-024
907.800000  1.413321e-024
908.000000  1.486305e-024
908.200000  1.512706e-024
908.400000  1.550685e-024
908.600000  1.600065e-024
908.800000  1.616987e-024
909.000000  1.657532e-024
909.200000  1.751963e-024
909.400000  1.881840e-024
909.600000  1.939381e-024
909.800000  1.998239e-024
910.000000  2.131073e-024
910.200000  2.241026e-024
910.400000  2.293530e-024
910.600000  2.400375e-024
910.800000  2.520683e-024
911.000000  2.608999e-024
911.200000  2.688704e-024
911.400000  2.819526e-024
911.600000  3.013300e-024
911.800000  3.118471e-024
912.000000  3.255795e-024
912.200000  3.448586e-024
912.400000  3.630510e-024
912.600000  3.736265e-024
912.800000  3.921801e-024
913.000000  4.138922e-024
913.200000  4.358347e-024
913.400000  4.486916e-024
913.600000  4.713816e-024
913.800000  4.974157e-024
914.000000  5.192709e-024
914.200000  5.383715e-024
914.400000  5.645884e-024
914.600000  5.945228e-024
914.800000  6.218345e-024
915.000000  6.502528e-024
915.200000  6.892665e-024
915.400000  7.199706e-024
915.600000  7.520596e-024
915.800000  7.997424e-024
916.000000  8.492232e-024
916.200000  8.914069e-024
916.400000  9.369500e-024
916.600000  9.902427e-024
916.800000  1.049127e-023
917.000000  1.091780e-023
917.200000  1.154660e-023
917.400000  1.222732e-023
917.600000  1.295885e-023
917.800000  1.362416e-023
918.000000  1.431009e-023
918.200000  1.513429e-023
918.400000  1.570676e-023
918.600000  1.636208e-023
918.800000  1.713646e-023
919.000000  1.780532e-023
919.200000  1.833376e-023
919.400000  1.894173e-023
919.600000  1.965571e-023
919.800000  2.019573e-023
920.000000  2.067633e-023
920.200000  2.119965e-023
920.400000  2.179736e-023
920.600000  2.229630e-023
920.800000  2.281716e-023
921.000000  2.345927e-023
921.200000  2.400797e-023
921.400000  2.437838e-023
921.600000  2.491174e-023
921.800000  2.564777e-023
922.000000  2.613301e-023
922.200000  2.661352e-023
922.400000  2.725216e-023
922.600000  2.785081e-023
922.800000  2.806932e-023
923.000000  2.837001e-023
923.200000  2.880357e-023
923.400000  2.920940e-023
923.600000  2.945079e-023
923.800000  2.979617e-023
924.000000  3.022069e-023
924.200000  3.047879e-023
924.400000  3.071830e-023
924.600000  3.087972e-023
924.800000  3.118587e-023
925.000000  3.143551e-023
925.200000  3.187323e-023
925.400000  3.246197e-023
925.600000  3.275673e-023
925.800000  3.295252e-023
926.000000  3.342440e-023
926.200000  3.393051e-023
926.400000  3.412410e-023
926.600000  3.465284e-023
926.800000  3.504959e-023
927.000000  3.567992e-023
927.200000  3.594163e-023
927.400000  3.629717e-023
927.600000  3.684415e-023
927.800000  3.725919e-023
928.000000  3.749477e-023
928.200000  3.808779e-023
928.400000  3.866996e-023
928.600000  3.893966e-023
928.800000  3.915735e-023
929.000000  3.938689e-023
929.200000  4.009531e-023
929.400000  4.043282e-023
929.600000  4.113242e-023
929.800000  4.201346e-023
930.000000  4.260708e-023
930.200000  4.303498e-023
930.400000  4.377067e-023
930.600000  4.463655e-023
930.800000  4.527742e-023
931.000000  4.592847e-023
931.200000  4.656227e-023
931.400000  4.688049e-023
931.600000  4.722278e-023
931.800000  4.780068e-023
932.000000  4.889036e-023
932.200000  4.947233e-023
932.400000  4.968641e-023
932.600000  5.035479e-023
932.800000  5.141043e-023
933.000000  5.173624e-023
933.200000  5.248877e-023
933.400000  5.347511e-023
933.600000  5.451536e-023
933.800000  5.500209e-023
934.000000  5.584366e-023
934.200000  5.679472e-023
934.400000  5.782128e-023
934.600000  5.850383e-023
934.800000  5.915941e-023
935.000000  5.976416e-023
935.200000  5.977444e-023
935.400000  6.073316e-023
935.600000  6.201730e-023
935.800000  6.303838e-023
936.000000  6.319852e-023
936.200000  6.396102e-023
936.400000  6.473690e-023
936.600000  6.497690e-023
936.800000  6.544297e-023
937.000000  6.647698e-023
937.200000  6.781110e-023
937.400000  6.804751e-023
937.600000  6.870615e-023
937.800000  7.038909e-023
938.000000  7.234402e-023
938.200000  7.380750e-023
938.400000  7.501563e-023
938.600000  7.656029e-023
938.800000  7.805549e-023
939.000000  8.031122e-023
939.200000  8.278117e-023
939.400000  8.538199e-023
939.600000  8.720352e-023
939.800000  8.935404e-023
940.000000  9.196111e-023
940.200000  9.465522e-023
940.400000  9.670410e-023
940.600000  9.967364e-023
940.800000  1.028440e-022
941.000000  1.052801e-022
941.200000  1.075326e-022
941.400000  1.116493e-022
941.600000  1.151671e-022
941.800000  1.172696e-022
942.000000  1.203676e-022
942.200000  1.232157e-022
942.400000  1.253843e-022
942.600000  1.263412e-022
942.800000  1.290571e-022
943.000000  1.316389e-022
943.200000  1.340854e-022
943.400000  1.361640e-022
943.600000  1.389920e-022
943.800000  1.411742e-022
944.000000  1.429274e-022
944.200000  1.454150e-022
944.400000  1.483423e-022
944.600000  1.504252e-022
944.800000  1.518611e-022
945.000000  1.547679e-022
945.200000  1.586366e-022
945.400000  1.593441e-022
945.600000  1.607229e-022
945.800000  1.631037e-022
946.000000  1.663008e-022
946.200000  1.684163e-022
946.400000  1.715046e-022
946.600000  1.751504e-022
946.800000  1.773685e-022
947.000000  1.800380e-022
947.200000  1.841581e-022
947.400000  1.882473e-022
947.600000  1.902435e-022
947.800000  1.923263e-022
948.000000  1.966761e-022
948.200000  2.008550e-022
948.400000  2.029854e-022
948.600000  2.079146e-022
948.800000  2.116675e-022
949.000000  2.140014e-022
949.200000  2.170317e-022
949.400000  2.217693e-022
949.600000  2.264609e-022
949.800000  2.304377e-022
950.000000  2.343033e-022
950.200000  2.409904e-022
950.400000  2.451188e-022
950.600000  2.478362e-022
950.800000  2.532105e-022
951.000000  2.601786e-022
951.200000  2.637756e-022
951.400000  2.684537e-022
951.600000  2.757099e-022
951.800000  2.836867e-022
952.000000  2.883247e-022
952.200000  2.957960e-022
952.400000  3.050844e-022
952.600000  3.129836e-022
952.800000  3.194273e-022
953.000000  3.272826e-022
953.200000  3.350178e-022
953.400000  3.386010e-022
953.600000  3.435387e-022
953.800000  3.534215e-022
954.000000  3.631060e-022
954.200000  3.670189e-022
954.400000  3.755476e-022
954.600000  3.858078e-022
954.800000  3.932530e-022
955.000000  3.961740e-022
955.200000  4.065041e-022
955.400000  4.138123e-022
955.600000  4.235437e-022
955.800000  4.342883e-022
956.000000  4.434532e-022
956.200000  4.530361e-022
956.400000  4.642595e-022
956.600000  4.701792e-022
956.800000  4.781319e-022
957.000000  4.872191e-022
957.200000  4.990129e-022
957.400000  5.091976e-022
957.600000  5.237256e-022
957.800000  5.386554e-022
958.000000  5.536027e-022
958.200000  5.661133e-022
958.400000  5.782476e-022
958.600000  5.937136e-022
958.800000  6.100028e-022
959.000000  6.244639e-022
959.200000  6.369082e-022
959.400000  6.516244e-022
959.600000  6.636529e-022
959.800000  6.761818e-022
960.000000  6.931586e-022
960.200000  7.093615e-022
960.400000  7.255574e-022
960.600000  7.436447e-022
960.800000  7.651090e-022
961.000000  7.820186e-022
961.200000  7.965372e-022
961.400000  8.080240e-022
961.600000  8.246862e-022
961.800000  8.404953e-022
962.000000  8.607358e-022
962.200000  8.790831e-022
962.400000  8.992410e-022
962.600000  9.166810e-022
962.800000  9.378135e-022
963.000000  9.706885e-022
963.200000  1.011833e-021
963.400000  1.076900e-021
963.600000  1.194446e-021
963.800000  1.365797e-021
964.000000  1.512917e-021
964.200000  1.554676e-021
964.400000  1.481801e-021
964.600000  1.377865e-021
964.800000  1.296965e-021
965.000000  1.253649e-021
965.200000  1.239897e-021
965.400000  1.240220e-021
965.600000  1.248802e-021
965.800000  1.264263e-021
966.000000  1.286661e-021
966.200000  1.306713e-021
966.400000  1.323136e-021
966.600000  1.344566e-021
966.800000  1.366781e-021
967.000000  1.387575e-021
967.200000  1.410383e-021
967.400000  1.435631e-021
967.600000  1.451354e-021
967.800000  1.465187e-021
968.000000  1.486313e-021
968.200000  1.512880e-021
968.400000  1.535905e-021
968.600000  1.563354e-021
968.800000  1.586369e-021
969.000000  1.611641e-021
969.200000  1.625907e-021
969.400000  1.640006e-021
969.600000  1.655964e-021
969.800000  1.673839e-021
970.000000  1.684814e-021
970.200000  1.701377e-021
970.400000  1.725121e-021
970.600000  1.742012e-021
970.800000  1.755606e-021
971.000000  1.779349e-021
971.200000  1.796413e-021
971.400000  1.816698e-021
971.600000  1.839771e-021
971.800000  1.870581e-021
972.000000  1.890459e-021
972.200000  1.918612e-021
972.400000  1.959662e-021
972.600000  1.999005e-021
972.800000  2.039932e-021
973.000000  2.083672e-021
973.200000  2.143187e-021
973.400000  2.207075e-021
973.600000  2.269246e-021
973.800000  2.329907e-021
974.000000  2.406379e-021
974.200000  2.477708e-021
974.400000  2.555319e-021
974.600000  2.647110e-021
974.800000  2.749106e-021
975.000000  2.857834e-021
975.200000  2.984325e-021
975.400000  3.136993e-021
975.600000  3.248043e-021
975.800000  3.404504e-021
976.000000  3.597587e-021
976.200000  3.791191e-021
976.400000  3.982475e-021
976.600000  4.260299e-021
976.800000  4.516956e-021
977.000000  4.902604e-021
977.200000  5.207736e-021
977.400000  5.587565e-021
977.600000  5.971125e-021
977.800000  6.456094e-021
978.000000  6.867908e-021
978.200000  7.346345e-021
978.400000  7.886850e-021
978.600000  8.356243e-021
978.800000  8.856555e-021
979.000000  9.483240e-021
979.200000  1.010144e-020
979.400000  1.069799e-020
979.600000  1.132887e-020
979.800000  1.182422e-020
980.000000  1.211029e-020
980.200000  1.244028e-020
980.400000  1.259445e-020
980.600000  1.243856e-020
980.800000  1.216103e-020
981.000000  1.171191e-020
981.200000  1.118498e-020
981.400000  1.068823e-020
981.600000  9.981912e-021
981.800000  9.410649e-021
982.000000  8.857425e-021
982.200000  8.367357e-021
982.400000  7.908516e-021
982.600000  7.547594e-021
982.800000  7.271575e-021
983.000000  6.905578e-021
983.200000  6.661798e-021
983.400000  6.646787e-021
983.600000  6.615962e-021
983.800000  6.618321e-021
984.000000  6.701120e-021
984.200000  6.783385e-021
984.400000  6.902262e-021
984.600000  6.947782e-021
984.800000  6.996823e-021
985.000000  7.032714e-021
985.200000  6.963714e-021
985.400000  7.057011e-021
985.600000  7.192580e-021
985.800000  7.171869e-021
986.000000  7.148050e-021
986.200000  7.178189e-021
986.400000  7.175653e-021
986.600000  7.059420e-021
986.800000  6.976917e-021
987.000000  7.010494e-021
987.200000  6.893562e-021
987.400000  6.766865e-021
987.600000  6.760313e-021
987.800000  6.812009e-021
988.000000  6.719049e-021
988.200000  6.646488e-021
988.400000  6.690661e-021
988.600000  6.690148e-021
988.800000  6.617281e-021
989.000000  6.736853e-021
989.200000  6.924805e-021
989.400000  6.981392e-021
989.600000  6.917159e-021
989.800000  6.994316e-021
990.000000  7.082256e-021
990.200000  7.011889e-021
990.400000  6.906212e-021
990.600000  7.031952e-021
990.800000  7.060090e-021
991.000000  6.961587e-021
991.200000  6.935097e-021
991.400000  7.036211e-021
991.600000  6.889711e-021
991.800000  6.671797e-021
992.000000  6.643443e-021
992.200000  6.578621e-021
992.400000  6.231308e-021
992.600000  5.997493e-021
992.800000  6.032538e-021
993.000000  5.936484e-021
993.200000  5.650669e-021
993.400000  5.508952e-021
993.600000  5.453970e-021
993.800000  5.152191e-021
994.000000  4.715498e-021
994.200000  4.639654e-021
994.400000  4.612918e-021
994.600000  4.483156e-021
994.800000  4.254439e-021
995.000000  4.172197e-021
995.200000  4.105021e-021
995.400000  4.071420e-021
995.600000  4.018461e-021
995.800000  3.930000e-021
996.000000  3.880003e-021
996.200000  3.849244e-021
996.400000  3.780501e-021
996.600000  3.707577e-021
996.800000  3.667646e-021
997.000000  3.626821e-021
997.200000  3.565659e-021
997.400000  3.523020e-021
997.600000  3.487595e-021
997.800000  3.439908e-021
998.000000  3.362844e-021
998.200000  3.316556e-021
998.400000  3.281580e-021
998.600000  3.222874e-021
998.800000  3.178744e-021
999.000000  3.152503e-021
999.200000  3.115570e-021
999.400000  3.065455e-021
999.600000  3.024255e-021
999.800000  2.996098e-021
1000.000000  2.967881e-021
1000.200000  2.927270e-021
1000.400000  2.875873e-021
1000.600000  2.868862e-021
1000.800000  2.846164e-021
1001.000000  2.811033e-021
1001.200000  2.795662e-021
1001.400000  2.793492e-021
1001.600000  2.778894e-021
1001.800000  2.742713e-021
1002.000000  2.739644e-021
1002.200000  2.743210e-021
1002.400000  2.725164e-021
1002.600000  2.719562e-021
1002.800000  2.724775e-021
1003.000000  2.712484e-021
1003.200000  2.701000e-021
1003.400000  2.695338e-021
1003.600000  2.693844e-021
1003.800000  2.690669e-021
1004.000000  2.687485e-021
1004.200000  2.701067e-021
1004.400000  2.721391e-021
1004.600000  2.700568e-021
1004.800000  2.715036e-021
1005.000000  2.731214e-021
1005.200000  2.753322e-021
1005.400000  2.744248e-021
1005.600000  2.751202e-021
1005.800000  2.769159e-021
1006.000000  2.777838e-021
1006.200000  2.775517e-021
1006.400000  2.790150e-021
1006.600000  2.802261e-021
1006.800000  2.800797e-021
1007.000000  2.808684e-021
1007.200000  2.824246e-021
1007.400000  2.833017e-021
1007.600000  2.823033e-021
1007.800000  2.842062e-021
1008.000000  2.873093e-021
1008.200000  2.879367e-021
1008.400000  2.888220e-021
1008.600000  2.915092e-021
1008.800000  2.946305e-021
1009.000000  2.947508e-021
1009.200000  2.960750e-021
1009.400000  3.003281e-021
1009.600000  3.016597e-021
1009.800000  3.023898e-021
1010.000000  3.043298e-021
1010.200000  3.075695e-021
1010.400000  3.102962e-021
1010.600000  3.106035e-021
1010.800000  3.146381e-021
1011.000000  3.184200e-021
1011.200000  3.189956e-021
1011.400000  3.212238e-021
1011.600000  3.246742e-021
1011.800000  3.263019e-021
1012.000000  3.266245e-021
1012.200000  3.282566e-021
1012.400000  3.308525e-021
1012.600000  3.319665e-021
1012.800000  3.314191e-021
1013.000000  3.333237e-021
1013.200000  3.353194e-021
1013.400000  3.358261e-021
1013.600000  3.358939e-021
1013.800000  3.379849e-021
1014.000000  3.389348e-021
1014.200000  3.378589e-021
1014.400000  3.400450e-021
1014.600000  3.412635e-021
1014.800000  3.406275e-021
1015.000000  3.390165e-021
1015.200000  3.399707e-021
1015.400000  3.392417e-021
1015.600000  3.365583e-021
1015.800000  3.362679e-021
1016.000000  3.375773e-021
1016.200000  3.358623e-021
1016.400000  3.335198e-021
1016.600000  3.328669e-021
1016.800000  3.333730e-021
1017.000000  3.316456e-021
1017.200000  3.302721e-021
1017.400000  3.315819e-021
1017.600000  3.331628e-021
1017.800000  3.310679e-021
1018.000000  3.318423e-021
1018.200000  3.337866e-021
1018.400000  3.324048e-021
1018.600000  3.302093e-021
1018.800000  3.317057e-021
1019.000000  3.315802e-021
1019.200000  3.309120e-021
1019.400000  3.308750e-021
1019.600000  3.331006e-021
1019.800000  3.334274e-021
1020.000000  3.320313e-021
1020.200000  3.335371e-021
1020.400000  3.360451e-021
1020.600000  3.351011e-021
1020.800000  3.344281e-021
1021.000000  3.356672e-021
1021.200000  3.378207e-021
1021.400000  3.355947e-021
1021.600000  3.359234e-021
1021.800000  3.378078e-021
1022.000000  3.384133e-021
1022.200000  3.372777e-021
1022.400000  3.372407e-021
1022.600000  3.394997e-021
1022.800000  3.395560e-021
1023.000000  3.385996e-021
1023.200000  3.410496e-021
1023.400000  3.423052e-021
1023.600000  3.411629e-021
1023.800000  3.406648e-021
1024.000000  3.421075e-021
1024.200000  3.432749e-021
1024.400000  3.424055e-021
1024.600000  3.430182e-021
1024.800000  3.447458e-021
1025.000000  3.431306e-021
1025.200000  3.418840e-021
1025.400000  3.437076e-021
1025.600000  3.447886e-021
1025.800000  3.457780e-021
1026.000000  3.466756e-021
1026.200000  3.505660e-021
1026.400000  3.516563e-021
1026.600000  3.499384e-021
1026.800000  3.538422e-021
1027.000000  3.569086e-021
1027.200000  3.582896e-021
1027.400000  3.594848e-021
1027.600000  3.621880e-021
1027.800000  3.656497e-021
1028.000000  3.647796e-021
1028.200000  3.652289e-021
1028.400000  3.679466e-021
1028.600000  3.697232e-021
1028.800000  3.695148e-021
1029.000000  3.728118e-021
1029.200000  3.717514e-021
1029.400000  3.736320e-021
1029.600000  3.738050e-021
1029.800000  3.740730e-021
1030.000000  3.741507e-021
1030.200000  3.780410e-021
1030.400000  3.782173e-021
1030.600000  3.774384e-021
1030.800000  3.782828e-021
1031.000000  3.816163e-021
1031.200000  3.810288e-021
1031.400000  3.788097e-021
1031.600000  3.824401e-021
1031.800000  3.830031e-021
1032.000000  3.809706e-021
1032.200000  3.815324e-021
1032.400000  3.851778e-021
1032.600000  3.850688e-021
1032.800000  3.833182e-021
1033.000000  3.837862e-021
1033.200000  3.834808e-021
1033.400000  3.805606e-021
1033.600000  3.785064e-021
1033.800000  3.790667e-021
1034.000000  3.783655e-021
1034.200000  3.735808e-021
1034.400000  3.723857e-021
1034.600000  3.714799e-021
1034.800000  3.679404e-021
1035.000000  3.621497e-021
1035.200000  3.604490e-021
1035.400000  3.572783e-021
1035.600000  3.512636e-021
1035.800000  3.450409e-021
1036.000000  3.433155e-021
1036.200000  3.388387e-021
1036.400000  3.312097e-021
1036.600000  3.262202e-021
1036.800000  3.233858e-021
1037.000000  3.180829e-021
1037.200000  3.118819e-021
1037.400000  3.087283e-021
1037.600000  3.040863e-021
1037.800000  2.985451e-021
1038.000000  2.938837e-021
1038.200000  2.915908e-021
1038.400000  2.883015e-021
1038.600000  2.845092e-021
1038.800000  2.812060e-021
1039.000000  2.789903e-021
1039.200000  2.755753e-021
1039.400000  2.724523e-021
1039.600000  2.705201e-021
1039.800000  2.679847e-021
1040.000000  2.652443e-021
1040.200000  2.618981e-021
1040.400000  2.615492e-021
1040.600000  2.596958e-021
1040.800000  2.577383e-021
1041.000000  2.562789e-021
1041.200000  2.547158e-021
1041.400000  2.527470e-021
1041.600000  2.515798e-021
1041.800000  2.496036e-021
1042.000000  2.505496e-021
1042.200000  2.482651e-021
1042.400000  2.473913e-021
1042.600000  2.487419e-021
1042.800000  2.481702e-021
1043.000000  2.468874e-021
1043.200000  2.464138e-021
1043.400000  2.484786e-021
1043.600000  2.483102e-021
1043.800000  2.469197e-021
1044.000000  2.487864e-021
1044.200000  2.498406e-021
1044.400000  2.495696e-021
1044.600000  2.502173e-021
1044.800000  2.515819e-021
1045.000000  2.523346e-021
1045.200000  2.510392e-021
1045.400000  2.527154e-021
1045.600000  2.550104e-021
1045.800000  2.547406e-021
1046.000000  2.560129e-021
1046.200000  2.572873e-021
1046.400000  2.579455e-021
1046.600000  2.573669e-021
1046.800000  2.578194e-021
1047.000000  2.596160e-021
1047.200000  2.586227e-021
1047.400000  2.581449e-021
1047.600000  2.587024e-021
1047.800000  2.598832e-021
1048.000000  2.597159e-021
1048.200000  2.573652e-021
1048.400000  2.580270e-021
1048.600000  2.577525e-021
1048.800000  2.557051e-021
1049.000000  2.550099e-021
1049.200000  2.538954e-021
1049.400000  2.528830e-021
1049.600000  2.502988e-021
1049.800000  2.499089e-021
1050.000000  2.499374e-021
1050.200000  2.481817e-021
1050.400000  2.457921e-021
1050.600000  2.450799e-021
1050.800000  2.438399e-021
1051.000000  2.414386e-021
1051.200000  2.399813e-021
1051.400000  2.390488e-021
1051.600000  2.373747e-021
1051.800000  2.329479e-021
1052.000000  2.311585e-021
1052.200000  2.303189e-021
1052.400000  2.247055e-021
1052.600000  2.239638e-021
1052.800000  2.198206e-021
1053.000000  2.170518e-021
1053.200000  2.157677e-021
1053.400000  2.129893e-021
1053.600000  2.099921e-021
1053.800000  2.072025e-021
1054.000000  2.048347e-021
1054.200000  2.012858e-021
1054.400000  1.970876e-021
1054.600000  1.944885e-021
1054.800000  1.916698e-021
1055.000000  1.876645e-021
1055.200000  1.851559e-021
1055.400000  1.822121e-021
1055.600000  1.795856e-021
1055.800000  1.759839e-021
1056.000000  1.721595e-021
1056.200000  1.695153e-021
1056.400000  1.656771e-021
1056.600000  1.623724e-021
1056.800000  1.607937e-021
1057.000000  1.584531e-021
1057.200000  1.545892e-021
1057.400000  1.514779e-021
1057.600000  1.492300e-021
1057.800000  1.466514e-021
1058.000000  1.430877e-021
1058.200000  1.414790e-021
1058.400000  1.387761e-021
1058.600000  1.363956e-021
1058.800000  1.336825e-021
1059.000000  1.327147e-021
1059.200000  1.296642e-021
1059.400000  1.268270e-021
1059.600000  1.244232e-021
1059.800000  1.231129e-021
1060.000000  1.207008e-021
1060.200000  1.181739e-021
1060.400000  1.168537e-021
1060.600000  1.148694e-021
1060.800000  1.128812e-021
1061.000000  1.121041e-021
1061.200000  1.106621e-021
1061.400000  1.089627e-021
1061.600000  1.073265e-021
1061.800000  1.055651e-021
1062.000000  1.052761e-021
1062.200000  1.022764e-021
1062.400000  1.006939e-021
1062.600000  1.002546e-021
1062.800000  9.865585e-022
1063.000000  9.687564e-022
1063.200000  9.547141e-022
1063.400000  9.467879e-022
1063.600000  9.294540e-022
1063.800000  9.141009e-022
1064.000000  9.001741e-022
1064.200000  8.951901e-022
1064.400000  8.809930e-022
1064.600000  8.621626e-022
1064.800000  8.565637e-022
1065.000000  8.484773e-022
1065.200000  8.364321e-022
1065.400000  8.268441e-022
1065.600000  8.238960e-022
1065.800000  8.151801e-022
1066.000000  8.058816e-022
1066.200000  7.894344e-022
1066.400000  7.867765e-022
1066.600000  7.802574e-022
1066.800000  7.700933e-022
1067.000000  7.611590e-022
1067.200000  7.485682e-022
1067.400000  7.360669e-022
1067.600000  7.302630e-022
1067.800000  7.242194e-022
1068.000000  7.170223e-022
1068.200000  7.085542e-022
1068.400000  6.975538e-022
1068.600000  6.864175e-022
1068.800000  6.780093e-022
1069.000000  6.705020e-022
1069.200000  6.686043e-022
1069.400000  6.517667e-022
1069.600000  6.446716e-022
1069.800000  6.353756e-022
1070.000000  6.305547e-022
1070.200000  6.224953e-022
1070.400000  6.197298e-022
1070.600000  6.073690e-022
1070.800000  6.014605e-022
1071.000000  5.963506e-022
1071.200000  5.922733e-022
1071.400000  5.826212e-022
1071.600000  5.788704e-022
1071.800000  5.693028e-022
1072.000000  5.675083e-022
1072.200000  5.608210e-022
1072.400000  5.613443e-022
1072.600000  5.461244e-022
1072.800000  5.446494e-022
1073.000000  5.448068e-022
1073.200000  5.343219e-022
1073.400000  5.200711e-022
1073.600000  5.159864e-022
1073.800000  5.083754e-022
1074.000000  4.993411e-022
1074.200000  5.038009e-022
1074.400000  4.998013e-022
1074.600000  4.829633e-022
1074.800000  4.762260e-022
1075.000000  4.699472e-022
1075.200000  4.735716e-022
1075.400000  4.536907e-022
1075.600000  4.508015e-022
1075.800000  4.498003e-022
1076.000000  4.423990e-022
1076.200000  4.399642e-022
1076.400000  4.233992e-022
1076.600000  4.247432e-022
1076.800000  4.180026e-022
1077.000000  4.137488e-022
1077.200000  4.072229e-022
1077.400000  4.004460e-022
1077.600000  3.912689e-022
1077.800000  3.873311e-022
1078.000000  3.888864e-022
1078.200000  3.746446e-022
1078.400000  3.705594e-022
1078.600000  3.668259e-022
1078.800000  3.633252e-022
1079.000000  3.527295e-022
1079.200000  3.489680e-022
1079.400000  3.403846e-022
1079.600000  3.407001e-022
1079.800000  3.285955e-022
1080.000000  3.205718e-022
1080.200000  3.257011e-022
1080.400000  3.159663e-022
1080.600000  3.066973e-022
1080.800000  3.008028e-022
1081.000000  2.993836e-022
1081.200000  2.969905e-022
1081.400000  3.000594e-022
1081.600000  2.875696e-022
1081.800000  2.867402e-022
1082.000000  2.796963e-022
1082.200000  2.769066e-022
1082.400000  2.760641e-022
1082.600000  2.727767e-022
1082.800000  2.625136e-022
1083.000000  2.614099e-022
1083.200000  2.492793e-022
1083.400000  2.618930e-022
1083.600000  2.503535e-022
1083.800000  2.419861e-022
1084.000000  2.424554e-022
1084.200000  2.430483e-022
1084.400000  2.383455e-022
1084.600000  2.315379e-022
1084.800000  2.331089e-022
1085.000000  2.343120e-022
1085.200000  2.305718e-022
1085.400000  2.201423e-022
1085.600000  2.225747e-022
1085.800000  2.158373e-022
1086.000000  2.228609e-022
1086.200000  2.126333e-022
1086.400000  2.118346e-022
1086.600000  2.120296e-022
1086.800000  2.032576e-022
1087.000000  2.043173e-022
1087.200000  2.012612e-022
1087.400000  1.937032e-022
1087.600000  2.003817e-022
1087.800000  1.995650e-022
1088.000000  1.959915e-022
1088.200000  1.862691e-022
1088.400000  1.856876e-022
1088.600000  1.893745e-022
1088.800000  1.815040e-022
1089.000000  1.770158e-022
1089.200000  1.717635e-022
1089.400000  1.758286e-022
1089.600000  1.665282e-022
1089.800000  1.702168e-022
1090.000000  1.616522e-022
1090.200000  1.634451e-022
1090.400000  1.525790e-022
1090.600000  1.574083e-022
1090.800000  1.564110e-022
1091.000000  1.550308e-022
1091.200000  1.539020e-022
1091.400000  1.507359e-022
1091.600000  1.517653e-022
1091.800000  1.455325e-022
1092.000000  1.475792e-022
1092.200000  1.442673e-022
1092.400000  1.431215e-022
1092.600000  1.395434e-022
1092.800000  1.257808e-022
1093.000000  1.369799e-022
1093.200000  1.338989e-022
1093.400000  1.329945e-022
1093.600000  1.247129e-022
1093.800000  1.237338e-022
1094.000000  1.286098e-022
1094.200000  1.247590e-022
1094.400000  1.165680e-022
1094.600000  1.248581e-022
1094.800000  1.177372e-022
1095.000000  1.241166e-022
1095.200000  1.134611e-022
1095.400000  1.191484e-022
1095.600000  1.104008e-022
1095.800000  1.069584e-022
1096.000000  1.077575e-022
1096.200000  1.032270e-022
1096.400000  9.854491e-023
1096.600000  1.008623e-022
1096.800000  1.014889e-022
1097.000000  1.009029e-022
1097.200000  9.804287e-023
1097.400000  1.015445e-022
1097.600000  1.029980e-022
1097.800000  9.351748e-023
1098.000000  9.503165e-023
1098.200000  9.539378e-023
1098.400000  9.492907e-023
1098.600000  8.632636e-023
1098.800000  8.503660e-023
1099.000000  8.552227e-023
1099.200000  8.840776e-023
1099.400000  7.795987e-023
1099.600000  8.035496e-023
1099.800000  8.024302e-023
1100.000000  8.415255e-023
1100.200000  8.075981e-023
1100.400000  7.905727e-023
1100.600000  7.785565e-023
1100.800000  7.300041e-023
1101.000000  7.098027e-023
1101.200000  7.254786e-023
1101.400000  7.712716e-023
1101.600000  7.387905e-023
1101.800000  6.547648e-023
1102.000000  7.153015e-023
1102.200000  6.490058e-023
1102.400000  7.394709e-023
1102.600000  6.910133e-023
1102.800000  6.710063e-023
1103.000000  6.797955e-023
1103.200000  6.174582e-023
1103.400000  6.494564e-023
1103.600000  6.730402e-023
1103.800000  5.876438e-023
1104.000000  5.678340e-023
1104.200000  5.670002e-023
1104.400000  6.070576e-023
1104.600000  6.539413e-023
1104.800000  5.890937e-023
1105.000000  5.528177e-023
1105.200000  6.200956e-023
1105.400000  5.062326e-023
1105.600000  5.421075e-023
1105.800000  5.495248e-023
1106.000000  5.513813e-023
1106.200000  4.728262e-023
1106.400000  5.348108e-023
1106.600000  4.957641e-023
1106.800000  5.099922e-023
1107.000000  4.723535e-023
1107.200000  5.192520e-023
1107.400000  4.857935e-023
1107.600000  5.149873e-023
1107.800000  5.317616e-023
1108.000000  4.808009e-023
1108.200000  4.554227e-023
1108.400000  4.710878e-023
1108.600000  5.108516e-023
1108.800000  4.719384e-023
1109.000000  4.372263e-023
1109.200000  3.887969e-023
1109.400000  4.451937e-023
1109.600000  4.686693e-023
1109.800000  4.775278e-023
1110.000000  4.236983e-023
1110.200000  3.791922e-023
1110.400000  4.247396e-023
1110.600000  3.966697e-023
1110.800000  3.848022e-023
1111.000000  3.797261e-023
1111.200000  3.573836e-023
1111.400000  3.659237e-023
1111.600000  3.730845e-023
1111.800000  3.697921e-023
1112.000000  3.238942e-023
1112.200000  4.017720e-023
1112.400000  3.535807e-023
1112.600000  2.886368e-023
1112.800000  3.406201e-023
1113.000000  3.177770e-023
1113.200000  3.431987e-023
1113.400000  3.284681e-023
1113.600000  4.256900e-023
1113.800000  3.132886e-023
1114.000000  2.945444e-023
1114.200000  3.097609e-023
1114.400000  2.834965e-023
1114.600000  3.124370e-023
1114.800000  3.427020e-023
1115.000000  2.910556e-023
1115.200000  2.974094e-023
1115.400000  3.264653e-023
1115.600000  3.090149e-023
1115.800000  3.261986e-023
1116.000000  2.541113e-023
1116.200000  2.270122e-023
1116.400000  2.881864e-023
1116.600000  2.693386e-023
1116.800000  2.380409e-023
1117.000000  3.122443e-023
1117.200000  1.900020e-023
1117.400000  2.614330e-023
1117.600000  2.698307e-023
1117.800000  2.694988e-023
1118.000000  2.354486e-023
1118.200000  1.685947e-023
1118.400000  2.572867e-023
1118.600000  2.260106e-023
1118.800000  2.604830e-023
1119.000000  1.687663e-023
1119.200000  2.178181e-023
1119.400000  2.811065e-023
1119.600000  2.127163e-023
1119.800000  2.330109e-023
1120.000000  2.482748e-023
1120.200000  2.251683e-023
1120.400000  1.483609e-023
1120.600000  2.402313e-023
1120.800000  1.730338e-023
1121.000000  2.406603e-023
1121.200000  2.285039e-023
1121.400000  2.542006e-023
1121.600000  2.063122e-023
1121.800000  1.955512e-023
1122.000000  1.745463e-023
1122.200000  1.899061e-023
1122.400000  1.363304e-023
1122.600000  2.067942e-023
1122.800000  1.637358e-023
1123.000000  1.929314e-023
1123.200000  1.433957e-023
1123.400000  1.918055e-023
1123.600000  1.777068e-023
1123.800000  1.682945e-023
1124.000000  1.560652e-023
1124.200000  1.699217e-023
1124.400000  1.421260e-023
1124.600000  9.529305e-024
1124.800000  1.714109e-023
1125.000000  1.148394e-023
1125.200000  1.657896e-023
1125.400000  1.631194e-023
1125.600000  1.148788e-023
1125.800000  1.343672e-023
1126.000000  1.286432e-023
1126.200000  1.107654e-023
1126.400000  6.513601e-024
1126.600000  1.345471e-023
1126.800000  1.038835e-023
1127.000000  1.136684e-023
1127.200000  1.789277e-023
1127.400000  8.035701e-024
1127.600000  1.678647e-023
1127.800000  9.299952e-024
1128.000000  1.319799e-023
1128.200000  1.414960e-023
1128.400000  9.441933e-024
1128.600000  1.292479e-023
1128.800000  7.789147e-024
1129.000000  1.277895e-023
1129.200000  1.376301e-023
1129.400000  1.363633e-023
1129.600000  1.643731e-023
1129.800000  1.627041e-023
1130.000000  1.057908e-023
1130.200000  7.661853e-024
1130.400000  1.017936e-023
1130.600000  1.281058e-023
1130.800000  1.156736e-023
1131.000000  8.090332e-024
1131.200000  9.912652e-024
1131.400000  1.115341e-023
1131.600000  8.930312e-024
1131.800000  1.340807e-023
1132.000000  1.032032e-023
1132.200000  1.326062e-023
1132.400000  1.033856e-023
1132.600000  8.949939e-024
1132.800000  1.047329e-023
1133.000000  7.965810e-024
1133.200000  4.615776e-024
1133.400000  1.133991e-023
1133.600000  2.517250e-024
1133.800000  1.874597e-023
1134.000000  2.660333e-024
1134.200000  1.205530e-023
1134.400000  1.175884e-023
1134.600000  1.134910e-023
1134.800000  8.553341e-024
1135.000000  0.000000e+000
1135.200000  1.598159e-023
1135.400000  5.049798e-024
1135.600000  7.722542e-024
1135.800000  1.025869e-023
1136.000000  7.437771e-024
1136.200000  1.474710e-023
1136.400000  6.747199e-024
1136.600000  1.322580e-023
1136.800000  9.834511e-024
1137.000000  3.936642e-024
1137.200000  1.393254e-023
1137.400000  4.778570e-024
1137.600000  7.595155e-024
1137.800000  2.534467e-024
1138.000000  1.564191e-023
1138.200000  4.221081e-024
1138.400000  6.901015e-024
1138.600000  3.382802e-024
1138.800000  0.000000e+000
1139.000000  1.549660e-023
1139.200000  2.255371e-024
1139.400000  7.197970e-024
1139.600000  4.378149e-024
1139.800000  3.808367e-024
1140.000000  3.106306e-024
1140.200000  5.086211e-024
1140.400000  8.909074e-024
1140.600000  7.643501e-024
1140.800000  1.090868e-023
1141.000000  4.395576e-024
1141.200000  7.380613e-024
1141.400000  2.272459e-024
1141.600000  3.411676e-024
1141.800000  1.252203e-023
1142.000000  0.000000e+000
1142.200000  1.268611e-023
1142.400000  1.055704e-023
1142.600000  7.282019e-024
1142.800000  0.000000e+000
1143.000000  7.152148e-025
1143.200000  8.590731e-025
1143.400000  1.432934e-024
1143.600000  9.895993e-024
1143.800000  6.746226e-024
1144.000000  6.177511e-024
1144.200000  3.594080e-024
1144.400000  4.461459e-024
1144.600000  0.000000e+000
1144.800000  7.370162e-024
1145.000000  1.157009e-023
1145.200000  6.224541e-024
1145.400000  8.113385e-024
1145.600000  5.801031e-024
1145.800000  2.902237e-025
1146.000000  1.045977e-023
1146.200000  2.907307e-024
1146.400000  1.600658e-024
1146.600000  5.243592e-024
1146.800000  1.151631e-023
1147.000000  8.607260e-024
1147.200000  3.504340e-024
1147.400000  1.125405e-023
1147.600000  0.000000e+000
1147.800000  1.098075e-023
1148.000000  9.817584e-024
1148.200000  5.132740e-024
1148.400000  3.376679e-024
1148.600000  8.815258e-025
1148.800000  1.470544e-025
1149.000000  0.000000e+000
1149.200000  4.419153e-024
1149.400000  2.358164e-024
1149.600000  6.935507e-024
1149.800000  6.809480e-024
1150.000000  1.333341e-024
