800.000000  -4.209660e-034
800.200000  -4.209660e-034
800.400000  -4.209660e-034
800.600000  -4.209660e-034
800.800000  -7.730942e-034
801.000000  -5.572744e-034
801.200000  -4.132233e-034
801.400000  -8.928853e-034
801.600000  -9.320952e-034
801.800000  -6.683348e-034
802.000000  -6.402180e-034
802.200000  -9.356573e-034
802.400000  -6.075681e-034
802.600000  -2.791183e-034
802.800000  -5.890140e-034
803.000000  -1.056816e-033
803.200000  -6.180734e-034
803.400000  -6.662745e-034
803.600000  -1.332840e-033
803.800000  -1.269343e-033
804.000000  -9.921868e-034
804.200000  -1.066813e-033
804.400000  -1.584675e-033
804.600000  -1.276166e-033
804.800000  -8.883176e-034
805.000000  -1.075434e-033
805.200000  -1.529428e-033
805.400000  -7.589658e-034
805.600000  -7.200194e-034
805.800000  -8.944608e-034
806.000000  -9.732973e-034
806.200000  -1.580590e-034
806.400000  -4.653004e-034
806.600000  -1.092734e-033
806.800000  -5.620900e-034
807.000000  -2.738727e-034
807.200000  -1.251971e-033
807.400000  -1.759913e-033
807.600000  -1.020846e-033
807.800000  -8.959492e-034
808.000000  -2.083831e-033
808.200000  -2.572802e-033
808.400000  -1.597161e-033
808.600000  -1.818485e-033
808.800000  -2.236367e-033
809.000000  -8.467255e-034
809.200000  -4.340050e-035
809.400000  -1.513129e-033
809.600000  -2.530915e-033
809.800000  -1.152056e-033
810.000000  -2.186154e-033
810.200000  -3.392347e-033
810.400000  -2.630146e-033
810.600000  -4.081008e-034
810.800000  -3.394752e-034
811.000000  -1.309940e-033
811.200000  8.527266e-034
811.400000  1.327177e-033
811.600000  -8.377397e-034
811.800000  -1.452212e-033
812.000000  7.988346e-034
812.200000  -2.534821e-034
812.400000  -1.237585e-033
812.600000  -2.295934e-033
812.800000  -1.645520e-033
813.000000  -1.322879e-033
813.200000  -7.130384e-034
813.400000  -3.223395e-033
813.600000  -4.801789e-033
813.800000  -7.457584e-033
814.000000  -8.295001e-033
814.200000  -6.607177e-033
814.400000  -6.201369e-033
814.600000  -4.920986e-033
814.800000  -4.445972e-033
815.000000  -3.036972e-033
815.200000  -1.844703e-033
815.400000  -1.742337e-033
815.600000  -6.493415e-034
815.800000  -6.467590e-035
816.000000  1.585782e-033
816.200000  4.212181e-034
816.400000  -1.807892e-034
816.600000  4.064099e-034
816.800000  4.461051e-034
817.000000  -1.187248e-034
817.200000  -9.244287e-034
817.400000  5.796705e-034
817.600000  -5.977388e-034
817.800000  -1.964045e-033
818.000000  -2.826224e-033
818.200000  -3.152220e-034
818.400000  -9.487362e-033
818.600000  -8.806238e-033
818.800000  -4.046731e-033
819.000000  -8.663180e-033
819.200000  -1.921904e-032
819.400000  -1.408823e-032
819.600000  -4.756909e-033
819.800000  -9.688166e-033
820.000000  -1.192776e-032
820.200000  -5.093100e-033
820.400000  -2.587826e-033
820.600000  -1.120085e-032
820.800000  -4.900657e-033
821.000000  7.240972e-033
821.200000  1.909699e-033
821.400000  -8.372671e-033
821.600000  -6.321049e-034
821.800000  4.952307e-033
822.000000  -7.022728e-033
822.200000  -7.154492e-033
822.400000  1.325563e-032
822.600000  3.384037e-033
822.800000  -1.345631e-032
823.000000  -7.072630e-033
823.200000  -9.795958e-033
823.400000  -2.885379e-032
823.600000  -3.157031e-032
823.800000  -1.670910e-032
824.000000  -2.452910e-032
824.200000  -4.982508e-032
824.400000  -3.696303e-032
824.600000  -1.376106e-032
824.800000  -2.651879e-032
825.000000  -4.075812e-032
825.200000  -1.476471e-032
825.400000  7.243186e-033
825.600000  -1.921969e-032
825.800000  -8.245814e-033
826.000000  2.109100e-032
826.200000  1.054574e-032
826.400000  -1.530956e-032
826.600000  1.249773e-032
826.800000  3.057222e-032
827.000000  6.869593e-033
827.200000  -5.080578e-033
827.400000  1.150033e-032
827.600000  -1.254523e-032
827.800000  -6.408957e-032
828.000000  -6.173898e-032
828.200000  -2.398816e-032
828.400000  -3.420103e-032
828.600000  -6.541850e-032
828.800000  -2.301903e-032
829.000000  -1.280312e-032
829.200000  -4.990242e-032
829.400000  -5.430639e-032
829.600000  -6.359335e-033
829.800000  -2.326649e-032
830.000000  -8.650025e-032
830.200000  -5.275606e-032
830.400000  -3.022250e-032
830.600000  -4.839062e-032
830.800000  -6.141567e-032
831.000000  1.643793e-032
831.200000  4.866263e-032
831.400000  -3.107778e-032
831.600000  -6.879944e-032
831.800000  -2.159056e-032
832.000000  -4.734640e-032
832.200000  -1.227320e-031
832.400000  -8.712211e-032
832.600000  2.396119e-032
832.800000  -1.057299e-033
833.000000  -4.813209e-032
833.200000  5.544295e-032
833.400000  7.624595e-032
833.600000  -3.780098e-032
833.800000  -3.574480e-032
834.000000  3.460954e-032
834.200000  -3.227475e-032
834.400000  -1.586894e-031
834.600000  -1.127058e-031
834.800000  -4.419283e-032
835.000000  -1.274525e-031
835.200000  -9.664159e-032
835.400000  5.883550e-032
835.600000  7.533873e-032
835.800000  -5.180762e-032
836.000000  -2.046247e-032
836.200000  1.061760e-031
836.400000  2.945586e-033
836.600000  -1.594848e-031
836.800000  1.982613e-033
837.000000  7.889817e-032
837.200000  -2.025511e-031
837.400000  -2.875340e-031
837.600000  -6.590523e-032
837.800000  -4.455250e-032
838.000000  -2.225107e-031
838.200000  -1.487584e-031
838.400000  4.548083e-032
838.600000  -9.251800e-032
838.800000  -2.473533e-031
839.000000  -1.595503e-032
839.200000  8.328985e-032
839.400000  -1.317077e-031
839.600000  -1.398569e-031
839.800000  1.921245e-031
840.000000  1.549922e-031
840.200000  -1.213071e-031
840.400000  7.308862e-032
840.600000  2.799960e-031
840.800000  2.034974e-031
841.000000  -1.093314e-031
841.200000  1.414306e-031
841.400000  2.026154e-031
841.600000  -1.153752e-031
841.800000  -1.231466e-031
842.000000  1.774763e-031
842.200000  1.336931e-031
842.400000  -3.400375e-031
842.600000  -1.985537e-031
842.800000  8.997059e-032
843.000000  -2.638338e-031
843.200000  -5.007785e-031
843.400000  -2.016300e-031
843.600000  -1.001201e-031
843.800000  -5.203845e-031
844.000000  -4.091311e-031
844.200000  3.354663e-031
844.400000  3.640997e-031
844.600000  3.360361e-032
844.800000  1.722575e-031
845.000000  6.248915e-031
845.200000  1.165870e-031
845.400000  -2.952862e-031
845.600000  9.113624e-032
845.800000  1.466143e-031
846.000000  -5.558093e-031
846.200000  -5.703846e-031
846.400000  3.538200e-031
846.600000  1.908064e-031
846.800000  -6.023666e-031
847.000000  -4.180157e-031
847.200000  -1.242757e-032
847.400000  -5.602867e-031
847.600000  -9.890527e-031
847.800000  -8.247306e-032
848.000000  2.353961e-031
848.200000  -5.465198e-031
848.400000  -6.342999e-031
848.600000  4.224292e-031
848.800000  1.759266e-031
849.000000  -2.326190e-031
849.200000  3.102541e-031
849.400000  1.145377e-030
849.600000  2.355020e-031
849.800000  -2.583748e-031
850.000000  1.251800e-030
850.200000  1.238133e-030
850.400000  -1.830723e-031
850.600000  2.254440e-031
850.800000  1.353076e-030
851.000000  1.881188e-032
851.200000  -1.686742e-030
851.400000  -7.893094e-031
851.600000  5.653007e-031
851.800000  -9.125650e-031
852.000000  -1.716739e-030
852.200000  3.303933e-031
852.400000  6.957149e-031
852.600000  -1.056463e-030
852.800000  -9.089139e-031
853.000000  9.321384e-031
853.200000  -2.903067e-031
853.400000  -1.957946e-030
853.600000  -4.192026e-031
853.800000  3.664233e-031
854.000000  -1.336802e-030
854.200000  -2.105235e-030
854.400000  8.317118e-031
854.600000  1.646547e-030
854.800000  -4.549192e-031
855.000000  2.505751e-031
855.200000  3.006598e-030
855.400000  1.577962e-030
855.600000  6.591767e-031
855.800000  2.801367e-030
856.000000  3.670479e-030
856.200000  5.356030e-031
856.400000  -2.414176e-030
856.600000  1.585501e-030
856.800000  -1.198460e-031
857.000000  -2.404598e-030
857.200000  -9.633561e-032
857.400000  3.582136e-030
857.600000  3.964113e-031
857.800000  -4.060964e-030
858.000000  -1.676431e-030
858.200000  -1.709634e-030
858.400000  -4.388867e-030
858.600000  -3.567244e-030
858.800000  2.161492e-030
859.000000  5.523029e-031
859.200000  -3.840769e-030
859.400000  -6.443859e-031
859.600000  4.998637e-030
859.800000  1.301770e-030
860.000000  -2.071692e-030
860.200000  5.374128e-030
860.400000  5.736690e-030
860.600000  -6.246277e-031
860.800000  -6.170262e-031
861.000000  5.510849e-030
861.200000  1.443848e-030
861.400000  -6.543288e-030
861.600000  2.648954e-031
861.800000  4.440173e-030
862.000000  -1.379697e-030
862.200000  -6.917267e-030
862.400000  2.869253e-030
862.600000  1.803125e-030
862.800000  -8.164604e-030
863.000000  -4.816847e-030
863.200000  7.944228e-030
863.400000  4.359120e-030
863.600000  -2.637944e-030
863.800000  4.134783e-030
864.000000  6.659455e-030
864.200000  -7.275734e-031
864.400000  -5.682366e-030
864.600000  5.661520e-030
864.800000  5.394127e-030
865.000000  -5.159159e-030
865.200000  -7.706098e-030
865.400000  9.283159e-030
865.600000  4.314407e-030
865.800000  -4.802598e-030
866.000000  1.052124e-029
866.200000  1.511057e-029
866.400000  7.994346e-030
866.600000  2.570466e-030
866.800000  1.823574e-029
867.000000  2.132342e-029
867.200000  3.958751e-030
867.400000  1.200312e-029
867.600000  2.769322e-029
867.800000  1.239691e-029
868.000000  -6.998336e-030
868.200000  2.309519e-030
868.400000  2.460182e-030
868.600000  -1.670099e-029
868.800000  -2.911733e-029
869.000000  -9.323094e-031
869.200000  7.627587e-031
869.400000  -1.217746e-029
869.600000  8.510854e-030
869.800000  3.252853e-029
870.000000  2.179864e-029
870.200000  4.340599e-030
870.400000  2.738490e-029
870.600000  3.247158e-029
870.800000  9.712428e-031
871.000000  -5.186651e-031
871.200000  3.088444e-029
871.400000  2.643942e-029
871.600000  3.398022e-030
871.800000  2.334400e-029
872.000000  5.558799e-029
872.200000  2.553853e-029
872.400000  3.538833e-030
872.600000  4.799546e-029
872.800000  5.935976e-029
873.000000  1.928570e-029
873.200000  1.072097e-029
873.400000  5.794986e-029
873.600000  6.967220e-029
873.800000  2.545770e-029
874.000000  6.806522e-029
874.200000  9.477149e-029
874.400000  5.243073e-029
874.600000  2.421597e-029
874.800000  7.239259e-029
875.000000  9.228286e-029
875.200000  3.960368e-029
875.400000  2.837839e-029
875.600000  5.769387e-029
875.800000  2.822575e-029
876.000000  -3.001175e-029
876.200000  8.474396e-030
876.400000  6.490710e-029
876.600000  5.823614e-029
876.800000  5.382956e-029
877.000000  1.354157e-028
877.200000  1.346970e-028
877.400000  7.661693e-029
877.600000  9.540109e-029
877.800000  1.592579e-028
878.000000  1.232784e-028
878.200000  6.730363e-029
878.400000  1.573441e-028
878.600000  2.275401e-028
878.800000  1.623451e-028
879.000000  1.280027e-028
879.200000  2.629577e-028
879.400000  2.589432e-028
879.600000  1.649282e-028
879.800000  1.604657e-028
880.000000  2.711942e-028
880.200000  1.620107e-028
880.400000  9.936503e-029
880.600000  2.035124e-028
880.800000  2.829328e-028
881.000000  1.623392e-028
881.200000  1.034526e-028
881.400000  2.529422e-028
881.600000  2.391704e-028
881.800000  1.123916e-028
882.000000  2.052436e-028
882.200000  4.532850e-028
882.400000  4.267105e-028
882.600000  3.201762e-028
882.800000  5.021987e-028
883.000000  6.151945e-028
883.200000  4.220896e-028
883.400000  4.098598e-028
883.600000  6.423710e-028
883.800000  6.878029e-028
884.000000  5.554500e-028
884.200000  6.937339e-028
884.400000  8.766697e-028
884.600000  7.273351e-028
884.800000  5.254723e-028
885.000000  6.309002e-028
885.200000  6.292014e-028
885.400000  4.828640e-028
885.600000  4.852450e-028
885.800000  8.507763e-028
886.000000  8.012225e-028
886.200000  7.060302e-028
886.400000  9.207209e-028
886.600000  1.256569e-027
886.800000  1.206553e-027
887.000000  1.138435e-027
887.200000  1.492712e-027
887.400000  1.635481e-027
887.600000  1.371129e-027
887.800000  1.368353e-027
888.000000  1.708469e-027
888.200000  1.698228e-027
888.400000  1.492956e-027
888.600000  1.878417e-027
888.800000  2.221167e-027
889.000000  2.097102e-027
889.200000  2.084068e-027
889.400000  2.512151e-027
889.600000  2.697136e-027
889.800000  2.292793e-027
890.000000  2.515516e-027
890.200000  3.181660e-027
890.400000  2.999948e-027
890.600000  2.498610e-027
890.800000  3.017593e-027
891.000000  3.543637e-027
891.200000  3.222448e-027
891.400000  3.070909e-027
891.600000  3.908152e-027
891.800000  4.354496e-027
892.000000  4.083651e-027
892.200000  4.280802e-027
892.400000  5.328380e-027
892.600000  5.020350e-027
892.800000  4.659405e-027
893.000000  5.250687e-027
893.200000  6.060180e-027
893.400000  5.879224e-027
893.600000  6.146625e-027
893.800000  7.279108e-027
894.000000  7.766465e-027
894.200000  7.158518e-027
894.400000  7.326090e-027
894.600000  8.147495e-027
894.800000  7.711643e-027
895.000000  7.079774e-027
895.200000  8.284267e-027
895.400000  9.161313e-027
895.600000  8.672443e-027
895.800000  8.738666e-027
896.000000  1.019508e-026
896.200000  1.057657e-026
896.400000  9.750461e-027
896.600000  1.073471e-026
896.800000  1.161181e-026
897.000000  1.113945e-026
897.200000  1.052272e-026
897.400000  1.245628e-026
897.600000  1.424771e-026
897.800000  1.452616e-026
898.000000  1.493624e-026
898.200000  1.729889e-026
898.400000  1.719962e-026
898.600000  1.583595e-026
898.800000  1.642369e-026
899.000000  1.779931e-026
899.200000  1.678484e-026
899.400000  1.622438e-026
899.600000  1.865400e-026
899.800000  1.987813e-026
900.000000  1.867904e-026
900.200000  1.904022e-026
900.400000  2.154146e-026
900.600000  2.214577e-026
900.800000  2.196064e-026
901.000000  2.452580e-026
901.200000  2.722172e-026
901.400000  2.698592e-026
901.600000  2.806268e-026
901.800000  3.236412e-026
902.000000  3.329206e-026
902.200000  3.195057e-026
902.400000  3.352931e-026
902.600000  3.763034e-026
902.800000  3.784465e-026
903.000000  3.622017e-026
903.200000  4.029019e-026
903.400000  4.414275e-026
903.600000  4.438748e-026
903.800000  4.416379e-026
904.000000  4.986422e-026
904.200000  5.243604e-026
904.400000  5.098128e-026
904.600000  5.171450e-026
904.800000  5.612547e-026
905.000000  5.795930e-026
905.200000  5.604550e-026
905.400000  6.022785e-026
905.600000  6.579712e-026
905.800000  6.535582e-026
906.000000  6.478696e-026
906.200000  7.233825e-026
906.400000  7.640870e-026
906.600000  7.577655e-026
906.800000  8.037171e-026
907.000000  8.911899e-026
907.200000  9.083515e-026
907.400000  9.104146e-026
907.600000  9.931043e-026
907.800000  1.075457e-025
908.000000  1.084663e-025
908.200000  1.105323e-025
908.400000  1.202033e-025
908.600000  1.229044e-025
908.800000  1.176585e-025
909.000000  1.236548e-025
909.200000  1.386296e-025
909.400000  1.426108e-025
909.600000  1.450407e-025
909.800000  1.599107e-025
910.000000  1.732610e-025
910.200000  1.756839e-025
910.400000  1.815737e-025
910.600000  2.011221e-025
910.800000  2.111720e-025
911.000000  2.125184e-025
911.200000  2.267047e-025
911.400000  2.504013e-025
911.600000  2.590495e-025
911.800000  2.682165e-025
912.000000  2.923179e-025
912.200000  3.148078e-025
912.400000  3.257308e-025
912.600000  3.383214e-025
912.800000  3.681235e-025
913.000000  3.862395e-025
913.200000  4.004424e-025
913.400000  4.273538e-025
913.600000  4.614103e-025
913.800000  4.801774e-025
914.000000  4.998393e-025
914.200000  5.411498e-025
914.400000  5.734791e-025
914.600000  5.958774e-025
914.800000  6.294398e-025
915.000000  6.855229e-025
915.200000  7.269189e-025
915.400000  7.554755e-025
915.600000  8.124875e-025
915.800000  8.887322e-025
916.000000  9.363867e-025
916.200000  9.974178e-025
916.400000  1.086335e-024
916.600000  1.165968e-024
916.800000  1.236769e-024
917.000000  1.323529e-024
917.200000  1.436302e-024
917.400000  1.534589e-024
917.600000  1.635380e-024
917.800000  1.767197e-024
918.000000  1.893341e-024
918.200000  1.988316e-024
918.400000  2.086827e-024
918.600000  2.215648e-024
918.800000  2.333029e-024
919.000000  2.412963e-024
919.200000  2.510103e-024
919.400000  2.628727e-024
919.600000  2.711675e-024
919.800000  2.773189e-024
920.000000  2.865385e-024
920.200000  2.960854e-024
920.400000  3.026502e-024
920.600000  3.103971e-024
920.800000  3.232688e-024
921.000000  3.327696e-024
921.200000  3.391339e-024
921.400000  3.496809e-024
921.600000  3.624443e-024
921.800000  3.729210e-024
922.000000  3.828134e-024
922.200000  3.977769e-024
922.400000  4.118275e-024
922.600000  4.182387e-024
922.800000  4.236185e-024
923.000000  4.329114e-024
923.200000  4.382645e-024
923.400000  4.399022e-024
923.600000  4.472820e-024
923.800000  4.580598e-024
924.000000  4.630144e-024
924.200000  4.664087e-024
924.400000  4.762431e-024
924.600000  4.843006e-024
924.800000  4.858428e-024
925.000000  4.931232e-024
925.200000  5.081510e-024
925.400000  5.181033e-024
925.600000  5.201634e-024
925.800000  5.304984e-024
926.000000  5.450374e-024
926.200000  5.508839e-024
926.400000  5.553343e-024
926.600000  5.705897e-024
926.800000  5.847388e-024
927.000000  5.904274e-024
927.200000  6.001033e-024
927.400000  6.216440e-024
927.600000  6.316000e-024
927.800000  6.358713e-024
928.000000  6.529715e-024
928.200000  6.749865e-024
928.400000  6.820769e-024
928.600000  6.911777e-024
928.800000  7.105807e-024
929.000000  7.239352e-024
929.200000  7.326158e-024
929.400000  7.485958e-024
929.600000  7.788773e-024
929.800000  7.938746e-024
930.000000  8.058249e-024
930.200000  8.283886e-024
930.400000  8.555367e-024
930.600000  8.683833e-024
930.800000  8.852518e-024
931.000000  9.171901e-024
931.200000  9.371374e-024
931.400000  9.401299e-024
931.600000  9.573012e-024
931.800000  9.899262e-024
932.000000  1.006637e-023
932.200000  1.019335e-023
932.400000  1.050344e-023
932.600000  1.083099e-023
932.800000  1.097569e-023
933.000000  1.110015e-023
933.200000  1.151363e-023
933.400000  1.177999e-023
933.600000  1.198576e-023
933.800000  1.223644e-023
934.000000  1.265517e-023
934.200000  1.286906e-023
934.400000  1.302899e-023
934.600000  1.346425e-023
934.800000  1.378976e-023
935.000000  1.375643e-023
935.200000  1.381671e-023
935.400000  1.433338e-023
935.600000  1.460209e-023
935.800000  1.464493e-023
936.000000  1.484709e-023
936.200000  1.526741e-023
936.400000  1.528857e-023
936.600000  1.523447e-023
936.800000  1.560459e-023
937.000000  1.592406e-023
937.200000  1.595306e-023
937.400000  1.607616e-023
937.600000  1.660816e-023
937.800000  1.703352e-023
938.000000  1.731697e-023
938.200000  1.803612e-023
938.400000  1.877619e-023
938.600000  1.919416e-023
938.800000  1.972900e-023
939.000000  2.090569e-023
939.200000  2.196105e-023
939.400000  2.265015e-023
939.600000  2.354491e-023
939.800000  2.495810e-023
940.000000  2.590724e-023
940.200000  2.669545e-023
940.400000  2.796225e-023
940.600000  2.945729e-023
940.800000  3.026035e-023
941.000000  3.118213e-023
941.200000  3.263710e-023
941.400000  3.412534e-023
941.600000  3.484152e-023
941.800000  3.591441e-023
942.000000  3.755328e-023
942.200000  3.844797e-023
942.400000  3.893620e-023
942.600000  3.998996e-023
942.800000  4.139888e-023
943.000000  4.210882e-023
943.200000  4.278536e-023
943.400000  4.435603e-023
943.600000  4.526421e-023
943.800000  4.542237e-023
944.000000  4.625106e-023
944.200000  4.800823e-023
944.400000  4.879088e-023
944.600000  4.920693e-023
944.800000  5.057317e-023
945.000000  5.246622e-023
945.200000  5.341772e-023
945.400000  5.395565e-023
945.600000  5.581104e-023
945.800000  5.702192e-023
946.000000  5.775040e-023
946.200000  5.892466e-023
946.400000  6.102964e-023
946.600000  6.198330e-023
946.800000  6.237963e-023
947.000000  6.419333e-023
947.200000  6.645338e-023
947.400000  6.697877e-023
947.600000  6.800384e-023
947.800000  7.040502e-023
948.000000  7.217164e-023
948.200000  7.307834e-023
948.400000  7.501372e-023
948.600000  7.817808e-023
948.800000  7.948643e-023
949.000000  8.007913e-023
949.200000  8.317330e-023
949.400000  8.596574e-023
949.600000  8.718292e-023
949.800000  8.908647e-023
950.000000  9.259515e-023
950.200000  9.524977e-023
950.400000  9.619739e-023
950.600000  9.884544e-023
950.800000  1.026462e-022
951.000000  1.044314e-022
951.200000  1.059813e-022
951.400000  1.104257e-022
951.600000  1.143171e-022
951.800000  1.165187e-022
952.000000  1.195606e-022
952.200000  1.253529e-022
952.400000  1.293037e-022
952.600000  1.314381e-022
952.800000  1.360971e-022
953.000000  1.417981e-022
953.200000  1.445177e-022
953.400000  1.462231e-022
953.600000  1.518532e-022
953.800000  1.576435e-022
954.000000  1.608493e-022
954.200000  1.650171e-022
954.400000  1.719660e-022
954.600000  1.770785e-022
954.800000  1.796042e-022
955.000000  1.849188e-022
955.200000  1.898610e-022
955.400000  1.961836e-022
955.600000  2.008289e-022
955.800000  2.064777e-022
956.000000  2.132325e-022
956.200000  2.203795e-022
956.400000  2.247844e-022
956.600000  2.297305e-022
956.800000  2.377258e-022
957.000000  2.429790e-022
957.200000  2.489724e-022
957.400000  2.579668e-022
957.600000  2.686420e-022
957.800000  2.765658e-022
958.000000  2.860073e-022
958.200000  2.964893e-022
958.400000  3.058235e-022
958.600000  3.130499e-022
958.800000  3.246772e-022
959.000000  3.365943e-022
959.200000  3.452100e-022
959.400000  3.531358e-022
959.600000  3.635409e-022
959.800000  3.753465e-022
960.000000  3.833431e-022
960.200000  3.925609e-022
960.400000  4.056959e-022
960.600000  4.178437e-022
960.800000  4.257737e-022
961.000000  4.366277e-022
961.200000  4.493679e-022
961.400000  4.543339e-022
961.600000  4.614175e-022
961.800000  4.739197e-022
962.000000  4.860539e-022
962.200000  4.935637e-022
962.400000  5.037777e-022
962.600000  5.165694e-022
962.800000  5.317348e-022
963.000000  5.512519e-022
963.200000  6.142621e-022
963.400000  7.457111e-022
963.600000  8.924199e-022
963.800000  9.578118e-022
964.000000  8.789331e-022
964.200000  7.742643e-022
964.400000  6.900186e-022
964.600000  6.592665e-022
964.800000  6.598737e-022
965.000000  6.686834e-022
965.200000  6.739798e-022
965.400000  6.882817e-022
965.600000  7.048627e-022
965.800000  7.167106e-022
966.000000  7.311949e-022
966.200000  7.489960e-022
966.400000  7.656084e-022
966.600000  7.744194e-022
966.800000  7.865436e-022
967.000000  8.073241e-022
967.200000  8.223564e-022
967.400000  8.317201e-022
967.600000  8.435473e-022
967.800000  8.602708e-022
968.000000  8.680325e-022
968.200000  8.794814e-022
968.400000  8.993428e-022
968.600000  9.137258e-022
968.800000  9.149977e-022
969.000000  9.248347e-022
969.200000  9.382538e-022
969.400000  9.352940e-022
969.600000  9.334681e-022
969.800000  9.438277e-022
970.000000  9.551194e-022
970.200000  9.527038e-022
970.400000  9.626630e-022
970.600000  9.766644e-022
970.800000  9.857233e-022
971.000000  9.880999e-022
971.200000  9.998459e-022
971.400000  1.024854e-021
971.600000  1.038326e-021
971.800000  1.048579e-021
972.000000  1.071710e-021
972.200000  1.094040e-021
972.400000  1.107619e-021
972.600000  1.128432e-021
972.800000  1.164789e-021
973.000000  1.199084e-021
973.200000  1.223623e-021
973.400000  1.270370e-021
973.600000  1.323330e-021
973.800000  1.355256e-021
974.000000  1.390008e-021
974.200000  1.446157e-021
974.400000  1.507778e-021
974.600000  1.557094e-021
974.800000  1.630991e-021
975.000000  1.731913e-021
975.200000  1.811312e-021
975.400000  1.942613e-021
975.600000  2.035556e-021
975.800000  2.129810e-021
976.000000  2.302720e-021
976.200000  2.479508e-021
976.400000  2.617243e-021
976.600000  2.835404e-021
976.800000  3.130924e-021
977.000000  3.419303e-021
977.200000  3.782047e-021
977.400000  4.209924e-021
977.600000  4.720283e-021
977.800000  5.259906e-021
978.000000  5.798012e-021
978.200000  6.383240e-021
978.400000  6.937829e-021
978.600000  7.681463e-021
978.800000  8.530497e-021
979.000000  9.552024e-021
979.200000  1.096189e-020
979.400000  1.228242e-020
979.600000  1.391418e-020
979.800000  1.572535e-020
980.000000  1.715853e-020
980.200000  1.835234e-020
980.400000  1.915936e-020
980.600000  1.876999e-020
980.800000  1.754544e-020
981.000000  1.582701e-020
981.200000  1.400270e-020
981.400000  1.229241e-020
981.600000  1.090532e-020
981.800000  9.851242e-021
982.000000  8.733713e-021
982.200000  7.727312e-021
982.400000  6.881243e-021
982.600000  6.099757e-021
982.800000  5.642812e-021
983.000000  5.273759e-021
983.200000  4.972138e-021
983.400000  5.078403e-021
983.600000  5.246448e-021
983.800000  5.416826e-021
984.000000  5.800771e-021
984.200000  6.315584e-021
984.400000  6.648849e-021
984.600000  6.942667e-021
984.800000  7.187349e-021
985.000000  7.341131e-021
985.200000  7.367538e-021
985.400000  7.522033e-021
985.600000  7.639811e-021
985.800000  7.678144e-021
986.000000  7.747900e-021
986.200000  7.777456e-021
986.400000  7.717315e-021
986.600000  7.604128e-021
986.800000  7.508072e-021
987.000000  7.412026e-021
987.200000  7.226172e-021
987.400000  7.062261e-021
987.600000  7.040679e-021
987.800000  6.953560e-021
988.000000  6.829643e-021
988.200000  6.782641e-021
988.400000  6.770950e-021
988.600000  6.695893e-021
988.800000  6.686973e-021
989.000000  6.917839e-021
989.200000  7.102526e-021
989.400000  7.195808e-021
989.600000  7.292971e-021
989.800000  7.502449e-021
990.000000  7.665431e-021
990.200000  7.744499e-021
990.400000  7.857271e-021
990.600000  8.113129e-021
990.800000  8.263356e-021
991.000000  8.313459e-021
991.200000  8.429570e-021
991.400000  8.463179e-021
991.600000  8.283697e-021
991.800000  8.097963e-021
992.000000  8.038097e-021
992.200000  7.747192e-021
992.400000  7.268904e-021
992.600000  6.951655e-021
992.800000  6.839934e-021
993.000000  6.518742e-021
993.200000  6.142650e-021
993.400000  5.936254e-021
993.600000  5.651341e-021
993.800000  5.176186e-021
994.000000  4.896632e-021
994.200000  4.763094e-021
994.400000  4.640816e-021
994.600000  4.478794e-021
994.800000  4.414454e-021
995.000000  4.410857e-021
995.200000  4.311518e-021
995.400000  4.212536e-021
995.600000  4.144636e-021
995.800000  4.094864e-021
996.000000  4.030182e-021
996.200000  3.947932e-021
996.400000  3.878600e-021
996.600000  3.814365e-021
996.800000  3.711526e-021
997.000000  3.614602e-021
997.200000  3.556027e-021
997.400000  3.481545e-021
997.600000  3.388474e-021
997.800000  3.309272e-021
998.000000  3.229027e-021
998.200000  3.144215e-021
998.400000  3.054823e-021
998.600000  2.987304e-021
998.800000  2.917879e-021
999.000000  2.834168e-021
999.200000  2.761789e-021
999.400000  2.707864e-021
999.600000  2.645847e-021
999.800000  2.575714e-021
1000.000000  2.540977e-021
1000.200000  2.503498e-021
1000.400000  2.457930e-021
1000.600000  2.427416e-021
1000.800000  2.388810e-021
1001.000000  2.381376e-021
1001.200000  2.356049e-021
1001.400000  2.335141e-021
1001.600000  2.319562e-021
1001.800000  2.304846e-021
1002.000000  2.297276e-021
1002.200000  2.281604e-021
1002.400000  2.300067e-021
1002.600000  2.296062e-021
1002.800000  2.282136e-021
1003.000000  2.267277e-021
1003.200000  2.285788e-021
1003.400000  2.298911e-021
1003.600000  2.291253e-021
1003.800000  2.279955e-021
1004.000000  2.295823e-021
1004.200000  2.283594e-021
1004.400000  2.274971e-021
1004.600000  2.294509e-021
1004.800000  2.307714e-021
1005.000000  2.309101e-021
1005.200000  2.319606e-021
1005.400000  2.342906e-021
1005.600000  2.350719e-021
1005.800000  2.357630e-021
1006.000000  2.364552e-021
1006.200000  2.385231e-021
1006.400000  2.394023e-021
1006.600000  2.393648e-021
1006.800000  2.420842e-021
1007.000000  2.438887e-021
1007.200000  2.442231e-021
1007.400000  2.437282e-021
1007.600000  2.470153e-021
1007.800000  2.492925e-021
1008.000000  2.500947e-021
1008.200000  2.533045e-021
1008.400000  2.572614e-021
1008.600000  2.594640e-021
1008.800000  2.613922e-021
1009.000000  2.655539e-021
1009.200000  2.684214e-021
1009.400000  2.697116e-021
1009.600000  2.724951e-021
1009.800000  2.766831e-021
1010.000000  2.792916e-021
1010.200000  2.817181e-021
1010.400000  2.851782e-021
1010.600000  2.898623e-021
1010.800000  2.927742e-021
1011.000000  2.951284e-021
1011.200000  2.995535e-021
1011.400000  3.031408e-021
1011.600000  3.044760e-021
1011.800000  3.079803e-021
1012.000000  3.118684e-021
1012.200000  3.134039e-021
1012.400000  3.150365e-021
1012.600000  3.187529e-021
1012.800000  3.210561e-021
1013.000000  3.212784e-021
1013.200000  3.237776e-021
1013.400000  3.272310e-021
1013.600000  3.296452e-021
1013.800000  3.302560e-021
1014.000000  3.322010e-021
1014.200000  3.357701e-021
1014.400000  3.364830e-021
1014.600000  3.358596e-021
1014.800000  3.387724e-021
1015.000000  3.385321e-021
1015.200000  3.396322e-021
1015.400000  3.389120e-021
1015.600000  3.413578e-021
1015.800000  3.415980e-021
1016.000000  3.389527e-021
1016.200000  3.397678e-021
1016.400000  3.410660e-021
1016.600000  3.404370e-021
1016.800000  3.382614e-021
1017.000000  3.393675e-021
1017.200000  3.416364e-021
1017.400000  3.403259e-021
1017.600000  3.422117e-021
1017.800000  3.442948e-021
1018.000000  3.454103e-021
1018.200000  3.446802e-021
1018.400000  3.463814e-021
1018.600000  3.487675e-021
1018.800000  3.484274e-021
1019.000000  3.497457e-021
1019.200000  3.524340e-021
1019.400000  3.543448e-021
1019.600000  3.552800e-021
1019.800000  3.566085e-021
1020.000000  3.603916e-021
1020.200000  3.634943e-021
1020.400000  3.637525e-021
1020.600000  3.662735e-021
1020.800000  3.683066e-021
1021.000000  3.705405e-021
1021.200000  3.715942e-021
1021.400000  3.761065e-021
1021.600000  3.774635e-021
1021.800000  3.771404e-021
1022.000000  3.779059e-021
1022.200000  3.816471e-021
1022.400000  3.822191e-021
1022.600000  3.817983e-021
1022.800000  3.825696e-021
1023.000000  3.841383e-021
1023.200000  3.829197e-021
1023.400000  3.840920e-021
1023.600000  3.859649e-021
1023.800000  3.885407e-021
1024.000000  3.862195e-021
1024.200000  3.852952e-021
1024.400000  3.854710e-021
1024.600000  3.843426e-021
1024.800000  3.809018e-021
1025.000000  3.807711e-021
1025.200000  3.803377e-021
1025.400000  3.778888e-021
1025.600000  3.756363e-021
1025.800000  3.768100e-021
1026.000000  3.776825e-021
1026.200000  3.758264e-021
1026.400000  3.747758e-021
1026.600000  3.765594e-021
1026.800000  3.793601e-021
1027.000000  3.817598e-021
1027.200000  3.869070e-021
1027.400000  3.909451e-021
1027.600000  3.906132e-021
1027.800000  3.903821e-021
1028.000000  3.932100e-021
1028.200000  3.968598e-021
1028.400000  3.968372e-021
1028.600000  4.018266e-021
1028.800000  4.049822e-021
1029.000000  4.105008e-021
1029.200000  4.151064e-021
1029.400000  4.181800e-021
1029.600000  4.192031e-021
1029.800000  4.232118e-021
1030.000000  4.264038e-021
1030.200000  4.280551e-021
1030.400000  4.308443e-021
1030.600000  4.348780e-021
1030.800000  4.345763e-021
1031.000000  4.378960e-021
1031.200000  4.385281e-021
1031.400000  4.417534e-021
1031.600000  4.428046e-021
1031.800000  4.452081e-021
1032.000000  4.470958e-021
1032.200000  4.464882e-021
1032.400000  4.483797e-021
1032.600000  4.516304e-021
1032.800000  4.517547e-021
1033.000000  4.526103e-021
1033.200000  4.499104e-021
1033.400000  4.489849e-021
1033.600000  4.506772e-021
1033.800000  4.483857e-021
1034.000000  4.453542e-021
1034.200000  4.463107e-021
1034.400000  4.444277e-021
1034.600000  4.384332e-021
1034.800000  4.336916e-021
1035.000000  4.307342e-021
1035.200000  4.229120e-021
1035.400000  4.131711e-021
1035.600000  4.082790e-021
1035.800000  4.004110e-021
1036.000000  3.914669e-021
1036.200000  3.826113e-021
1036.400000  3.759691e-021
1036.600000  3.678250e-021
1036.800000  3.577487e-021
1037.000000  3.499966e-021
1037.200000  3.436155e-021
1037.400000  3.353002e-021
1037.600000  3.277164e-021
1037.800000  3.211872e-021
1038.000000  3.155016e-021
1038.200000  3.076613e-021
1038.400000  3.019510e-021
1038.600000  2.986987e-021
1038.800000  2.939352e-021
1039.000000  2.873335e-021
1039.200000  2.842721e-021
1039.400000  2.813123e-021
1039.600000  2.765124e-021
1039.800000  2.720269e-021
1040.000000  2.702348e-021
1040.200000  2.677898e-021
1040.400000  2.628489e-021
1040.600000  2.626680e-021
1040.800000  2.610758e-021
1041.000000  2.594803e-021
1041.200000  2.567943e-021
1041.400000  2.555175e-021
1041.600000  2.553272e-021
1041.800000  2.521924e-021
1042.000000  2.510158e-021
1042.200000  2.508198e-021
1042.400000  2.501858e-021
1042.600000  2.484558e-021
1042.800000  2.493515e-021
1043.000000  2.506873e-021
1043.200000  2.500496e-021
1043.400000  2.501796e-021
1043.600000  2.529489e-021
1043.800000  2.539620e-021
1044.000000  2.545359e-021
1044.200000  2.558828e-021
1044.400000  2.588879e-021
1044.600000  2.604620e-021
1044.800000  2.602690e-021
1045.000000  2.619575e-021
1045.200000  2.654221e-021
1045.400000  2.673401e-021
1045.600000  2.681511e-021
1045.800000  2.712974e-021
1046.000000  2.746718e-021
1046.200000  2.750459e-021
1046.400000  2.764235e-021
1046.600000  2.800348e-021
1046.800000  2.811959e-021
1047.000000  2.813528e-021
1047.200000  2.832999e-021
1047.400000  2.842425e-021
1047.600000  2.855229e-021
1047.800000  2.850101e-021
1048.000000  2.868547e-021
1048.200000  2.867912e-021
1048.400000  2.852644e-021
1048.600000  2.840724e-021
1048.800000  2.843434e-021
1049.000000  2.849531e-021
1049.200000  2.825138e-021
1049.400000  2.813133e-021
1049.600000  2.811288e-021
1049.800000  2.789045e-021
1050.000000  2.765623e-021
1050.200000  2.748963e-021
1050.400000  2.736812e-021
1050.600000  2.725773e-021
1050.800000  2.693083e-021
1051.000000  2.688811e-021
1051.200000  2.664000e-021
1051.400000  2.625441e-021
1051.600000  2.592519e-021
1051.800000  2.570969e-021
1052.000000  2.537926e-021
1052.200000  2.497943e-021
1052.400000  2.469351e-021
1052.600000  2.437258e-021
1052.800000  2.395908e-021
1053.000000  2.355627e-021
1053.200000  2.324477e-021
1053.400000  2.293265e-021
1053.600000  2.270066e-021
1053.800000  2.224884e-021
1054.000000  2.177302e-021
1054.200000  2.150449e-021
1054.400000  2.108490e-021
1054.600000  2.056019e-021
1054.800000  2.016206e-021
1055.000000  1.970511e-021
1055.200000  1.947971e-021
1055.400000  1.896303e-021
1055.600000  1.858508e-021
1055.800000  1.815977e-021
1056.000000  1.769864e-021
1056.200000  1.716654e-021
1056.400000  1.677369e-021
1056.600000  1.638007e-021
1056.800000  1.598569e-021
1057.000000  1.569604e-021
1057.200000  1.531196e-021
1057.400000  1.491540e-021
1057.600000  1.463562e-021
1057.800000  1.427293e-021
1058.000000  1.406265e-021
1058.200000  1.371049e-021
1058.400000  1.338125e-021
1058.600000  1.322855e-021
1058.800000  1.294549e-021
1059.000000  1.270921e-021
1059.200000  1.242510e-021
1059.400000  1.221158e-021
1059.600000  1.198576e-021
1059.800000  1.167755e-021
1060.000000  1.149834e-021
1060.200000  1.137353e-021
1060.400000  1.110433e-021
1060.600000  1.096576e-021
1060.800000  1.088183e-021
1061.000000  1.076069e-021
1061.200000  1.049582e-021
1061.400000  1.030585e-021
1061.600000  1.016102e-021
1061.800000  1.005549e-021
1062.000000  9.832120e-022
1062.200000  9.635952e-022
1062.400000  9.640217e-022
1062.600000  9.374873e-022
1062.800000  9.310210e-022
1063.000000  9.232150e-022
1063.200000  9.024785e-022
1063.400000  8.883467e-022
1063.600000  8.738245e-022
1063.800000  8.564902e-022
1064.000000  8.495416e-022
1064.200000  8.386985e-022
1064.400000  8.263775e-022
1064.600000  8.193784e-022
1064.800000  8.085952e-022
1065.000000  7.951130e-022
1065.200000  7.948851e-022
1065.400000  7.867289e-022
1065.600000  7.802656e-022
1065.800000  7.626705e-022
1066.000000  7.628972e-022
1066.200000  7.470874e-022
1066.400000  7.319822e-022
1066.600000  7.254329e-022
1066.800000  7.166610e-022
1067.000000  7.091005e-022
1067.200000  7.041079e-022
1067.400000  6.929499e-022
1067.600000  6.908886e-022
1067.800000  6.721725e-022
1068.000000  6.661359e-022
1068.200000  6.598402e-022
1068.400000  6.578608e-022
1068.600000  6.434973e-022
1068.800000  6.381519e-022
1069.000000  6.282068e-022
1069.200000  6.177457e-022
1069.400000  6.109923e-022
1069.600000  6.118126e-022
1069.800000  6.096460e-022
1070.000000  5.938921e-022
1070.200000  5.834714e-022
1070.400000  5.908832e-022
1070.600000  5.816885e-022
1070.800000  5.718507e-022
1071.000000  5.618687e-022
1071.200000  5.605138e-022
1071.400000  5.501251e-022
1071.600000  5.505132e-022
1071.800000  5.390893e-022
1072.000000  5.439947e-022
1072.200000  5.330458e-022
1072.400000  5.274944e-022
1072.600000  5.302569e-022
1072.800000  5.210302e-022
1073.000000  5.136813e-022
1073.200000  5.107452e-022
1073.400000  5.091956e-022
1073.600000  5.033341e-022
1073.800000  4.883288e-022
1074.000000  4.931003e-022
1074.200000  4.802167e-022
1074.400000  4.736683e-022
1074.600000  4.802203e-022
1074.800000  4.679243e-022
1075.000000  4.603242e-022
1075.200000  4.513052e-022
1075.400000  4.546642e-022
1075.600000  4.410175e-022
1075.800000  4.366908e-022
1076.000000  4.209508e-022
1076.200000  4.281401e-022
1076.400000  4.189094e-022
1076.600000  4.047781e-022
1076.800000  4.070836e-022
1077.000000  3.987074e-022
1077.200000  3.975315e-022
1077.400000  3.822942e-022
1077.600000  3.885877e-022
1077.800000  3.762850e-022
1078.000000  3.684859e-022
1078.200000  3.592479e-022
1078.400000  3.584150e-022
1078.600000  3.533001e-022
1078.800000  3.444106e-022
1079.000000  3.352444e-022
1079.200000  3.338644e-022
1079.400000  3.169901e-022
1079.600000  3.171536e-022
1079.800000  3.074049e-022
1080.000000  3.138252e-022
1080.200000  3.113720e-022
1080.400000  2.962277e-022
1080.600000  2.955857e-022
1080.800000  2.895700e-022
1081.000000  2.872151e-022
1081.200000  2.797359e-022
1081.400000  2.767100e-022
1081.600000  2.773605e-022
1081.800000  2.619525e-022
1082.000000  2.678603e-022
1082.200000  2.596677e-022
1082.400000  2.577958e-022
1082.600000  2.522207e-022
1082.800000  2.443868e-022
1083.000000  2.495102e-022
1083.200000  2.384791e-022
1083.400000  2.462582e-022
1083.600000  2.433000e-022
1083.800000  2.359518e-022
1084.000000  2.291217e-022
1084.200000  2.307973e-022
1084.400000  2.279461e-022
1084.600000  2.281564e-022
1084.800000  2.226276e-022
1085.000000  2.205618e-022
1085.200000  2.162189e-022
1085.400000  2.093247e-022
1085.600000  2.143403e-022
1085.800000  2.070290e-022
1086.000000  2.088302e-022
1086.200000  1.984103e-022
1086.400000  2.054503e-022
1086.600000  2.028133e-022
1086.800000  1.942442e-022
1087.000000  1.949623e-022
1087.200000  1.910931e-022
1087.400000  1.880271e-022
1087.600000  1.906337e-022
1087.800000  1.847194e-022
1088.000000  1.839411e-022
1088.200000  1.788229e-022
1088.400000  1.787158e-022
1088.600000  1.750770e-022
1088.800000  1.721111e-022
1089.000000  1.729496e-022
1089.200000  1.701121e-022
1089.400000  1.719042e-022
1089.600000  1.656490e-022
1089.800000  1.666205e-022
1090.000000  1.639028e-022
1090.200000  1.511916e-022
1090.400000  1.554389e-022
1090.600000  1.488648e-022
1090.800000  1.543522e-022
1091.000000  1.500993e-022
1091.200000  1.483125e-022
1091.400000  1.487237e-022
1091.600000  1.499616e-022
1091.800000  1.510639e-022
1092.000000  1.358613e-022
1092.200000  1.390513e-022
1092.400000  1.378518e-022
1092.600000  1.348793e-022
1092.800000  1.341304e-022
1093.000000  1.355560e-022
1093.200000  1.308249e-022
1093.400000  1.265294e-022
1093.600000  1.260615e-022
1093.800000  1.301411e-022
1094.000000  1.212800e-022
1094.200000  1.186038e-022
1094.400000  1.228409e-022
1094.600000  1.186812e-022
1094.800000  1.171827e-022
1095.000000  1.108141e-022
1095.200000  1.126792e-022
1095.400000  1.083964e-022
1095.600000  1.139510e-022
1095.800000  1.031338e-022
1096.000000  1.062348e-022
1096.200000  1.038285e-022
1096.400000  9.964412e-023
1096.600000  1.068781e-022
1096.800000  9.738642e-023
1097.000000  9.613436e-023
1097.200000  9.630679e-023
1097.400000  8.931030e-023
1097.600000  8.554203e-023
1097.800000  9.627292e-023
1098.000000  9.199351e-023
1098.200000  8.380342e-023
1098.400000  8.994523e-023
1098.600000  8.243484e-023
1098.800000  8.502875e-023
1099.000000  8.126036e-023
1099.200000  8.099217e-023
1099.400000  7.855442e-023
1099.600000  7.788320e-023
1099.800000  8.072740e-023
1100.000000  7.489137e-023
1100.200000  7.551802e-023
1100.400000  7.633209e-023
1100.600000  7.193935e-023
1100.800000  7.082716e-023
1101.000000  6.407834e-023
1101.200000  6.649601e-023
1101.400000  6.626842e-023
1101.600000  7.207939e-023
1101.800000  6.475869e-023
1102.000000  6.835509e-023
1102.200000  6.309870e-023
1102.400000  5.977106e-023
1102.600000  5.730603e-023
1102.800000  5.737252e-023
1103.000000  6.289288e-023
1103.200000  5.926235e-023
1103.400000  5.739798e-023
1103.600000  5.378485e-023
1103.800000  5.737108e-023
1104.000000  6.435872e-023
1104.200000  4.967272e-023
1104.400000  5.812566e-023
1104.600000  5.642507e-023
1104.800000  5.559875e-023
1105.000000  5.153616e-023
1105.200000  4.775915e-023
1105.400000  5.092567e-023
1105.600000  4.965086e-023
1105.800000  5.251624e-023
1106.000000  5.713642e-023
1106.200000  4.937367e-023
1106.400000  4.679642e-023
1106.600000  4.626376e-023
1106.800000  4.103754e-023
1107.000000  5.241779e-023
1107.200000  5.057293e-023
1107.400000  5.018952e-023
1107.600000  4.482928e-023
1107.800000  4.648550e-023
1108.000000  4.068187e-023
1108.200000  4.512904e-023
1108.400000  4.081481e-023
1108.600000  3.820358e-023
1108.800000  4.441749e-023
1109.000000  4.244557e-023
1109.200000  3.690487e-023
1109.400000  4.271627e-023
1109.600000  4.305366e-023
1109.800000  3.639153e-023
1110.000000  4.274208e-023
1110.200000  3.762595e-023
1110.400000  4.403398e-023
1110.600000  3.628270e-023
1110.800000  3.705161e-023
1111.000000  4.135591e-023
1111.200000  3.483045e-023
1111.400000  3.766401e-023
1111.600000  3.798442e-023
1111.800000  2.764989e-023
1112.000000  3.429134e-023
1112.200000  2.370801e-023
1112.400000  3.912011e-023
1112.600000  3.121820e-023
1112.800000  3.227720e-023
1113.000000  2.831536e-023
1113.200000  3.166698e-023
1113.400000  4.010195e-023
1113.600000  3.304765e-023
1113.800000  3.242249e-023
1114.000000  3.053104e-023
1114.200000  2.598155e-023
1114.400000  3.802240e-023
1114.600000  2.832078e-023
1114.800000  2.525611e-023
1115.000000  2.912188e-023
1115.200000  2.775344e-023
1115.400000  3.205783e-023
1115.600000  2.542363e-023
1115.800000  3.601837e-023
1116.000000  2.585374e-023
1116.200000  2.750865e-023
1116.400000  2.659344e-023
1116.600000  2.542983e-023
1116.800000  2.678003e-023
1117.000000  2.192214e-023
1117.200000  2.189538e-023
1117.400000  2.708420e-023
1117.600000  2.947850e-023
1117.800000  1.908592e-023
1118.000000  1.910301e-023
1118.200000  2.179163e-023
1118.400000  2.072290e-023
1118.600000  1.940328e-023
1118.800000  1.748947e-023
1119.000000  2.107472e-023
1119.200000  1.837885e-023
1119.400000  1.586554e-023
1119.600000  2.108439e-023
1119.800000  1.883490e-023
1120.000000  2.121603e-023
1120.200000  2.435362e-023
1120.400000  2.155196e-023
1120.600000  1.588796e-023
1120.800000  2.555029e-023
1121.000000  1.649826e-023
1121.200000  1.518124e-023
1121.400000  2.035635e-023
1121.600000  1.711017e-023
1121.800000  1.638359e-023
1122.000000  1.829395e-023
1122.200000  1.726667e-023
1122.400000  1.534179e-023
1122.600000  1.073330e-023
1122.800000  1.414202e-023
1123.000000  1.460211e-023
1123.200000  2.520560e-023
1123.400000  1.522585e-023
1123.600000  1.490528e-023
1123.800000  1.879151e-023
1124.000000  1.224448e-023
1124.200000  1.628839e-023
1124.400000  1.283473e-023
1124.600000  1.254729e-023
1124.800000  1.196020e-023
1125.000000  8.978530e-024
1125.200000  1.419606e-023
1125.400000  1.674440e-023
1125.600000  1.227570e-023
1125.800000  1.468384e-023
1126.000000  1.706247e-023
1126.200000  1.646599e-023
1126.400000  1.273986e-023
1126.600000  1.635013e-023
1126.800000  1.438120e-023
1127.000000  1.634687e-023
1127.200000  9.003611e-024
1127.400000  1.138870e-023
1127.600000  3.600389e-024
1127.800000  9.008147e-024
1128.000000  8.565087e-024
1128.200000  1.560426e-023
1128.400000  1.051284e-023
1128.600000  5.562038e-024
1128.800000  7.221265e-024
1129.000000  1.487253e-023
1129.200000  1.473564e-023
1129.400000  1.038482e-023
1129.600000  1.506242e-023
1129.800000  9.626374e-024
1130.000000  7.226992e-024
1130.200000  8.286859e-024
1130.400000  2.413811e-024
1130.600000  1.069286e-023
1130.800000  1.009944e-023
1131.000000  5.884497e-024
1131.200000  8.456881e-024
1131.400000  1.357032e-023
1131.600000  6.640317e-024
1131.800000  8.005784e-024
1132.000000  1.146440e-023
1132.200000  4.528986e-024
1132.400000  4.835738e-024
1132.600000  1.240221e-023
1132.800000  1.027028e-023
1133.000000  5.895241e-024
1133.200000  1.089275e-023
1133.400000  1.090236e-023
1133.600000  8.769838e-024
1133.800000  7.870356e-024
1134.000000  7.725685e-024
1134.200000  1.152288e-023
1134.400000  1.090047e-023
1134.600000  7.273391e-024
1134.800000  9.555370e-024
1135.000000  5.008650e-024
1135.200000  4.699852e-024
1135.400000  3.793706e-024
1135.600000  6.073935e-024
1135.800000  1.793557e-023
1136.000000  6.222468e-024
1136.200000  9.722126e-024
1136.400000  1.368257e-023
1136.600000  2.435234e-024
1136.800000  3.646789e-024
1137.000000  6.996111e-024
1137.200000  7.002266e-024
1137.400000  3.495757e-024
1137.600000  7.607038e-024
1137.800000  8.679379e-024
1138.000000  3.352375e-024
1138.200000  4.108869e-024
1138.400000  2.131831e-024
1138.600000  7.317501e-024
1138.800000  9.765807e-024
1139.000000  1.234274e-023
1139.200000  1.204845e-023
1139.400000  7.631582e-024
1139.600000  1.834008e-024
1139.800000  5.949520e-024
1140.000000  7.023892e-024
1140.200000  6.571201e-024
1140.400000  3.211369e-024
1140.600000  1.684103e-024
1140.800000  1.026558e-023
1141.000000  9.047815e-024
1141.200000  9.516617e-024
1141.400000  0.000000e+000
1141.600000  7.073321e-024
1141.800000  6.155354e-024
1142.000000  8.010697e-024
1142.200000  0.000000e+000
1142.400000  6.171544e-024
1142.600000  5.405262e-024
1142.800000  3.091178e-024
1143.000000  5.414730e-024
1143.200000  6.812501e-024
1143.400000  4.804351e-024
1143.600000  8.376303e-024
1143.800000  3.880473e-024
1144.000000  1.087692e-024
1144.200000  5.598286e-024
1144.400000  7.783067e-024
1144.600000  6.698974e-024
1144.800000  7.188737e-024
1145.000000  7.507997e-024
1145.200000  7.827809e-024
1145.400000  7.992285e-024
1145.600000  6.744066e-024
1145.800000  1.884443e-024
1146.000000  1.005562e-023
1146.200000  3.144467e-024
1146.400000  0.000000e+000
1146.600000  5.356160e-024
1146.800000  1.734252e-024
1147.000000  8.679707e-024
1147.200000  3.158207e-025
1147.400000  1.897637e-024
1147.600000  6.645752e-024
1147.800000  0.000000e+000
1148.000000  2.694470e-024
1148.200000  6.820945e-024
1148.400000  9.366340e-024
1148.600000  0.000000e+000
1148.800000  9.382664e-024
1149.000000  7.958545e-024
1149.200000  0.000000e+000
1149.400000  0.000000e+000
1149.600000  0.000000e+000
1149.800000  1.280877e-024
1150.000000  0.000000e+000
