800.000000  -2.190674e-023
800.200000  -3.688658e-023
800.400000  -3.724142e-023
800.600000  -2.704036e-023
800.800000  -4.062517e-023
801.000000  -4.830513e-023
801.200000  -4.221310e-023
801.400000  -4.299370e-023
801.600000  -4.469419e-023
801.800000  -5.371921e-023
802.000000  -4.397703e-023
802.200000  -3.003753e-023
802.400000  -3.312200e-023
802.600000  -2.844071e-023
802.800000  -2.463078e-023
803.000000  -3.270107e-023
803.200000  -3.949966e-023
803.400000  -3.754067e-023
803.600000  -4.337733e-023
803.800000  -4.509320e-023
804.000000  -6.289378e-023
804.200000  -4.665780e-023
804.400000  -4.331279e-023
804.600000  -4.824548e-023
804.800000  -4.442843e-023
805.000000  -3.648395e-023
805.200000  -3.262478e-023
805.400000  -3.481705e-023
805.600000  -2.734143e-023
805.800000  -1.613370e-023
806.000000  -2.467945e-023
806.200000  -2.048947e-023
806.400000  -1.535865e-023
806.600000  -8.258978e-024
806.800000  -2.241736e-023
807.000000  -2.511394e-023
807.200000  -2.356463e-023
807.400000  -3.073275e-023
807.600000  -3.706497e-023
807.800000  -2.867919e-023
808.000000  -2.943242e-023
808.200000  -3.896827e-023
808.400000  -4.344295e-023
808.600000  -3.364782e-023
808.800000  -2.749337e-023
809.000000  -2.091282e-023
809.200000  -1.901226e-023
809.400000  -1.975614e-023
809.600000  -2.834607e-023
809.800000  -3.607200e-023
810.000000  -3.686830e-023
810.200000  -3.441987e-023
810.400000  -2.872948e-023
810.600000  -2.449487e-023
810.800000  -5.063637e-024
811.000000  -6.656288e-024
811.200000  -5.246663e-025
811.400000  -1.925301e-024
811.600000  -2.662822e-024
811.800000  -1.985449e-024
812.000000  -8.892287e-024
812.200000  -1.892916e-023
812.400000  -1.597213e-023
812.600000  -3.008141e-023
812.800000  -2.034671e-023
813.000000  -1.518549e-023
813.200000  -1.036946e-023
813.400000  -3.096129e-023
813.600000  -4.598613e-023
813.800000  -5.738926e-023
814.000000  -6.384497e-023
814.200000  -5.206141e-023
814.400000  -4.087548e-023
814.600000  -3.200742e-023
814.800000  -3.648171e-023
815.000000  -2.210044e-023
815.200000  -1.783708e-023
815.400000  -1.297440e-023
815.600000  -1.844221e-023
815.800000  -7.803355e-024
816.000000  4.328506e-024
816.200000  -1.157743e-023
816.400000  -8.812423e-024
816.600000  -5.570322e-024
816.800000  -4.014598e-024
817.000000  -6.116109e-024
817.200000  -6.094574e-024
817.400000  4.127482e-025
817.600000  -3.466061e-024
817.800000  -1.439587e-023
818.000000  -2.297213e-023
818.200000  -1.960736e-023
818.400000  -2.767542e-023
818.600000  -2.665641e-023
818.800000  -3.294219e-023
819.000000  -3.372613e-023
819.200000  -4.967492e-023
819.400000  -4.308245e-023
819.600000  -2.784310e-023
819.800000  -2.127129e-023
820.000000  -2.757662e-023
820.200000  -2.564036e-023
820.400000  -1.448176e-023
820.600000  -1.847018e-023
820.800000  -8.796337e-024
821.000000  -2.362136e-024
821.200000  -3.061392e-025
821.400000  -8.348853e-024
821.600000  -5.125691e-024
821.800000  -9.988909e-024
822.000000  -1.616305e-023
822.200000  -1.105214e-023
822.400000  -2.336110e-024
822.600000  2.009696e-025
822.800000  -9.233484e-024
823.000000  -2.378805e-023
823.200000  -3.005515e-023
823.400000  -2.394160e-023
823.600000  -3.714952e-023
823.800000  -3.698911e-023
824.000000  -4.419271e-023
824.200000  -5.473576e-023
824.400000  -5.451176e-023
824.600000  -4.333198e-023
824.800000  -3.176178e-023
825.000000  -3.668112e-023
825.200000  -3.103086e-023
825.400000  -1.676875e-023
825.600000  -8.365481e-024
825.800000  -6.875990e-024
826.000000  -9.338100e-025
826.200000  5.539799e-024
826.400000  -7.366611e-024
826.600000  -4.555330e-024
826.800000  1.422110e-023
827.000000  1.043786e-023
827.200000  7.377194e-024
827.400000  -9.048570e-024
827.600000  -1.803505e-023
827.800000  -2.795838e-023
828.000000  -4.427814e-023
828.200000  -3.909276e-023
828.400000  -1.616411e-023
828.600000  -2.514626e-023
828.800000  -2.456994e-023
829.000000  -2.581006e-023
829.200000  -1.882947e-023
829.400000  -2.144176e-023
829.600000  -2.587340e-023
829.800000  -1.667743e-023
830.000000  -2.697274e-023
830.200000  -3.137098e-023
830.400000  -3.349278e-023
830.600000  -1.750826e-023
830.800000  -1.870612e-023
831.000000  -1.040812e-023
831.200000  -3.806934e-025
831.400000  -6.501595e-024
831.600000  -1.954088e-023
831.800000  -2.579468e-023
832.000000  -2.748493e-023
832.200000  -2.507745e-023
832.400000  -3.728127e-023
832.600000  -1.253806e-023
832.800000  8.060911e-024
833.000000  -2.685778e-024
833.200000  -3.975343e-025
833.400000  1.052689e-023
833.600000  4.348374e-024
833.800000  -2.277295e-024
834.000000  -9.442466e-024
834.200000  -1.155547e-023
834.400000  -2.590062e-023
834.600000  -2.756399e-023
834.800000  -2.696643e-023
835.000000  -1.965168e-023
835.200000  -1.190795e-023
835.400000  -4.237386e-024
835.600000  1.640157e-024
835.800000  1.324398e-024
836.000000  2.646035e-024
836.200000  -1.449273e-024
836.400000  -9.675288e-024
836.600000  -5.135141e-024
836.800000  -5.016698e-024
837.000000  -1.190403e-023
837.200000  -2.926557e-023
837.400000  -3.091492e-023
837.600000  -3.120246e-023
837.800000  -1.439112e-023
838.000000  -1.730810e-023
838.200000  -1.849876e-023
838.400000  -1.661112e-023
838.600000  -1.117492e-023
838.800000  -6.537184e-024
839.000000  -1.130769e-023
839.200000  -6.730975e-024
839.400000  1.462598e-024
839.600000  1.690559e-024
839.800000  5.355404e-024
840.000000  1.082041e-023
840.200000  9.267468e-024
840.400000  5.747643e-024
840.600000  8.037312e-024
840.800000  1.804012e-023
841.000000  1.163448e-023
841.200000  9.571748e-025
841.400000  2.355001e-024
841.600000  8.834524e-024
841.800000  -8.940864e-025
842.000000  -5.733081e-024
842.200000  -6.513491e-024
842.400000  -8.575696e-024
842.600000  -1.782977e-023
842.800000  -1.192405e-023
843.000000  -1.534544e-023
843.200000  -1.432209e-023
843.400000  -2.130382e-023
843.600000  -2.027986e-023
843.800000  -1.660353e-023
844.000000  -1.602773e-023
844.200000  -1.740488e-024
844.400000  1.564529e-023
844.600000  1.592077e-023
844.800000  9.344542e-024
845.000000  7.179688e-024
845.200000  1.359194e-023
845.400000  3.567741e-024
845.600000  -5.692525e-024
845.800000  -5.142992e-024
846.000000  -5.423459e-024
846.200000  -7.509854e-024
846.400000  -4.791411e-024
846.600000  3.264540e-024
846.800000  -2.711060e-024
847.000000  -1.716683e-023
847.200000  -2.230731e-023
847.400000  -1.425924e-023
847.600000  -1.589244e-023
847.800000  -1.531920e-023
848.000000  -8.586463e-024
848.200000  2.582732e-024
848.400000  -1.095954e-023
848.600000  -1.391786e-023
848.800000  -1.591384e-025
849.000000  1.239602e-023
849.200000  6.772609e-024
849.400000  1.211924e-023
849.600000  1.715137e-023
849.800000  7.560219e-024
850.000000  1.243538e-023
850.200000  1.738593e-023
850.400000  1.095454e-023
850.600000  1.192901e-023
850.800000  3.230801e-024
851.000000  3.337978e-024
851.200000  -8.290972e-024
851.400000  -1.861560e-023
851.600000  -8.509269e-024
851.800000  -7.066609e-024
852.000000  -1.300760e-023
852.200000  -1.417089e-023
852.400000  1.525464e-024
852.600000  -2.632742e-024
852.800000  -1.074973e-023
853.000000  -1.321128e-023
853.200000  -7.459705e-024
853.400000  -1.165760e-023
853.600000  -1.542020e-023
853.800000  -1.182760e-023
854.000000  -8.234644e-024
854.200000  -1.026841e-023
854.400000  -4.968800e-024
854.600000  1.407560e-023
854.800000  2.202409e-023
855.000000  8.705443e-024
855.200000  1.861919e-023
855.400000  2.306878e-023
855.600000  3.008641e-023
855.800000  1.686427e-023
856.000000  1.479780e-023
856.200000  1.792532e-023
856.400000  -8.840035e-024
856.600000  -9.987402e-024
856.800000  -4.763962e-024
857.000000  3.030700e-024
857.200000  1.868789e-024
857.400000  2.362485e-024
857.600000  5.068264e-024
857.800000  -4.951256e-024
858.000000  -2.093547e-023
858.200000  -2.249704e-023
858.400000  -1.518643e-023
858.600000  -1.122887e-023
858.800000  -7.279519e-024
859.000000  -5.876985e-024
859.200000  -6.421503e-025
859.400000  -7.311609e-024
859.600000  3.788926e-024
859.800000  1.402667e-023
860.000000  1.297282e-023
860.200000  1.849784e-023
860.400000  1.725988e-023
860.600000  1.573819e-023
860.800000  3.249719e-024
861.000000  5.439821e-024
861.200000  -2.801492e-025
861.400000  -4.750937e-024
861.600000  -5.460030e-024
861.800000  -5.747618e-024
862.000000  6.468279e-025
862.200000  -2.970274e-024
862.400000  -4.522607e-024
862.600000  -8.561187e-024
862.800000  -5.096127e-024
863.000000  -1.623809e-024
863.200000  6.399881e-024
863.400000  1.524820e-023
863.600000  1.462461e-023
863.800000  5.533958e-024
864.000000  3.953869e-024
864.200000  7.834906e-024
864.400000  3.016728e-024
864.600000  3.947029e-024
864.800000  6.973324e-024
865.000000  5.457881e-024
865.200000  -1.264688e-023
865.400000  -1.752607e-024
865.600000  7.030145e-024
865.800000  7.624514e-024
866.000000  1.141870e-023
866.200000  1.605564e-023
866.400000  2.984624e-023
866.600000  1.882174e-023
866.800000  1.519656e-023
867.000000  3.219027e-023
867.200000  3.324338e-023
867.400000  3.049727e-023
867.600000  2.719524e-023
867.800000  2.159039e-023
868.000000  2.826265e-024
868.200000  -7.326556e-024
868.400000  -1.539247e-023
868.600000  -1.037119e-023
868.800000  -2.300747e-023
869.000000  -1.212761e-023
869.200000  -1.747060e-024
869.400000  1.851172e-023
869.600000  1.204085e-023
869.800000  2.433768e-023
870.000000  3.516368e-023
870.200000  2.673488e-023
870.400000  2.348527e-023
870.600000  1.989912e-023
870.800000  2.250474e-023
871.000000  1.286598e-023
871.200000  1.536275e-023
871.400000  1.832290e-023
871.600000  2.870622e-023
871.800000  2.228086e-023
872.000000  2.966645e-023
872.200000  3.103684e-023
872.400000  3.648554e-023
872.600000  2.758224e-023
872.800000  3.122659e-023
873.000000  3.190300e-023
873.200000  2.514815e-023
873.400000  2.634770e-023
873.600000  4.140868e-023
873.800000  4.245617e-023
874.000000  4.571773e-023
874.200000  4.121237e-023
874.400000  3.731669e-023
874.600000  3.554480e-023
874.800000  3.110588e-023
875.000000  4.516198e-023
875.200000  4.652474e-023
875.400000  3.184008e-023
875.600000  1.477718e-023
875.800000  1.092327e-023
876.000000  9.896861e-024
876.200000  8.278923e-025
876.400000  1.092935e-023
876.600000  3.105459e-023
876.800000  3.642040e-023
877.000000  3.844515e-023
877.200000  3.646682e-023
877.400000  5.135317e-023
877.600000  4.594017e-023
877.800000  4.117540e-023
878.000000  4.220111e-023
878.200000  4.878931e-023
878.400000  5.138902e-023
878.600000  6.158835e-023
878.800000  6.569101e-023
879.000000  5.728935e-023
879.200000  6.226409e-023
879.400000  6.663660e-023
879.600000  6.469836e-023
879.800000  5.413203e-023
880.000000  5.182029e-023
880.200000  4.798873e-023
880.400000  4.626969e-023
880.600000  4.824860e-023
880.800000  5.446838e-023
881.000000  5.917876e-023
881.200000  4.435845e-023
881.400000  4.206514e-023
881.600000  4.921170e-023
881.800000  4.442482e-023
882.000000  4.730904e-023
882.200000  6.449779e-023
882.400000  8.445387e-023
882.600000  8.956974e-023
882.800000  8.595717e-023
883.000000  9.575753e-023
883.200000  9.441037e-023
883.400000  9.032700e-023
883.600000  9.116462e-023
883.800000  1.034020e-022
884.000000  1.072927e-022
884.200000  1.101397e-022
884.400000  1.144376e-022
884.600000  1.131147e-022
884.800000  1.019406e-022
885.000000  8.242343e-023
885.200000  7.982566e-023
885.400000  8.242915e-023
885.600000  8.902070e-023
885.800000  8.814934e-023
886.000000  9.124489e-023
886.200000  1.095720e-022
886.400000  1.153520e-022
886.600000  1.250833e-022
886.800000  1.438833e-022
887.000000  1.493031e-022
887.200000  1.455661e-022
887.400000  1.472486e-022
887.600000  1.498209e-022
887.800000  1.379763e-022
888.000000  1.330089e-022
888.200000  1.477677e-022
888.400000  1.503401e-022
888.600000  1.545893e-022
888.800000  1.576496e-022
889.000000  1.710315e-022
889.200000  1.776942e-022
889.400000  1.806668e-022
889.600000  1.807965e-022
889.800000  1.834811e-022
890.000000  1.782132e-022
890.200000  1.851210e-022
890.400000  1.919027e-022
890.600000  1.797655e-022
890.800000  1.786550e-022
891.000000  1.843261e-022
891.200000  1.924216e-022
891.400000  1.911214e-022
891.600000  2.034249e-022
891.800000  2.129716e-022
892.000000  2.292763e-022
892.200000  2.213069e-022
892.400000  2.335665e-022
892.600000  2.364183e-022
892.800000  2.379801e-022
893.000000  2.340074e-022
893.200000  2.462553e-022
893.400000  2.681381e-022
893.600000  2.724553e-022
893.800000  2.737814e-022
894.000000  2.928385e-022
894.200000  2.946626e-022
894.400000  2.770740e-022
894.600000  2.744018e-022
894.800000  2.761415e-022
895.000000  2.765897e-022
895.200000  2.724846e-022
895.400000  2.846451e-022
895.600000  2.903077e-022
895.800000  2.850258e-022
896.000000  2.917174e-022
896.200000  3.067268e-022
896.400000  3.003548e-022
896.600000  3.031841e-022
896.800000  2.936516e-022
897.000000  2.980422e-022
897.200000  2.997452e-022
897.400000  3.022765e-022
897.600000  3.278505e-022
897.800000  3.498376e-022
898.000000  3.541034e-022
898.200000  3.673098e-022
898.400000  3.674393e-022
898.600000  3.627767e-022
898.800000  3.451323e-022
899.000000  3.382308e-022
899.200000  3.385802e-022
899.400000  3.362445e-022
899.600000  3.386195e-022
899.800000  3.426460e-022
900.000000  3.502879e-022
900.200000  3.477332e-022
900.400000  3.422624e-022
900.600000  3.631339e-022
900.800000  3.760500e-022
901.000000  3.800603e-022
901.200000  3.840594e-022
901.400000  3.993977e-022
901.600000  4.166647e-022
901.800000  4.297851e-022
902.000000  4.303110e-022
902.200000  4.350271e-022
902.400000  4.381236e-022
902.600000  4.403791e-022
902.800000  4.533844e-022
903.000000  4.498627e-022
903.200000  4.593674e-022
903.400000  4.672755e-022
903.600000  4.827261e-022
903.800000  4.768778e-022
904.000000  4.863727e-022
904.200000  5.042246e-022
904.400000  5.152794e-022
904.600000  4.985694e-022
904.800000  4.955909e-022
905.000000  5.148655e-022
905.200000  5.116029e-022
905.400000  5.123379e-022
905.600000  5.273651e-022
905.800000  5.398432e-022
906.000000  5.419723e-022
906.200000  5.480559e-022
906.400000  5.564940e-022
906.600000  5.774871e-022
906.800000  5.824698e-022
907.000000  5.942006e-022
907.200000  6.140238e-022
907.400000  6.208569e-022
907.600000  6.276026e-022
907.800000  6.442319e-022
908.000000  6.593496e-022
908.200000  6.647831e-022
908.400000  6.680688e-022
908.600000  6.713024e-022
908.800000  6.642376e-022
909.000000  6.728789e-022
909.200000  6.948437e-022
909.400000  7.294548e-022
909.600000  7.333666e-022
909.800000  7.490996e-022
910.000000  7.741722e-022
910.200000  7.940315e-022
910.400000  8.108500e-022
910.600000  8.350819e-022
910.800000  8.520980e-022
911.000000  8.694029e-022
911.200000  8.822590e-022
911.400000  9.135341e-022
911.600000  9.480055e-022
911.800000  9.734527e-022
912.000000  9.942066e-022
912.200000  1.030930e-021
912.400000  1.072671e-021
912.600000  1.088288e-021
912.800000  1.111739e-021
913.000000  1.148202e-021
913.200000  1.186264e-021
913.400000  1.200623e-021
913.600000  1.241665e-021
913.800000  1.279837e-021
914.000000  1.308765e-021
914.200000  1.339620e-021
914.400000  1.381420e-021
914.600000  1.422839e-021
914.800000  1.457397e-021
915.000000  1.503352e-021
915.200000  1.560083e-021
915.400000  1.609743e-021
915.600000  1.649546e-021
915.800000  1.732611e-021
916.000000  1.798155e-021
916.200000  1.862114e-021
916.400000  1.929873e-021
916.600000  2.003395e-021
916.800000  2.085440e-021
917.000000  2.155976e-021
917.200000  2.232382e-021
917.400000  2.326520e-021
917.600000  2.427390e-021
917.800000  2.513974e-021
918.000000  2.595314e-021
918.200000  2.683575e-021
918.400000  2.745428e-021
918.600000  2.804003e-021
918.800000  2.882051e-021
919.000000  2.924399e-021
919.200000  2.964804e-021
919.400000  2.994739e-021
919.600000  3.040825e-021
919.800000  3.070550e-021
920.000000  3.075946e-021
920.200000  3.097427e-021
920.400000  3.118742e-021
920.600000  3.125044e-021
920.800000  3.151130e-021
921.000000  3.171693e-021
921.200000  3.189558e-021
921.400000  3.184963e-021
921.600000  3.191901e-021
921.800000  3.214684e-021
922.000000  3.229049e-021
922.200000  3.236472e-021
922.400000  3.238944e-021
922.600000  3.241245e-021
922.800000  3.208178e-021
923.000000  3.176624e-021
923.200000  3.149632e-021
923.400000  3.128694e-021
923.600000  3.096906e-021
923.800000  3.074039e-021
924.000000  3.060800e-021
924.200000  3.031622e-021
924.400000  2.989988e-021
924.600000  2.950365e-021
924.800000  2.916038e-021
925.000000  2.893870e-021
925.200000  2.875228e-021
925.400000  2.866003e-021
925.600000  2.839605e-021
925.800000  2.804764e-021
926.000000  2.785882e-021
926.200000  2.769620e-021
926.400000  2.747014e-021
926.600000  2.728304e-021
926.800000  2.710835e-021
927.000000  2.699752e-021
927.200000  2.680684e-021
927.400000  2.657295e-021
927.600000  2.644990e-021
927.800000  2.634058e-021
928.000000  2.603593e-021
928.200000  2.597314e-021
928.400000  2.579867e-021
928.600000  2.553858e-021
928.800000  2.531166e-021
929.000000  2.500996e-021
929.200000  2.498069e-021
929.400000  2.471886e-021
929.600000  2.470140e-021
929.800000  2.464861e-021
930.000000  2.458576e-021
930.200000  2.442440e-021
930.400000  2.432729e-021
930.600000  2.431578e-021
930.800000  2.425966e-021
931.000000  2.419650e-021
931.200000  2.409606e-021
931.400000  2.381756e-021
931.600000  2.362760e-021
931.800000  2.347958e-021
932.000000  2.341804e-021
932.200000  2.334243e-021
932.400000  2.317546e-021
932.600000  2.305990e-021
932.800000  2.305265e-021
933.000000  2.285069e-021
933.200000  2.271604e-021
933.400000  2.273891e-021
933.600000  2.275492e-021
933.800000  2.258172e-021
934.000000  2.245416e-021
934.200000  2.234954e-021
934.400000  2.231828e-021
934.600000  2.225930e-021
934.800000  2.209519e-021
935.000000  2.186378e-021
935.200000  2.151937e-021
935.400000  2.143106e-021
935.600000  2.137311e-021
935.800000  2.130400e-021
936.000000  2.100486e-021
936.200000  2.083815e-021
936.400000  2.063557e-021
936.600000  2.030133e-021
936.800000  2.012568e-021
937.000000  1.995438e-021
937.200000  1.993006e-021
937.400000  1.970964e-021
937.600000  1.955371e-021
937.800000  1.965314e-021
938.000000  1.982836e-021
938.200000  1.987656e-021
938.400000  1.988980e-021
938.600000  1.999203e-021
938.800000  2.006852e-021
939.000000  2.038370e-021
939.200000  2.066902e-021
939.400000  2.093833e-021
939.600000  2.106065e-021
939.800000  2.120673e-021
940.000000  2.141284e-021
940.200000  2.164936e-021
940.400000  2.185240e-021
940.600000  2.207980e-021
940.800000  2.227240e-021
941.000000  2.251333e-021
941.200000  2.262910e-021
941.400000  2.306154e-021
941.600000  2.334539e-021
941.800000  2.344562e-021
942.000000  2.359748e-021
942.200000  2.369771e-021
942.400000  2.367123e-021
942.600000  2.357705e-021
942.800000  2.359682e-021
943.000000  2.364720e-021
943.200000  2.371026e-021
943.400000  2.365736e-021
943.600000  2.354069e-021
943.800000  2.346416e-021
944.000000  2.325016e-021
944.200000  2.324976e-021
944.400000  2.328884e-021
944.600000  2.318128e-021
944.800000  2.301873e-021
945.000000  2.303868e-021
945.200000  2.310701e-021
945.400000  2.293550e-021
945.600000  2.275001e-021
945.800000  2.272151e-021
946.000000  2.268973e-021
946.200000  2.264733e-021
946.400000  2.257729e-021
946.600000  2.257430e-021
946.800000  2.247671e-021
947.000000  2.232781e-021
947.200000  2.238950e-021
947.400000  2.240991e-021
947.600000  2.225772e-021
947.800000  2.215371e-021
948.000000  2.222194e-021
948.200000  2.227757e-021
948.400000  2.219336e-021
948.600000  2.233286e-021
948.800000  2.232914e-021
949.000000  2.224306e-021
949.200000  2.220868e-021
949.400000  2.227365e-021
949.600000  2.237045e-021
949.800000  2.240210e-021
950.000000  2.235689e-021
950.200000  2.250080e-021
950.400000  2.254698e-021
950.600000  2.240017e-021
950.800000  2.240659e-021
951.000000  2.245934e-021
951.200000  2.242836e-021
951.400000  2.253377e-021
951.600000  2.267846e-021
951.800000  2.286793e-021
952.000000  2.296504e-021
952.200000  2.320796e-021
952.400000  2.341345e-021
952.600000  2.356739e-021
952.800000  2.368042e-021
953.000000  2.379581e-021
953.200000  2.386426e-021
953.400000  2.377109e-021
953.600000  2.370437e-021
953.800000  2.391763e-021
954.000000  2.413550e-021
954.200000  2.406199e-021
954.400000  2.418149e-021
954.600000  2.435058e-021
954.800000  2.443385e-021
955.000000  2.434788e-021
955.200000  2.465322e-021
955.400000  2.447964e-021
955.600000  2.430014e-021
955.800000  2.472541e-021
956.000000  2.503046e-021
956.200000  2.482014e-021
956.400000  2.478699e-021
956.600000  2.505299e-021
956.800000  2.512638e-021
957.000000  2.481345e-021
957.200000  2.502316e-021
957.400000  2.548765e-021
957.600000  2.561588e-021
957.800000  2.557327e-021
958.000000  2.608864e-021
958.200000  2.644062e-021
958.400000  2.625138e-021
958.600000  2.634879e-021
958.800000  2.698277e-021
959.000000  2.707939e-021
959.200000  2.686276e-021
959.400000  2.706803e-021
959.600000  2.738000e-021
959.800000  2.724720e-021
960.000000  2.716505e-021
960.200000  2.755287e-021
960.400000  2.785991e-021
960.600000  2.767386e-021
960.800000  2.780670e-021
961.000000  2.827858e-021
961.200000  2.832953e-021
961.400000  2.783959e-021
961.600000  2.793253e-021
961.800000  2.838733e-021
962.000000  2.818119e-021
962.200000  2.802613e-021
962.400000  2.838738e-021
962.600000  2.856409e-021
962.800000  2.838934e-021
963.000000  2.886080e-021
963.200000  3.017185e-021
963.400000  3.229144e-021
963.600000  3.627710e-021
963.800000  4.146482e-021
964.000000  4.375198e-021
964.200000  4.122208e-021
964.400000  3.645419e-021
964.600000  3.327913e-021
964.800000  3.120601e-021
965.000000  2.978296e-021
965.200000  2.927376e-021
965.400000  2.932768e-021
965.600000  2.897850e-021
965.800000  2.852586e-021
966.000000  2.875099e-021
966.200000  2.895107e-021
966.400000  2.858836e-021
966.600000  2.834574e-021
966.800000  2.863322e-021
967.000000  2.867934e-021
967.200000  2.825889e-021
967.400000  2.818329e-021
967.600000  2.839361e-021
967.800000  2.802839e-021
968.000000  2.759115e-021
968.200000  2.776954e-021
968.400000  2.794443e-021
968.600000  2.753510e-021
968.800000  2.715416e-021
969.000000  2.734205e-021
969.200000  2.715562e-021
969.400000  2.638164e-021
969.600000  2.614782e-021
969.800000  2.632737e-021
970.000000  2.586202e-021
970.200000  2.527276e-021
970.400000  2.538500e-021
970.600000  2.535560e-021
970.800000  2.472361e-021
971.000000  2.444700e-021
971.200000  2.454614e-021
971.400000  2.439277e-021
971.600000  2.388430e-021
971.800000  2.393505e-021
972.000000  2.410831e-021
972.200000  2.385797e-021
972.400000  2.360743e-021
972.600000  2.389738e-021
972.800000  2.419302e-021
973.000000  2.394901e-021
973.200000  2.404220e-021
973.400000  2.473256e-021
973.600000  2.499305e-021
973.800000  2.479225e-021
974.000000  2.527507e-021
974.200000  2.596035e-021
974.400000  2.608408e-021
974.600000  2.624025e-021
974.800000  2.706741e-021
975.000000  2.798672e-021
975.020000  2.807242e-021
975.040000  2.798977e-021
975.060000  2.790724e-021
975.080000  2.803729e-021
975.100000  2.820345e-021
975.120000  2.844202e-021
975.140000  2.853802e-021
975.160000  2.849035e-021
975.180000  2.851456e-021
975.200000  2.843098e-021
975.220000  2.861968e-021
975.240000  2.877297e-021
975.260000  2.874568e-021
975.280000  2.879068e-021
975.300000  2.876338e-021
975.320000  2.895332e-021
975.340000  2.899848e-021
975.360000  2.933552e-021
975.380000  2.927122e-021
975.400000  2.924353e-021
975.420000  2.927682e-021
975.440000  2.942027e-021
975.460000  2.971232e-021
975.480000  2.959842e-021
975.500000  2.974369e-021
975.520000  2.981522e-021
975.540000  2.955245e-021
975.560000  2.984694e-021
975.580000  3.003136e-021
975.600000  3.033026e-021
975.620000  3.041945e-021
975.640000  3.013038e-021
975.660000  3.021914e-021
975.680000  3.019468e-021
975.700000  3.051167e-021
975.720000  3.094682e-021
975.740000  3.076854e-021
975.760000  3.082083e-021
975.780000  3.083475e-021
975.800000  3.123559e-021
975.820000  3.125248e-021
975.840000  3.126937e-021
975.860000  3.144201e-021
975.880000  3.138093e-021
975.900000  3.135888e-021
975.920000  3.172732e-021
975.940000  3.198021e-021
975.960000  3.203652e-021
975.980000  3.233067e-021
976.000000  3.222843e-021
976.020000  3.220193e-021
976.040000  3.241349e-021
976.060000  3.270601e-021
976.080000  3.291982e-021
976.100000  3.293292e-021
976.120000  3.298628e-021
976.140000  3.312037e-021
976.160000  3.333591e-021
976.180000  3.379782e-021
976.200000  3.381090e-021
976.220000  3.386955e-021
976.240000  3.409340e-021
976.260000  3.402858e-021
976.280000  3.412916e-021
976.300000  3.435491e-021
976.320000  3.458213e-021
976.340000  3.447484e-021
976.360000  3.440946e-021
976.380000  3.467945e-021
976.400000  3.489643e-021
976.420000  3.502715e-021
976.440000  3.548340e-021
976.460000  3.550858e-021
976.480000  3.529364e-021
976.500000  3.559347e-021
976.520000  3.592596e-021
976.540000  3.623498e-021
976.560000  3.651115e-021
976.580000  3.650196e-021
976.600000  3.659862e-021
976.620000  3.666716e-021
976.640000  3.708251e-021
976.660000  3.729038e-021
976.680000  3.746762e-021
976.700000  3.778578e-021
976.720000  3.785116e-021
976.740000  3.786210e-021
976.760000  3.837980e-021
976.780000  3.862092e-021
976.800000  3.884005e-021
976.820000  3.908022e-021
976.840000  3.909709e-021
976.860000  3.925885e-021
976.880000  3.971347e-021
976.900000  4.017757e-021
976.920000  4.017541e-021
976.940000  4.035525e-021
976.960000  4.060328e-021
976.980000  4.076050e-021
977.000000  4.132846e-021
977.020000  4.147995e-021
977.040000  4.190951e-021
977.060000  4.197318e-021
977.080000  4.208681e-021
977.100000  4.229589e-021
977.120000  4.271814e-021
977.140000  4.310357e-021
977.160000  4.338937e-021
977.180000  4.359423e-021
977.200000  4.360831e-021
977.220000  4.394622e-021
977.240000  4.415051e-021
977.260000  4.466204e-021
977.280000  4.485917e-021
977.300000  4.486508e-021
977.320000  4.522932e-021
977.340000  4.555340e-021
977.360000  4.584727e-021
977.380000  4.625860e-021
977.400000  4.658513e-021
977.420000  4.685458e-021
977.440000  4.702470e-021
977.460000  4.720108e-021
977.480000  4.794089e-021
977.500000  4.821869e-021
977.520000  4.838245e-021
977.540000  4.867463e-021
977.560000  4.885755e-021
977.580000  4.919994e-021
977.600000  4.969966e-021
977.620000  5.016451e-021
977.640000  5.033722e-021
977.660000  5.021978e-021
977.680000  5.059979e-021
977.700000  5.111315e-021
977.720000  5.162083e-021
977.740000  5.190146e-021
977.760000  5.221598e-021
977.780000  5.236069e-021
977.800000  5.218089e-021
977.820000  5.264284e-021
977.840000  5.321455e-021
977.860000  5.366277e-021
977.880000  5.410965e-021
977.900000  5.431323e-021
977.920000  5.443728e-021
977.940000  5.490049e-021
977.960000  5.507455e-021
977.980000  5.569810e-021
978.000000  5.562592e-021
978.020000  5.569835e-021
978.040000  5.623878e-021
978.060000  5.628373e-021
978.080000  5.680945e-021
978.100000  5.746373e-021
978.120000  5.784272e-021
978.140000  5.822472e-021
978.160000  5.835142e-021
978.180000  5.881905e-021
978.200000  5.917881e-021
978.220000  5.972398e-021
978.240000  6.008435e-021
978.260000  6.034751e-021
978.280000  6.050388e-021
978.300000  6.097244e-021
978.320000  6.118608e-021
978.340000  6.174180e-021
978.360000  6.195932e-021
978.380000  6.248476e-021
978.400000  6.277947e-021
978.420000  6.279799e-021
978.440000  6.328532e-021
978.460000  6.367035e-021
978.480000  6.389952e-021
978.500000  6.431671e-021
978.520000  6.433713e-021
978.540000  6.480262e-021
978.560000  6.536987e-021
978.580000  6.553165e-021
978.600000  6.603027e-021
978.620000  6.643569e-021
978.640000  6.652054e-021
978.660000  6.701293e-021
978.680000  6.761284e-021
978.700000  6.814696e-021
978.720000  6.872618e-021
978.740000  6.894044e-021
978.760000  6.867941e-021
978.780000  6.922837e-021
978.800000  6.998985e-021
978.820000  7.047848e-021
978.840000  7.100222e-021
978.860000  7.136006e-021
978.880000  7.154804e-021
978.900000  7.218621e-021
978.920000  7.296911e-021
978.940000  7.297444e-021
978.960000  7.377074e-021
978.980000  7.408536e-021
979.000000  7.452085e-021
979.020000  7.483608e-021
979.040000  7.570570e-021
979.060000  7.614112e-021
979.080000  7.627552e-021
979.100000  7.696703e-021
979.120000  7.761124e-021
979.140000  7.741317e-021
979.160000  7.834562e-021
979.180000  7.937058e-021
979.200000  7.903150e-021
979.220000  7.977320e-021
979.240000  8.021913e-021
979.260000  8.076981e-021
979.280000  8.163292e-021
979.300000  8.188099e-021
979.320000  8.241556e-021
979.340000  8.231693e-021
979.360000  8.266077e-021
979.380000  8.344496e-021
979.400000  8.462630e-021
979.420000  8.464034e-021
979.440000  8.476415e-021
979.460000  8.484694e-021
979.480000  8.608979e-021
979.500000  8.596236e-021
979.520000  8.686113e-021
979.540000  8.752913e-021
979.560000  8.767516e-021
979.580000  8.813223e-021
979.600000  8.810172e-021
979.620000  8.905865e-021
979.640000  8.919231e-021
979.660000  8.995723e-021
979.680000  9.009387e-021
979.700000  9.092320e-021
979.720000  9.049397e-021
979.740000  9.129941e-021
979.760000  9.173071e-021
979.780000  9.188963e-021
979.800000  9.170832e-021
979.820000  9.226865e-021
979.840000  9.221024e-021
979.860000  9.310980e-021
979.880000  9.437138e-021
979.900000  9.364494e-021
979.920000  9.304755e-021
979.940000  9.398160e-021
979.960000  9.409103e-021
979.980000  9.423496e-021
980.000000  9.455163e-021
980.020000  9.497333e-021
980.040000  9.550453e-021
980.060000  9.472357e-021
980.080000  9.528622e-021
980.100000  9.522137e-021
980.120000  9.543693e-021
980.140000  9.556518e-021
980.160000  9.588841e-021
980.180000  9.612452e-021
980.200000  9.573899e-021
980.220000  9.526723e-021
980.240000  9.576066e-021
980.260000  9.597468e-021
980.280000  9.539647e-021
980.300000  9.594297e-021
980.320000  9.527924e-021
980.340000  9.568289e-021
980.360000  9.596611e-021
980.380000  9.494113e-021
980.400000  9.516772e-021
980.420000  9.499468e-021
980.440000  9.528719e-021
980.460000  9.473642e-021
980.480000  9.478709e-021
980.500000  9.410869e-021
980.520000  9.429361e-021
980.540000  9.405769e-021
980.560000  9.317782e-021
980.580000  9.357374e-021
980.600000  9.272088e-021
980.620000  9.293890e-021
980.640000  9.239294e-021
980.660000  9.185288e-021
980.680000  9.116118e-021
980.700000  9.054120e-021
980.720000  9.059152e-021
980.740000  9.000865e-021
980.760000  8.889101e-021
980.780000  8.821026e-021
980.800000  8.843317e-021
980.820000  8.740945e-021
980.840000  8.700705e-021
980.860000  8.609998e-021
980.880000  8.587638e-021
980.900000  8.559827e-021
980.920000  8.510175e-021
980.940000  8.407160e-021
980.960000  8.376436e-021
980.980000  8.302554e-021
981.000000  8.262152e-021
981.020000  8.210505e-021
981.040000  8.114328e-021
981.060000  8.071996e-021
981.080000  8.024020e-021
981.100000  7.971812e-021
981.120000  7.893010e-021
981.140000  7.836682e-021
981.160000  7.741083e-021
981.180000  7.741196e-021
981.200000  7.672436e-021
981.220000  7.654540e-021
981.240000  7.549835e-021
981.260000  7.486042e-021
981.280000  7.412610e-021
981.300000  7.357013e-021
981.320000  7.276500e-021
981.340000  7.193444e-021
981.360000  7.089404e-021
981.380000  7.064875e-021
981.400000  7.004854e-021
981.420000  6.931468e-021
981.440000  6.871281e-021
981.460000  6.817343e-021
981.480000  6.725082e-021
981.500000  6.652308e-021
981.520000  6.630628e-021
981.540000  6.572276e-021
981.560000  6.518913e-021
981.580000  6.427151e-021
981.600000  6.346270e-021
981.620000  6.290970e-021
981.640000  6.262264e-021
981.660000  6.152240e-021
981.680000  6.145698e-021
981.700000  6.082715e-021
981.720000  6.029850e-021
981.740000  5.956388e-021
981.760000  5.862641e-021
981.780000  5.864593e-021
981.800000  5.815009e-021
981.820000  5.752020e-021
981.840000  5.689922e-021
981.860000  5.636403e-021
981.880000  5.543489e-021
981.900000  5.541560e-021
981.920000  5.476239e-021
981.940000  5.429240e-021
981.960000  5.368850e-021
981.980000  5.290444e-021
982.000000  5.258211e-021
982.020000  5.225186e-021
982.040000  5.167799e-021
982.060000  5.133608e-021
982.080000  5.062083e-021
982.100000  4.978499e-021
982.120000  4.947016e-021
982.140000  4.908662e-021
982.160000  4.891236e-021
982.180000  4.842892e-021
982.200000  4.787621e-021
982.220000  4.730663e-021
982.240000  4.684554e-021
982.260000  4.669585e-021
982.280000  4.640210e-021
982.300000  4.577542e-021
982.320000  4.532538e-021
982.340000  4.497661e-021
982.360000  4.452971e-021
982.380000  4.421910e-021
982.400000  4.402080e-021
982.420000  4.354839e-021
982.440000  4.308662e-021
982.460000  4.254398e-021
982.480000  4.245555e-021
982.500000  4.220146e-021
982.520000  4.188925e-021
982.540000  4.141187e-021
982.560000  4.108143e-021
982.580000  4.078766e-021
982.600000  4.049128e-021
982.620000  4.031239e-021
982.640000  4.002467e-021
982.660000  3.984772e-021
982.680000  3.914161e-021
982.700000  3.907516e-021
982.720000  3.872176e-021
982.740000  3.864213e-021
982.760000  3.834257e-021
982.780000  3.800878e-021
982.800000  3.754724e-021
982.820000  3.721490e-021
982.840000  3.707084e-021
982.860000  3.701580e-021
982.880000  3.714777e-021
982.900000  3.631013e-021
982.920000  3.604116e-021
982.940000  3.575603e-021
982.960000  3.567948e-021
982.980000  3.558995e-021
983.000000  3.527218e-021
983.020000  3.512111e-021
983.040000  3.481283e-021
983.060000  3.451075e-021
983.080000  3.458138e-021
983.100000  3.447442e-021
983.120000  3.430447e-021
983.140000  3.386753e-021
983.160000  3.351730e-021
983.180000  3.341649e-021
983.200000  3.331584e-021
983.220000  3.331054e-021
983.240000  3.322312e-021
983.260000  3.313604e-021
983.280000  3.284586e-021
983.300000  3.284103e-021
983.320000  3.263414e-021
983.340000  3.271015e-021
983.360000  3.262491e-021
983.380000  3.245981e-021
983.400000  3.241538e-021
983.420000  3.229996e-021
983.440000  3.230429e-021
983.460000  3.234849e-021
983.480000  3.235281e-021
983.500000  3.223762e-021
983.520000  3.196437e-021
983.540000  3.212708e-021
983.560000  3.201256e-021
983.580000  3.197734e-021
983.600000  3.217974e-021
983.620000  3.177066e-021
983.640000  3.183555e-021
983.660000  3.182169e-021
983.680000  3.168976e-021
983.700000  3.175456e-021
983.720000  3.170133e-021
983.740000  3.164813e-021
983.760000  3.155572e-021
983.780000  3.150262e-021
983.800000  3.164579e-021
983.820000  3.167302e-021
983.840000  3.162163e-021
983.860000  3.145296e-021
983.880000  3.136305e-021
983.900000  3.123460e-021
983.920000  3.149537e-021
983.940000  3.148347e-021
983.960000  3.170609e-021
983.980000  3.165487e-021
984.000000  3.160378e-021
984.020000  3.165272e-021
984.040000  3.158451e-021
984.060000  3.186835e-021
984.080000  3.203557e-021
984.100000  3.177046e-021
984.120000  3.178033e-021
984.140000  3.186858e-021
984.160000  3.195698e-021
984.180000  3.224285e-021
984.200000  3.209477e-021
984.220000  3.178355e-021
984.240000  3.194323e-021
984.260000  3.194614e-021
984.280000  3.214583e-021
984.300000  3.206991e-021
984.320000  3.219111e-021
984.340000  3.207573e-021
984.360000  3.211803e-021
984.380000  3.216036e-021
984.400000  3.212384e-021
984.420000  3.214626e-021
984.440000  3.212924e-021
984.460000  3.203340e-021
984.480000  3.185916e-021
984.500000  3.195997e-021
984.520000  3.202168e-021
984.540000  3.208352e-021
984.560000  3.198757e-021
984.580000  3.197050e-021
984.600000  3.187468e-021
984.620000  3.197029e-021
984.640000  3.198715e-021
984.660000  3.212240e-021
984.680000  3.186349e-021
984.700000  3.195893e-021
984.720000  3.181870e-021
984.740000  3.175721e-021
984.760000  3.204876e-021
984.780000  3.226291e-021
984.800000  3.196441e-021
984.820000  3.200614e-021
984.840000  3.200858e-021
984.860000  3.189329e-021
984.880000  3.197419e-021
984.900000  3.221288e-021
984.920000  3.201836e-021
984.940000  3.190306e-021
984.960000  3.167100e-021
984.980000  3.186877e-021
985.000000  3.187121e-021
985.200000  3.134834e-021
985.400000  3.096668e-021
985.600000  3.093163e-021
985.800000  3.074088e-021
986.000000  3.007358e-021
986.200000  2.930632e-021
986.400000  2.883475e-021
986.600000  2.818783e-021
986.800000  2.711990e-021
987.000000  2.642247e-021
987.200000  2.579592e-021
987.400000  2.500103e-021
987.600000  2.414745e-021
987.800000  2.374616e-021
988.000000  2.337723e-021
988.200000  2.268555e-021
988.400000  2.203981e-021
988.600000  2.183285e-021
988.800000  2.155277e-021
989.000000  2.136343e-021
989.200000  2.135575e-021
989.400000  2.151911e-021
989.600000  2.115969e-021
989.800000  2.071713e-021
990.000000  2.067220e-021
990.200000  2.049731e-021
990.400000  1.983508e-021
990.600000  1.956530e-021
990.800000  1.961825e-021
991.000000  1.936695e-021
991.200000  1.872837e-021
991.400000  1.844141e-021
991.600000  1.814570e-021
991.800000  1.735777e-021
992.000000  1.660608e-021
992.200000  1.606938e-021
992.400000  1.526202e-021
992.600000  1.425292e-021
992.800000  1.364310e-021
993.000000  1.329357e-021
993.200000  1.265165e-021
993.400000  1.173381e-021
993.600000  1.111456e-021
993.800000  1.057917e-021
994.000000  9.794226e-022
994.200000  9.060465e-022
994.400000  8.980025e-022
994.600000  8.837019e-022
994.800000  8.275462e-022
995.000000  8.053335e-022
995.200000  8.207967e-022
995.400000  8.113562e-022
995.600000  7.721160e-022
995.800000  7.653328e-022
996.000000  7.659362e-022
996.200000  7.240450e-022
996.400000  6.931194e-022
996.600000  6.807788e-022
996.800000  6.561581e-022
997.000000  6.119353e-022
997.200000  6.088698e-022
997.400000  6.113513e-022
997.600000  5.878228e-022
997.800000  5.347971e-022
998.000000  5.177073e-022
998.200000  5.033386e-022
998.400000  4.593409e-022
998.600000  4.542906e-022
998.800000  4.767541e-022
999.000000  4.610745e-022
999.200000  4.162254e-022
999.400000  4.020301e-022
999.600000  4.025171e-022
999.800000  3.639040e-022
1000.000000  3.397810e-022
1000.200000  3.260321e-022
1000.400000  3.181210e-022
1000.600000  2.951116e-022
1000.800000  2.767561e-022
1001.000000  2.788063e-022
1001.200000  2.850468e-022
1001.400000  2.686843e-022
1001.600000  2.534304e-022
1001.800000  2.469671e-022
1002.000000  2.440112e-022
1002.200000  2.559828e-022
1002.400000  2.604992e-022
1002.600000  2.714001e-022
1002.800000  2.672490e-022
1003.000000  2.524116e-022
1003.200000  2.595988e-022
1003.400000  2.516022e-022
1003.600000  2.455784e-022
1003.800000  2.091617e-022
1004.000000  1.834912e-022
1004.200000  1.817255e-022
1004.400000  1.907020e-022
1004.600000  2.090690e-022
1004.800000  2.259477e-022
1005.000000  2.019323e-022
1005.200000  1.908613e-022
1005.400000  1.867049e-022
1005.600000  1.823122e-022
1005.800000  1.762884e-022
1006.000000  1.804881e-022
1006.200000  1.670762e-022
1006.400000  1.519821e-022
1006.600000  1.374279e-022
1006.800000  1.464655e-022
1007.000000  1.515456e-022
1007.200000  1.606661e-022
1007.400000  1.649059e-022
1007.600000  1.585402e-022
1007.800000  1.537039e-022
1008.000000  1.471766e-022
1008.200000  1.368175e-022
1008.400000  1.452146e-022
1008.600000  1.555197e-022
1008.800000  1.448679e-022
1009.000000  1.531806e-022
1009.200000  1.498638e-022
1009.400000  1.471170e-022
1009.600000  1.446854e-022
1009.800000  1.726649e-022
1010.000000  1.669628e-022
1010.200000  1.471507e-022
1010.400000  1.185881e-022
1010.600000  1.277616e-022
1010.800000  1.230130e-022
1011.000000  1.121314e-022
1011.200000  1.290029e-022
1011.400000  1.122259e-022
1011.600000  1.085454e-022
1011.800000  1.131064e-022
1012.000000  1.364748e-022
1012.200000  1.324771e-022
1012.400000  1.153879e-022
1012.600000  1.077877e-022
1012.800000  1.022131e-022
1013.000000  1.181532e-022
1013.200000  1.242401e-022
1013.400000  1.233956e-022
1013.600000  1.084130e-022
1013.800000  9.555227e-023
1014.000000  1.000269e-022
1014.200000  8.165059e-023
1014.400000  5.622500e-023
1014.600000  2.213555e-023
1014.800000  1.962937e-023
1015.000000  3.269085e-023
1015.200000  5.610867e-023
1015.400000  4.939621e-023
1015.600000  6.371337e-023
1015.800000  6.746715e-023
1016.000000  6.077791e-023
1016.200000  6.315604e-023
1016.400000  5.246489e-023
1016.600000  6.395877e-023
1016.800000  6.489496e-023
1017.000000  7.284467e-023
1017.200000  8.119476e-023
1017.400000  7.039136e-023
1017.600000  6.715524e-023
1017.800000  6.835135e-023
1018.000000  7.829649e-023
1018.200000  5.947214e-023
1018.400000  5.988726e-023
1018.600000  5.818335e-023
1018.800000  5.372769e-023
1019.000000  4.497833e-023
1019.200000  3.503659e-023
1019.400000  4.351564e-023
1019.600000  3.703045e-023
1019.800000  4.088978e-023
1020.000000  4.714396e-023
1020.200000  1.543726e-023
1020.400000  2.923218e-023
1020.600000  -1.082006e-023
1020.800000  -1.885816e-023
1021.000000  2.571509e-023
1021.200000  2.303707e-023
1021.400000  -1.046867e-023
1021.600000  -1.565582e-024
1021.800000  3.300595e-023
1022.000000  7.715415e-024
1022.200000  -1.232943e-023
1022.400000  1.790020e-023
1022.600000  3.170415e-023
1022.800000  -6.895924e-024
1023.000000  -1.286057e-023
1023.200000  2.742478e-023
1023.400000  1.323134e-023
1023.600000  -2.615888e-023
1023.800000  -2.143455e-023
1024.000000  2.076695e-023
1024.200000  8.732406e-026
1024.400000  -2.461971e-023
1024.600000  1.106834e-023
1024.800000  1.915218e-023
1025.000000  -1.928487e-023
1025.200000  -2.317300e-023
1025.400000  1.092996e-023
1025.600000  5.388436e-024
1025.800000  -2.531697e-023
1026.000000  -3.382557e-024
1026.200000  2.795679e-023
1026.400000  5.268242e-024
1026.600000  -1.264759e-023
1026.800000  1.644997e-023
1027.000000  7.961468e-024
1027.200000  -4.112963e-023
1027.400000  -3.032103e-023
1027.600000  3.236252e-023
1027.800000  2.676330e-023
1028.000000  -9.090722e-024
1028.200000  5.779967e-024
1028.400000  2.462671e-023
1028.600000  -2.148112e-023
1028.800000  -5.177596e-023
1029.000000  -2.272768e-023
1029.200000  -2.971867e-023
1029.400000  -5.700313e-023
1029.600000  -3.704412e-023
1029.800000  1.461270e-023
1030.000000  5.446776e-024
1030.200000  -1.379882e-023
1030.400000  1.075889e-023
1030.600000  3.464261e-023
1030.800000  -6.865092e-024
1031.000000  -2.296126e-023
1031.200000  2.203012e-023
1031.400000  1.538801e-023
1031.600000  -3.681636e-023
1031.800000  -4.736065e-023
1032.000000  -2.026358e-023
1032.200000  -2.528238e-023
1032.400000  -4.796230e-023
1032.600000  -1.285233e-023
1032.800000  1.457668e-023
1033.000000  -7.684265e-024
1033.200000  -2.464759e-023
1033.400000  1.160863e-023
1033.600000  5.630171e-024
1033.800000  -3.288544e-023
1034.000000  -1.955313e-023
1034.200000  1.148162e-023
1034.400000  -1.686363e-023
1034.600000  -5.063100e-023
1034.800000  -2.562241e-023
1035.000000  -1.939155e-023
1035.200000  -7.159756e-023
1035.400000  -6.948340e-023
1035.600000  -3.019417e-023
1035.800000  -2.703859e-023
1036.000000  -6.499923e-023
1036.200000  -4.966282e-023
1036.400000  -2.406347e-023
1036.600000  -6.007260e-023
1036.800000  -7.683484e-023
1037.000000  -3.744486e-023
1037.200000  -1.085361e-023
1037.400000  -4.736432e-023
1037.600000  -4.930429e-023
1037.800000  -8.854773e-024
1038.000000  -2.105478e-023
1038.200000  -6.060700e-023
1038.400000  -4.166079e-023
1038.600000  -4.306065e-024
1038.800000  -1.801149e-023
1039.000000  -3.312288e-023
1039.200000  -1.108582e-023
1039.400000  -1.866013e-023
1039.600000  -5.662356e-023
1039.800000  -4.992905e-023
1040.000000  -7.580066e-024
1040.200000  -1.965957e-023
1040.400000  -6.431890e-023
1040.600000  -5.398414e-023
1040.800000  -3.656198e-023
1041.000000  -4.455673e-023
1041.200000  -6.636753e-023
1041.400000  -4.385344e-023
1041.600000  -5.644607e-023
1041.800000  -9.456719e-023
1042.000000  -9.089484e-023
1042.200000  -4.691887e-023
1042.400000  -5.548108e-023
1042.600000  -7.332144e-023
1042.800000  -4.402242e-023
1043.000000  -2.954595e-023
1043.200000  -5.698461e-023
1043.400000  -7.994443e-023
1043.600000  -3.734570e-023
1043.800000  -2.598508e-023
1044.000000  -6.715014e-023
1044.200000  -6.503082e-023
1044.400000  -3.275301e-023
1044.600000  -4.279948e-023
1044.800000  -6.053128e-023
1045.000000  -2.472841e-023
1045.200000  -1.848406e-023
1045.400000  -5.659361e-023
1045.600000  -6.869526e-023
1045.800000  -2.471780e-023
1046.000000  -2.614232e-023
1046.200000  -6.376361e-023
1046.400000  -5.349508e-023
1046.600000  -1.601722e-023
1046.800000  -3.429842e-023
1047.000000  -7.766345e-023
1047.200000  -3.764673e-023
1047.400000  -3.033539e-023
1047.600000  -5.686425e-023
1047.800000  -6.144466e-023
1048.000000  -2.122655e-023
1048.200000  -2.572705e-023
1048.400000  -6.723021e-023
1048.600000  -6.251354e-023
1048.800000  -4.026276e-023
1049.000000  -5.350615e-023
1049.200000  -7.407065e-023
1049.400000  -3.836425e-023
1049.600000  -3.357542e-023
1049.800000  -6.591966e-023
1050.000000  -8.494030e-023
1050.200000  -4.915247e-023
1050.400000  -4.949059e-023
1050.600000  -7.696774e-023
1050.800000  -6.255689e-023
1051.000000  -3.573698e-023
1051.200000  -6.159426e-023
1051.400000  -8.456827e-023
1051.600000  -4.864600e-023
1051.800000  -2.244357e-023
1052.000000  -5.552888e-023
1052.200000  -6.009873e-023
1052.400000  -1.636963e-023
1052.600000  -2.550497e-023
1052.800000  -6.386706e-023
1053.000000  -4.839466e-023
1053.200000  -2.256164e-023
1053.400000  -5.062240e-023
1053.600000  -6.693638e-023
1053.800000  -4.117782e-023
1054.000000  -4.877494e-023
1054.200000  -9.534240e-023
1054.400000  -1.058974e-022
1054.600000  -5.914940e-023
1054.800000  -6.816850e-023
1055.000000  -1.052008e-022
1055.200000  -7.108099e-023
1055.400000  -3.039196e-023
1055.600000  -4.510582e-023
1055.800000  -6.911700e-023
1056.000000  -4.134266e-023
1056.200000  -5.041351e-023
1056.400000  -8.361136e-023
1056.600000  -8.471897e-023
1056.800000  -4.185287e-023
1057.000000  -5.906254e-023
1057.200000  -8.568779e-023
1057.400000  -5.066171e-023
1057.600000  -1.721598e-023
1057.800000  -4.884619e-023
1058.000000  -6.772551e-023
1058.200000  -3.170593e-023
1058.400000  -2.899476e-023
1058.600000  -6.756698e-023
1058.800000  -8.344107e-023
1059.000000  -4.853844e-023
1059.200000  -5.097404e-023
1059.400000  -7.337668e-023
1059.600000  -3.440540e-023
1059.800000  -5.034106e-024
1060.000000  -3.827269e-023
1060.200000  -6.810977e-023
1060.400000  -3.964681e-023
1060.600000  -3.071484e-023
1060.800000  -6.912730e-023
1061.000000  -6.542225e-023
1061.200000  -4.578764e-023
1061.400000  -7.232363e-023
1061.600000  -1.016814e-022
1061.800000  -6.669417e-023
1062.000000  -4.325450e-023
1062.200000  -7.401805e-023
1062.400000  -9.142928e-023
1062.600000  -5.523570e-023
1062.800000  -6.387606e-023
1063.000000  -9.364844e-023
1063.200000  -8.699393e-023
1063.400000  -4.956056e-023
1063.600000  -6.735772e-023
1063.800000  -9.054461e-023
1064.000000  -5.075720e-023
1064.200000  -3.207883e-023
1064.400000  -6.286509e-023
1064.600000  -6.173829e-023
1064.800000  -2.190355e-023
1065.000000  -3.307873e-023
1065.200000  -7.052503e-023
1065.400000  -5.805955e-023
1065.600000  -2.755530e-023
1065.800000  -6.596785e-023
1066.000000  -9.792864e-023
1066.200000  -7.171395e-023
1066.400000  -5.959935e-023
1066.600000  -9.494975e-023
1066.800000  -1.023208e-022
1067.000000  -5.922041e-023
1067.200000  -5.491689e-023
1067.400000  -7.431462e-023
1067.600000  -2.890754e-023
1067.800000  -8.692025e-025
1068.000000  -3.021534e-023
1068.200000  -5.863563e-023
1068.400000  -2.585319e-023
1068.600000  -2.827610e-023
1068.800000  -6.846753e-023
1069.000000  -6.634581e-023
1069.200000  -3.053677e-023
1069.400000  -3.607735e-023
1069.600000  -6.956701e-023
1069.800000  -5.141003e-023
1070.000000  -2.069360e-023
1070.200000  -4.437332e-023
1070.400000  -7.066989e-023
1070.600000  -3.170444e-023
1070.800000  -3.778715e-023
1071.000000  -8.531197e-023
1071.200000  -8.548274e-023
1071.400000  -5.720690e-023
1071.600000  -7.737242e-023
1071.800000  -1.172132e-022
1072.000000  -9.219322e-023
1072.200000  -6.192279e-023
1072.400000  -8.965243e-023
1072.600000  -9.706132e-023
1072.800000  -5.270491e-023
1073.000000  -4.939043e-023
1073.200000  -7.474153e-023
1073.400000  -6.216982e-023
1073.600000  -2.624189e-023
1073.800000  -3.961333e-023
1074.000000  -7.087009e-023
1074.200000  -4.572690e-023
1074.400000  -2.731107e-023
1074.600000  -5.738698e-023
1074.800000  -5.987849e-023
1075.000000  -1.600210e-023
1075.200000  -9.637758e-024
1075.400000  -4.280006e-023
1075.600000  -3.540888e-023
1075.800000  -9.771947e-024
1076.000000  -4.083193e-023
1076.200000  -7.672871e-023
1076.400000  -4.754232e-023
1076.600000  -1.656071e-023
1076.800000  -4.612457e-023
1077.000000  -5.444779e-023
1077.200000  -1.514059e-023
1077.400000  -3.380713e-023
1077.600000  -6.759751e-023
1077.800000  -7.499569e-023
1078.000000  -4.814001e-023
1078.200000  -9.026100e-023
1078.400000  -1.129575e-022
1078.600000  -7.248699e-023
1078.800000  -5.714765e-023
1079.000000  -9.306316e-023
1079.200000  -1.035226e-022
1079.400000  -6.266331e-023
1079.600000  -6.921600e-023
1079.800000  -1.028543e-022
1080.000000  -7.753582e-023
1080.200000  -3.316684e-023
1080.400000  -5.816587e-023
1080.600000  -8.115238e-023
1080.800000  -3.964899e-023
1081.000000  -1.746836e-023
1081.200000  -4.832583e-023
1081.400000  -5.083708e-023
1081.600000  -2.233696e-023
1081.800000  -2.794207e-023
1082.000000  -5.715756e-023
1082.200000  -3.818999e-023
1082.400000  -1.816722e-023
1082.600000  -4.217400e-023
1082.800000  -6.316616e-023
1083.000000  -2.726576e-023
1083.200000  -2.187668e-023
1083.400000  -4.897904e-023
1083.600000  -5.310703e-023
1083.800000  -2.045739e-023
1084.000000  -2.870717e-023
1084.200000  -5.333544e-023
1084.400000  -3.279470e-023
1084.600000  -1.945749e-023
1084.800000  -4.869501e-023
1085.000000  -6.644379e-023
1085.200000  -2.116669e-023
1085.400000  -2.782536e-023
1085.600000  -7.071843e-023
1085.800000  -7.287918e-023
1086.000000  -3.900703e-023
1086.200000  -5.552300e-023
1086.400000  -8.278793e-023
1086.600000  -6.644205e-023
1086.800000  -4.420525e-023
1087.000000  -6.919889e-023
1087.200000  -7.830276e-023
1087.400000  -3.607031e-023
1087.600000  -3.639248e-023
1087.800000  -7.892258e-023
1088.000000  -7.049001e-023
1088.200000  -2.926052e-023
1088.400000  -3.383344e-023
1088.600000  -5.951345e-023
1088.800000  -2.521080e-023
1089.000000  -2.994636e-024
1089.200000  -2.599538e-023
1089.400000  -4.537694e-023
1089.600000  -7.870223e-024
1089.800000  -1.246414e-023
1090.000000  -5.273007e-023
1090.200000  -3.797339e-023
1090.400000  -5.266474e-024
1090.600000  -3.141872e-023
1090.800000  -6.607540e-023
1091.000000  -4.659830e-023
1091.200000  -3.528914e-023
1091.400000  -7.300691e-023
1091.600000  -7.951471e-023
1091.800000  -2.076312e-023
1092.000000  -2.215900e-023
1092.200000  -5.888465e-023
1092.400000  -6.140936e-023
1092.600000  -4.012567e-023
1092.800000  -5.989752e-023
1093.000000  -7.697018e-023
1093.200000  -4.256191e-023
1093.400000  -3.287523e-023
1093.600000  -7.925499e-023
1093.800000  -9.345426e-023
1094.000000  -5.471200e-023
1094.200000  -5.661459e-023
1094.400000  -6.846907e-023
1094.600000  -3.784408e-023
1094.800000  -8.812293e-024
1095.000000  -2.234616e-023
1095.200000  -4.539347e-023
1095.400000  -1.056690e-023
1095.600000  -4.627557e-024
1095.800000  -5.662026e-023
1096.000000  -6.408640e-023
1096.200000  -3.169728e-023
1096.400000  -2.410144e-023
1096.600000  -4.512030e-023
1096.800000  -2.499118e-023
1097.000000  -1.533583e-023
1097.200000  -4.942866e-023
1097.400000  -7.320287e-023
1097.600000  -2.667674e-023
1097.800000  -2.862428e-023
1098.000000  -6.916004e-023
1098.200000  -8.069677e-023
1098.400000  -5.194532e-023
1098.600000  -5.814397e-023
1098.800000  -7.132109e-023
1099.000000  -4.585529e-023
1099.200000  -3.408132e-023
1099.400000  -6.231371e-023
1099.600000  -7.548246e-023
1099.800000  -3.164075e-023
1100.000000  -3.623242e-023
1100.200000  -7.911931e-023
1100.400000  -6.896595e-023
1100.600000  -1.425782e-023
1100.800000  -1.091837e-023
1101.000000  -3.577155e-023
1101.200000  -1.388081e-023
1101.400000  -9.988497e-024
1101.600000  -5.220312e-023
1101.800000  -5.372537e-023
1102.000000  -5.953406e-024
1102.200000  -7.936433e-024
1102.400000  -5.423577e-023
1102.600000  -5.206209e-023
1102.800000  -4.429437e-024
1103.000000  -2.398447e-023
1103.200000  -5.168519e-023
1103.400000  -1.524386e-023
1103.600000  1.953796e-024
1103.800000  -3.297885e-023
1104.000000  -5.795345e-023
1104.200000  -2.649248e-023
1104.400000  -3.958382e-023
1104.600000  -7.908488e-023
1104.800000  -5.568016e-023
1105.000000  -1.326660e-023
1105.200000  -3.824104e-023
1105.400000  -8.578191e-023
1105.600000  -6.425052e-023
1105.800000  -3.825214e-023
1106.000000  -5.145625e-023
1106.200000  -5.404078e-023
1106.400000  -8.705255e-024
1106.600000  -1.552562e-023
1106.800000  -4.888527e-023
1107.000000  -4.021232e-023
1107.200000  -1.418135e-023
1107.400000  -4.204644e-023
1107.600000  -6.160741e-023
1107.800000  -2.359015e-023
1108.000000  -7.198755e-024
1108.200000  -4.362312e-023
1108.400000  -4.955951e-023
1108.600000  -1.542853e-023
1108.800000  -2.388088e-023
1109.000000  -5.939733e-023
1109.200000  -3.507109e-023
1109.400000  -3.934141e-025
1109.600000  -2.895131e-023
1109.800000  -5.505591e-023
1110.000000  -2.447069e-023
1110.200000  -2.691281e-023
1110.400000  -6.736079e-023
1110.600000  -6.142483e-023
1110.800000  1.006424e-024
1111.000000  -3.737641e-024
1111.200000  -4.388330e-023
1111.400000  -2.525842e-023
1111.600000  6.937256e-024
1111.800000  -1.955401e-023
1112.000000  -4.297589e-023
1112.200000  -9.077746e-024
1112.400000  -8.952288e-024
1112.600000  -4.808845e-023
1112.800000  -5.516817e-023
1113.000000  -2.227600e-023
1113.200000  -5.111972e-023
1113.400000  -8.067098e-023
1113.600000  -5.429152e-023
1113.800000  -2.513352e-023
1114.000000  -6.372012e-023
1114.200000  -9.153128e-023
1114.400000  -4.446435e-023
1114.600000  -3.544144e-023
1114.800000  -5.495550e-023
1115.000000  -4.513984e-023
1115.200000  -1.002961e-023
1115.400000  -3.113540e-023
1115.600000  -6.650757e-023
1115.800000  -2.601265e-023
1116.000000  -5.038368e-024
1116.200000  -3.106605e-023
1116.400000  -3.007394e-023
1116.600000  1.992397e-023
1116.800000  1.728518e-023
1117.000000  -3.773771e-023
1117.200000  -2.681993e-023
1117.400000  7.816405e-024
1117.600000  -2.045947e-023
1117.800000  -4.785041e-023
1118.000000  -7.781440e-024
1118.200000  1.985443e-023
1118.400000  -1.641682e-023
1118.600000  -3.293139e-023
1118.800000  8.085671e-024
1119.000000  4.340317e-024
1119.200000  -2.826607e-023
1119.400000  -6.502291e-024
1119.600000  1.688785e-023
1119.800000  -1.953998e-023
1120.000000  -4.624927e-023
1120.200000  -5.892829e-025
1120.400000  2.186933e-023
1120.600000  -2.586687e-023
1120.800000  -4.999245e-023
1121.000000  5.021171e-024
1121.200000  9.024265e-024
1121.400000  -2.988229e-023
1121.600000  -1.421008e-023
1121.800000  8.801924e-024
1122.000000  -2.237065e-023
1122.200000  -5.360234e-023
1122.400000  -7.616645e-024
1122.600000  3.106412e-023
1122.800000  -5.562962e-024
1123.000000  -1.367177e-023
1123.200000  6.971481e-024
1123.400000  5.949978e-024
1123.600000  -2.263687e-023
1123.800000  -5.743342e-024
1124.000000  1.790941e-024
1124.200000  -2.297921e-023
1124.400000  -4.136099e-023
1124.600000  3.337701e-024
1124.800000  2.945276e-024
1125.000000  -2.762771e-023
1125.200000  2.401180e-024
1125.400000  6.653385e-023
1125.600000  4.955801e-023
1125.800000  -1.185638e-023
1126.000000  5.137346e-024
1126.200000  3.969698e-023
1126.400000  7.680469e-024
1126.600000  -3.661892e-023
1126.800000  -2.364881e-023
1127.000000  -2.744830e-023
1127.200000  -7.140967e-023
1127.400000  -6.778067e-023
1127.600000  -1.497657e-023
1127.800000  -1.199842e-023
1128.000000  -2.988653e-023
1128.200000  -1.375347e-024
1128.400000  3.703477e-023
1128.600000  1.302816e-023
1128.800000  5.246891e-024
1129.000000  3.131745e-023
1129.200000  1.504458e-023
1129.400000  -2.396990e-023
1129.600000  1.411012e-023
1129.800000  4.510815e-023
1130.000000  9.241714e-024
1130.200000  -5.135701e-023
1130.400000  -3.408500e-023
1130.600000  -1.293937e-023
1130.800000  -4.671900e-023
1131.000000  -5.980084e-023
1131.200000  -1.098153e-023
1131.400000  -1.148864e-023
1131.600000  -4.219934e-023
1131.800000  -2.687230e-023
1132.000000  5.230108e-024
1132.200000  -2.218862e-023
1132.400000  -5.609689e-023
1132.600000  -2.549302e-023
1132.800000  -8.680583e-024
1133.000000  -2.635362e-023
1133.200000  -2.177462e-023
1133.400000  4.129194e-023
1133.600000  4.259141e-023
1133.800000  2.940263e-023
1134.000000  4.293668e-023
1134.200000  6.404405e-023
1134.400000  6.094295e-023
1134.600000  6.438573e-023
1134.800000  1.097517e-022
1135.000000  1.023974e-022
1135.200000  3.435029e-023
1135.400000  -2.703578e-025
1135.600000  8.542806e-024
1135.800000  9.741465e-024
1136.000000  -1.726340e-023
1136.200000  -1.894962e-023
1136.400000  -1.501378e-023
1136.600000  -5.348753e-023
1136.800000  -8.005642e-023
1137.000000  -4.044930e-023
1137.200000  -8.980728e-024
1137.400000  -4.566146e-023
1137.600000  -5.398171e-023
1137.800000  -2.000129e-023
1138.000000  -2.506133e-023
1138.200000  -4.696532e-023
1138.400000  -1.300599e-023
1138.600000  1.600844e-023
1138.800000  -1.846217e-023
1139.000000  -4.311977e-023
1139.200000  2.268070e-024
1139.400000  1.069030e-023
1139.600000  -1.796234e-023
1139.800000  -1.280065e-023
1140.000000  3.517074e-023
1140.200000  1.874278e-023
1140.400000  -1.012645e-023
1140.600000  3.319767e-023
1140.800000  7.192715e-023
1141.000000  3.818038e-023
1141.200000  9.233296e-024
1141.400000  4.915688e-023
1141.600000  5.278824e-023
1141.800000  1.023791e-023
1142.000000  1.153368e-023
1142.200000  4.069328e-023
1142.400000  1.186471e-023
1142.600000  -1.927179e-023
1142.800000  5.561379e-024
1143.000000  3.704447e-023
1143.200000  -2.441019e-024
1143.400000  -2.198909e-023
1143.600000  1.488047e-023
1143.800000  -4.539475e-024
1144.000000  -4.254749e-023
1144.200000  -1.713204e-023
1144.400000  3.621576e-023
1144.600000  -5.045827e-026
1144.800000  -4.091886e-023
1145.000000  -1.525071e-023
1145.200000  -8.420344e-025
1145.400000  -3.041645e-023
1145.600000  -4.642372e-023
1145.800000  -1.475134e-023
1146.000000  -1.692810e-023
1146.200000  -4.792987e-023
1146.400000  -1.460145e-023
1146.600000  3.879232e-023
1146.800000  1.979578e-023
1147.000000  -1.515416e-023
1147.200000  2.780866e-023
1147.400000  5.058716e-023
1147.600000  1.014741e-023
1147.800000  -8.876536e-024
1148.000000  3.068790e-023
1148.200000  3.260154e-023
1148.400000  3.489288e-024
1148.600000  3.584662e-023
1148.800000  7.960923e-023
1149.000000  3.727367e-023
1149.200000  -9.162634e-024
1149.400000  2.136173e-023
1149.600000  4.849691e-023
1149.800000  1.678900e-023
1150.000000  1.335444e-024
