800.000000  -4.127486e-023
800.200000  -4.267738e-023
800.400000  -3.652964e-023
800.600000  -4.403588e-023
800.800000  -5.866791e-023
801.000000  -4.452450e-023
801.200000  -3.603581e-023
801.400000  -5.544859e-023
801.600000  -5.414143e-023
801.800000  -3.890094e-023
802.000000  -3.548365e-023
802.200000  -4.283976e-023
802.400000  -2.635379e-023
802.600000  -2.202389e-023
802.800000  -2.872135e-023
803.000000  -4.749524e-023
803.200000  -3.455146e-023
803.400000  -4.433329e-023
803.600000  -6.357929e-023
803.800000  -5.809893e-023
804.000000  -5.010401e-023
804.200000  -4.478423e-023
804.400000  -5.885290e-023
804.600000  -4.559772e-023
804.800000  -3.717699e-023
805.000000  -4.020343e-023
805.200000  -4.940511e-023
805.400000  -3.416545e-023
805.600000  -2.800343e-023
805.800000  -2.879122e-023
806.000000  -3.068240e-023
806.200000  -1.577021e-023
806.400000  -1.785868e-023
806.600000  -2.506068e-023
806.800000  -2.085908e-023
807.000000  -1.563393e-023
807.200000  -3.057600e-023
807.400000  -4.204946e-023
807.600000  -3.186642e-023
807.800000  -2.477579e-023
808.000000  -4.069632e-023
808.200000  -4.668466e-023
808.400000  -3.271100e-023
808.600000  -3.805174e-023
808.800000  -3.575075e-023
809.000000  -1.592411e-023
809.200000  -4.295939e-024
809.400000  -2.568536e-023
809.600000  -3.711662e-023
809.800000  -2.510836e-023
810.000000  -3.497816e-023
810.200000  -4.545159e-023
810.400000  -3.120248e-023
810.600000  -1.857763e-023
810.800000  -8.779991e-024
811.000000  -1.513076e-023
811.200000  1.495304e-024
811.400000  6.677143e-024
811.600000  -8.300093e-024
811.800000  -1.004695e-023
812.000000  1.553286e-024
812.200000  -1.244469e-023
812.400000  -3.151837e-023
812.600000  -3.112620e-023
812.800000  -3.438484e-024
813.000000  -1.058606e-023
813.200000  -2.010435e-023
813.400000  -2.230795e-023
813.600000  -3.808060e-023
813.800000  -6.817251e-023
814.000000  -6.807334e-023
814.200000  -4.199449e-023
814.400000  -4.620522e-023
814.600000  -4.484915e-023
814.800000  -3.205294e-023
815.000000  -1.352424e-023
815.200000  -2.112514e-023
815.400000  -2.208967e-023
815.600000  -4.514089e-024
815.800000  3.900418e-024
816.000000  -3.282300e-024
816.200000  -7.350747e-024
816.400000  5.189298e-024
816.600000  -1.027442e-024
816.800000  -1.273881e-023
817.000000  -1.743141e-024
817.200000  1.614465e-024
817.400000  -2.782648e-024
817.600000  -1.861787e-023
817.800000  -7.567376e-024
818.000000  -1.694317e-023
818.200000  -3.182946e-023
818.400000  -3.610689e-023
818.600000  -1.761892e-023
818.800000  -2.926407e-023
819.000000  -4.608992e-023
819.200000  -4.519489e-023
819.400000  -4.077721e-023
819.600000  -3.416646e-023
819.800000  -2.508297e-023
820.000000  -1.764182e-023
820.200000  -1.739858e-023
820.400000  -2.553063e-023
820.600000  -1.727249e-023
820.800000  2.065437e-025
821.000000  -5.199558e-025
821.200000  -1.447626e-023
821.400000  -2.640236e-024
821.600000  2.090503e-024
821.800000  -1.455890e-023
822.000000  -2.097663e-023
822.200000  1.500751e-024
822.400000  6.215478e-024
822.600000  -8.677531e-024
822.800000  -3.171089e-024
823.000000  -1.801367e-023
823.200000  -3.662751e-023
823.400000  -4.705068e-023
823.600000  -3.203391e-023
823.800000  -3.350253e-023
824.000000  -5.561750e-023
824.200000  -6.642192e-023
824.400000  -3.972460e-023
824.600000  -4.345759e-023
824.800000  -4.528380e-023
825.000000  -3.654791e-023
825.200000  -1.708728e-023
825.400000  -1.731176e-023
825.600000  -1.636279e-023
825.800000  5.089145e-024
826.000000  8.896847e-024
826.200000  -4.422954e-025
826.400000  -1.317879e-023
826.600000  6.961745e-024
826.800000  1.482125e-023
827.000000  2.193443e-024
827.200000  1.049044e-023
827.400000  -2.694129e-025
827.600000  -2.556007e-023
827.800000  -4.144388e-023
828.000000  -3.721123e-023
828.200000  -3.601767e-023
828.400000  -3.532062e-023
828.600000  -2.640387e-023
828.800000  -2.156609e-023
829.000000  -2.176916e-023
829.200000  -3.711883e-023
829.400000  -3.155771e-023
829.600000  -2.623893e-023
829.800000  -2.831952e-023
830.000000  -4.192603e-023
830.200000  -2.366212e-023
830.400000  -2.571255e-023
830.600000  -2.517616e-023
830.800000  -1.940431e-023
831.000000  5.178263e-024
831.200000  6.733276e-024
831.400000  -1.486807e-023
831.600000  -1.987609e-023
831.800000  -2.377929e-023
832.000000  -3.939713e-023
832.200000  -4.090262e-023
832.400000  -2.994742e-023
832.600000  -6.046563e-024
832.800000  -7.210568e-024
833.000000  -5.370452e-024
833.200000  1.199690e-023
833.400000  4.528450e-024
833.600000  -6.587825e-024
833.800000  1.557474e-024
834.000000  3.817204e-025
834.200000  -1.835673e-023
834.400000  -3.354055e-023
834.600000  -2.206711e-023
834.800000  -3.283386e-023
835.000000  -3.890923e-023
835.200000  -1.781919e-023
835.400000  4.625501e-024
835.600000  -7.113597e-024
835.800000  -1.447752e-023
836.000000  2.525547e-024
836.200000  7.104975e-025
836.400000  -2.244821e-023
836.600000  -1.897056e-023
836.800000  3.700123e-024
837.000000  -1.258956e-023
837.200000  -4.312499e-023
837.400000  -2.887233e-023
837.600000  -1.994473e-023
837.800000  -1.712000e-023
838.000000  -2.862142e-023
838.200000  -1.502530e-023
838.400000  -1.172746e-023
838.600000  -2.298446e-023
838.800000  -2.139187e-023
839.000000  -5.768274e-025
839.200000  -9.696612e-024
839.400000  -1.537654e-023
839.600000  -2.158342e-024
839.800000  1.353830e-023
840.000000  5.265089e-024
840.200000  -4.892272e-024
840.400000  1.923777e-023
840.600000  1.716715e-023
840.800000  8.867753e-024
841.000000  3.101047e-024
841.200000  9.019167e-024
841.400000  3.564424e-025
841.600000  -1.111529e-023
841.800000  -3.855096e-025
842.000000  7.790603e-024
842.200000  -4.872910e-024
842.400000  -1.504476e-023
842.600000  -5.609085e-024
842.800000  -4.897271e-024
843.000000  -2.067679e-023
843.200000  -1.618911e-023
843.400000  -1.069248e-023
843.600000  -2.012945e-023
843.800000  -2.493939e-023
844.000000  -1.870948e-023
844.200000  9.740746e-024
844.400000  1.297838e-023
844.600000  9.062182e-024
844.800000  1.448642e-023
845.000000  1.421342e-023
845.200000  1.987185e-024
845.400000  2.448860e-024
845.600000  1.354228e-024
845.800000  -7.214085e-024
846.000000  -1.771136e-023
846.200000  -1.373522e-024
846.400000  5.942007e-024
846.600000  4.099788e-025
846.800000  -1.143832e-023
847.000000  -3.003644e-024
847.200000  -1.499077e-023
847.400000  -2.968914e-023
847.600000  -1.793476e-023
847.800000  -5.470066e-024
848.000000  -1.054957e-023
848.200000  -1.785927e-023
848.400000  -8.213395e-024
848.600000  -1.390988e-024
848.800000  -6.055320e-024
849.000000  4.438300e-024
849.200000  1.375361e-023
849.400000  1.481649e-023
849.600000  -1.237841e-024
849.800000  5.425188e-024
850.000000  2.133586e-023
850.200000  7.978978e-024
850.400000  -7.566076e-024
850.600000  6.921143e-024
850.800000  7.119013e-024
851.000000  -1.041178e-023
851.200000  -2.769633e-023
851.400000  -1.231902e-023
851.600000  -6.738824e-024
851.800000  -1.616038e-023
852.000000  -1.410264e-023
852.200000  -1.738984e-024
852.400000  -4.081690e-024
852.600000  -1.570593e-023
852.800000  -7.376245e-024
853.000000  -8.843923e-024
853.200000  -2.206563e-023
853.400000  -2.120913e-023
853.600000  -3.026881e-024
853.800000  -1.525548e-023
854.000000  -2.631146e-023
854.200000  -1.347526e-023
854.400000  -1.067260e-024
854.600000  2.613121e-024
854.800000  -1.144643e-024
855.000000  1.013491e-023
855.200000  1.927663e-023
855.400000  1.004610e-023
855.600000  2.376275e-023
855.800000  2.772251e-023
856.000000  1.598843e-023
856.200000  2.158608e-024
856.400000  -1.253980e-024
856.600000  1.162425e-024
856.800000  -1.623966e-023
857.000000  -1.367478e-023
857.200000  4.994771e-024
857.400000  7.807894e-024
857.600000  -1.225983e-023
857.800000  -1.913424e-023
858.000000  -1.847438e-023
858.200000  -2.671862e-023
858.400000  -3.133565e-023
858.600000  -1.269528e-023
858.800000  -1.930066e-024
859.000000  -1.192556e-023
859.200000  -2.071132e-023
859.400000  -2.066849e-024
859.600000  7.919872e-024
859.800000  4.350654e-024
860.000000  7.681336e-024
860.200000  2.844429e-023
860.400000  1.277796e-023
860.600000  2.881307e-024
860.800000  7.160253e-024
861.000000  1.361457e-023
861.200000  -4.546299e-024
861.400000  -1.735079e-023
861.600000  2.764860e-024
861.800000  2.652982e-024
862.000000  -1.180493e-023
862.200000  -3.226467e-024
862.400000  7.880391e-024
862.600000  -1.263781e-023
862.800000  -3.006636e-023
863.000000  -5.863090e-024
863.200000  2.299440e-024
863.400000  2.911781e-024
863.600000  -2.071927e-024
863.800000  1.794669e-023
864.000000  8.348967e-024
864.200000  -4.306944e-024
864.400000  3.033429e-024
864.600000  1.234583e-023
864.800000  -1.043941e-024
865.000000  -1.080779e-023
865.200000  -8.299386e-024
865.400000  6.795250e-024
865.600000  -4.831060e-024
865.800000  -4.324166e-025
866.000000  1.990675e-023
866.200000  1.231926e-023
866.400000  1.364546e-023
866.600000  1.088947e-023
866.800000  2.372485e-023
867.000000  2.837429e-023
867.200000  2.109505e-023
867.400000  3.471731e-023
867.600000  2.752743e-023
867.800000  1.783838e-023
868.000000  3.098748e-024
868.200000  9.465700e-024
868.400000  -1.073460e-023
868.600000  -2.212937e-023
868.800000  -2.660887e-023
869.000000  -1.154631e-023
869.200000  -1.325398e-023
869.400000  -5.558997e-024
869.600000  1.246835e-023
869.800000  2.493046e-023
870.000000  1.935635e-023
870.200000  2.307801e-023
870.400000  3.624411e-023
870.600000  2.466553e-023
870.800000  7.017985e-024
871.000000  1.354028e-023
871.200000  2.428252e-023
871.400000  1.117008e-023
871.600000  2.124311e-023
871.800000  3.915054e-023
872.000000  3.848477e-023
872.200000  2.370160e-023
872.400000  2.501566e-023
872.600000  3.644658e-023
872.800000  3.221231e-023
873.000000  2.062626e-023
873.200000  2.594877e-023
873.400000  3.538812e-023
873.600000  3.431868e-023
873.800000  3.120173e-023
874.000000  5.459618e-023
874.200000  4.629838e-023
874.400000  3.446869e-023
874.600000  3.255198e-023
874.800000  4.029629e-023
875.000000  4.242640e-023
875.200000  3.580176e-023
875.400000  3.314052e-023
875.600000  2.417263e-023
875.800000  8.515348e-024
876.000000  -6.998135e-025
876.200000  1.013231e-023
876.400000  4.465381e-024
876.600000  2.038165e-023
876.800000  3.754104e-023
877.000000  4.761651e-023
877.200000  4.181130e-023
877.400000  4.075360e-023
877.600000  5.512170e-023
877.800000  5.048388e-023
878.000000  3.557687e-023
878.200000  4.597244e-023
878.400000  6.070735e-023
878.600000  6.313143e-023
878.800000  5.540050e-023
879.000000  6.263729e-023
879.200000  7.564965e-023
879.400000  7.219078e-023
879.600000  5.432449e-023
879.800000  6.349535e-023
880.000000  6.124226e-023
880.200000  4.175914e-023
880.400000  3.988868e-023
880.600000  5.768006e-023
880.800000  5.620741e-023
881.000000  4.499085e-023
881.200000  4.980471e-023
881.400000  5.542281e-023
881.600000  4.692858e-023
881.800000  3.798854e-023
882.000000  5.658550e-023
882.200000  6.997818e-023
882.400000  7.794589e-023
882.600000  7.892156e-023
882.800000  9.908195e-023
883.000000  9.708618e-023
883.200000  8.389439e-023
883.400000  9.155823e-023
883.600000  1.004777e-022
883.800000  9.698258e-023
884.000000  1.007216e-022
884.200000  1.114210e-022
884.400000  1.118234e-022
884.600000  9.475687e-023
884.800000  8.726997e-023
885.000000  8.379509e-023
885.200000  6.943726e-023
885.400000  6.801244e-023
885.600000  9.016516e-023
885.800000  9.334026e-023
886.000000  9.257712e-023
886.200000  9.872973e-023
886.400000  1.243210e-022
886.600000  1.301313e-022
886.800000  1.290221e-022
887.000000  1.382722e-022
887.200000  1.504785e-022
887.400000  1.443828e-022
887.600000  1.309889e-022
887.800000  1.429398e-022
888.000000  1.459881e-022
888.200000  1.448704e-022
888.400000  1.433055e-022
888.600000  1.673659e-022
888.800000  1.665911e-022
889.000000  1.679686e-022
889.200000  1.743982e-022
889.400000  1.814973e-022
889.600000  1.776651e-022
889.800000  1.682770e-022
890.000000  1.868038e-022
890.200000  1.977141e-022
890.400000  1.765619e-022
890.600000  1.682229e-022
890.800000  1.871459e-022
891.000000  1.929452e-022
891.200000  1.849835e-022
891.400000  1.875114e-022
891.600000  2.118159e-022
891.800000  2.173250e-022
892.000000  2.213604e-022
892.200000  2.334544e-022
892.400000  2.497590e-022
892.600000  2.364535e-022
892.800000  2.297309e-022
893.000000  2.419970e-022
893.200000  2.502462e-022
893.400000  2.517010e-022
893.600000  2.679694e-022
893.800000  2.815639e-022
894.000000  2.924329e-022
894.200000  2.737290e-022
894.400000  2.846912e-022
894.600000  2.699237e-022
894.800000  2.632938e-022
895.000000  2.552434e-022
895.200000  2.716834e-022
895.400000  2.798990e-022
895.600000  2.732531e-022
895.800000  2.760962e-022
896.000000  2.951280e-022
896.200000  2.938241e-022
896.400000  2.832092e-022
896.600000  3.023279e-022
896.800000  2.929188e-022
897.000000  2.849415e-022
897.200000  2.783125e-022
897.400000  3.055129e-022
897.600000  3.229703e-022
897.800000  3.365938e-022
898.000000  3.489681e-022
898.200000  3.704349e-022
898.400000  3.542278e-022
898.600000  3.411609e-022
898.800000  3.441018e-022
899.000000  3.373241e-022
899.200000  3.212649e-022
899.400000  3.228819e-022
899.600000  3.458536e-022
899.800000  3.376794e-022
900.000000  3.286172e-022
900.200000  3.383190e-022
900.400000  3.411249e-022
900.600000  3.453427e-022
900.800000  3.538305e-022
901.000000  3.784983e-022
901.200000  3.866625e-022
901.400000  3.770894e-022
901.600000  4.063997e-022
901.800000  4.362378e-022
902.000000  4.200302e-022
902.200000  4.126751e-022
902.400000  4.295135e-022
902.600000  4.418826e-022
902.800000  4.366341e-022
903.000000  4.320062e-022
903.200000  4.592020e-022
903.400000  4.641774e-022
903.600000  4.635012e-022
903.800000  4.676065e-022
904.000000  4.927822e-022
904.200000  4.940195e-022
904.400000  4.889175e-022
904.600000  4.888984e-022
904.800000  4.904335e-022
905.000000  4.963534e-022
905.200000  4.855710e-022
905.400000  5.039842e-022
905.600000  5.096977e-022
905.800000  5.082867e-022
906.000000  5.183754e-022
906.200000  5.369031e-022
906.400000  5.401278e-022
906.600000  5.535209e-022
906.800000  5.743642e-022
907.000000  5.904152e-022
907.200000  5.901855e-022
907.400000  6.017272e-022
907.600000  6.253616e-022
907.800000  6.345946e-022
908.000000  6.283955e-022
908.200000  6.453747e-022
908.400000  6.524212e-022
908.600000  6.503129e-022
908.800000  6.313848e-022
909.000000  6.545674e-022
909.200000  6.787963e-022
909.400000  6.903955e-022
909.600000  7.001700e-022
909.800000  7.421146e-022
910.000000  7.546024e-022
910.200000  7.565766e-022
910.400000  7.900285e-022
910.600000  8.182374e-022
910.800000  8.248947e-022
911.000000  8.388011e-022
911.200000  8.734820e-022
911.400000  9.064790e-022
911.600000  9.251584e-022
911.800000  9.499487e-022
912.000000  9.954977e-022
912.200000  1.021067e-021
912.400000  1.043995e-021
912.600000  1.074547e-021
912.800000  1.108067e-021
913.000000  1.136362e-021
913.200000  1.160435e-021
913.400000  1.204732e-021
913.600000  1.238085e-021
913.800000  1.260236e-021
914.000000  1.304810e-021
914.200000  1.354378e-021
914.400000  1.384058e-021
914.600000  1.416618e-021
914.800000  1.463871e-021
915.000000  1.524461e-021
915.200000  1.570109e-021
915.400000  1.609867e-021
915.600000  1.681935e-021
915.800000  1.758029e-021
916.000000  1.810659e-021
916.200000  1.887480e-021
916.400000  1.983504e-021
916.600000  2.055978e-021
916.800000  2.131413e-021
917.000000  2.225422e-021
917.200000  2.319652e-021
917.400000  2.408770e-021
917.600000  2.511377e-021
917.800000  2.630507e-021
918.000000  2.717179e-021
918.200000  2.794806e-021
918.400000  2.865351e-021
918.600000  2.961178e-021
918.800000  3.014352e-021
919.000000  3.057936e-021
919.200000  3.115403e-021
919.400000  3.151848e-021
919.600000  3.166086e-021
919.800000  3.186459e-021
920.000000  3.214720e-021
920.200000  3.215085e-021
920.400000  3.213110e-021
920.600000  3.248193e-021
920.800000  3.276865e-021
921.000000  3.280051e-021
921.200000  3.284823e-021
921.400000  3.297190e-021
921.600000  3.315323e-021
921.800000  3.321292e-021
922.000000  3.344153e-021
922.200000  3.366176e-021
922.400000  3.367498e-021
922.600000  3.352027e-021
922.800000  3.329980e-021
923.000000  3.302335e-021
923.200000  3.257299e-021
923.400000  3.212543e-021
923.600000  3.195973e-021
923.800000  3.160893e-021
924.000000  3.119216e-021
924.200000  3.094512e-021
924.400000  3.074443e-021
924.600000  3.021023e-021
924.800000  2.971771e-021
925.000000  2.956852e-021
925.200000  2.956195e-021
925.400000  2.930066e-021
925.600000  2.890649e-021
925.800000  2.880015e-021
926.000000  2.855152e-021
926.200000  2.821185e-021
926.400000  2.792945e-021
926.600000  2.786091e-021
926.800000  2.763671e-021
927.000000  2.737306e-021
927.200000  2.728614e-021
927.400000  2.720926e-021
927.600000  2.691471e-021
927.800000  2.664182e-021
928.000000  2.662262e-021
928.200000  2.654526e-021
928.400000  2.620233e-021
928.600000  2.600906e-021
928.800000  2.590823e-021
929.000000  2.553927e-021
929.200000  2.531180e-021
929.400000  2.534656e-021
929.600000  2.542571e-021
929.800000  2.527366e-021
930.000000  2.516507e-021
930.200000  2.524951e-021
930.400000  2.509114e-021
930.600000  2.492493e-021
930.800000  2.497791e-021
931.000000  2.510607e-021
931.200000  2.480576e-021
931.400000  2.448246e-021
931.600000  2.450941e-021
931.800000  2.437659e-021
932.000000  2.414321e-021
932.200000  2.408036e-021
932.400000  2.405042e-021
932.600000  2.390131e-021
932.800000  2.373152e-021
933.000000  2.362954e-021
933.200000  2.368518e-021
933.400000  2.358853e-021
933.600000  2.345626e-021
933.800000  2.349368e-021
934.000000  2.335013e-021
934.200000  2.310292e-021
934.400000  2.315959e-021
934.600000  2.326079e-021
934.800000  2.298794e-021
935.000000  2.258247e-021
935.200000  2.226614e-021
935.400000  2.230172e-021
935.600000  2.206853e-021
935.800000  2.177322e-021
936.000000  2.173438e-021
936.200000  2.153501e-021
936.400000  2.104547e-021
936.600000  2.071701e-021
936.800000  2.066254e-021
937.000000  2.037574e-021
937.200000  2.019042e-021
937.400000  2.007914e-021
937.600000  1.999768e-021
937.800000  1.994345e-021
938.000000  1.998613e-021
938.200000  2.031470e-021
938.400000  2.039677e-021
938.600000  2.027444e-021
938.800000  2.048912e-021
939.000000  2.101407e-021
939.200000  2.124732e-021
939.400000  2.141753e-021
939.600000  2.180185e-021
939.800000  2.221150e-021
940.000000  2.227023e-021
940.200000  2.252919e-021
940.400000  2.300339e-021
940.600000  2.326003e-021
940.800000  2.337673e-021
941.000000  2.367287e-021
941.200000  2.401288e-021
941.400000  2.434795e-021
941.600000  2.452476e-021
941.800000  2.473398e-021
942.000000  2.493001e-021
942.200000  2.486191e-021
942.400000  2.477030e-021
942.600000  2.490649e-021
942.800000  2.479933e-021
943.000000  2.467987e-021
943.200000  2.480330e-021
943.400000  2.489855e-021
943.600000  2.465098e-021
943.800000  2.437333e-021
944.000000  2.437402e-021
944.200000  2.436970e-021
944.400000  2.420712e-021
944.600000  2.397425e-021
944.800000  2.404630e-021
945.000000  2.408775e-021
945.200000  2.390816e-021
945.400000  2.381205e-021
945.600000  2.382782e-021
945.800000  2.356924e-021
946.000000  2.348838e-021
946.200000  2.358795e-021
946.400000  2.354492e-021
946.600000  2.338166e-021
946.800000  2.323465e-021
947.000000  2.332830e-021
947.200000  2.331548e-021
947.400000  2.312404e-021
947.600000  2.306969e-021
947.800000  2.311009e-021
948.000000  2.301918e-021
948.200000  2.291295e-021
948.400000  2.306143e-021
948.600000  2.320574e-021
948.800000  2.293351e-021
949.000000  2.282957e-021
949.200000  2.305583e-021
949.400000  2.302924e-021
949.600000  2.295702e-021
949.800000  2.306287e-021
950.000000  2.319957e-021
950.200000  2.321541e-021
950.400000  2.313381e-021
950.600000  2.323148e-021
950.800000  2.323517e-021
951.000000  2.310588e-021
951.200000  2.308185e-021
951.400000  2.340112e-021
951.600000  2.344184e-021
951.800000  2.344238e-021
952.000000  2.373759e-021
952.200000  2.403510e-021
952.400000  2.407458e-021
952.600000  2.411202e-021
952.800000  2.440523e-021
953.000000  2.456859e-021
953.200000  2.449534e-021
953.400000  2.445251e-021
953.600000  2.465967e-021
953.800000  2.480992e-021
954.000000  2.482347e-021
954.200000  2.493882e-021
954.400000  2.510729e-021
954.600000  2.511477e-021
954.800000  2.513047e-021
955.000000  2.523380e-021
955.200000  2.519878e-021
955.400000  2.541561e-021
955.600000  2.536719e-021
955.800000  2.546014e-021
956.000000  2.574041e-021
956.200000  2.591630e-021
956.400000  2.579626e-021
956.600000  2.575842e-021
956.800000  2.599335e-021
957.000000  2.598696e-021
957.200000  2.593491e-021
957.400000  2.618871e-021
957.600000  2.662145e-021
957.800000  2.666289e-021
958.000000  2.693577e-021
958.200000  2.724446e-021
958.400000  2.743029e-021
958.600000  2.739013e-021
958.800000  2.774384e-021
959.000000  2.804755e-021
959.200000  2.810387e-021
959.400000  2.807161e-021
959.600000  2.821800e-021
959.800000  2.848171e-021
960.000000  2.839352e-021
960.200000  2.843490e-021
960.400000  2.870954e-021
960.600000  2.887463e-021
960.800000  2.887319e-021
961.000000  2.894686e-021
961.200000  2.916808e-021
961.400000  2.883864e-021
961.600000  2.861359e-021
961.800000  2.869099e-021
962.000000  2.886985e-021
962.200000  2.869415e-021
962.400000  2.865648e-021
962.600000  2.882601e-021
962.800000  2.899146e-021
963.000000  2.928571e-021
963.200000  3.073165e-021
963.400000  3.464858e-021
963.600000  4.047903e-021
963.800000  4.496000e-021
964.000000  4.402036e-021
964.200000  3.918680e-021
964.400000  3.401091e-021
964.600000  3.098476e-021
964.800000  2.977626e-021
965.000000  2.913689e-021
965.200000  2.859354e-021
965.400000  2.846670e-021
965.600000  2.850811e-021
965.800000  2.825987e-021
966.000000  2.815408e-021
966.200000  2.824667e-021
966.400000  2.819428e-021
966.600000  2.788151e-021
966.800000  2.774029e-021
967.000000  2.783562e-021
967.200000  2.774372e-021
967.400000  2.741971e-021
967.600000  2.734370e-021
967.800000  2.720421e-021
968.000000  2.689093e-021
968.200000  2.663177e-021
968.400000  2.663212e-021
968.600000  2.656110e-021
968.800000  2.604916e-021
969.000000  2.579902e-021
969.200000  2.566699e-021
969.400000  2.514294e-021
969.600000  2.463577e-021
969.800000  2.441063e-021
970.000000  2.419267e-021
970.200000  2.367742e-021
970.400000  2.341135e-021
970.600000  2.334677e-021
970.800000  2.307496e-021
971.000000  2.263949e-021
971.200000  2.242655e-021
971.400000  2.241982e-021
971.600000  2.220751e-021
971.800000  2.195187e-021
972.000000  2.189299e-021
972.200000  2.190075e-021
972.400000  2.172498e-021
972.600000  2.166865e-021
972.800000  2.187016e-021
973.000000  2.198372e-021
973.200000  2.191137e-021
973.400000  2.221862e-021
973.600000  2.260193e-021
973.800000  2.265832e-021
974.000000  2.278268e-021
974.200000  2.319090e-021
974.400000  2.363940e-021
974.600000  2.386632e-021
974.800000  2.433722e-021
975.000000  2.517873e-021
975.020000  2.533381e-021
975.040000  2.555284e-021
975.060000  2.550808e-021
975.080000  2.546334e-021
975.100000  2.541863e-021
975.120000  2.567154e-021
975.140000  2.556037e-021
975.160000  2.591438e-021
975.180000  2.580258e-021
975.200000  2.579084e-021
975.220000  2.579969e-021
975.240000  2.607590e-021
975.260000  2.618545e-021
975.280000  2.629524e-021
975.300000  2.623677e-021
975.320000  2.631293e-021
975.340000  2.638920e-021
975.360000  2.653322e-021
975.380000  2.671164e-021
975.400000  2.689075e-021
975.420000  2.688508e-021
975.440000  2.670886e-021
975.460000  2.690793e-021
975.480000  2.697084e-021
975.500000  2.703396e-021
975.520000  2.706282e-021
975.540000  2.716084e-021
975.560000  2.705169e-021
975.580000  2.704610e-021
975.600000  2.735279e-021
975.620000  2.746790e-021
975.640000  2.768876e-021
975.660000  2.773465e-021
975.680000  2.760470e-021
975.700000  2.772091e-021
975.720000  2.780224e-021
975.740000  2.806125e-021
975.760000  2.825062e-021
975.780000  2.804775e-021
975.800000  2.795207e-021
975.820000  2.811132e-021
975.840000  2.837849e-021
975.860000  2.886416e-021
975.880000  2.873623e-021
975.900000  2.878924e-021
975.920000  2.876994e-021
975.940000  2.896786e-021
975.960000  2.934921e-021
975.980000  2.943932e-021
976.000000  2.945615e-021
976.020000  2.957942e-021
976.040000  2.944571e-021
976.060000  2.971607e-021
976.080000  2.983991e-021
976.100000  3.003822e-021
976.120000  3.038675e-021
976.140000  3.039983e-021
976.160000  3.041291e-021
976.180000  3.068875e-021
976.200000  3.066418e-021
976.220000  3.105657e-021
976.240000  3.118533e-021
976.260000  3.123816e-021
976.280000  3.094809e-021
976.300000  3.103860e-021
976.320000  3.139739e-021
976.340000  3.160492e-021
976.360000  3.177488e-021
976.380000  3.171252e-021
976.400000  3.184426e-021
976.420000  3.199097e-021
976.440000  3.229533e-021
976.460000  3.256241e-021
976.480000  3.267217e-021
976.500000  3.278228e-021
976.520000  3.281292e-021
976.540000  3.292347e-021
976.560000  3.323526e-021
976.580000  3.375293e-021
976.600000  3.362156e-021
976.620000  3.375923e-021
976.640000  3.397913e-021
976.660000  3.420002e-021
976.680000  3.462933e-021
976.700000  3.481148e-021
976.720000  3.503623e-021
976.740000  3.513569e-021
976.760000  3.553124e-021
976.780000  3.566990e-021
976.800000  3.583452e-021
976.820000  3.635357e-021
976.840000  3.654764e-021
976.860000  3.667717e-021
976.880000  3.689002e-021
976.900000  3.686723e-021
976.920000  3.741141e-021
976.940000  3.771662e-021
976.960000  3.814068e-021
976.980000  3.811687e-021
977.000000  3.830923e-021
977.020000  3.841758e-021
977.040000  3.887687e-021
977.060000  3.898194e-021
977.080000  3.955385e-021
977.100000  3.986113e-021
977.120000  3.972059e-021
977.140000  4.001484e-021
977.160000  4.052898e-021
977.180000  4.087650e-021
977.200000  4.126539e-021
977.220000  4.124182e-021
977.240000  4.154287e-021
977.260000  4.185096e-021
977.280000  4.201352e-021
977.300000  4.239945e-021
977.320000  4.281398e-021
977.340000  4.319214e-021
977.360000  4.368611e-021
977.380000  4.389185e-021
977.400000  4.420204e-021
977.420000  4.451148e-021
977.440000  4.502848e-021
977.460000  4.497315e-021
977.480000  4.547425e-021
977.500000  4.581420e-021
977.520000  4.643949e-021
977.540000  4.674855e-021
977.560000  4.700999e-021
977.580000  4.732304e-021
977.600000  4.779000e-021
977.620000  4.803470e-021
977.640000  4.829248e-021
977.660000  4.893257e-021
977.680000  4.918495e-021
977.700000  4.941564e-021
977.720000  4.963013e-021
977.740000  5.026902e-021
977.760000  5.044640e-021
977.780000  5.119072e-021
977.800000  5.128657e-021
977.820000  5.105466e-021
977.840000  5.176501e-021
977.860000  5.211638e-021
977.880000  5.247109e-021
977.900000  5.275260e-021
977.920000  5.324244e-021
977.940000  5.362760e-021
977.960000  5.404309e-021
977.980000  5.452981e-021
978.000000  5.482746e-021
978.020000  5.499268e-021
978.040000  5.561404e-021
978.060000  5.577488e-021
978.080000  5.576444e-021
978.100000  5.656304e-021
978.120000  5.695851e-021
978.140000  5.733595e-021
978.160000  5.752342e-021
978.180000  5.791241e-021
978.200000  5.829732e-021
978.220000  5.853205e-021
978.240000  5.943340e-021
978.260000  5.955476e-021
978.280000  5.998480e-021
978.300000  6.015317e-021
978.320000  6.064295e-021
978.340000  6.106093e-021
978.360000  6.176551e-021
978.380000  6.202015e-021
978.400000  6.214108e-021
978.420000  6.260588e-021
978.440000  6.298720e-021
978.460000  6.345457e-021
978.480000  6.369585e-021
978.500000  6.457576e-021
978.520000  6.479925e-021
978.540000  6.489626e-021
978.560000  6.539722e-021
978.580000  6.557417e-021
978.600000  6.616366e-021
978.620000  6.697614e-021
978.640000  6.716914e-021
978.660000  6.743571e-021
978.680000  6.849746e-021
978.700000  6.897056e-021
978.720000  6.921176e-021
978.740000  6.976072e-021
978.760000  7.062014e-021
978.780000  7.086192e-021
978.800000  7.064135e-021
978.820000  7.164081e-021
978.840000  7.269408e-021
978.860000  7.252528e-021
978.880000  7.370437e-021
978.900000  7.422842e-021
978.920000  7.509395e-021
978.940000  7.494666e-021
978.960000  7.623625e-021
978.980000  7.671091e-021
979.000000  7.760250e-021
979.020000  7.755552e-021
979.040000  7.795823e-021
979.060000  7.887034e-021
979.080000  7.934450e-021
979.100000  8.116288e-021
979.120000  8.097311e-021
979.140000  8.157034e-021
979.160000  8.216275e-021
979.180000  8.269831e-021
979.200000  8.367406e-021
979.220000  8.448024e-021
979.240000  8.489222e-021
979.260000  8.518489e-021
979.280000  8.665540e-021
979.300000  8.683256e-021
979.320000  8.784925e-021
979.340000  8.863765e-021
979.360000  8.895861e-021
979.380000  8.996800e-021
979.400000  9.037716e-021
979.420000  9.122179e-021
979.440000  9.222866e-021
979.460000  9.302770e-021
979.480000  9.338981e-021
979.500000  9.407490e-021
979.520000  9.482242e-021
979.540000  9.544303e-021
979.560000  9.666108e-021
979.580000  9.699963e-021
979.600000  9.735894e-021
979.620000  9.861536e-021
979.640000  9.840593e-021
979.660000  9.923419e-021
979.680000  9.976878e-021
979.700000  1.008423e-020
979.720000  1.006413e-020
979.740000  1.023498e-020
979.760000  1.021212e-020
979.780000  1.030899e-020
979.800000  1.035284e-020
979.820000  1.039603e-020
979.840000  1.047648e-020
979.860000  1.046415e-020
979.880000  1.057250e-020
979.900000  1.054659e-020
979.920000  1.070728e-020
979.940000  1.072640e-020
979.960000  1.073865e-020
979.980000  1.080932e-020
980.000000  1.081002e-020
980.020000  1.089541e-020
980.040000  1.099472e-020
980.060000  1.098474e-020
980.080000  1.095532e-020
980.100000  1.093579e-020
980.120000  1.108308e-020
980.140000  1.102329e-020
980.160000  1.111772e-020
980.180000  1.108488e-020
980.200000  1.109464e-020
980.220000  1.110338e-020
980.240000  1.126795e-020
980.260000  1.127949e-020
980.280000  1.126760e-020
980.300000  1.107342e-020
980.320000  1.117239e-020
980.340000  1.112570e-020
980.360000  1.110444e-020
980.380000  1.113312e-020
980.400000  1.112931e-020
980.420000  1.120411e-020
980.440000  1.112262e-020
980.460000  1.103785e-020
980.480000  1.103706e-020
980.500000  1.108537e-020
980.520000  1.097732e-020
980.540000  1.102981e-020
980.560000  1.089250e-020
980.580000  1.078251e-020
980.600000  1.079104e-020
980.620000  1.076386e-020
980.640000  1.073453e-020
980.660000  1.068955e-020
980.680000  1.056981e-020
980.700000  1.055242e-020
980.720000  1.034147e-020
980.740000  1.031645e-020
980.760000  1.030183e-020
980.780000  1.013755e-020
980.800000  1.003698e-020
980.820000  1.003562e-020
980.840000  9.987894e-021
980.860000  9.854141e-021
980.880000  9.824939e-021
980.900000  9.674562e-021
980.920000  9.616443e-021
980.940000  9.398745e-021
980.960000  9.382342e-021
980.980000  9.369318e-021
981.000000  9.293766e-021
981.020000  9.159503e-021
981.040000  9.088194e-021
981.060000  8.989211e-021
981.080000  8.883719e-021
981.100000  8.811328e-021
981.120000  8.682076e-021
981.140000  8.604918e-021
981.160000  8.517034e-021
981.180000  8.407251e-021
981.200000  8.287549e-021
981.220000  8.239312e-021
981.240000  8.129448e-021
981.260000  8.139435e-021
981.280000  7.963817e-021
981.300000  7.843314e-021
981.320000  7.782601e-021
981.340000  7.610889e-021
981.360000  7.601023e-021
981.380000  7.474201e-021
981.400000  7.340744e-021
981.420000  7.289842e-021
981.440000  7.218436e-021
981.460000  7.172726e-021
981.480000  7.101074e-021
981.500000  6.990457e-021
981.520000  6.884316e-021
981.540000  6.826039e-021
981.560000  6.743253e-021
981.580000  6.660146e-021
981.600000  6.559515e-021
981.620000  6.485989e-021
981.640000  6.407869e-021
981.660000  6.375418e-021
981.680000  6.248523e-021
981.700000  6.215629e-021
981.720000  6.164884e-021
981.740000  6.065357e-021
981.760000  6.033790e-021
981.780000  5.953600e-021
981.800000  5.869005e-021
981.820000  5.818251e-021
981.840000  5.721814e-021
981.860000  5.626785e-021
981.880000  5.575997e-021
981.900000  5.498821e-021
981.920000  5.474126e-021
981.940000  5.382319e-021
981.960000  5.343313e-021
981.980000  5.254823e-021
982.000000  5.213138e-021
982.020000  5.151006e-021
982.040000  5.081853e-021
982.060000  5.048752e-021
982.080000  4.948653e-021
982.100000  4.911319e-021
982.120000  4.848869e-021
982.140000  4.762974e-021
982.160000  4.760441e-021
982.180000  4.685745e-021
982.200000  4.658945e-021
982.220000  4.597276e-021
982.240000  4.538105e-021
982.260000  4.496691e-021
982.280000  4.438912e-021
982.300000  4.403645e-021
982.320000  4.355833e-021
982.340000  4.280259e-021
982.360000  4.245298e-021
982.380000  4.200235e-021
982.400000  4.178698e-021
982.420000  4.109268e-021
982.440000  4.068199e-021
982.460000  3.996385e-021
982.480000  3.984030e-021
982.500000  3.917379e-021
982.520000  3.913571e-021
982.540000  3.860341e-021
982.560000  3.819952e-021
982.580000  3.771947e-021
982.600000  3.734205e-021
982.620000  3.709004e-021
982.640000  3.707123e-021
982.660000  3.659911e-021
982.680000  3.632990e-021
982.700000  3.570854e-021
982.720000  3.525546e-021
982.740000  3.500294e-021
982.760000  3.491825e-021
982.780000  3.466771e-021
982.800000  3.445983e-021
982.820000  3.384503e-021
982.840000  3.335840e-021
982.860000  3.319615e-021
982.880000  3.319454e-021
982.900000  3.303243e-021
982.920000  3.263170e-021
982.940000  3.231278e-021
982.960000  3.187820e-021
982.980000  3.179718e-021
983.000000  3.163820e-021
983.020000  3.165901e-021
983.040000  3.148524e-021
983.060000  3.092691e-021
983.080000  3.071748e-021
983.100000  3.043300e-021
983.120000  3.052874e-021
983.140000  3.047253e-021
983.160000  3.000086e-021
983.180000  2.972037e-021
983.200000  2.959023e-021
983.220000  2.940314e-021
983.240000  2.962466e-021
983.260000  2.936372e-021
983.280000  2.928874e-021
983.300000  2.917726e-021
983.320000  2.895659e-021
983.340000  2.895576e-021
983.360000  2.921086e-021
983.380000  2.902700e-021
983.400000  2.906258e-021
983.420000  2.899400e-021
983.440000  2.870796e-021
983.460000  2.874846e-021
983.480000  2.889783e-021
983.500000  2.904770e-021
983.520000  2.883387e-021
983.540000  2.876573e-021
983.560000  2.884250e-021
983.580000  2.881057e-021
983.600000  2.896006e-021
983.620000  2.901898e-021
983.640000  2.885969e-021
983.660000  2.870089e-021
983.680000  2.872320e-021
983.700000  2.867314e-021
983.720000  2.873166e-021
983.740000  2.897216e-021
983.760000  2.881272e-021
983.780000  2.876251e-021
983.800000  2.871233e-021
983.820000  2.859475e-021
983.840000  2.905787e-021
983.860000  2.901209e-021
983.880000  2.907573e-021
983.900000  2.892086e-021
983.920000  2.905712e-021
983.940000  2.915714e-021
983.960000  2.925727e-021
983.980000  2.939413e-021
984.000000  2.938457e-021
984.020000  2.950441e-021
984.040000  2.955100e-021
984.060000  2.959762e-021
984.080000  2.982868e-021
984.100000  2.991253e-021
984.120000  2.981146e-021
984.140000  2.996929e-021
984.160000  3.005333e-021
984.180000  3.021194e-021
984.200000  3.029637e-021
984.220000  3.029927e-021
984.240000  3.033951e-021
984.260000  3.030507e-021
984.280000  3.057003e-021
984.300000  3.061050e-021
984.320000  3.080175e-021
984.340000  3.084242e-021
984.360000  3.058163e-021
984.380000  3.050949e-021
984.400000  3.070024e-021
984.420000  3.075859e-021
984.440000  3.093060e-021
984.460000  3.095147e-021
984.480000  3.089653e-021
984.500000  3.076597e-021
984.520000  3.082456e-021
984.540000  3.088328e-021
984.560000  3.098014e-021
984.580000  3.088708e-021
984.600000  3.075628e-021
984.620000  3.073530e-021
984.640000  3.078998e-021
984.660000  3.099653e-021
984.680000  3.105141e-021
984.700000  3.106824e-021
984.720000  3.093310e-021
984.740000  3.102583e-021
984.760000  3.092881e-021
984.780000  3.121169e-021
984.800000  3.119037e-021
984.820000  3.126907e-021
984.840000  3.108111e-021
984.860000  3.115960e-021
984.880000  3.123822e-021
984.900000  3.112642e-021
984.920000  3.135764e-021
984.940000  3.124553e-021
984.960000  3.109572e-021
984.980000  3.094646e-021
985.000000  3.110059e-021
985.200000  3.056743e-021
985.400000  3.055235e-021
985.600000  3.041370e-021
985.800000  2.985735e-021
986.000000  2.939970e-021
986.200000  2.881906e-021
986.400000  2.798713e-021
986.600000  2.711366e-021
986.800000  2.635430e-021
987.000000  2.560248e-021
987.200000  2.453961e-021
987.400000  2.365879e-021
987.600000  2.317460e-021
987.800000  2.248380e-021
988.000000  2.172377e-021
988.200000  2.123907e-021
988.400000  2.081316e-021
988.600000  2.022954e-021
988.800000  1.983538e-021
989.000000  2.004581e-021
989.200000  2.009273e-021
989.400000  1.991137e-021
989.600000  1.966474e-021
989.800000  1.969578e-021
990.000000  1.957787e-021
990.200000  1.923458e-021
990.400000  1.892574e-021
990.600000  1.896178e-021
990.800000  1.875376e-021
991.000000  1.841403e-021
991.200000  1.822596e-021
991.400000  1.793056e-021
991.600000  1.721498e-021
991.800000  1.651764e-021
992.000000  1.612881e-021
992.200000  1.528192e-021
992.400000  1.416289e-021
992.600000  1.338449e-021
992.800000  1.289573e-021
993.000000  1.213376e-021
993.200000  1.132315e-021
993.400000  1.080891e-021
993.600000  1.017382e-021
993.800000  9.230208e-022
994.000000  8.561471e-022
994.200000  8.195293e-022
994.400000  7.861497e-022
994.600000  7.461773e-022
994.800000  7.276724e-022
995.000000  7.167769e-022
995.200000  6.992448e-022
995.400000  6.814500e-022
995.600000  6.876257e-022
995.800000  6.734847e-022
996.000000  6.421086e-022
996.200000  6.130891e-022
996.400000  6.230473e-022
996.600000  5.790070e-022
996.800000  5.306874e-022
997.000000  5.190831e-022
997.200000  5.327738e-022
997.400000  5.044208e-022
997.600000  4.735625e-022
997.800000  4.602823e-022
998.000000  4.399716e-022
998.200000  3.911693e-022
998.400000  3.630528e-022
998.600000  3.894144e-022
998.800000  3.856900e-022
999.000000  3.474507e-022
999.200000  3.448348e-022
999.400000  3.425461e-022
999.600000  3.095694e-022
999.800000  2.671165e-022
1000.000000  2.545825e-022
1000.200000  2.635932e-022
1000.400000  2.335684e-022
1000.600000  1.956958e-022
1000.800000  2.112344e-022
1001.000000  2.248446e-022
1001.200000  1.904738e-022
1001.400000  1.852874e-022
1001.600000  2.036714e-022
1001.800000  1.825950e-022
1002.000000  1.461186e-022
1002.200000  1.799719e-022
1002.400000  2.106320e-022
1002.600000  1.957765e-022
1002.800000  1.694458e-022
1003.000000  2.025215e-022
1003.200000  2.097011e-022
1003.400000  1.757472e-022
1003.600000  1.697158e-022
1003.800000  1.741695e-022
1004.000000  1.378185e-022
1004.200000  9.928750e-023
1004.400000  1.339455e-022
1004.600000  1.707246e-022
1004.800000  1.509379e-022
1005.000000  1.196747e-022
1005.200000  1.491341e-022
1005.400000  1.453179e-022
1005.600000  1.046630e-022
1005.800000  1.058162e-022
1006.000000  1.430200e-022
1006.200000  1.153089e-022
1006.400000  7.112712e-023
1006.600000  9.274609e-023
1006.800000  1.199447e-022
1007.000000  8.543940e-023
1007.200000  8.345590e-023
1007.400000  1.237876e-022
1007.600000  1.174829e-022
1007.800000  7.269280e-023
1008.000000  8.408145e-023
1008.200000  1.137905e-022
1008.400000  9.328582e-023
1008.600000  7.437524e-023
1008.800000  1.000307e-022
1009.000000  1.374322e-022
1009.200000  9.423895e-023
1009.400000  8.396863e-023
1009.600000  1.251612e-022
1009.800000  1.423147e-022
1010.000000  1.002008e-022
1010.200000  9.116275e-023
1010.400000  9.542426e-023
1010.600000  7.941169e-023
1010.800000  4.924155e-023
1011.000000  7.466944e-023
1011.200000  9.895380e-023
1011.400000  5.343453e-023
1011.600000  4.262244e-023
1011.800000  9.404458e-023
1012.000000  1.103125e-022
1012.200000  6.670938e-023
1012.400000  7.112622e-023
1012.600000  8.522417e-023
1012.800000  5.807724e-023
1013.000000  5.226614e-023
1013.200000  9.434917e-023
1013.400000  9.723517e-023
1013.600000  5.003469e-023
1013.800000  4.063547e-023
1014.000000  7.395352e-023
1014.200000  4.876055e-023
1014.400000  -8.570187e-024
1014.600000  -1.777381e-023
1014.800000  4.625492e-024
1015.000000  -7.299878e-024
1015.200000  -5.451103e-024
1015.400000  2.713974e-023
1015.600000  4.863397e-023
1015.800000  1.648568e-023
1016.000000  9.561074e-024
1016.200000  4.773557e-023
1016.400000  2.651914e-023
1016.600000  2.261212e-024
1016.800000  3.178541e-023
1017.000000  6.484547e-023
1017.200000  4.465426e-023
1017.400000  1.227887e-023
1017.600000  5.195474e-023
1017.800000  5.327877e-023
1018.000000  3.479941e-023
1018.200000  1.949231e-023
1018.400000  6.260999e-023
1018.600000  3.959177e-023
1018.800000  6.534335e-024
1019.000000  1.915116e-023
1019.200000  3.775898e-023
1019.400000  1.431040e-023
1019.600000  -1.004917e-023
1019.800000  3.647726e-023
1020.000000  3.573713e-023
1020.200000  -3.152152e-023
1020.400000  -1.076506e-023
1020.600000  -1.519111e-023
1020.800000  -3.719953e-023
1021.000000  -2.441572e-023
1021.200000  1.220623e-024
1021.400000  -1.469163e-023
1021.600000  -3.419736e-023
1021.800000  -1.394184e-023
1022.000000  3.291337e-024
1022.200000  -2.029181e-023
1022.400000  -2.921364e-023
1022.600000  -1.383881e-024
1022.800000  2.802227e-024
1023.000000  -2.786122e-023
1023.200000  -2.316072e-023
1023.400000  1.612148e-024
1023.600000  -2.351349e-023
1023.800000  -5.409025e-023
1024.000000  -2.268247e-023
1024.200000  -4.455900e-024
1024.400000  -2.556811e-023
1024.600000  -3.240379e-023
1024.800000  -6.625226e-024
1025.000000  -5.999135e-024
1025.200000  -3.807910e-023
1025.400000  -3.586888e-023
1025.600000  -2.625193e-024
1025.800000  -2.618752e-023
1026.000000  -3.255497e-023
1026.200000  -1.880130e-023
1026.400000  7.896888e-024
1026.600000  -2.417938e-023
1026.800000  -2.703693e-023
1027.000000  -2.141811e-023
1027.200000  -3.856092e-023
1027.400000  -5.252312e-023
1027.600000  -1.501991e-023
1027.800000  1.485173e-023
1028.000000  -1.381360e-023
1028.200000  -2.728024e-023
1028.400000  -1.202272e-023
1028.600000  -1.193066e-023
1028.800000  -5.266240e-023
1029.000000  -6.246159e-023
1029.200000  -4.833053e-023
1029.400000  -4.388376e-023
1029.600000  -5.238373e-023
1029.800000  -2.940002e-023
1030.000000  5.401920e-025
1030.200000  -1.856892e-023
1030.400000  -2.596611e-023
1030.600000  -2.152761e-024
1030.800000  -1.012053e-024
1031.000000  -3.121770e-023
1031.200000  -1.844162e-023
1031.400000  6.922061e-024
1031.600000  -2.026721e-023
1031.800000  -6.260497e-023
1032.000000  -5.328865e-023
1032.200000  -1.937482e-023
1032.400000  -3.489407e-023
1032.600000  -4.572224e-023
1032.800000  -1.490904e-023
1033.000000  -1.726825e-024
1033.200000  -3.287123e-023
1033.400000  -2.516695e-023
1033.600000  -1.348088e-023
1033.800000  -2.348376e-023
1034.000000  -3.844100e-023
1034.200000  -2.162648e-023
1034.400000  -1.095903e-023
1034.600000  -4.470734e-023
1034.800000  -6.213887e-023
1035.000000  -4.544721e-023
1035.200000  -5.511311e-023
1035.400000  -7.065150e-023
1035.600000  -6.323646e-023
1035.800000  -2.835217e-023
1036.000000  -5.208753e-023
1036.200000  -7.209646e-023
1036.400000  -5.027906e-023
1036.600000  -4.016060e-023
1036.800000  -6.401559e-023
1037.000000  -6.011051e-023
1037.200000  -2.299413e-023
1037.400000  -2.751227e-023
1037.600000  -4.721758e-023
1037.800000  -3.886922e-023
1038.000000  -1.544650e-023
1038.200000  -4.430685e-023
1038.400000  -6.437921e-023
1038.600000  -2.723524e-023
1038.800000  -1.805611e-024
1039.000000  -2.755229e-023
1039.200000  -4.098255e-023
1039.400000  -3.423560e-023
1039.600000  -3.680979e-023
1039.800000  -5.491824e-023
1040.000000  -3.739375e-023
1040.200000  -1.413419e-023
1040.400000  -4.810164e-023
1040.600000  -6.596140e-023
1040.800000  -5.214571e-023
1041.000000  -3.187496e-023
1041.200000  -5.724481e-023
1041.400000  -6.673556e-023
1041.600000  -6.150305e-023
1041.800000  -7.129072e-023
1042.000000  -9.582476e-023
1042.200000  -7.329938e-023
1042.400000  -3.942878e-023
1042.600000  -5.727667e-023
1042.800000  -5.654196e-023
1043.000000  -4.203089e-023
1043.200000  -3.383238e-023
1043.400000  -7.097602e-023
1043.600000  -6.031063e-023
1043.800000  -3.133985e-023
1044.000000  -4.399216e-023
1044.200000  -7.722651e-023
1044.400000  -5.921632e-023
1044.600000  -3.735925e-023
1044.800000  -4.803417e-023
1045.000000  -4.769534e-023
1045.200000  -3.798436e-023
1045.400000  -4.060031e-023
1045.600000  -7.031263e-023
1045.800000  -5.838192e-023
1046.000000  -3.496406e-023
1046.200000  -4.425783e-023
1046.400000  -6.244832e-023
1046.600000  -4.283223e-023
1046.800000  -2.202332e-023
1047.000000  -5.465416e-023
1047.200000  -5.391952e-023
1047.400000  -3.604272e-023
1047.600000  -2.680160e-023
1047.800000  -5.283411e-023
1048.000000  -4.121690e-023
1048.200000  -2.074656e-023
1048.400000  -4.435792e-023
1048.600000  -7.883895e-023
1048.800000  -6.388316e-023
1049.000000  -4.141965e-023
1049.200000  -6.199166e-023
1049.400000  -6.577438e-023
1049.600000  -4.660487e-023
1049.800000  -4.671506e-023
1050.000000  -8.711818e-023
1050.200000  -7.980484e-023
1050.400000  -4.809574e-023
1050.600000  -5.765723e-023
1050.800000  -8.231546e-023
1051.000000  -6.613430e-023
1051.200000  -4.933768e-023
1051.400000  -7.231920e-023
1051.600000  -7.186096e-023
1051.800000  -3.167765e-023
1052.000000  -2.916490e-023
1052.200000  -5.865103e-023
1052.400000  -4.372829e-023
1052.600000  -1.355367e-023
1052.800000  -3.756927e-023
1053.000000  -5.783048e-023
1053.200000  -3.910503e-023
1053.400000  -2.791366e-023
1053.600000  -5.489560e-023
1053.800000  -6.124107e-023
1054.000000  -5.110298e-023
1054.200000  -6.906098e-023
1054.400000  -1.008253e-022
1054.600000  -8.615700e-023
1054.800000  -6.321883e-023
1055.000000  -8.960401e-023
1055.200000  -9.095687e-023
1055.400000  -5.390179e-023
1055.600000  -2.602804e-023
1055.800000  -6.068623e-023
1056.000000  -6.507923e-023
1056.200000  -5.981267e-023
1056.400000  -6.096696e-023
1056.600000  -8.701192e-023
1056.800000  -6.556824e-023
1057.000000  -4.355869e-023
1057.200000  -7.017344e-023
1057.400000  -6.360348e-023
1057.600000  -3.392439e-023
1057.800000  -2.629037e-023
1058.000000  -5.582868e-023
1058.200000  -4.834641e-023
1058.400000  -2.420701e-023
1058.600000  -4.139673e-023
1058.800000  -8.203204e-023
1059.000000  -6.841380e-023
1059.200000  -3.553463e-023
1059.400000  -5.436630e-023
1059.600000  -5.458989e-023
1059.800000  -2.196113e-023
1060.000000  -2.655635e-023
1060.200000  -6.711270e-023
1060.400000  -7.085394e-023
1060.600000  -3.332354e-023
1060.800000  -3.955986e-023
1061.000000  -7.500125e-023
1061.200000  -6.617645e-023
1061.400000  -5.346316e-023
1061.600000  -8.281334e-023
1061.800000  -8.365061e-023
1062.000000  -4.954589e-023
1062.200000  -4.809074e-023
1062.400000  -7.973935e-023
1062.600000  -7.213136e-023
1062.800000  -5.585229e-023
1063.000000  -6.773290e-023
1063.200000  -9.322118e-023
1063.400000  -6.648616e-023
1063.600000  -4.859467e-023
1063.800000  -7.534956e-023
1064.000000  -7.129910e-023
1064.200000  -4.209207e-023
1064.400000  -3.345667e-023
1064.600000  -5.380613e-023
1064.800000  -4.627862e-023
1065.000000  -2.159199e-023
1065.200000  -4.112830e-023
1065.400000  -6.078135e-023
1065.600000  -4.456318e-023
1065.800000  -4.015704e-023
1066.000000  -8.279778e-023
1066.200000  -9.238650e-023
1066.400000  -6.957643e-023
1066.600000  -6.915978e-023
1066.800000  -9.795571e-023
1067.000000  -8.342005e-023
1067.200000  -5.421199e-023
1067.400000  -4.857270e-023
1067.600000  -4.265403e-023
1067.800000  -1.492357e-023
1068.000000  -4.587478e-024
1068.200000  -4.380601e-023
1068.400000  -4.699799e-023
1068.600000  -3.135133e-023
1068.800000  -4.282354e-023
1069.000000  -6.936889e-023
1069.200000  -5.171146e-023
1069.400000  -2.490487e-023
1069.600000  -4.396207e-023
1069.800000  -6.532417e-023
1070.000000  -4.184912e-023
1070.200000  -2.602454e-023
1070.400000  -5.586727e-023
1070.600000  -5.639993e-023
1070.800000  -3.743019e-023
1071.000000  -5.616240e-023
1071.200000  -8.511007e-023
1071.400000  -7.479619e-023
1071.600000  -6.266977e-023
1071.800000  -8.808741e-023
1072.000000  -1.024979e-022
1072.200000  -7.596937e-023
1072.400000  -6.055511e-023
1072.600000  -8.235918e-023
1072.800000  -6.681680e-023
1073.000000  -4.194314e-023
1073.200000  -4.569860e-023
1073.400000  -5.832520e-023
1073.600000  -4.777785e-023
1073.800000  -2.508535e-023
1074.000000  -4.912804e-023
1074.200000  -6.374390e-023
1074.400000  -4.533553e-023
1074.600000  -3.205191e-023
1074.800000  -4.899395e-023
1075.000000  -4.138556e-023
1075.200000  -6.054870e-024
1075.400000  -2.112266e-023
1075.600000  -4.624701e-023
1075.800000  -3.148896e-023
1076.000000  -2.277678e-023
1076.200000  -6.225310e-023
1076.400000  -6.933134e-023
1076.600000  -3.485364e-023
1076.800000  -2.451181e-023
1077.000000  -4.734768e-023
1077.200000  -4.071189e-023
1077.400000  -3.039036e-023
1077.600000  -4.961751e-023
1077.800000  -8.235612e-023
1078.000000  -7.722915e-023
1078.200000  -7.587847e-023
1078.400000  -1.022072e-022
1078.600000  -9.435798e-023
1078.800000  -6.469488e-023
1079.000000  -6.790140e-023
1079.200000  -9.642990e-023
1079.400000  -8.836963e-023
1079.600000  -6.226268e-023
1079.800000  -7.411949e-023
1080.000000  -8.512774e-023
1080.200000  -5.168758e-023
1080.400000  -2.946593e-023
1080.600000  -5.607829e-023
1080.800000  -4.738353e-023
1081.000000  -1.435521e-023
1081.200000  -1.602794e-023
1081.400000  -4.405116e-023
1081.600000  -4.461926e-023
1081.800000  -1.388084e-023
1082.000000  -3.941942e-023
1082.200000  -4.951676e-023
1082.400000  -3.328941e-023
1082.600000  -2.087760e-023
1082.800000  -4.552069e-023
1083.000000  -4.607910e-023
1083.200000  -2.254266e-023
1083.400000  -2.040333e-023
1083.600000  -5.000564e-023
1083.800000  -3.934779e-023
1084.000000  -1.478460e-023
1084.200000  -3.211120e-023
1084.400000  -4.821259e-023
1084.600000  -3.488282e-023
1084.800000  -2.748044e-023
1085.000000  -5.248272e-023
1085.200000  -4.378437e-023
1085.400000  -3.214093e-023
1085.600000  -4.948324e-023
1085.800000  -7.710593e-023
1086.000000  -6.140283e-023
1086.200000  -4.155013e-023
1086.400000  -6.518214e-023
1086.600000  -7.785123e-023
1086.800000  -4.843472e-023
1087.000000  -4.073189e-023
1087.200000  -6.805442e-023
1087.400000  -5.861852e-023
1087.600000  -3.346807e-023
1087.800000  -5.414449e-023
1088.000000  -7.483302e-023
1088.200000  -5.188878e-023
1088.400000  -1.642777e-023
1088.600000  -4.572394e-023
1088.800000  -4.428703e-023
1089.000000  -1.849473e-023
1089.200000  -1.335744e-024
1089.400000  -3.896417e-023
1089.600000  -2.702355e-023
1089.800000  -2.444922e-024
1090.000000  -2.075300e-023
1090.200000  -3.883633e-023
1090.400000  -2.817859e-023
1090.600000  -1.411059e-023
1090.800000  -4.872723e-023
1091.000000  -6.217265e-023
1091.200000  -4.715463e-023
1091.400000  -4.472845e-023
1091.600000  -6.951797e-023
1091.800000  -4.382881e-023
1092.000000  -1.226594e-023
1092.200000  -3.065485e-023
1092.400000  -6.957501e-023
1092.600000  -5.192034e-023
1092.800000  -3.530506e-023
1093.000000  -5.971944e-023
1093.200000  -5.821789e-023
1093.400000  -3.759211e-023
1093.600000  -5.107712e-023
1093.800000  -8.712904e-023
1094.000000  -8.117404e-023
1094.200000  -5.035466e-023
1094.400000  -4.394539e-023
1094.600000  -4.975378e-023
1094.800000  -2.820603e-023
1095.000000  -5.217137e-024
1095.200000  -3.553026e-023
1095.400000  -3.376611e-023
1095.600000  -9.530798e-024
1095.800000  -2.852396e-023
1096.000000  -6.158732e-023
1096.200000  -5.477386e-023
1096.400000  -1.797369e-023
1096.600000  -2.439446e-023
1096.800000  -4.086937e-023
1097.000000  -3.481110e-023
1097.200000  -3.234944e-023
1097.400000  -6.342120e-023
1097.600000  -6.092006e-023
1097.800000  -4.094053e-023
1098.000000  -4.847336e-023
1098.200000  -8.911517e-023
1098.400000  -8.218583e-023
1098.600000  -4.842890e-023
1098.800000  -5.431699e-023
1099.000000  -6.177056e-023
1099.200000  -5.004842e-023
1099.400000  -4.165352e-023
1099.600000  -7.303146e-023
1099.800000  -6.227426e-023
1100.000000  -4.494529e-023
1100.200000  -6.219883e-023
1100.400000  -8.129584e-023
1100.600000  -4.161272e-023
1100.800000  -5.209364e-024
1101.000000  -2.269053e-023
1101.200000  -3.760180e-023
1101.400000  -2.256251e-023
1101.600000  -3.170070e-023
1101.800000  -4.789936e-023
1102.000000  -3.346949e-023
1102.200000  -2.330927e-024
1102.400000  -3.386598e-023
1102.600000  -6.121740e-023
1102.800000  -3.598397e-023
1103.000000  -1.476915e-023
1103.200000  -3.876324e-023
1103.400000  -3.930449e-023
1103.600000  -1.848774e-023
1103.800000  -1.264789e-023
1104.000000  -5.600906e-023
1104.200000  -5.786533e-023
1104.400000  -4.138745e-023
1104.600000  -5.877056e-023
1104.800000  -7.239349e-023
1105.000000  -4.139059e-023
1105.200000  -2.176377e-023
1105.400000  -7.674667e-023
1105.600000  -8.870541e-023
1105.800000  -5.179260e-023
1106.000000  -3.136362e-023
1106.200000  -5.626917e-023
1106.400000  -4.092420e-023
1106.600000  -1.414713e-023
1106.800000  -2.511165e-023
1107.000000  -5.007983e-023
1107.200000  -3.539720e-023
1107.400000  -2.578235e-023
1107.600000  -4.912431e-023
1107.800000  -4.860196e-023
1108.000000  -1.730279e-023
1108.200000  -1.989126e-023
1108.400000  -4.824751e-023
1108.600000  -4.031050e-023
1108.800000  -1.515589e-023
1109.000000  -3.195798e-023
1109.200000  -4.505963e-023
1109.400000  -1.815377e-023
1109.600000  -9.111606e-024
1109.800000  -4.275438e-023
1110.000000  -4.972397e-023
1110.200000  -3.328759e-023
1110.400000  -3.998642e-023
1110.600000  -5.654989e-023
1110.800000  -2.443747e-023
1111.000000  4.671637e-024
1111.200000  -2.037265e-023
1111.400000  -3.939591e-023
1111.600000  -1.853616e-023
1111.800000  -7.407194e-024
1112.000000  -4.215794e-023
1112.200000  -4.610469e-023
1112.400000  -2.343454e-023
1112.600000  -2.844050e-023
1112.800000  -5.817388e-023
1113.000000  -4.807148e-023
1113.200000  -3.908561e-023
1113.400000  -6.482971e-023
1113.600000  -6.872967e-023
1113.800000  -4.730029e-023
1114.000000  -4.790097e-023
1114.200000  -8.694980e-023
1114.400000  -7.401084e-023
1114.600000  -3.858130e-023
1114.800000  -3.160813e-023
1115.000000  -5.209886e-023
1115.200000  -3.995285e-023
1115.400000  -1.922329e-023
1115.600000  -4.695667e-023
1115.800000  -5.191135e-023
1116.000000  -2.337283e-023
1116.200000  -7.780474e-024
1116.400000  -2.205443e-023
1116.600000  -1.028446e-023
1116.800000  1.382506e-023
1117.000000  -1.449183e-023
1117.200000  -3.774963e-023
1117.400000  -2.218789e-023
1117.600000  -1.064031e-024
1117.800000  -2.466478e-023
1118.000000  -2.282673e-023
1118.200000  8.390969e-024
1118.400000  6.632428e-024
1118.600000  -2.521071e-023
1118.800000  -1.886138e-023
1119.000000  4.217582e-024
1119.200000  -1.298392e-023
1119.400000  -2.196095e-023
1119.600000  -1.008866e-023
1119.800000  -1.196142e-023
1120.000000  -3.870267e-023
1120.200000  -2.809623e-023
1120.400000  5.914098e-024
1120.600000  -6.846782e-024
1120.800000  -5.002388e-023
1121.000000  -2.206293e-023
1121.200000  1.257484e-023
1121.400000  -1.090584e-023
1121.600000  -2.622115e-023
1121.800000  -1.106137e-023
1122.000000  -3.473329e-024
1122.200000  -4.240029e-023
1122.400000  -3.520454e-023
1122.600000  1.880212e-023
1122.800000  2.109270e-023
1123.000000  -1.007455e-023
1123.200000  -2.389278e-023
1123.400000  1.324783e-023
1123.600000  3.939121e-024
1123.800000  -1.822222e-023
1124.000000  -1.043665e-023
1124.200000  -2.066747e-025
1124.400000  -2.246650e-023
1124.600000  -1.642960e-023
1124.800000  2.513949e-024
1125.000000  -1.045815e-024
1125.200000  5.315638e-024
1125.400000  4.925601e-023
1125.600000  6.404372e-023
1125.800000  1.067413e-023
1126.000000  -1.158683e-023
1126.200000  1.891260e-023
1126.400000  2.232130e-023
1126.600000  -2.963892e-023
1126.800000  -5.560918e-023
1127.000000  -4.387927e-023
1127.200000  -5.276096e-023
1127.400000  -8.043523e-023
1127.600000  -4.368039e-023
1127.800000  -1.328778e-023
1128.000000  -2.316118e-023
1128.200000  -3.751035e-023
1128.400000  8.709543e-024
1128.600000  2.766104e-023
1128.800000  8.087442e-024
1129.000000  6.468730e-024
1129.200000  1.377012e-023
1129.400000  6.255730e-024
1129.600000  1.252065e-023
1129.800000  3.134491e-023
1130.000000  3.543539e-023
1130.200000  -2.902101e-023
1130.400000  -4.698035e-023
1130.600000  -2.588576e-023
1130.800000  -2.044376e-023
1131.000000  -4.529241e-023
1131.200000  -3.194949e-023
1131.400000  -5.068407e-024
1131.600000  -1.206555e-023
1131.800000  -3.242201e-023
1132.000000  -1.649530e-023
1132.200000  -9.347898e-026
1132.400000  -3.398647e-023
1132.600000  -3.922336e-023
1132.800000  -1.456694e-023
1133.000000  3.687578e-024
1133.200000  -1.576163e-023
1133.400000  1.481502e-023
1133.600000  5.228114e-023
1133.800000  5.122003e-023
1134.000000  3.627534e-023
1134.200000  4.914803e-023
1134.400000  7.845970e-023
1134.600000  8.173286e-023
1134.800000  8.947621e-023
1135.000000  9.099911e-023
1135.200000  5.610462e-023
1135.400000  1.521861e-024
1135.600000  -1.761274e-023
1135.800000  1.536378e-023
1136.000000  4.426213e-024
1136.200000  -2.573080e-023
1136.400000  -3.358359e-023
1136.600000  -3.562863e-023
1136.800000  -6.615068e-023
1137.000000  -5.854381e-023
1137.200000  -1.521815e-023
1137.400000  -1.984548e-023
1137.600000  -5.236224e-023
1137.800000  -4.263281e-023
1138.000000  -1.546291e-023
1138.200000  -2.530913e-023
1138.400000  -2.815046e-023
1138.600000  -3.302783e-024
1138.800000  3.124897e-024
1139.000000  -2.559662e-023
1139.200000  -2.101517e-023
1139.400000  1.186994e-023
1139.600000  1.175194e-023
1139.800000  -7.709875e-024
1140.000000  1.130117e-023
1140.200000  3.191900e-023
1140.400000  1.540665e-023
1140.600000  1.734894e-023
1140.800000  5.582695e-023
1141.000000  6.362674e-023
1141.200000  1.816812e-023
1141.400000  1.667657e-023
1141.600000  4.509036e-023
1141.800000  3.155942e-023
1142.000000  4.023433e-024
1142.200000  1.668692e-023
1142.400000  2.910461e-023
1142.600000  2.116790e-024
1142.800000  -5.945837e-024
1143.000000  2.125330e-023
1143.200000  2.298966e-023
1143.400000  -8.909821e-024
1143.600000  -9.809946e-025
1143.800000  2.649214e-025
1144.000000  -1.303405e-023
1144.200000  -2.492499e-023
1144.400000  1.155982e-023
1144.600000  1.696338e-023
1144.800000  -2.379884e-023
1145.000000  -3.111499e-023
1145.200000  -1.681043e-023
1145.400000  -9.214425e-024
1145.600000  -4.165698e-023
1145.800000  -4.292112e-023
1146.000000  -1.634030e-023
1146.200000  -2.675708e-023
1146.400000  -2.251549e-023
1146.600000  1.813871e-023
1146.800000  3.668013e-023
1147.000000  1.837038e-024
1147.200000  7.505259e-024
1147.400000  3.833278e-023
1147.600000  3.948863e-023
1147.800000  -2.804996e-025
1148.000000  6.129439e-024
1148.200000  3.698958e-023
1148.400000  2.449637e-023
1148.600000  2.760640e-023
1148.800000  5.456175e-023
1149.000000  6.238667e-023
1149.200000  7.683200e-024
1149.400000  4.799615e-024
1149.600000  4.836321e-023
1149.800000  4.183138e-023
1150.000000  5.571578e-024
