800.000000  -2.804470e-036
800.200000  -2.804470e-036
800.400000  -2.804470e-036
800.600000  -2.804470e-036
800.800000  -7.520530e-036
801.000000  -7.357205e-036
801.200000  -2.900179e-036
801.400000  -6.926902e-036
801.600000  -1.076612e-035
801.800000  -6.771168e-036
802.000000  -3.393915e-036
802.200000  -9.065640e-036
802.400000  -8.981904e-036
802.600000  -1.920208e-036
802.800000  -4.256124e-036
803.000000  -1.046419e-035
803.200000  -8.897226e-036
803.400000  -4.923890e-036
803.600000  -1.228549e-035
803.800000  -1.661551e-035
804.000000  -1.263411e-035
804.200000  -8.670903e-036
804.400000  -1.622940e-035
804.600000  -1.659255e-035
804.800000  -7.373945e-036
805.000000  -7.630281e-036
805.200000  -1.891587e-035
805.400000  -1.238077e-035
805.600000  -2.398300e-036
805.800000  -7.876071e-036
806.000000  -1.582773e-035
806.200000  -4.432628e-036
806.400000  -1.689955e-038
806.600000  -1.309602e-035
806.800000  -1.463884e-035
807.000000  -9.378534e-037
807.200000  -5.763285e-036
807.400000  -2.187013e-035
807.600000  -1.916672e-035
807.800000  -3.114453e-036
808.000000  -1.923167e-035
808.200000  -3.470160e-035
808.400000  -1.800225e-035
808.600000  -1.434355e-035
808.800000  -2.604264e-035
809.000000  -1.766877e-035
809.200000  7.048365e-036
809.400000  -1.025036e-035
809.600000  -3.460783e-035
809.800000  -2.457384e-035
810.000000  -1.199325e-035
810.200000  -3.737040e-035
810.400000  -4.009523e-035
810.600000  -4.822896e-036
810.800000  1.420784e-035
811.000000  -2.231261e-035
811.200000  -5.999025e-036
811.400000  2.295660e-035
811.600000  -1.134070e-036
811.800000  -3.008059e-035
812.000000  -8.654709e-037
812.200000  1.502199e-035
812.400000  -3.194594e-035
812.600000  -5.491332e-035
812.800000  -2.268023e-036
813.000000  -6.812793e-037
813.200000  -4.490009e-035
813.400000  -6.162834e-035
813.600000  -4.230808e-035
813.800000  -9.909628e-035
814.000000  -1.553691e-034
814.200000  -8.238464e-035
814.400000  -4.640937e-035
814.600000  -1.115763e-034
814.800000  -1.190239e-034
815.000000  -1.510530e-035
815.200000  -1.536707e-035
815.400000  -8.799160e-035
815.600000  -3.930117e-035
815.800000  3.775547e-035
816.000000  1.429909e-035
816.200000  -7.482331e-035
816.400000  2.642636e-035
816.600000  7.718489e-035
816.800000  -2.190524e-035
817.000000  -4.490404e-035
817.200000  4.117714e-035
817.400000  3.800962e-035
817.600000  -9.952155e-035
817.800000  -6.707427e-035
818.000000  3.401156e-036
818.200000  -9.577388e-035
818.400000  -2.268672e-034
818.600000  -4.932328e-035
818.800000  -5.056421e-035
819.000000  -2.096831e-034
819.200000  -2.920260e-034
819.400000  -1.346387e-034
819.600000  -8.259560e-035
819.800000  -2.383734e-034
820.000000  -2.148808e-034
820.200000  -1.765867e-035
820.400000  -1.614883e-034
820.600000  -2.222230e-034
820.800000  2.391079e-035
821.000000  1.663347e-034
821.200000  -8.151271e-035
821.400000  -9.889088e-035
821.600000  1.552385e-034
821.800000  -9.836390e-036
822.000000  -2.739682e-034
822.200000  -2.557343e-035
822.400000  2.423005e-034
822.600000  -1.027540e-035
822.800000  -2.684913e-034
823.000000  -8.569657e-035
823.200000  -2.227194e-034
823.400000  -5.665335e-034
823.600000  -6.111113e-034
823.800000  -2.261121e-034
824.000000  -5.352831e-034
824.200000  -1.015636e-033
824.400000  -7.452791e-034
824.600000  -2.976382e-034
824.800000  -5.942285e-034
825.000000  -8.054226e-034
825.200000  -2.621723e-034
825.400000  1.331898e-034
825.600000  -3.287973e-034
825.800000  -1.259654e-034
826.000000  5.077819e-034
826.200000  3.190571e-034
826.400000  -4.706432e-034
826.600000  1.144040e-034
826.800000  7.885825e-034
827.000000  1.642803e-034
827.200000  -1.744375e-034
827.400000  2.330168e-034
827.600000  -9.281916e-035
827.800000  -1.304013e-033
828.000000  -1.349572e-033
828.200000  -5.406642e-034
828.400000  -5.559097e-034
828.600000  -1.467844e-033
828.800000  -3.860451e-034
829.000000  -1.993574e-035
829.200000  -1.201998e-033
829.400000  -1.382360e-033
829.600000  -2.969156e-034
829.800000  -4.345700e-034
830.000000  -1.882518e-033
830.200000  -1.495333e-033
830.400000  -4.671635e-034
830.600000  -6.987627e-034
830.800000  -1.546526e-033
831.000000  3.313559e-034
831.200000  1.339191e-033
831.400000  -6.287006e-034
831.600000  -1.902339e-033
831.800000  -4.417089e-034
832.000000  -1.199040e-033
832.200000  -3.037841e-033
832.400000  -2.493902e-033
832.600000  5.290531e-034
832.800000  -2.105015e-034
833.000000  -1.633134e-033
833.200000  8.409068e-034
833.400000  2.415896e-033
833.600000  -4.647121e-034
833.800000  -1.114898e-033
834.000000  1.070279e-033
834.200000  -3.508120e-034
834.400000  -4.259107e-033
834.600000  -2.860867e-033
834.800000  -9.207680e-034
835.000000  -2.837410e-033
835.200000  -3.692346e-033
835.400000  1.445876e-033
835.600000  2.295565e-033
835.800000  -1.402789e-033
836.000000  -6.534973e-034
836.200000  3.271397e-033
836.400000  1.141263e-034
836.600000  -2.946180e-033
836.800000  2.343196e-034
837.000000  2.605753e-033
837.200000  -4.867747e-033
837.400000  -8.023869e-033
837.600000  -2.181198e-033
837.800000  4.939810e-034
838.000000  -5.146882e-033
838.200000  -5.323437e-033
838.400000  2.032590e-033
838.600000  -2.488267e-033
838.800000  -7.084204e-033
839.000000  -2.323806e-033
839.200000  2.718026e-033
839.400000  -3.003434e-033
839.600000  -4.976285e-033
839.800000  4.623786e-033
840.000000  5.341471e-033
840.200000  -2.819272e-033
840.400000  1.070840e-033
840.600000  1.006309e-032
840.800000  7.112516e-033
841.000000  -2.781356e-033
841.200000  3.813345e-033
841.400000  9.261277e-033
841.600000  -2.087105e-033
841.800000  -5.111487e-033
842.000000  3.551247e-033
842.200000  2.986543e-033
842.400000  -1.101350e-032
842.600000  -9.927274e-033
842.800000  2.481741e-033
843.000000  -6.348548e-033
843.200000  -1.875519e-032
843.400000  -8.076122e-033
843.600000  -3.642760e-033
843.800000  -1.787243e-032
844.000000  -1.821452e-032
844.200000  1.119403e-032
844.400000  1.819940e-032
844.600000  -9.351381e-035
844.800000  2.437552e-033
845.000000  2.316018e-032
845.200000  5.125860e-033
845.400000  -1.496566e-032
845.600000  1.111031e-034
845.800000  6.079340e-033
846.000000  -1.814464e-032
846.200000  -2.103784e-032
846.400000  1.327323e-032
846.600000  5.916613e-033
846.800000  -2.514914e-032
847.000000  -2.052938e-032
847.200000  5.629065e-033
847.400000  -1.926973e-032
847.600000  -4.100089e-032
847.800000  -6.287032e-033
848.000000  4.503601e-033
848.200000  -2.210139e-032
848.400000  -3.208969e-032
848.600000  1.227659e-032
848.800000  7.922581e-033
849.000000  -2.083950e-032
849.200000  1.093827e-032
849.400000  4.939074e-032
849.600000  1.660207e-032
849.800000  -8.057332e-033
850.000000  4.559990e-032
850.200000  4.994872e-032
850.400000  -1.136694e-032
850.600000  -2.830290e-033
850.800000  5.019502e-032
851.000000  1.341209e-032
851.200000  -8.725215e-032
851.400000  -3.844143e-032
851.600000  3.043920e-032
851.800000  -3.075741e-032
852.000000  -6.705419e-032
852.200000  2.358341e-032
852.400000  5.564318e-032
852.600000  -4.743817e-032
852.800000  -5.368031e-032
853.000000  4.482226e-032
853.200000  -1.591348e-032
853.400000  -9.661462e-032
853.600000  -4.692296e-032
853.800000  5.059855e-033
854.000000  -8.546570e-032
854.200000  -1.160346e-031
854.400000  3.956360e-032
854.600000  5.915319e-032
854.800000  -1.218292e-032
855.000000  -2.428827e-033
855.200000  1.278250e-031
855.400000  9.504077e-032
855.600000  3.279508e-032
855.800000  1.185718e-031
856.000000  1.748616e-031
856.200000  2.289120e-032
856.400000  -1.426519e-031
856.600000  4.355166e-032
856.800000  2.579681e-032
857.000000  -1.123004e-031
857.200000  -2.241733e-032
857.400000  1.904724e-031
857.600000  1.749573e-033
857.800000  -2.591672e-031
858.000000  -1.381531e-031
858.200000  -1.095169e-031
858.400000  -2.512967e-031
858.600000  -3.143130e-031
858.800000  2.017917e-032
859.000000  -3.071432e-032
859.200000  -3.070071e-031
859.400000  -1.392790e-031
859.600000  2.465735e-031
859.800000  1.316063e-031
860.000000  -1.398706e-031
860.200000  2.694851e-031
860.400000  2.902635e-031
860.600000  -1.432653e-032
860.800000  -1.662213e-031
861.000000  2.272087e-031
861.200000  5.051253e-032
861.400000  -3.487516e-031
861.600000  -1.352360e-031
861.800000  2.215641e-031
862.000000  -1.150584e-031
862.200000  -4.388061e-031
862.400000  1.310080e-031
862.600000  6.811328e-032
862.800000  -5.223627e-031
863.000000  -3.268989e-031
863.200000  3.563288e-031
863.400000  2.997608e-031
863.600000  -2.861646e-031
863.800000  -5.127752e-032
864.000000  3.606764e-031
864.200000  -2.757245e-031
864.400000  -4.950291e-031
864.600000  3.016639e-031
864.800000  3.876618e-031
865.000000  -3.771478e-031
865.200000  -5.410513e-031
865.400000  4.202399e-031
865.600000  3.345365e-031
865.800000  -4.880690e-031
866.000000  3.673171e-031
866.200000  1.048159e-030
866.400000  4.574178e-031
866.600000  -3.588376e-032
866.800000  9.906781e-031
867.000000  1.344230e-030
867.200000  5.010165e-031
867.400000  5.718145e-031
867.600000  1.624942e-030
867.800000  9.340912e-031
868.000000  -7.311310e-031
868.200000  -1.051043e-031
868.400000  2.766200e-031
868.600000  -1.239625e-030
868.800000  -2.313143e-030
869.000000  -3.634875e-031
869.200000  -3.774212e-032
869.400000  -9.540679e-031
869.600000  -1.881082e-031
869.800000  1.984064e-030
870.000000  1.464524e-030
870.200000  2.101550e-031
870.400000  1.615103e-030
870.600000  2.536262e-030
870.800000  5.267905e-031
871.000000  1.414596e-031
871.200000  2.172265e-030
871.400000  1.535606e-030
871.600000  4.571083e-031
871.800000  6.221743e-031
872.000000  3.380842e-030
872.200000  1.451988e-030
872.400000  1.359756e-031
872.600000  2.395149e-030
872.800000  4.049858e-030
873.000000  1.355274e-030
873.200000  2.644710e-031
873.400000  4.402208e-030
873.600000  4.891396e-030
873.800000  1.392115e-030
874.000000  4.293514e-030
874.200000  7.440034e-030
874.400000  4.059370e-030
874.600000  1.252504e-030
874.800000  4.052232e-030
875.000000  7.381397e-030
875.200000  2.482726e-030
875.400000  9.340062e-031
875.600000  3.338165e-030
875.800000  1.508122e-030
876.000000  -3.403596e-030
876.200000  -8.936909e-031
876.400000  4.581608e-030
876.600000  4.767046e-030
876.800000  2.849364e-030
877.000000  9.855926e-030
877.200000  1.063492e-029
877.400000  5.596850e-030
877.600000  4.572900e-030
877.800000  1.103540e-029
878.000000  8.778432e-030
878.200000  2.798666e-030
878.400000  1.078790e-029
878.600000  1.812572e-029
878.800000  1.334848e-029
879.000000  1.026051e-029
879.200000  1.912277e-029
879.400000  2.112935e-029
879.600000  1.124184e-029
879.800000  1.077559e-029
880.000000  2.104085e-029
880.200000  1.492411e-029
880.400000  6.250971e-030
880.600000  1.460193e-029
880.800000  2.516146e-029
881.000000  1.683288e-029
881.200000  9.667091e-030
881.400000  1.914031e-029
881.600000  2.472180e-029
881.800000  7.101581e-030
882.000000  1.615813e-029
882.200000  3.871136e-029
882.400000  3.810823e-029
882.600000  2.755718e-029
882.800000  4.156381e-029
883.000000  5.514366e-029
883.200000  4.023767e-029
883.400000  3.677904e-029
883.600000  5.821678e-029
883.800000  7.056935e-029
884.000000  4.942005e-029
884.200000  6.652477e-029
884.400000  8.304648e-029
884.600000  7.332707e-029
884.800000  4.931161e-029
885.000000  5.444121e-029
885.200000  6.374891e-029
885.400000  4.171948e-029
885.600000  4.870499e-029
885.800000  7.789882e-029
886.000000  8.347376e-029
886.200000  6.961219e-029
886.400000  9.340388e-029
886.600000  1.308335e-028
886.800000  1.340957e-028
887.000000  1.228576e-028
887.200000  1.587245e-028
887.400000  1.800666e-028
887.600000  1.460853e-028
887.800000  1.462694e-028
888.000000  1.806575e-028
888.200000  1.905482e-028
888.400000  1.567266e-028
888.600000  2.019449e-028
888.800000  2.543361e-028
889.000000  2.469295e-028
889.200000  2.342047e-028
889.400000  2.924322e-028
889.600000  3.158854e-028
889.800000  2.756671e-028
890.000000  2.825982e-028
890.200000  3.567923e-028
890.400000  3.510139e-028
890.600000  2.830896e-028
890.800000  3.314485e-028
891.000000  4.140492e-028
891.200000  3.842956e-028
891.400000  3.668559e-028
891.600000  4.828655e-028
891.800000  5.415285e-028
892.000000  5.096727e-028
892.200000  5.268458e-028
892.400000  6.633547e-028
892.600000  6.376225e-028
892.800000  5.823747e-028
893.000000  6.498854e-028
893.200000  7.581836e-028
893.400000  7.627185e-028
893.600000  7.622661e-028
893.800000  9.423577e-028
894.000000  1.025710e-027
894.200000  9.489918e-028
894.400000  9.460281e-028
894.600000  1.060961e-027
894.800000  1.037983e-027
895.000000  9.563517e-028
895.200000  1.074897e-027
895.400000  1.253455e-027
895.600000  1.173103e-027
895.800000  1.130651e-027
896.000000  1.357787e-027
896.200000  1.457088e-027
896.400000  1.346323e-027
896.600000  1.449163e-027
896.800000  1.624594e-027
897.000000  1.540665e-027
897.200000  1.505170e-027
897.400000  1.719563e-027
897.600000  2.038634e-027
897.800000  2.062358e-027
898.000000  2.104181e-027
898.200000  2.434112e-027
898.400000  2.515364e-027
898.600000  2.322339e-027
898.800000  2.421140e-027
899.000000  2.575980e-027
899.200000  2.464702e-027
899.400000  2.389074e-027
899.600000  2.701367e-027
899.800000  3.008559e-027
900.000000  2.798358e-027
900.200000  2.827245e-027
900.400000  3.228887e-027
900.600000  3.419540e-027
900.800000  3.362536e-027
901.000000  3.739495e-027
901.200000  4.184254e-027
901.400000  4.258444e-027
901.600000  4.352782e-027
901.800000  5.015841e-027
902.000000  5.291260e-027
902.200000  5.094047e-027
902.400000  5.262395e-027
902.600000  5.958904e-027
902.800000  6.077690e-027
903.000000  5.830712e-027
903.200000  6.406704e-027
903.400000  7.232549e-027
903.600000  7.353312e-027
903.800000  7.203612e-027
904.000000  8.115749e-027
904.200000  8.817977e-027
904.400000  8.485611e-027
904.600000  8.645710e-027
904.800000  9.449624e-027
905.000000  9.774087e-027
905.200000  9.474243e-027
905.400000  1.020479e-026
905.600000  1.125315e-026
905.800000  1.119820e-026
906.000000  1.113866e-026
906.200000  1.257392e-026
906.400000  1.338280e-026
906.600000  1.351380e-026
906.800000  1.429722e-026
907.000000  1.588125e-026
907.200000  1.645153e-026
907.400000  1.642993e-026
907.600000  1.787878e-026
907.800000  1.952266e-026
908.000000  1.968715e-026
908.200000  1.990027e-026
908.400000  2.185726e-026
908.600000  2.259647e-026
908.800000  2.167139e-026
909.000000  2.304689e-026
909.200000  2.592158e-026
909.400000  2.696258e-026
909.600000  2.748938e-026
909.800000  3.003781e-026
910.000000  3.306898e-026
910.200000  3.361614e-026
910.400000  3.504820e-026
910.600000  3.917605e-026
910.800000  4.128750e-026
911.000000  4.201246e-026
911.200000  4.507509e-026
911.400000  4.998468e-026
911.600000  5.246073e-026
911.800000  5.441633e-026
912.000000  5.918728e-026
912.200000  6.461482e-026
912.400000  6.706204e-026
912.600000  7.036388e-026
912.800000  7.678856e-026
913.000000  8.162548e-026
913.200000  8.463602e-026
913.400000  9.076130e-026
913.600000  9.893150e-026
913.800000  1.031740e-025
914.000000  1.079300e-025
914.200000  1.170696e-025
914.400000  1.255572e-025
914.600000  1.312951e-025
914.800000  1.392776e-025
915.000000  1.529528e-025
915.200000  1.642198e-025
915.400000  1.720221e-025
915.600000  1.856210e-025
915.800000  2.052151e-025
916.000000  2.183857e-025
916.200000  2.341783e-025
916.400000  2.559798e-025
916.600000  2.781228e-025
916.800000  2.965173e-025
917.000000  3.208702e-025
917.200000  3.499788e-025
917.400000  3.791484e-025
917.600000  4.063501e-025
917.800000  4.418475e-025
918.000000  4.767441e-025
918.200000  5.072035e-025
918.400000  5.335161e-025
918.600000  5.676662e-025
918.800000  6.032540e-025
919.000000  6.249799e-025
919.200000  6.510632e-025
919.400000  6.813417e-025
919.600000  7.069759e-025
919.800000  7.262491e-025
920.000000  7.507912e-025
920.200000  7.784575e-025
920.400000  7.987963e-025
920.600000  8.202095e-025
920.800000  8.560487e-025
921.000000  8.879134e-025
921.200000  9.074006e-025
921.400000  9.353152e-025
921.600000  9.753674e-025
921.800000  1.009216e-024
922.000000  1.041737e-024
922.200000  1.089036e-024
922.400000  1.131862e-024
922.600000  1.153907e-024
922.800000  1.173071e-024
923.000000  1.202662e-024
923.200000  1.222184e-024
923.400000  1.232152e-024
923.600000  1.251767e-024
923.800000  1.289428e-024
924.000000  1.305494e-024
924.200000  1.318852e-024
924.400000  1.352359e-024
924.600000  1.379091e-024
924.800000  1.388123e-024
925.000000  1.412441e-024
925.200000  1.461189e-024
925.400000  1.496813e-024
925.600000  1.513702e-024
925.800000  1.543400e-024
926.000000  1.595501e-024
926.200000  1.622692e-024
926.400000  1.638691e-024
926.600000  1.692467e-024
926.800000  1.743472e-024
927.000000  1.765217e-024
927.200000  1.805353e-024
927.400000  1.873674e-024
927.600000  1.913122e-024
927.800000  1.944068e-024
928.000000  1.999595e-024
928.200000  2.082431e-024
928.400000  2.122314e-024
928.600000  2.154837e-024
928.800000  2.230798e-024
929.000000  2.290490e-024
929.200000  2.332057e-024
929.400000  2.393538e-024
929.600000  2.505355e-024
929.800000  2.576636e-024
930.000000  2.621894e-024
930.200000  2.707777e-024
930.400000  2.815576e-024
930.600000  2.877272e-024
930.800000  2.946305e-024
931.000000  3.061731e-024
931.200000  3.154162e-024
931.400000  3.183441e-024
931.600000  3.258870e-024
931.800000  3.385783e-024
932.000000  3.469963e-024
932.200000  3.529057e-024
932.400000  3.650178e-024
932.600000  3.779147e-024
932.800000  3.850214e-024
933.000000  3.912003e-024
933.200000  4.073297e-024
933.400000  4.211634e-024
933.600000  4.277035e-024
933.800000  4.402002e-024
934.000000  4.584505e-024
934.200000  4.683116e-024
934.400000  4.781147e-024
934.600000  4.939792e-024
934.800000  5.092850e-024
935.000000  5.111192e-024
935.200000  5.151033e-024
935.400000  5.353855e-024
935.600000  5.482423e-024
935.800000  5.519068e-024
936.000000  5.600802e-024
936.200000  5.761576e-024
936.400000  5.808703e-024
936.600000  5.772889e-024
936.800000  5.905975e-024
937.000000  6.049801e-024
937.200000  6.079530e-024
937.400000  6.116762e-024
937.600000  6.331810e-024
937.800000  6.518278e-024
938.000000  6.651520e-024
938.200000  6.951671e-024
938.400000  7.286671e-024
938.600000  7.527609e-024
938.800000  7.777351e-024
939.000000  8.300632e-024
939.200000  8.829983e-024
939.400000  9.173512e-024
939.600000  9.653925e-024
939.800000  1.029937e-023
940.000000  1.085168e-023
940.200000  1.128101e-023
940.400000  1.188333e-023
940.600000  1.261337e-023
940.800000  1.309281e-023
941.000000  1.352604e-023
941.200000  1.423136e-023
941.400000  1.496623e-023
941.600000  1.538224e-023
941.800000  1.584389e-023
942.000000  1.664132e-023
942.200000  1.712892e-023
942.400000  1.741438e-023
942.600000  1.792951e-023
942.800000  1.867988e-023
943.000000  1.902999e-023
943.200000  1.942467e-023
943.400000  2.016917e-023
943.600000  2.069097e-023
943.800000  2.084898e-023
944.000000  2.123996e-023
944.200000  2.212640e-023
944.400000  2.265430e-023
944.600000  2.295527e-023
944.800000  2.366477e-023
945.000000  2.463215e-023
945.200000  2.524013e-023
945.400000  2.569443e-023
945.600000  2.662949e-023
945.800000  2.743477e-023
946.000000  2.783469e-023
946.200000  2.848126e-023
946.400000  2.953748e-023
946.600000  3.011469e-023
946.800000  3.039242e-023
947.000000  3.137431e-023
947.200000  3.259965e-023
947.400000  3.316116e-023
947.600000  3.370163e-023
947.800000  3.495993e-023
948.000000  3.610465e-023
948.200000  3.669123e-023
948.400000  3.773809e-023
948.600000  3.951972e-023
948.800000  4.035515e-023
949.000000  4.086634e-023
949.200000  4.246841e-023
949.400000  4.426506e-023
949.600000  4.509507e-023
949.800000  4.614980e-023
950.000000  4.815338e-023
950.200000  4.983986e-023
950.400000  5.058864e-023
950.600000  5.207900e-023
950.800000  5.423369e-023
951.000000  5.560266e-023
951.200000  5.659386e-023
951.400000  5.881614e-023
951.600000  6.149484e-023
951.800000  6.283572e-023
952.000000  6.468298e-023
952.200000  6.807032e-023
952.400000  7.073165e-023
952.600000  7.208486e-023
952.800000  7.498025e-023
953.000000  7.872984e-023
953.200000  8.072594e-023
953.400000  8.200727e-023
953.600000  8.538021e-023
953.800000  8.930798e-023
954.000000  9.171232e-023
954.200000  9.398448e-023
954.400000  9.851169e-023
954.600000  1.018597e-022
954.800000  1.039977e-022
955.000000  1.072063e-022
955.200000  1.118648e-022
955.400000  1.149158e-022
955.600000  1.174444e-022
955.800000  1.228665e-022
956.000000  1.280522e-022
956.200000  1.309630e-022
956.400000  1.347152e-022
956.600000  1.400015e-022
956.800000  1.443565e-022
957.000000  1.469318e-022
957.200000  1.531687e-022
957.400000  1.602490e-022
957.600000  1.657909e-022
957.800000  1.706954e-022
958.000000  1.792030e-022
958.200000  1.868070e-022
958.400000  1.912505e-022
958.600000  1.972778e-022
958.800000  2.075402e-022
959.000000  2.148863e-022
959.200000  2.196912e-022
959.400000  2.281044e-022
959.600000  2.375549e-022
959.800000  2.436396e-022
960.000000  2.497234e-022
960.200000  2.595306e-022
960.400000  2.686896e-022
960.600000  2.741265e-022
960.800000  2.815983e-022
961.000000  2.923127e-022
961.200000  2.989776e-022
961.400000  3.003260e-022
961.600000  3.078531e-022
961.800000  3.183310e-022
962.000000  3.235470e-022
962.200000  3.281531e-022
962.400000  3.387756e-022
962.600000  3.482302e-022
962.800000  3.549998e-022
963.000000  3.748565e-022
963.200000  4.485976e-022
963.400000  5.584179e-022
963.600000  6.506742e-022
963.800000  6.402895e-022
964.000000  5.539191e-022
964.200000  4.825991e-022
964.400000  4.417043e-022
964.600000  4.396292e-022
964.800000  4.458564e-022
965.000000  4.495555e-022
965.200000  4.589395e-022
965.400000  4.744603e-022
965.600000  4.839191e-022
965.800000  4.904562e-022
966.000000  5.068249e-022
966.200000  5.233684e-022
966.400000  5.286608e-022
966.600000  5.349275e-022
966.800000  5.523687e-022
967.000000  5.657688e-022
967.200000  5.689720e-022
967.400000  5.797947e-022
967.600000  5.972885e-022
967.800000  5.997429e-022
968.000000  6.033390e-022
968.200000  6.204146e-022
968.400000  6.372750e-022
968.600000  6.385674e-022
968.800000  6.387555e-022
969.000000  6.533239e-022
969.200000  6.582611e-022
969.400000  6.485391e-022
969.600000  6.513792e-022
969.800000  6.672320e-022
970.000000  6.642772e-022
970.200000  6.595937e-022
970.400000  6.763644e-022
970.600000  6.920436e-022
970.800000  6.844263e-022
971.000000  6.906079e-022
971.200000  7.119031e-022
971.400000  7.256261e-022
971.600000  7.231761e-022
971.800000  7.449514e-022
972.000000  7.712943e-022
972.200000  7.732993e-022
972.400000  7.807665e-022
972.600000  8.132169e-022
972.800000  8.437757e-022
973.000000  8.574821e-022
973.200000  8.871404e-022
973.400000  9.440906e-022
973.600000  9.765486e-022
973.800000  9.817938e-022
974.000000  1.021379e-021
974.200000  1.078610e-021
974.400000  1.109923e-021
974.600000  1.146024e-021
974.800000  1.233514e-021
975.000000  1.328331e-021
975.200000  1.390198e-021
975.400000  1.495772e-021
975.600000  1.580991e-021
975.800000  1.678425e-021
976.000000  1.784013e-021
976.200000  1.953373e-021
976.400000  2.105031e-021
976.600000  2.276786e-021
976.800000  2.532132e-021
977.000000  2.847908e-021
977.200000  3.121007e-021
977.400000  3.531080e-021
977.600000  4.057455e-021
977.800000  4.621375e-021
978.000000  5.179872e-021
978.200000  5.791488e-021
978.400000  6.358300e-021
978.600000  7.021883e-021
978.800000  7.873767e-021
979.000000  9.023659e-021
979.200000  1.048326e-020
979.400000  1.236097e-020
979.600000  1.452898e-020
979.800000  1.688398e-020
980.000000  1.931004e-020
980.200000  2.103790e-020
980.400000  2.233544e-020
980.600000  2.239149e-020
980.800000  2.013491e-020
981.000000  1.745511e-020
981.200000  1.446162e-020
981.400000  1.248710e-020
981.600000  1.081646e-020
981.800000  9.697984e-021
982.000000  8.449607e-021
982.200000  7.148153e-021
982.400000  6.071419e-021
982.600000  5.247578e-021
982.800000  4.669322e-021
983.000000  4.336982e-021
983.200000  4.163596e-021
983.400000  4.246195e-021
983.600000  4.487978e-021
983.800000  4.850717e-021
984.000000  5.309709e-021
984.200000  5.997662e-021
984.400000  6.655853e-021
984.600000  7.059979e-021
984.800000  7.396999e-021
985.000000  7.596229e-021
985.200000  7.542253e-021
985.400000  7.575692e-021
985.600000  7.732197e-021
985.800000  7.905083e-021
986.000000  7.954344e-021
986.200000  7.968093e-021
986.400000  8.014816e-021
986.600000  7.968259e-021
986.800000  7.722585e-021
987.000000  7.571886e-021
987.200000  7.425009e-021
987.400000  7.209137e-021
987.600000  7.000325e-021
987.800000  6.955955e-021
988.000000  6.902890e-021
988.200000  6.724523e-021
988.400000  6.606943e-021
988.600000  6.625964e-021
988.800000  6.674298e-021
989.000000  6.780110e-021
989.200000  6.975283e-021
989.400000  7.261340e-021
989.600000  7.376080e-021
989.800000  7.473639e-021
990.000000  7.782670e-021
990.200000  8.105614e-021
990.400000  8.199987e-021
990.600000  8.474737e-021
990.800000  8.893947e-021
991.000000  9.148803e-021
991.200000  9.127852e-021
991.400000  9.191309e-021
991.600000  9.210702e-021
991.800000  8.893964e-021
992.000000  8.566489e-021
992.200000  8.362427e-021
992.400000  7.939730e-021
992.600000  7.360741e-021
992.800000  7.065488e-021
993.000000  6.953439e-021
993.200000  6.541344e-021
993.400000  6.007676e-021
993.600000  5.744087e-021
993.800000  5.405336e-021
994.000000  4.980227e-021
994.200000  4.668057e-021
994.400000  4.640566e-021
994.600000  4.576416e-021
994.800000  4.489409e-021
995.000000  4.412545e-021
995.200000  4.353623e-021
995.400000  4.260149e-021
995.600000  4.182806e-021
995.800000  4.127998e-021
996.000000  4.054901e-021
996.200000  3.966186e-021
996.400000  3.884574e-021
996.600000  3.816465e-021
996.800000  3.718105e-021
997.000000  3.613150e-021
997.200000  3.523522e-021
997.400000  3.435540e-021
997.600000  3.330888e-021
997.800000  3.219603e-021
998.000000  3.124613e-021
998.200000  3.029429e-021
998.400000  2.919334e-021
998.600000  2.838476e-021
998.800000  2.765748e-021
999.000000  2.674420e-021
999.200000  2.586599e-021
999.400000  2.520785e-021
999.600000  2.455761e-021
999.800000  2.378563e-021
1000.000000  2.346638e-021
1000.200000  2.300725e-021
1000.400000  2.258434e-021
1000.600000  2.218845e-021
1000.800000  2.189413e-021
1001.000000  2.161784e-021
1001.200000  2.148088e-021
1001.400000  2.131561e-021
1001.600000  2.112195e-021
1001.800000  2.118047e-021
1002.000000  2.105178e-021
1002.200000  2.096031e-021
1002.400000  2.099062e-021
1002.600000  2.101157e-021
1002.800000  2.100433e-021
1003.000000  2.092175e-021
1003.200000  2.096146e-021
1003.400000  2.102009e-021
1003.600000  2.102216e-021
1003.800000  2.101477e-021
1004.000000  2.108301e-021
1004.200000  2.117976e-021
1004.400000  2.103027e-021
1004.600000  2.119351e-021
1004.800000  2.143303e-021
1005.000000  2.146388e-021
1005.200000  2.146621e-021
1005.400000  2.163997e-021
1005.600000  2.172824e-021
1005.800000  2.175940e-021
1006.000000  2.190523e-021
1006.200000  2.213739e-021
1006.400000  2.228384e-021
1006.600000  2.229641e-021
1006.800000  2.240489e-021
1007.000000  2.259996e-021
1007.200000  2.264164e-021
1007.400000  2.284690e-021
1007.600000  2.321624e-021
1007.800000  2.350918e-021
1008.000000  2.358076e-021
1008.200000  2.392288e-021
1008.400000  2.424631e-021
1008.600000  2.450262e-021
1008.800000  2.479815e-021
1009.000000  2.525908e-021
1009.200000  2.554618e-021
1009.400000  2.580468e-021
1009.600000  2.598586e-021
1009.800000  2.646915e-021
1010.000000  2.695337e-021
1010.200000  2.725318e-021
1010.400000  2.754379e-021
1010.600000  2.805974e-021
1010.800000  2.833209e-021
1011.000000  2.862454e-021
1011.200000  2.916260e-021
1011.400000  2.951525e-021
1011.600000  2.972124e-021
1011.800000  3.001609e-021
1012.000000  3.031149e-021
1012.200000  3.060743e-021
1012.400000  3.083490e-021
1012.600000  3.119110e-021
1012.800000  3.166653e-021
1013.000000  3.164836e-021
1013.200000  3.176871e-021
1013.400000  3.217664e-021
1013.600000  3.257543e-021
1013.800000  3.273666e-021
1014.000000  3.288823e-021
1014.200000  3.324899e-021
1014.400000  3.342120e-021
1014.600000  3.350401e-021
1014.800000  3.377652e-021
1015.000000  3.382979e-021
1015.200000  3.382315e-021
1015.400000  3.391652e-021
1015.600000  3.407015e-021
1015.800000  3.405357e-021
1016.000000  3.399677e-021
1016.200000  3.416086e-021
1016.400000  3.442581e-021
1016.600000  3.434895e-021
1016.800000  3.420137e-021
1017.000000  3.434597e-021
1017.200000  3.449082e-021
1017.400000  3.452474e-021
1017.600000  3.459916e-021
1017.800000  3.499773e-021
1018.000000  3.512336e-021
1018.200000  3.518832e-021
1018.400000  3.537524e-021
1018.600000  3.568448e-021
1018.800000  3.585183e-021
1019.000000  3.589722e-021
1019.200000  3.622816e-021
1019.400000  3.654950e-021
1019.600000  3.670796e-021
1019.800000  3.681557e-021
1020.000000  3.728162e-021
1020.200000  3.760509e-021
1020.400000  3.762145e-021
1020.600000  3.800740e-021
1020.800000  3.853794e-021
1021.000000  3.884317e-021
1021.200000  3.899449e-021
1021.400000  3.931098e-021
1021.600000  3.949393e-021
1021.800000  3.952227e-021
1022.000000  3.958164e-021
1022.200000  3.979629e-021
1022.400000  3.990774e-021
1022.600000  3.989495e-021
1022.800000  3.997549e-021
1023.000000  4.018080e-021
1023.200000  4.016810e-021
1023.400000  4.022819e-021
1023.600000  4.051756e-021
1023.800000  4.074487e-021
1024.000000  4.047152e-021
1024.200000  4.017669e-021
1024.400000  4.009042e-021
1024.600000  4.003535e-021
1024.800000  3.965525e-021
1025.000000  3.943171e-021
1025.200000  3.934419e-021
1025.400000  3.917238e-021
1025.600000  3.878976e-021
1025.800000  3.868017e-021
1026.000000  3.846490e-021
1026.200000  3.850241e-021
1026.400000  3.836039e-021
1026.600000  3.860922e-021
1026.800000  3.858335e-021
1027.000000  3.867390e-021
1027.200000  3.906147e-021
1027.400000  3.951344e-021
1027.600000  3.963690e-021
1027.800000  3.968612e-021
1028.000000  4.010795e-021
1028.200000  4.056251e-021
1028.400000  4.082594e-021
1028.600000  4.121795e-021
1028.800000  4.174958e-021
1029.000000  4.236778e-021
1029.200000  4.291218e-021
1029.400000  4.311464e-021
1029.600000  4.339255e-021
1029.800000  4.400382e-021
1030.000000  4.459473e-021
1030.200000  4.492853e-021
1030.400000  4.519831e-021
1030.600000  4.561948e-021
1030.800000  4.595509e-021
1031.000000  4.607530e-021
1031.200000  4.626055e-021
1031.400000  4.654350e-021
1031.600000  4.659947e-021
1031.800000  4.651455e-021
1032.000000  4.693951e-021
1032.200000  4.714796e-021
1032.400000  4.730240e-021
1032.600000  4.721762e-021
1032.800000  4.750306e-021
1033.000000  4.767994e-021
1033.200000  4.745321e-021
1033.400000  4.735710e-021
1033.600000  4.746857e-021
1033.800000  4.747072e-021
1034.000000  4.722078e-021
1034.200000  4.731034e-021
1034.400000  4.710357e-021
1034.600000  4.644573e-021
1034.800000  4.586358e-021
1035.000000  4.528025e-021
1035.200000  4.450836e-021
1035.400000  4.345910e-021
1035.600000  4.275012e-021
1035.800000  4.191812e-021
1036.000000  4.079678e-021
1036.200000  3.973968e-021
1036.400000  3.885787e-021
1036.600000  3.804090e-021
1036.800000  3.686686e-021
1037.000000  3.594624e-021
1037.200000  3.515735e-021
1037.400000  3.433348e-021
1037.600000  3.330727e-021
1037.800000  3.255807e-021
1038.000000  3.210905e-021
1038.200000  3.109998e-021
1038.400000  3.041354e-021
1038.600000  2.989382e-021
1038.800000  2.945156e-021
1039.000000  2.884004e-021
1039.200000  2.838461e-021
1039.400000  2.804076e-021
1039.600000  2.761740e-021
1039.800000  2.702416e-021
1040.000000  2.679071e-021
1040.200000  2.659066e-021
1040.400000  2.628847e-021
1040.600000  2.592911e-021
1040.800000  2.585213e-021
1041.000000  2.559361e-021
1041.200000  2.560686e-021
1041.400000  2.535891e-021
1041.600000  2.520139e-021
1041.800000  2.511181e-021
1042.000000  2.505620e-021
1042.200000  2.484085e-021
1042.400000  2.463648e-021
1042.600000  2.472865e-021
1042.800000  2.484384e-021
1043.000000  2.474179e-021
1043.200000  2.482280e-021
1043.400000  2.499566e-021
1043.600000  2.508849e-021
1043.800000  2.505510e-021
1044.000000  2.525159e-021
1044.200000  2.554052e-021
1044.400000  2.564563e-021
1044.600000  2.583165e-021
1044.800000  2.605262e-021
1045.000000  2.632020e-021
1045.200000  2.658826e-021
1045.400000  2.666001e-021
1045.600000  2.704473e-021
1045.800000  2.733737e-021
1046.000000  2.750283e-021
1046.200000  2.791262e-021
1046.400000  2.825336e-021
1046.600000  2.845501e-021
1046.800000  2.858710e-021
1047.000000  2.892937e-021
1047.200000  2.905043e-021
1047.400000  2.903143e-021
1047.600000  2.915274e-021
1047.800000  2.939136e-021
1048.000000  2.944286e-021
1048.200000  2.941230e-021
1048.400000  2.947561e-021
1048.600000  2.948022e-021
1048.800000  2.936716e-021
1049.000000  2.934806e-021
1049.200000  2.930532e-021
1049.400000  2.914447e-021
1049.600000  2.892423e-021
1049.800000  2.877447e-021
1050.000000  2.880189e-021
1050.200000  2.860429e-021
1050.400000  2.827586e-021
1050.600000  2.818412e-021
1050.800000  2.785461e-021
1051.000000  2.759578e-021
1051.200000  2.741973e-021
1051.400000  2.705272e-021
1051.600000  2.682807e-021
1051.800000  2.635232e-021
1052.000000  2.606678e-021
1052.200000  2.581654e-021
1052.400000  2.525461e-021
1052.600000  2.482336e-021
1052.800000  2.453516e-021
1053.000000  2.419838e-021
1053.200000  2.383691e-021
1053.400000  2.337851e-021
1053.600000  2.312385e-021
1053.800000  2.277229e-021
1054.000000  2.225120e-021
1054.200000  2.176530e-021
1054.400000  2.139930e-021
1054.600000  2.087534e-021
1054.800000  2.053196e-021
1055.000000  2.009096e-021
1055.200000  1.970976e-021
1055.400000  1.915783e-021
1055.600000  1.859269e-021
1055.800000  1.823324e-021
1056.000000  1.762959e-021
1056.200000  1.703695e-021
1056.400000  1.672374e-021
1056.600000  1.631223e-021
1056.800000  1.583883e-021
1057.000000  1.540120e-021
1057.200000  1.504844e-021
1057.400000  1.473177e-021
1057.600000  1.430407e-021
1057.800000  1.398606e-021
1058.000000  1.372889e-021
1058.200000  1.350813e-021
1058.400000  1.311453e-021
1058.600000  1.291739e-021
1058.800000  1.273220e-021
1059.000000  1.239845e-021
1059.200000  1.214194e-021
1059.400000  1.193936e-021
1059.600000  1.176487e-021
1059.800000  1.139171e-021
1060.000000  1.120022e-021
1060.200000  1.107791e-021
1060.400000  1.081737e-021
1060.600000  1.069817e-021
1060.800000  1.041683e-021
1061.000000  1.032443e-021
1061.200000  1.021438e-021
1061.400000  9.985454e-022
1061.600000  9.863601e-022
1061.800000  9.764031e-022
1062.000000  9.584103e-022
1062.200000  9.486569e-022
1062.400000  9.334882e-022
1062.600000  9.189179e-022
1062.800000  8.997932e-022
1063.000000  8.981233e-022
1063.200000  8.802006e-022
1063.400000  8.647649e-022
1063.600000  8.529588e-022
1063.800000  8.440348e-022
1064.000000  8.344610e-022
1064.200000  8.162627e-022
1064.400000  8.013227e-022
1064.600000  7.966239e-022
1064.800000  7.978801e-022
1065.000000  7.783051e-022
1065.200000  7.696272e-022
1065.400000  7.608049e-022
1065.600000  7.472520e-022
1065.800000  7.414506e-022
1066.000000  7.395941e-022
1066.200000  7.294297e-022
1066.400000  7.106785e-022
1066.600000  7.040500e-022
1066.800000  6.934370e-022
1067.000000  6.931897e-022
1067.200000  6.862672e-022
1067.400000  6.712375e-022
1067.600000  6.752099e-022
1067.800000  6.488140e-022
1068.000000  6.543173e-022
1068.200000  6.442275e-022
1068.400000  6.338599e-022
1068.600000  6.330323e-022
1068.800000  6.196593e-022
1069.000000  6.181684e-022
1069.200000  6.052733e-022
1069.400000  6.013010e-022
1069.600000  6.013443e-022
1069.800000  5.852773e-022
1070.000000  5.815334e-022
1070.200000  5.703626e-022
1070.400000  5.692021e-022
1070.600000  5.707773e-022
1070.800000  5.573444e-022
1071.000000  5.531618e-022
1071.200000  5.472707e-022
1071.400000  5.403210e-022
1071.600000  5.291653e-022
1071.800000  5.325443e-022
1072.000000  5.322538e-022
1072.200000  5.243421e-022
1072.400000  5.233847e-022
1072.600000  5.168968e-022
1072.800000  5.125041e-022
1073.000000  5.061247e-022
1073.200000  5.093685e-022
1073.400000  5.029731e-022
1073.600000  4.919369e-022
1073.800000  4.873654e-022
1074.000000  4.870246e-022
1074.200000  4.734214e-022
1074.400000  4.698803e-022
1074.600000  4.681920e-022
1074.800000  4.619788e-022
1075.000000  4.600129e-022
1075.200000  4.483171e-022
1075.400000  4.435334e-022
1075.600000  4.411430e-022
1075.800000  4.319340e-022
1076.000000  4.229748e-022
1076.200000  4.237696e-022
1076.400000  4.125077e-022
1076.600000  4.051133e-022
1076.800000  4.085769e-022
1077.000000  4.034482e-022
1077.200000  3.907791e-022
1077.400000  3.822585e-022
1077.600000  3.756078e-022
1077.800000  3.744732e-022
1078.000000  3.699617e-022
1078.200000  3.562548e-022
1078.400000  3.511764e-022
1078.600000  3.391854e-022
1078.800000  3.359776e-022
1079.000000  3.288311e-022
1079.200000  3.253357e-022
1079.400000  3.214258e-022
1079.600000  3.150608e-022
1079.800000  3.088197e-022
1080.000000  3.055639e-022
1080.200000  2.982110e-022
1080.400000  2.909806e-022
1080.600000  2.861955e-022
1080.800000  2.771624e-022
1081.000000  2.731763e-022
1081.200000  2.745250e-022
1081.400000  2.713511e-022
1081.600000  2.706414e-022
1081.800000  2.582538e-022
1082.000000  2.616550e-022
1082.200000  2.467584e-022
1082.400000  2.431295e-022
1082.600000  2.470769e-022
1082.800000  2.474432e-022
1083.000000  2.462905e-022
1083.200000  2.292354e-022
1083.400000  2.388575e-022
1083.600000  2.361692e-022
1083.800000  2.294551e-022
1084.000000  2.275853e-022
1084.200000  2.177946e-022
1084.400000  2.280055e-022
1084.600000  2.237629e-022
1084.800000  2.259192e-022
1085.000000  2.162292e-022
1085.200000  2.056839e-022
1085.400000  2.088066e-022
1085.600000  2.070419e-022
1085.800000  2.023352e-022
1086.000000  2.075636e-022
1086.200000  1.963998e-022
1086.400000  1.923713e-022
1086.600000  1.918462e-022
1086.800000  1.987703e-022
1087.000000  1.948729e-022
1087.200000  1.861798e-022
1087.400000  1.910029e-022
1087.600000  1.810200e-022
1087.800000  1.879651e-022
1088.000000  1.785261e-022
1088.200000  1.744458e-022
1088.400000  1.758807e-022
1088.600000  1.740580e-022
1088.800000  1.681175e-022
1089.000000  1.728160e-022
1089.200000  1.704164e-022
1089.400000  1.643133e-022
1089.600000  1.657458e-022
1089.800000  1.623348e-022
1090.000000  1.616279e-022
1090.200000  1.520668e-022
1090.400000  1.473472e-022
1090.600000  1.507725e-022
1090.800000  1.511971e-022
1091.000000  1.533421e-022
1091.200000  1.477451e-022
1091.400000  1.478805e-022
1091.600000  1.381435e-022
1091.800000  1.431749e-022
1092.000000  1.428454e-022
1092.200000  1.365206e-022
1092.400000  1.354197e-022
1092.600000  1.336958e-022
1092.800000  1.295267e-022
1093.000000  1.299490e-022
1093.200000  1.280847e-022
1093.400000  1.272746e-022
1093.600000  1.240264e-022
1093.800000  1.202931e-022
1094.000000  1.244132e-022
1094.200000  1.197861e-022
1094.400000  1.231125e-022
1094.600000  1.056984e-022
1094.800000  1.142966e-022
1095.000000  1.137880e-022
1095.200000  1.062076e-022
1095.400000  1.045207e-022
1095.600000  1.076896e-022
1095.800000  1.127100e-022
1096.000000  1.024026e-022
1096.200000  1.017329e-022
1096.400000  9.335007e-023
1096.600000  9.799306e-023
1096.800000  9.284354e-023
1097.000000  9.555006e-023
1097.200000  8.879649e-023
1097.400000  9.088431e-023
1097.600000  8.742241e-023
1097.800000  9.490850e-023
1098.000000  8.506638e-023
1098.200000  8.129323e-023
1098.400000  8.336848e-023
1098.600000  8.216841e-023
1098.800000  7.762466e-023
1099.000000  8.432478e-023
1099.200000  7.172568e-023
1099.400000  7.935574e-023
1099.600000  7.896589e-023
1099.800000  7.314496e-023
1100.000000  7.304724e-023
1100.200000  7.448866e-023
1100.400000  6.961987e-023
1100.600000  7.168951e-023
1100.800000  7.220426e-023
1101.000000  7.118988e-023
1101.200000  6.909261e-023
1101.400000  7.115400e-023
1101.600000  6.458559e-023
1101.800000  6.526148e-023
1102.000000  6.455225e-023
1102.200000  6.307249e-023
1102.400000  5.897845e-023
1102.600000  6.072421e-023
1102.800000  6.171693e-023
1103.000000  6.024411e-023
1103.200000  5.492034e-023
1103.400000  6.237026e-023
1103.600000  6.166791e-023
1103.800000  5.525215e-023
1104.000000  5.854099e-023
1104.200000  6.077038e-023
1104.400000  5.142667e-023
1104.600000  5.165621e-023
1104.800000  5.893653e-023
1105.000000  4.487631e-023
1105.200000  4.737835e-023
1105.400000  5.006850e-023
1105.600000  4.842905e-023
1105.800000  4.467108e-023
1106.000000  4.825588e-023
1106.200000  4.536623e-023
1106.400000  4.669846e-023
1106.600000  4.812536e-023
1106.800000  4.881564e-023
1107.000000  4.610080e-023
1107.200000  5.155737e-023
1107.400000  4.362094e-023
1107.600000  4.570040e-023
1107.800000  4.236945e-023
1108.000000  4.613909e-023
1108.200000  4.019894e-023
1108.400000  4.428357e-023
1108.600000  4.124961e-023
1108.800000  3.974848e-023
1109.000000  3.494739e-023
1109.200000  4.173497e-023
1109.400000  4.657155e-023
1109.600000  3.710057e-023
1109.800000  4.272208e-023
1110.000000  3.969845e-023
1110.200000  3.849888e-023
1110.400000  4.028652e-023
1110.600000  3.772235e-023
1110.800000  3.176675e-023
1111.000000  3.716259e-023
1111.200000  3.849980e-023
1111.400000  3.454108e-023
1111.600000  4.286509e-023
1111.800000  3.498129e-023
1112.000000  4.084560e-023
1112.200000  3.673258e-023
1112.400000  3.469676e-023
1112.600000  3.487022e-023
1112.800000  3.199047e-023
1113.000000  3.493295e-023
1113.200000  3.428281e-023
1113.400000  2.923717e-023
1113.600000  2.940634e-023
1113.800000  3.489975e-023
1114.000000  2.554615e-023
1114.200000  2.988367e-023
1114.400000  3.260357e-023
1114.600000  2.663579e-023
1114.800000  3.143290e-023
1115.000000  3.609479e-023
1115.200000  3.033787e-023
1115.400000  2.682756e-023
1115.600000  2.915868e-023
1115.800000  2.819062e-023
1116.000000  3.701129e-023
1116.200000  2.947814e-023
1116.400000  2.373228e-023
1116.600000  2.822745e-023
1116.800000  2.440302e-023
1117.000000  2.194209e-023
1117.200000  2.005763e-023
1117.400000  2.178759e-023
1117.600000  2.489468e-023
1117.800000  1.944818e-023
1118.000000  2.055060e-023
1118.200000  2.505884e-023
1118.400000  1.745629e-023
1118.600000  2.071947e-023
1118.800000  2.104680e-023
1119.000000  1.997573e-023
1119.200000  2.303822e-023
1119.400000  1.826779e-023
1119.600000  1.611155e-023
1119.800000  1.918201e-023
1120.000000  2.230369e-023
1120.200000  2.216007e-023
1120.400000  2.093582e-023
1120.600000  1.859529e-023
1120.800000  2.061246e-023
1121.000000  1.846437e-023
1121.200000  1.413415e-023
1121.400000  2.620867e-023
1121.600000  1.443750e-023
1121.800000  2.113284e-023
1122.000000  2.095385e-023
1122.200000  2.407468e-023
1122.400000  1.305717e-023
1122.600000  1.291177e-023
1122.800000  1.165097e-023
1123.000000  1.866279e-023
1123.200000  1.120599e-023
1123.400000  1.791636e-023
1123.600000  9.333106e-024
1123.800000  9.030644e-024
1124.000000  2.025969e-023
1124.200000  1.310061e-023
1124.400000  1.666319e-023
1124.600000  9.508136e-024
1124.800000  1.747741e-023
1125.000000  1.670770e-023
1125.200000  1.450180e-023
1125.400000  1.670060e-023
1125.600000  1.406020e-023
1125.800000  2.110989e-023
1126.000000  1.249091e-023
1126.200000  9.219870e-024
1126.400000  1.564180e-023
1126.600000  1.001870e-023
1126.800000  1.235008e-023
1127.000000  1.423889e-023
1127.200000  1.409462e-023
1127.400000  1.063354e-023
1127.600000  1.299230e-023
1127.800000  1.378707e-023
1128.000000  1.536717e-023
1128.200000  9.551144e-024
1128.400000  7.522513e-024
1128.600000  6.901043e-024
1128.800000  1.538606e-023
1129.000000  1.175853e-023
1129.200000  1.192555e-023
1129.400000  1.586314e-023
1129.600000  8.802284e-024
1129.800000  1.130189e-023
1130.000000  1.868803e-023
1130.200000  5.818250e-024
1130.400000  1.038732e-023
1130.600000  4.872828e-024
1130.800000  1.258456e-023
1131.000000  1.306754e-023
1131.200000  8.825301e-024
1131.400000  1.148699e-023
1131.600000  8.190621e-024
1131.800000  1.418655e-023
1132.000000  1.274971e-023
1132.200000  1.260401e-023
1132.400000  8.514837e-024
1132.600000  1.294251e-023
1132.800000  1.103247e-023
1133.000000  1.072717e-023
1133.200000  9.946592e-024
1133.400000  1.295881e-023
1133.600000  9.783656e-024
1133.800000  1.010845e-023
1134.000000  1.233071e-023
1134.200000  9.492857e-024
1134.400000  6.951312e-024
1134.600000  9.488688e-025
1134.800000  7.914503e-024
1135.000000  6.653624e-024
1135.200000  1.423662e-023
1135.400000  6.649611e-024
1135.600000  6.497882e-024
1135.800000  3.648749e-024
1136.000000  4.276410e-024
1136.200000  4.597941e-024
1136.400000  1.269193e-023
1136.600000  2.064716e-024
1136.800000  2.694942e-024
1137.000000  6.030637e-024
1137.200000  1.159578e-023
1137.400000  8.723900e-024
1137.600000  1.016063e-023
1137.800000  3.495347e-024
1138.000000  1.145082e-023
1138.200000  4.764300e-024
1138.400000  7.948661e-025
1138.600000  5.090265e-024
1138.800000  7.962636e-024
1139.000000  1.335677e-023
1139.200000  3.979420e-024
1139.400000  8.761700e-024
1139.600000  0.000000e+000
1139.800000  8.438207e-024
1140.000000  5.259094e-024
1140.200000  2.392433e-024
1140.400000  2.712849e-024
1140.600000  7.988177e-024
1140.800000  4.956906e-024
1141.000000  2.400837e-024
1141.200000  5.927497e-024
1141.400000  1.122236e-024
1141.600000  9.628626e-025
1141.800000  1.316909e-023
1142.000000  8.680235e-024
1142.200000  4.183501e-024
1142.400000  0.000000e+000
1142.600000  5.480040e-024
1142.800000  4.839669e-024
1143.000000  5.165868e-024
1143.200000  1.292778e-024
1143.400000  9.541700e-024
1143.600000  0.000000e+000
1143.800000  7.614412e-024
1144.000000  9.566761e-024
1144.200000  8.602340e-024
1144.400000  4.385915e-024
1144.600000  1.625846e-024
1144.800000  5.545762e-024
1145.000000  6.530450e-024
1145.200000  0.000000e+000
1145.400000  4.088894e-024
1145.600000  1.145780e-024
1145.800000  7.206977e-024
1146.000000  7.378207e-024
1146.200000  2.133220e-024
1146.400000  7.391092e-024
1146.600000  0.000000e+000
1146.800000  1.645394e-024
1147.000000  7.903748e-024
1147.200000  9.889222e-025
1147.400000  4.948923e-024
1147.600000  9.906475e-025
1147.800000  4.131912e-024
1148.000000  1.554746e-023
1148.200000  3.807913e-024
1148.400000  1.159851e-024
1148.600000  1.160862e-024
1148.800000  7.136714e-024
1149.000000  2.657013e-024
1149.200000  1.662683e-024
1149.400000  3.660454e-024
1149.600000  9.659873e-024
1149.800000  2.004831e-024
1150.000000  0.000000e+000
