800.000000  -3.862334e-023
800.200000  -4.118287e-023
800.400000  -3.743482e-023
800.600000  -4.193140e-023
800.800000  -5.414505e-023
801.000000  -3.741671e-023
801.200000  -3.370875e-023
801.400000  -4.872815e-023
801.600000  -5.133431e-023
801.800000  -3.651665e-023
802.000000  -4.471484e-023
802.200000  -4.819962e-023
802.400000  -3.375946e-023
802.600000  -2.865753e-023
802.800000  -3.958210e-023
803.000000  -5.827052e-023
803.200000  -4.847446e-023
803.400000  -5.296570e-023
803.600000  -6.572722e-023
803.800000  -5.453125e-023
804.000000  -5.025746e-023
804.200000  -5.475504e-023
804.400000  -5.876643e-023
804.600000  -4.434325e-023
804.800000  -4.147881e-023
805.000000  -4.044219e-023
805.200000  -4.394525e-023
805.400000  -3.180848e-023
805.600000  -2.990893e-023
805.800000  -2.978264e-023
806.000000  -2.579665e-023
806.200000  -1.657090e-023
806.400000  -1.887425e-023
806.600000  -2.331499e-023
806.800000  -1.390552e-023
807.000000  -1.762905e-023
807.200000  -2.526871e-023
807.400000  -3.239867e-023
807.600000  -2.209636e-023
807.800000  -2.255743e-023
808.000000  -3.759996e-023
808.200000  -3.926225e-023
808.400000  -3.734748e-023
808.600000  -4.275938e-023
808.800000  -4.491742e-023
809.000000  -2.399514e-023
809.200000  -1.751313e-023
809.400000  -3.811352e-023
809.600000  -3.977922e-023
809.800000  -3.224045e-023
810.000000  -4.739758e-023
810.200000  -5.280241e-023
810.400000  -3.925311e-023
810.600000  -2.300844e-023
810.800000  -1.560681e-023
811.000000  -1.951218e-023
811.200000  2.416894e-024
811.400000  5.116699e-024
811.600000  -1.183398e-023
811.800000  -9.293765e-024
812.000000  -1.886285e-024
812.200000  -1.385715e-023
812.400000  -3.348001e-023
812.600000  -2.956341e-023
812.800000  -1.157055e-023
813.000000  -2.579906e-023
813.200000  -3.067023e-023
813.400000  -2.404139e-023
813.600000  -4.790326e-023
813.800000  -7.262154e-023
814.000000  -7.216642e-023
814.200000  -3.873760e-023
814.400000  -4.095939e-023
814.600000  -4.910746e-023
814.800000  -3.604700e-023
815.000000  -2.307391e-023
815.200000  -2.942474e-023
815.400000  -3.474342e-023
815.600000  -1.290051e-023
815.800000  -1.294352e-023
816.000000  -1.420279e-023
816.200000  -2.132899e-023
816.400000  -7.513596e-024
816.600000  -1.306646e-023
816.800000  -2.346143e-023
817.000000  -1.586902e-024
817.200000  2.509272e-024
817.400000  -7.105349e-024
817.600000  -1.649832e-023
817.800000  -9.981668e-024
818.000000  -2.274390e-023
818.200000  -3.220011e-023
818.400000  -3.611726e-023
818.600000  -1.902294e-023
818.800000  -3.822226e-023
819.000000  -4.771487e-023
819.200000  -4.758884e-023
819.400000  -4.654560e-023
819.600000  -4.322031e-023
819.800000  -3.114303e-023
820.000000  -2.782545e-023
820.200000  -2.548248e-023
820.400000  -3.401270e-023
820.600000  -2.836652e-023
820.800000  -1.549684e-023
821.000000  -9.999880e-024
821.200000  -1.435138e-023
821.400000  1.077603e-024
821.600000  3.286756e-024
821.800000  -1.168002e-023
822.000000  -1.872436e-023
822.200000  3.852503e-024
822.400000  -1.297111e-024
822.600000  -8.366181e-024
822.800000  -8.588450e-024
823.000000  -1.999490e-023
823.200000  -4.002182e-023
823.400000  -3.988432e-023
823.600000  -2.682689e-023
823.800000  -3.505778e-023
824.000000  -6.059623e-023
824.200000  -7.115437e-023
824.400000  -5.259059e-023
824.600000  -5.334844e-023
824.800000  -5.094979e-023
825.000000  -4.025704e-023
825.200000  -2.826093e-023
825.400000  -1.949452e-023
825.600000  -1.839595e-023
825.800000  5.159585e-024
826.000000  8.698700e-024
826.200000  1.877059e-024
826.400000  -1.005956e-023
826.600000  1.342270e-023
826.800000  1.885236e-023
827.000000  8.682226e-024
827.200000  1.624109e-023
827.400000  1.525281e-024
827.600000  -1.895432e-023
827.800000  -4.125638e-023
828.000000  -3.884080e-023
828.200000  -3.872465e-023
828.400000  -3.450201e-023
828.600000  -2.608537e-023
828.800000  -1.916799e-023
829.000000  -2.686259e-023
829.200000  -3.216641e-023
829.400000  -1.420939e-023
829.600000  -1.468168e-023
829.800000  -1.776323e-023
830.000000  -3.350076e-023
830.200000  -1.428430e-023
830.400000  -2.557124e-023
830.600000  -2.497948e-023
830.800000  -1.792658e-023
831.000000  2.707477e-024
831.200000  2.607547e-024
831.400000  -1.487898e-023
831.600000  -1.693123e-023
831.800000  -1.819623e-023
832.000000  -3.178088e-023
832.200000  -3.024449e-023
832.400000  -2.139813e-023
832.600000  7.826345e-026
832.800000  -1.256356e-024
833.000000  2.194533e-024
833.200000  1.398728e-023
833.400000  6.170282e-024
833.600000  -3.198141e-024
833.800000  2.024508e-024
834.000000  6.933346e-025
834.200000  -1.913344e-023
834.400000  -3.530409e-023
834.600000  -2.253323e-023
834.800000  -3.327736e-023
835.000000  -3.315162e-023
835.200000  -1.597565e-023
835.400000  5.128811e-024
835.600000  -1.145900e-024
835.800000  -7.285423e-024
836.000000  7.360474e-024
836.200000  1.009123e-023
836.400000  -1.273253e-023
836.600000  -9.479391e-024
836.800000  7.346880e-024
837.000000  -3.143599e-024
837.200000  -3.538261e-023
837.400000  -2.599248e-023
837.600000  -1.397714e-023
837.800000  -1.125382e-023
838.000000  -2.824727e-023
838.200000  -1.435925e-023
838.400000  -1.429594e-023
838.600000  -2.566569e-023
838.800000  -2.103306e-023
839.000000  -2.638427e-024
839.200000  -1.054764e-023
839.400000  -1.394184e-023
839.600000  -6.945322e-025
839.800000  1.284525e-023
840.000000  1.020308e-023
840.200000  -1.667233e-024
840.400000  2.449678e-023
840.600000  2.399795e-023
840.800000  1.741421e-023
841.000000  1.106446e-023
841.200000  1.612540e-023
841.400000  2.578877e-024
841.600000  -6.631290e-024
841.800000  2.964761e-024
842.000000  -3.749831e-024
842.200000  -1.037958e-023
842.400000  -2.092598e-023
842.600000  -1.230243e-023
842.800000  -1.003637e-023
843.000000  -2.282297e-023
843.200000  -1.778072e-023
843.400000  -1.010602e-023
843.600000  -2.647708e-023
843.800000  -2.633877e-023
844.000000  -1.194583e-023
844.200000  1.388394e-023
844.400000  1.569134e-023
844.600000  1.110459e-023
844.800000  1.745991e-023
845.000000  1.610289e-023
845.200000  1.605150e-024
845.400000  -2.617493e-024
845.600000  4.530283e-024
845.800000  -4.309674e-024
846.000000  -1.388914e-023
846.200000  -8.628662e-025
846.400000  1.103374e-023
846.600000  4.977798e-025
846.800000  -8.102422e-024
847.000000  -7.089307e-024
847.200000  -1.587280e-023
847.400000  -2.059553e-023
847.600000  -1.247886e-023
847.800000  -1.783880e-024
848.000000  -8.756482e-024
848.200000  -1.038471e-023
848.400000  -1.155954e-023
848.600000  -7.102113e-024
848.800000  -1.314831e-023
849.000000  -7.229181e-024
849.200000  3.970931e-024
849.400000  3.977042e-024
849.600000  -3.808974e-024
849.800000  6.046342e-024
850.000000  1.970956e-023
850.200000  1.097049e-023
850.400000  -1.195613e-024
850.600000  1.607538e-023
850.800000  1.299268e-023
851.000000  -8.847676e-024
851.200000  -1.741689e-023
851.400000  -7.722717e-024
851.600000  -4.265192e-024
851.800000  -1.712016e-023
852.000000  -9.531331e-024
852.200000  6.619419e-024
852.400000  5.621387e-025
852.600000  -8.347238e-024
852.800000  -3.898348e-024
853.000000  -8.174966e-024
853.200000  -1.408812e-023
853.400000  -1.263208e-023
853.600000  -7.847655e-025
853.800000  -9.383429e-024
854.000000  -1.791685e-023
854.200000  -1.386127e-023
854.400000  -4.307216e-024
854.600000  9.030609e-025
854.800000  6.255134e-024
855.000000  1.665856e-023
855.200000  1.746732e-023
855.400000  1.374506e-023
855.600000  2.335578e-023
855.800000  2.905794e-023
856.000000  1.615945e-023
856.200000  1.273400e-024
856.400000  -1.008520e-023
856.600000  -3.624899e-024
856.800000  -1.334629e-023
857.000000  -1.192865e-023
857.200000  8.641192e-024
857.400000  1.028479e-023
857.600000  -6.935741e-024
857.800000  -1.226337e-023
858.000000  -1.301230e-023
858.200000  -2.944406e-023
858.400000  -3.018133e-023
858.600000  -1.092616e-023
858.800000  -6.597097e-024
859.000000  -1.537253e-023
859.200000  -2.118304e-023
859.400000  -6.612835e-024
859.600000  -1.931646e-024
859.800000  -6.071986e-024
860.000000  -2.062685e-024
860.200000  2.082498e-023
860.400000  2.214224e-024
860.600000  6.874634e-025
860.800000  5.027384e-024
861.000000  7.162214e-024
861.200000  -6.962803e-024
861.400000  -1.562823e-023
861.600000  4.613819e-024
861.800000  1.563544e-026
862.000000  -1.025814e-023
862.200000  -5.455340e-024
862.400000  -2.902186e-024
862.600000  -1.532076e-023
862.800000  -2.438805e-023
863.000000  -8.368721e-024
863.200000  3.802222e-024
863.400000  -4.038282e-024
863.600000  -8.860579e-024
863.800000  1.126712e-023
864.000000  5.402364e-024
864.200000  -3.154623e-024
864.400000  4.553419e-024
864.600000  9.577730e-024
864.800000  1.169812e-025
865.000000  -1.385278e-023
865.200000  -1.122879e-023
865.400000  3.755999e-024
865.600000  -4.019220e-024
865.800000  7.428397e-025
866.000000  2.108487e-023
866.200000  1.739967e-023
866.400000  1.464851e-023
866.600000  2.018809e-023
866.800000  2.479379e-023
867.000000  2.524569e-023
867.200000  1.802540e-023
867.400000  3.603661e-023
867.600000  2.848764e-023
867.800000  1.460939e-023
868.000000  -1.552925e-026
868.200000  2.114341e-024
868.400000  -1.423270e-023
868.600000  -2.973263e-023
868.800000  -3.004592e-023
869.000000  -1.098302e-023
869.200000  -1.292358e-023
869.400000  -9.098003e-024
869.600000  1.734230e-023
869.800000  1.724203e-023
870.000000  1.167078e-023
870.200000  1.554899e-023
870.400000  2.456261e-023
870.600000  1.683576e-023
870.800000  3.115442e-024
871.000000  1.389644e-023
871.200000  2.038570e-023
871.400000  1.519216e-023
871.600000  2.564129e-023
871.800000  3.963580e-023
872.000000  3.879658e-023
872.200000  2.384099e-023
872.400000  2.930039e-023
872.600000  4.073417e-023
872.800000  3.613096e-023
873.000000  2.060281e-023
873.200000  2.604426e-023
873.400000  3.525476e-023
873.600000  3.007773e-023
873.800000  2.707125e-023
874.000000  4.656234e-023
874.200000  4.195880e-023
874.400000  2.191662e-023
874.600000  2.821813e-023
874.800000  3.983868e-023
875.000000  3.777908e-023
875.200000  3.914444e-023
875.400000  3.246415e-023
875.600000  1.932311e-023
875.800000  7.450964e-024
876.000000  6.487702e-024
876.200000  1.745078e-023
876.400000  1.547400e-023
876.600000  2.764173e-023
876.800000  4.108845e-023
877.000000  5.513947e-023
877.200000  3.698464e-023
877.400000  3.187831e-023
877.600000  5.051153e-023
877.800000  4.166295e-023
878.000000  2.671014e-023
878.200000  2.928667e-023
878.400000  5.184634e-023
878.600000  5.801156e-023
878.800000  5.415630e-023
879.000000  6.173057e-023
879.200000  7.457800e-023
879.400000  6.697870e-023
879.600000  6.111886e-023
879.800000  6.648335e-023
880.000000  5.614237e-023
880.200000  3.640377e-023
880.400000  3.469087e-023
880.600000  5.651706e-023
880.800000  5.867725e-023
881.000000  4.361213e-023
881.200000  4.467009e-023
881.400000  5.427122e-023
881.600000  4.154182e-023
881.800000  4.076733e-023
882.000000  5.560963e-023
882.200000  7.270352e-023
882.400000  7.680856e-023
882.600000  8.194950e-023
882.800000  9.828560e-023
883.000000  1.000602e-022
883.200000  8.276848e-023
883.400000  9.465729e-023
883.600000  9.935747e-023
883.800000  1.036481e-022
884.000000  9.562694e-023
884.200000  1.144122e-022
884.400000  1.146986e-022
884.600000  1.014338e-022
884.800000  9.426493e-023
885.000000  9.459115e-023
885.200000  7.606008e-023
885.400000  6.675166e-023
885.600000  9.329559e-023
885.800000  1.043485e-022
886.000000  9.939973e-023
886.200000  1.058715e-022
886.400000  1.356750e-022
886.600000  1.373424e-022
886.800000  1.401791e-022
887.000000  1.416024e-022
887.200000  1.578898e-022
887.400000  1.474791e-022
887.600000  1.420900e-022
887.800000  1.462213e-022
888.000000  1.451537e-022
888.200000  1.439829e-022
888.400000  1.345871e-022
888.600000  1.628597e-022
888.800000  1.618251e-022
889.000000  1.632577e-022
889.200000  1.699534e-022
889.400000  1.849218e-022
889.600000  1.810323e-022
889.800000  1.717072e-022
890.000000  1.906002e-022
890.200000  2.015134e-022
890.400000  1.881766e-022
890.600000  1.760691e-022
890.800000  1.910758e-022
891.000000  1.966343e-022
891.200000  1.806201e-022
891.400000  1.874048e-022
891.600000  2.118269e-022
891.800000  2.173389e-022
892.000000  2.256146e-022
892.200000  2.380216e-022
892.400000  2.420883e-022
892.600000  2.327532e-022
892.800000  2.343690e-022
893.000000  2.426083e-022
893.200000  2.548276e-022
893.400000  2.563476e-022
893.600000  2.688836e-022
893.800000  2.824810e-022
894.000000  2.892449e-022
894.200000  2.787638e-022
894.400000  2.817303e-022
894.600000  2.790131e-022
894.800000  2.684637e-022
895.000000  2.648111e-022
895.200000  2.772418e-022
895.400000  2.769523e-022
895.600000  2.702537e-022
895.800000  2.814712e-022
896.000000  2.922456e-022
896.200000  2.907778e-022
896.400000  2.802768e-022
896.600000  3.037618e-022
896.800000  2.983079e-022
897.000000  2.862013e-022
897.200000  3.003566e-022
897.400000  3.235599e-022
897.600000  3.490924e-022
897.800000  3.504177e-022
898.000000  3.796957e-022
898.200000  3.886464e-022
898.400000  3.762889e-022
898.600000  3.675504e-022
898.800000  3.664906e-022
899.000000  3.511650e-022
899.200000  3.349645e-022
899.400000  3.409572e-022
899.600000  3.598477e-022
899.800000  3.555319e-022
900.000000  3.425445e-022
900.200000  3.566356e-022
900.400000  3.594444e-022
900.600000  3.721003e-022
900.800000  3.767356e-022
901.000000  4.059494e-022
901.200000  4.056913e-022
901.400000  4.042870e-022
901.600000  4.267532e-022
901.800000  4.525135e-022
902.000000  4.382726e-022
902.200000  4.401665e-022
902.400000  4.569317e-022
902.600000  4.719601e-022
902.800000  4.637179e-022
903.000000  4.624531e-022
903.200000  4.900645e-022
903.400000  4.944826e-022
903.600000  4.897462e-022
903.800000  4.938949e-022
904.000000  5.107527e-022
904.200000  5.143554e-022
904.400000  5.121205e-022
904.600000  5.227692e-022
904.800000  5.204427e-022
905.000000  5.250732e-022
905.200000  5.227909e-022
905.400000  5.382061e-022
905.600000  5.457967e-022
905.800000  5.449116e-022
906.000000  5.597269e-022
906.200000  5.771314e-022
906.400000  5.821205e-022
906.600000  5.927678e-022
906.800000  6.233143e-022
907.000000  6.372255e-022
907.200000  6.386882e-022
907.400000  6.489332e-022
907.600000  6.695955e-022
907.800000  6.745747e-022
908.000000  6.801100e-022
908.200000  6.982851e-022
908.400000  7.112374e-022
908.600000  7.023998e-022
908.800000  6.852536e-022
909.000000  7.110396e-022
909.200000  7.365550e-022
909.400000  7.524909e-022
909.600000  7.629454e-022
909.800000  8.002233e-022
910.000000  8.125367e-022
910.200000  8.216914e-022
910.400000  8.484988e-022
910.600000  8.788421e-022
910.800000  8.840556e-022
911.000000  8.876894e-022
911.200000  9.209823e-022
911.400000  9.466891e-022
911.600000  9.634381e-022
911.800000  9.944842e-022
912.000000  1.029400e-021
912.200000  1.056157e-021
912.400000  1.074354e-021
912.600000  1.112284e-021
912.800000  1.145719e-021
913.000000  1.164082e-021
913.200000  1.187938e-021
913.400000  1.224646e-021
913.600000  1.256196e-021
913.800000  1.277228e-021
914.000000  1.316613e-021
914.200000  1.356424e-021
914.400000  1.381195e-021
914.600000  1.406429e-021
914.800000  1.466077e-021
915.000000  1.510588e-021
915.200000  1.544745e-021
915.400000  1.581175e-021
915.600000  1.630320e-021
915.800000  1.687896e-021
916.000000  1.730699e-021
916.200000  1.794911e-021
916.400000  1.867300e-021
916.600000  1.914412e-021
916.800000  1.967496e-021
917.000000  2.042799e-021
917.200000  2.105888e-021
917.400000  2.173577e-021
917.600000  2.246777e-021
917.800000  2.341830e-021
918.000000  2.401547e-021
918.200000  2.459212e-021
918.400000  2.523909e-021
918.600000  2.588220e-021
918.800000  2.649435e-021
919.000000  2.677494e-021
919.200000  2.734532e-021
919.400000  2.774722e-021
919.600000  2.800102e-021
919.800000  2.825997e-021
920.000000  2.865221e-021
920.200000  2.873643e-021
920.400000  2.879600e-021
920.600000  2.907502e-021
920.800000  2.942094e-021
921.000000  2.952331e-021
921.200000  2.947234e-021
921.400000  2.968160e-021
921.600000  2.969337e-021
921.800000  2.976540e-021
922.000000  2.992668e-021
922.200000  3.001007e-021
922.400000  3.005792e-021
922.600000  2.998014e-021
922.800000  2.984714e-021
923.000000  2.976405e-021
923.200000  2.940974e-021
923.400000  2.926565e-021
923.600000  2.925967e-021
923.800000  2.904110e-021
924.000000  2.879015e-021
924.200000  2.859282e-021
924.400000  2.843968e-021
924.600000  2.800436e-021
924.800000  2.760897e-021
925.000000  2.751042e-021
925.200000  2.750675e-021
925.400000  2.730236e-021
925.600000  2.702819e-021
925.800000  2.691118e-021
926.000000  2.674503e-021
926.200000  2.644774e-021
926.400000  2.621533e-021
926.600000  2.619839e-021
926.800000  2.600760e-021
927.000000  2.578231e-021
927.200000  2.566985e-021
927.400000  2.555346e-021
927.600000  2.529346e-021
927.800000  2.506208e-021
928.000000  2.501683e-021
928.200000  2.488686e-021
928.400000  2.462499e-021
928.600000  2.442614e-021
928.800000  2.426381e-021
929.000000  2.381240e-021
929.200000  2.360111e-021
929.400000  2.358294e-021
929.600000  2.361803e-021
929.800000  2.344226e-021
930.000000  2.333538e-021
930.200000  2.332491e-021
930.400000  2.320983e-021
930.600000  2.299880e-021
930.800000  2.309311e-021
931.000000  2.314642e-021
931.200000  2.286807e-021
931.400000  2.241647e-021
931.600000  2.236399e-021
931.800000  2.231082e-021
932.000000  2.208547e-021
932.200000  2.199691e-021
932.400000  2.197594e-021
932.600000  2.181038e-021
932.800000  2.157042e-021
933.000000  2.152113e-021
933.200000  2.153472e-021
933.400000  2.140331e-021
933.600000  2.128929e-021
933.800000  2.135960e-021
934.000000  2.125147e-021
934.200000  2.102307e-021
934.400000  2.104686e-021
934.600000  2.111553e-021
934.800000  2.088083e-021
935.000000  2.053337e-021
935.200000  2.042503e-021
935.400000  2.045968e-021
935.600000  2.041051e-021
935.800000  2.026357e-021
936.000000  2.029601e-021
936.200000  2.013489e-021
936.400000  1.978588e-021
936.600000  1.957360e-021
936.800000  1.961731e-021
937.000000  1.936198e-021
937.200000  1.930785e-021
937.400000  1.917923e-021
937.600000  1.913949e-021
937.800000  1.909205e-021
938.000000  1.916763e-021
938.200000  1.945418e-021
938.400000  1.935982e-021
938.600000  1.919170e-021
938.800000  1.927656e-021
939.000000  1.963021e-021
939.200000  1.970658e-021
939.400000  1.977293e-021
939.600000  1.997626e-021
939.800000  2.017994e-021
940.000000  2.010720e-021
940.200000  2.022146e-021
940.400000  2.054335e-021
940.600000  2.059704e-021
940.800000  2.058861e-021
941.000000  2.077027e-021
941.200000  2.102212e-021
941.400000  2.126690e-021
941.600000  2.142038e-021
941.800000  2.167120e-021
942.000000  2.190056e-021
942.200000  2.187077e-021
942.400000  2.179163e-021
942.600000  2.182759e-021
942.800000  2.182157e-021
943.000000  2.167909e-021
943.200000  2.173420e-021
943.400000  2.195932e-021
943.600000  2.175327e-021
943.800000  2.161782e-021
944.000000  2.170156e-021
944.200000  2.182297e-021
944.400000  2.171704e-021
944.600000  2.165018e-021
944.800000  2.173756e-021
945.000000  2.175754e-021
945.200000  2.164390e-021
945.400000  2.155976e-021
945.600000  2.150221e-021
945.800000  2.123727e-021
946.000000  2.116262e-021
946.200000  2.128697e-021
946.400000  2.127835e-021
946.600000  2.117645e-021
946.800000  2.112142e-021
947.000000  2.121862e-021
947.200000  2.121751e-021
947.400000  2.111073e-021
947.600000  2.106929e-021
947.800000  2.109911e-021
948.000000  2.103970e-021
948.200000  2.098696e-021
948.400000  2.116181e-021
948.600000  2.122062e-021
948.800000  2.110529e-021
949.000000  2.098675e-021
949.200000  2.119906e-021
949.400000  2.116374e-021
949.600000  2.101162e-021
949.800000  2.118669e-021
950.000000  2.127198e-021
950.200000  2.126604e-021
950.400000  2.123727e-021
950.600000  2.130073e-021
950.800000  2.136033e-021
951.000000  2.125636e-021
951.200000  2.125092e-021
951.400000  2.149466e-021
951.600000  2.154917e-021
951.800000  2.156090e-021
952.000000  2.181500e-021
952.200000  2.211426e-021
952.400000  2.221552e-021
952.600000  2.226171e-021
952.800000  2.259618e-021
953.000000  2.267989e-021
953.200000  2.257061e-021
953.400000  2.253428e-021
953.600000  2.263820e-021
953.800000  2.271343e-021
954.000000  2.278167e-021
954.200000  2.288646e-021
954.400000  2.302050e-021
954.600000  2.303386e-021
954.800000  2.301958e-021
955.000000  2.312279e-021
955.200000  2.305589e-021
955.400000  2.325662e-021
955.600000  2.318995e-021
955.800000  2.326688e-021
956.000000  2.354496e-021
956.200000  2.371020e-021
956.400000  2.363630e-021
956.600000  2.355188e-021
956.800000  2.371204e-021
957.000000  2.371225e-021
957.200000  2.359043e-021
957.400000  2.382770e-021
957.600000  2.424302e-021
957.800000  2.430034e-021
958.000000  2.446826e-021
958.200000  2.473002e-021
958.400000  2.491708e-021
958.600000  2.487370e-021
958.800000  2.512525e-021
959.000000  2.555144e-021
959.200000  2.550803e-021
959.400000  2.544557e-021
959.600000  2.557421e-021
959.800000  2.578567e-021
960.000000  2.577931e-021
960.200000  2.589952e-021
960.400000  2.622108e-021
960.600000  2.648589e-021
960.800000  2.652471e-021
961.000000  2.666513e-021
961.200000  2.700058e-021
961.400000  2.686358e-021
961.600000  2.681063e-021
961.800000  2.706326e-021
962.000000  2.735278e-021
962.200000  2.733749e-021
962.400000  2.743435e-021
962.600000  2.771578e-021
962.800000  2.794365e-021
963.000000  2.818095e-021
963.200000  2.887487e-021
963.400000  3.007012e-021
963.600000  3.180687e-021
963.800000  3.474415e-021
964.000000  3.824723e-021
964.200000  4.030922e-021
964.400000  3.949914e-021
964.600000  3.710916e-021
964.800000  3.464616e-021
965.000000  3.259242e-021
965.200000  3.111652e-021
965.400000  3.045986e-021
965.600000  3.014953e-021
965.800000  2.983185e-021
966.000000  2.965385e-021
966.200000  2.968666e-021
966.400000  2.970538e-021
966.600000  2.945768e-021
966.800000  2.940040e-021
967.000000  2.961133e-021
967.200000  2.959100e-021
967.400000  2.945591e-021
967.600000  2.943319e-021
967.800000  2.948994e-021
968.000000  2.930813e-021
968.200000  2.921137e-021
968.400000  2.944269e-021
968.600000  2.960357e-021
968.800000  2.933252e-021
969.000000  2.931429e-021
969.200000  2.939215e-021
969.400000  2.912298e-021
969.600000  2.874547e-021
969.800000  2.876087e-021
970.000000  2.876498e-021
970.200000  2.842345e-021
970.400000  2.829859e-021
970.600000  2.832657e-021
970.800000  2.820620e-021
971.000000  2.793820e-021
971.200000  2.782909e-021
971.400000  2.794412e-021
971.600000  2.781842e-021
971.800000  2.765849e-021
972.000000  2.768013e-021
972.200000  2.781758e-021
972.400000  2.773130e-021
972.600000  2.780433e-021
972.800000  2.810176e-021
973.000000  2.831134e-021
973.200000  2.834398e-021
973.400000  2.873917e-021
973.600000  2.929842e-021
973.800000  2.952716e-021
974.000000  2.979431e-021
974.200000  3.039028e-021
974.400000  3.099288e-021
974.600000  3.130404e-021
974.800000  3.189293e-021
975.000000  3.281745e-021
975.020000  3.300230e-021
975.040000  3.291072e-021
975.060000  3.301887e-021
975.080000  3.288729e-021
975.100000  3.335705e-021
975.120000  3.358814e-021
975.140000  3.345483e-021
975.160000  3.336224e-021
975.180000  3.347185e-021
975.200000  3.333876e-021
975.220000  3.350950e-021
975.240000  3.376234e-021
975.260000  3.405764e-021
975.280000  3.402545e-021
975.300000  3.387053e-021
975.320000  3.404314e-021
975.340000  3.405199e-021
975.360000  3.439027e-021
975.380000  3.444048e-021
975.400000  3.457365e-021
975.420000  3.445092e-021
975.440000  3.445252e-021
975.460000  3.466216e-021
975.480000  3.478941e-021
975.500000  3.491729e-021
975.520000  3.475136e-021
975.540000  3.475326e-021
975.560000  3.501638e-021
975.580000  3.515414e-021
975.600000  3.545916e-021
975.620000  3.566212e-021
975.640000  3.563768e-021
975.660000  3.543293e-021
975.680000  3.564471e-021
975.700000  3.565470e-021
975.720000  3.596781e-021
975.740000  3.604773e-021
975.760000  3.614099e-021
975.780000  3.601173e-021
975.800000  3.603077e-021
975.820000  3.637171e-021
975.840000  3.664433e-021
975.860000  3.679410e-021
975.880000  3.666481e-021
975.900000  3.683670e-021
975.920000  3.689351e-021
975.940000  3.691036e-021
975.960000  3.724822e-021
975.980000  3.756600e-021
976.000000  3.751527e-021
976.020000  3.749689e-021
976.040000  3.750999e-021
976.060000  3.768079e-021
976.080000  3.797923e-021
976.100000  3.814256e-021
976.120000  3.824697e-021
976.140000  3.818243e-021
976.160000  3.858049e-021
976.180000  3.872730e-021
976.200000  3.906492e-021
976.220000  3.918131e-021
976.240000  3.905522e-021
976.260000  3.931215e-021
976.280000  3.917624e-021
976.300000  3.944369e-021
976.320000  3.985565e-021
976.340000  3.983210e-021
976.360000  3.988474e-021
976.380000  3.988977e-021
976.400000  4.013895e-021
976.420000  4.034154e-021
976.440000  4.056945e-021
976.460000  4.058939e-021
976.480000  4.076025e-021
976.500000  4.076081e-021
976.520000  4.097658e-021
976.540000  4.112460e-021
976.560000  4.143158e-021
976.580000  4.165610e-021
976.600000  4.160703e-021
976.620000  4.176225e-021
976.640000  4.184778e-021
976.660000  4.209420e-021
976.680000  4.247370e-021
976.700000  4.273872e-021
976.720000  4.288720e-021
976.740000  4.271351e-021
976.760000  4.312359e-021
976.780000  4.336103e-021
976.800000  4.359963e-021
976.820000  4.385187e-021
976.840000  4.391642e-021
976.860000  4.391290e-021
976.880000  4.464348e-021
976.900000  4.463968e-021
976.920000  4.497261e-021
976.940000  4.534585e-021
976.960000  4.505603e-021
976.980000  4.540810e-021
977.000000  4.585587e-021
977.020000  4.599636e-021
977.040000  4.614276e-021
977.060000  4.650569e-021
977.080000  4.647019e-021
977.100000  4.657910e-021
977.120000  4.686703e-021
977.140000  4.704424e-021
977.160000  4.720520e-021
977.180000  4.736670e-021
977.200000  4.771099e-021
977.220000  4.765455e-021
977.240000  4.798125e-021
977.260000  4.827579e-021
977.280000  4.862483e-021
977.300000  4.866042e-021
977.320000  4.871357e-021
977.340000  4.908982e-021
977.360000  4.938031e-021
977.380000  4.961306e-021
977.400000  4.991919e-021
977.420000  4.999938e-021
977.440000  5.020054e-021
977.460000  5.020852e-021
977.480000  5.086279e-021
977.500000  5.111725e-021
977.520000  5.164130e-021
977.540000  5.146824e-021
977.560000  5.163223e-021
977.580000  5.202332e-021
977.600000  5.239883e-021
977.620000  5.271687e-021
977.640000  5.299884e-021
977.660000  5.280407e-021
977.680000  5.315182e-021
977.700000  5.311167e-021
977.720000  5.369880e-021
977.740000  5.396212e-021
977.760000  5.404758e-021
977.780000  5.405344e-021
977.800000  5.432625e-021
977.820000  5.441669e-021
977.840000  5.496083e-021
977.860000  5.510771e-021
977.880000  5.539956e-021
977.900000  5.574928e-021
977.920000  5.561474e-021
977.940000  5.605770e-021
977.960000  5.645632e-021
977.980000  5.679495e-021
978.000000  5.661466e-021
978.020000  5.705279e-021
978.040000  5.679768e-021
978.060000  5.733084e-021
978.080000  5.806057e-021
978.100000  5.835680e-021
978.120000  5.872919e-021
978.140000  5.830115e-021
978.160000  5.861328e-021
978.180000  5.934020e-021
978.200000  5.945458e-021
978.220000  6.008100e-021
978.240000  5.975437e-021
978.260000  6.028489e-021
978.280000  6.023294e-021
978.300000  6.052848e-021
978.320000  6.073249e-021
978.340000  6.111001e-021
978.360000  6.155440e-021
978.380000  6.158815e-021
978.400000  6.170951e-021
978.420000  6.168701e-021
978.440000  6.181626e-021
978.460000  6.229290e-021
978.480000  6.284953e-021
978.500000  6.301652e-021
978.520000  6.288705e-021
978.540000  6.307101e-021
978.560000  6.337261e-021
978.580000  6.357609e-021
978.600000  6.375557e-021
978.620000  6.408861e-021
978.640000  6.432184e-021
978.660000  6.459092e-021
978.680000  6.467178e-021
978.700000  6.511739e-021
978.720000  6.548881e-021
978.740000  6.541336e-021
978.760000  6.566381e-021
978.780000  6.580044e-021
978.800000  6.626831e-021
978.820000  6.640246e-021
978.840000  6.684465e-021
978.860000  6.668059e-021
978.880000  6.707022e-021
978.900000  6.696897e-021
978.920000  6.754448e-021
978.940000  6.768144e-021
978.960000  6.861343e-021
978.980000  6.826377e-021
979.000000  6.845868e-021
979.020000  6.851826e-021
979.040000  6.885161e-021
979.060000  6.950331e-021
979.080000  6.968900e-021
979.100000  6.961455e-021
979.120000  6.981015e-021
979.140000  7.036718e-021
979.160000  7.047731e-021
979.180000  7.058760e-021
979.200000  7.089559e-021
979.220000  7.101673e-021
979.240000  7.127793e-021
979.260000  7.186391e-021
979.280000  7.163379e-021
979.300000  7.231718e-021
979.320000  7.238122e-021
979.340000  7.230167e-021
979.360000  7.268513e-021
979.380000  7.237848e-021
979.400000  7.296021e-021
979.420000  7.321446e-021
979.440000  7.338589e-021
979.460000  7.384379e-021
979.480000  7.369875e-021
979.500000  7.411690e-021
979.520000  7.439891e-021
979.540000  7.423050e-021
979.560000  7.525226e-021
979.580000  7.516767e-021
979.600000  7.515979e-021
979.620000  7.469988e-021
979.640000  7.528499e-021
979.660000  7.541371e-021
979.680000  7.560913e-021
979.700000  7.569455e-021
979.720000  7.593588e-021
979.740000  7.569940e-021
979.760000  7.626527e-021
979.780000  7.594882e-021
979.800000  7.667668e-021
979.820000  7.585255e-021
979.840000  7.587074e-021
979.860000  7.578889e-021
979.880000  7.628728e-021
979.900000  7.641807e-021
979.920000  7.625649e-021
979.940000  7.656758e-021
979.960000  7.645051e-021
979.980000  7.648010e-021
980.000000  7.675860e-021
980.020000  7.644232e-021
980.040000  7.642006e-021
980.060000  7.645403e-021
980.080000  7.623003e-021
980.100000  7.656698e-021
980.120000  7.638739e-021
980.140000  7.661235e-021
980.160000  7.654499e-021
980.180000  7.636579e-021
980.200000  7.634371e-021
980.220000  7.622486e-021
980.240000  7.650782e-021
980.260000  7.658990e-021
980.280000  7.649280e-021
980.300000  7.649648e-021
980.320000  7.587990e-021
980.340000  7.638136e-021
980.360000  7.615249e-021
980.380000  7.584849e-021
980.400000  7.575422e-021
980.420000  7.572707e-021
980.440000  7.542829e-021
980.460000  7.529343e-021
980.480000  7.582025e-021
980.500000  7.579307e-021
980.520000  7.502036e-021
980.540000  7.512260e-021
980.560000  7.438388e-021
980.580000  7.470718e-021
980.600000  7.469179e-021
980.620000  7.436372e-021
980.640000  7.388079e-021
980.660000  7.368200e-021
980.680000  7.325658e-021
980.700000  7.264111e-021
980.720000  7.319171e-021
980.740000  7.214107e-021
980.760000  7.181749e-021
980.780000  7.190471e-021
980.800000  7.117574e-021
980.820000  7.126085e-021
980.840000  7.146525e-021
980.860000  7.141189e-021
980.880000  7.061146e-021
980.900000  7.010379e-021
980.920000  7.022518e-021
980.940000  6.992268e-021
980.960000  6.938454e-021
980.980000  6.885285e-021
981.000000  6.880175e-021
981.020000  6.861120e-021
981.040000  6.803465e-021
981.060000  6.778432e-021
981.080000  6.745432e-021
981.100000  6.737899e-021
981.120000  6.682086e-021
981.140000  6.668502e-021
981.160000  6.646159e-021
981.180000  6.610844e-021
981.200000  6.565490e-021
981.220000  6.562633e-021
981.240000  6.498980e-021
981.260000  6.452188e-021
981.280000  6.428410e-021
981.300000  6.405585e-021
981.320000  6.395308e-021
981.340000  6.321725e-021
981.360000  6.288876e-021
981.380000  6.298288e-021
981.400000  6.230275e-021
981.420000  6.165973e-021
981.440000  6.176201e-021
981.460000  6.137565e-021
981.480000  6.064346e-021
981.500000  6.033435e-021
981.520000  5.981415e-021
981.540000  5.950216e-021
981.560000  5.940191e-021
981.580000  5.867560e-021
981.600000  5.850250e-021
981.620000  5.791377e-021
981.640000  5.754151e-021
981.660000  5.720810e-021
981.680000  5.737736e-021
981.700000  5.691684e-021
981.720000  5.636969e-021
981.740000  5.558727e-021
981.760000  5.535027e-021
981.780000  5.530592e-021
981.800000  5.491384e-021
981.820000  5.465093e-021
981.840000  5.414860e-021
981.860000  5.368489e-021
981.880000  5.367907e-021
981.900000  5.306355e-021
981.920000  5.307066e-021
981.940000  5.283740e-021
981.960000  5.225873e-021
981.980000  5.167494e-021
982.000000  5.170667e-021
982.020000  5.131377e-021
982.040000  5.122923e-021
982.060000  5.069270e-021
982.080000  5.021776e-021
982.100000  5.003831e-021
982.120000  4.961876e-021
982.140000  4.976605e-021
982.160000  4.917659e-021
982.180000  4.897206e-021
982.200000  4.878619e-021
982.220000  4.815674e-021
982.240000  4.815826e-021
982.260000  4.776154e-021
982.280000  4.782054e-021
982.300000  4.719401e-021
982.320000  4.678383e-021
982.340000  4.624444e-021
982.360000  4.618505e-021
982.380000  4.611471e-021
982.400000  4.625454e-021
982.420000  4.583717e-021
982.440000  4.538071e-021
982.460000  4.491331e-021
982.480000  4.468531e-021
982.500000  4.460741e-021
982.520000  4.471596e-021
982.540000  4.417753e-021
982.560000  4.436954e-021
982.580000  4.390904e-021
982.600000  4.358841e-021
982.620000  4.357159e-021
982.640000  4.322436e-021
982.660000  4.327454e-021
982.680000  4.298592e-021
982.700000  4.247634e-021
982.720000  4.237918e-021
982.740000  4.237792e-021
982.760000  4.226086e-021
982.780000  4.207899e-021
982.800000  4.146645e-021
982.820000  4.137551e-021
982.840000  4.104897e-021
982.860000  4.120844e-021
982.880000  4.102920e-021
982.900000  4.069915e-021
982.920000  4.029371e-021
982.940000  4.004957e-021
982.960000  3.987814e-021
982.980000  3.968797e-021
983.000000  3.962688e-021
983.020000  3.930452e-021
983.040000  3.884349e-021
983.060000  3.872235e-021
983.080000  3.873224e-021
983.100000  3.863461e-021
983.120000  3.855576e-021
983.140000  3.840721e-021
983.160000  3.805562e-021
983.180000  3.784415e-021
983.200000  3.767013e-021
983.220000  3.764199e-021
983.240000  3.751826e-021
983.260000  3.750858e-021
983.280000  3.724092e-021
983.300000  3.693956e-021
983.320000  3.697526e-021
983.340000  3.728038e-021
983.360000  3.716761e-021
983.380000  3.680109e-021
983.400000  3.665032e-021
983.420000  3.661923e-021
983.440000  3.662798e-021
983.460000  3.684963e-021
983.480000  3.667202e-021
983.500000  3.636753e-021
983.520000  3.644664e-021
983.540000  3.628835e-021
983.560000  3.603030e-021
983.580000  3.613937e-021
983.600000  3.606946e-021
983.620000  3.586844e-021
983.640000  3.566824e-021
983.660000  3.561548e-021
983.680000  3.550667e-021
983.700000  3.575221e-021
983.720000  3.559114e-021
983.740000  3.543488e-021
983.760000  3.536073e-021
983.780000  3.514517e-021
983.800000  3.504148e-021
983.820000  3.503028e-021
983.840000  3.512583e-021
983.860000  3.494409e-021
983.880000  3.478453e-021
983.900000  3.483710e-021
983.920000  3.489391e-021
983.940000  3.495497e-021
983.960000  3.483804e-021
983.980000  3.489897e-021
984.000000  3.451748e-021
984.020000  3.469536e-021
984.040000  3.474733e-021
984.060000  3.479935e-021
984.080000  3.488942e-021
984.100000  3.493309e-021
984.120000  3.457670e-021
984.140000  3.479667e-021
984.160000  3.476442e-021
984.180000  3.473222e-021
984.200000  3.465807e-021
984.220000  3.449348e-021
984.240000  3.449638e-021
984.260000  3.429084e-021
984.280000  3.425218e-021
984.300000  3.442159e-021
984.320000  3.438280e-021
984.340000  3.421936e-021
984.360000  3.409793e-021
984.380000  3.410083e-021
984.400000  3.410373e-021
984.420000  3.408672e-021
984.440000  3.411110e-021
984.460000  3.392870e-021
984.480000  3.370587e-021
984.500000  3.377103e-021
984.520000  3.375398e-021
984.540000  3.373692e-021
984.560000  3.384346e-021
984.580000  3.349758e-021
984.600000  3.339870e-021
984.620000  3.345644e-021
984.640000  3.359618e-021
984.660000  3.344926e-021
984.680000  3.367090e-021
984.700000  3.344209e-021
984.720000  3.317412e-021
984.740000  3.339417e-021
984.760000  3.332957e-021
984.780000  3.342779e-021
984.800000  3.336318e-021
984.820000  3.308192e-021
984.840000  3.332741e-021
984.860000  3.308680e-021
984.880000  3.312965e-021
984.900000  3.313208e-021
984.920000  3.309411e-021
984.940000  3.289507e-021
984.960000  3.269699e-021
984.980000  3.281962e-021
985.000000  3.282206e-021
985.200000  3.219172e-021
985.400000  3.211852e-021
985.600000  3.188543e-021
985.800000  3.135891e-021
986.000000  3.090105e-021
986.200000  3.047570e-021
986.400000  2.980760e-021
986.600000  2.903823e-021
986.800000  2.848577e-021
987.000000  2.799503e-021
987.200000  2.706393e-021
987.400000  2.639218e-021
987.600000  2.609145e-021
987.800000  2.561902e-021
988.000000  2.494661e-021
988.200000  2.455980e-021
988.400000  2.415614e-021
988.600000  2.360038e-021
988.800000  2.317118e-021
989.000000  2.338032e-021
989.200000  2.331061e-021
989.400000  2.299971e-021
989.600000  2.261522e-021
989.800000  2.243551e-021
990.000000  2.210043e-021
990.200000  2.154780e-021
990.400000  2.104767e-021
990.600000  2.081605e-021
990.800000  2.046371e-021
991.000000  1.994729e-021
991.200000  1.976756e-021
991.400000  1.950783e-021
991.600000  1.886465e-021
991.800000  1.823431e-021
992.000000  1.791535e-021
992.200000  1.727709e-021
992.400000  1.629842e-021
992.600000  1.569407e-021
992.800000  1.541205e-021
993.000000  1.478930e-021
993.200000  1.412498e-021
993.400000  1.373465e-021
993.600000  1.317822e-021
993.800000  1.231191e-021
994.000000  1.170762e-021
994.200000  1.138143e-021
994.400000  1.105421e-021
994.600000  1.060570e-021
994.800000  1.039579e-021
995.000000  1.027518e-021
995.200000  1.002329e-021
995.400000  9.881472e-022
995.600000  9.960949e-022
995.800000  9.804041e-022
996.000000  9.493250e-022
996.200000  9.162126e-022
996.400000  9.194951e-022
996.600000  8.723981e-022
996.800000  8.246343e-022
997.000000  8.087618e-022
997.200000  8.229309e-022
997.400000  7.922473e-022
997.600000  7.597765e-022
997.800000  7.468209e-022
998.000000  7.284338e-022
998.200000  6.767612e-022
998.400000  6.483311e-022
998.600000  6.743799e-022
998.800000  6.634578e-022
999.000000  6.193491e-022
999.200000  6.095239e-022
999.400000  6.060735e-022
999.600000  5.742248e-022
999.800000  5.317747e-022
1000.000000  5.309636e-022
1000.200000  5.362663e-022
1000.400000  5.041845e-022
1000.600000  4.614709e-022
1000.800000  4.775874e-022
1001.000000  4.824191e-022
1001.200000  4.497625e-022
1001.400000  4.330729e-022
1001.600000  4.556565e-022
1001.800000  4.295832e-022
1002.000000  3.808788e-022
1002.200000  4.162739e-022
1002.400000  4.511158e-022
1002.600000  4.271568e-022
1002.800000  4.039621e-022
1003.000000  4.273513e-022
1003.200000  4.306271e-022
1003.400000  3.842809e-022
1003.600000  3.860257e-022
1003.800000  3.873016e-022
1004.000000  3.454366e-022
1004.200000  3.057628e-022
1004.400000  3.336155e-022
1004.600000  3.747106e-022
1004.800000  3.535720e-022
1005.000000  3.180241e-022
1005.200000  3.481489e-022
1005.400000  3.509005e-022
1005.600000  3.086727e-022
1005.800000  3.026440e-022
1006.000000  3.438865e-022
1006.200000  3.112748e-022
1006.400000  2.626619e-022
1006.600000  2.817552e-022
1006.800000  3.017658e-022
1007.000000  2.767710e-022
1007.200000  2.712177e-022
1007.400000  3.092138e-022
1007.600000  3.027048e-022
1007.800000  2.606712e-022
1008.000000  2.731098e-022
1008.200000  2.960400e-022
1008.400000  2.743148e-022
1008.600000  2.474444e-022
1008.800000  2.778776e-022
1009.000000  3.044819e-022
1009.200000  2.677077e-022
1009.400000  2.502616e-022
1009.600000  2.964068e-022
1009.800000  3.167760e-022
1010.000000  2.700928e-022
1010.200000  2.654321e-022
1010.400000  2.702901e-022
1010.600000  2.491191e-022
1010.800000  2.108446e-022
1011.000000  2.332437e-022
1011.200000  2.571657e-022
1011.400000  2.068181e-022
1011.600000  2.031327e-022
1011.800000  2.519010e-022
1012.000000  2.676284e-022
1012.200000  2.268626e-022
1012.400000  2.245235e-022
1012.600000  2.425483e-022
1012.800000  2.148637e-022
1013.000000  2.051421e-022
1013.200000  2.443650e-022
1013.400000  2.469058e-022
1013.600000  1.986714e-022
1013.800000  1.858955e-022
1014.000000  2.232857e-022
1014.200000  1.931837e-022
1014.400000  1.346885e-022
1014.600000  1.261529e-022
1014.800000  1.455173e-022
1015.000000  1.331016e-022
1015.200000  1.347893e-022
1015.400000  1.644972e-022
1015.600000  1.859942e-022
1015.800000  1.461333e-022
1016.000000  1.359759e-022
1016.200000  1.713546e-022
1016.400000  1.566405e-022
1016.600000  1.316108e-022
1016.800000  1.617568e-022
1017.000000  1.949751e-022
1017.200000  1.704784e-022
1017.400000  1.342729e-022
1017.600000  1.673080e-022
1017.800000  1.718896e-022
1018.000000  1.453625e-022
1018.200000  1.301957e-022
1018.400000  1.741469e-022
1018.600000  1.542487e-022
1018.800000  1.209116e-022
1019.000000  1.302798e-022
1019.200000  1.454894e-022
1019.400000  1.175772e-022
1019.600000  9.308935e-023
1019.800000  1.367394e-022
1020.000000  1.391435e-022
1020.200000  6.407993e-023
1020.400000  8.886253e-023
1020.600000  8.848671e-023
1020.800000  6.556359e-023
1021.000000  7.770146e-023
1021.200000  1.000950e-022
1021.400000  8.469408e-023
1021.600000  6.129916e-023
1021.800000  7.792334e-023
1022.000000  9.601047e-023
1022.200000  7.230783e-023
1022.400000  5.926472e-023
1022.600000  9.134347e-023
1022.800000  8.869520e-023
1023.000000  5.347232e-023
1023.200000  5.060000e-023
1023.400000  7.611723e-023
1023.600000  6.192481e-023
1023.800000  2.680737e-023
1024.000000  6.195404e-023
1024.200000  8.110672e-023
1024.400000  5.259101e-023
1024.600000  5.224094e-023
1024.800000  7.836703e-023
1025.000000  7.934242e-023
1025.200000  4.283768e-023
1025.400000  4.832977e-023
1025.600000  7.522204e-023
1025.800000  5.881842e-023
1026.000000  4.113884e-023
1026.200000  6.529452e-023
1026.400000  8.575507e-023
1026.600000  4.983887e-023
1026.800000  4.305552e-023
1027.000000  5.260561e-023
1027.200000  4.305466e-023
1027.400000  2.140048e-023
1027.600000  6.274562e-023
1027.800000  8.973755e-023
1028.000000  6.461457e-023
1028.200000  4.686566e-023
1028.400000  6.212591e-023
1028.600000  5.911188e-023
1028.800000  1.394722e-023
1029.000000  3.657198e-024
1029.200000  1.818551e-023
1029.400000  1.970404e-023
1029.600000  1.110986e-023
1029.800000  3.772103e-023
1030.000000  6.836795e-023
1030.200000  4.885828e-023
1030.400000  3.734502e-023
1030.600000  6.125772e-023
1030.800000  5.934708e-023
1031.000000  3.229503e-023
1031.200000  4.145222e-023
1031.400000  7.092661e-023
1031.600000  4.717911e-023
1031.800000  5.325552e-025
1032.000000  1.336470e-023
1032.200000  4.787907e-023
1032.400000  2.121667e-023
1032.600000  1.704267e-023
1032.800000  4.453987e-023
1033.000000  5.800442e-023
1033.200000  2.676939e-023
1033.400000  2.726104e-023
1033.600000  5.016430e-023
1033.800000  3.653943e-023
1034.000000  1.751120e-023
1034.200000  3.423848e-023
1034.400000  4.517902e-023
1034.600000  7.737024e-024
1034.800000  -6.534698e-024
1035.000000  1.051864e-023
1035.200000  1.126275e-024
1035.400000  -2.188324e-023
1035.600000  -1.112572e-023
1035.800000  2.075826e-023
1036.000000  -6.664908e-024
1036.200000  -2.348479e-023
1036.400000  -1.212906e-023
1036.600000  -1.631452e-024
1036.800000  -2.916539e-023
1037.000000  -2.913698e-023
1037.200000  8.258461e-024
1037.400000  7.563848e-024
1037.600000  -1.228401e-023
1037.800000  -4.077716e-024
1038.000000  2.317741e-023
1038.200000  -2.143574e-024
1038.400000  -2.260501e-023
1038.600000  1.124565e-023
1038.800000  3.705697e-023
1039.000000  1.108525e-023
1039.200000  -6.388226e-024
1039.400000  2.896020e-025
1039.600000  -9.124459e-024
1039.800000  -3.101618e-023
1040.000000  -1.009846e-023
1040.200000  1.008897e-023
1040.400000  -1.673605e-023
1040.600000  -3.872345e-023
1040.800000  -2.125785e-023
1041.000000  2.960158e-024
1041.200000  -2.960388e-023
1041.400000  -3.922395e-023
1041.600000  -3.398871e-023
1041.800000  -3.997543e-023
1042.000000  -6.856775e-023
1042.200000  -5.306876e-023
1042.400000  -1.853352e-023
1042.600000  -3.276637e-023
1042.800000  -3.936557e-023
1043.000000  -2.850611e-023
1043.200000  -1.653544e-023
1043.400000  -5.390618e-023
1043.600000  -4.352317e-023
1043.800000  -1.420726e-023
1044.000000  -2.325685e-023
1044.200000  -4.980838e-023
1044.400000  -3.537713e-023
1044.600000  -6.075104e-024
1044.800000  -2.021172e-023
1045.000000  -2.020058e-023
1045.200000  -6.761188e-024
1045.400000  -1.263676e-023
1045.600000  -3.922196e-023
1045.800000  -3.452368e-023
1046.000000  -3.730009e-024
1046.200000  -1.982597e-023
1046.400000  -3.820409e-023
1046.600000  -1.864852e-023
1046.800000  2.672013e-024
1047.000000  -3.730552e-023
1047.200000  -4.388017e-023
1047.400000  -2.574296e-023
1047.600000  -1.629140e-023
1047.800000  -3.886170e-023
1048.000000  -2.746080e-023
1048.200000  4.160427e-024
1048.400000  -1.931925e-023
1048.600000  -5.076524e-023
1048.800000  -3.928851e-023
1049.000000  -2.000690e-023
1049.200000  -3.694212e-023
1049.400000  -4.097961e-023
1049.600000  -2.174317e-023
1049.800000  -1.788446e-023
1050.000000  -5.875774e-023
1050.200000  -5.544561e-023
1050.400000  -2.696998e-023
1050.600000  -3.665043e-023
1050.800000  -6.531634e-023
1051.000000  -4.924621e-023
1051.200000  -2.862513e-023
1051.400000  -5.160393e-023
1051.600000  -5.144283e-023
1051.800000  -1.803320e-023
1052.000000  -1.524512e-023
1052.200000  -4.854373e-023
1052.400000  -3.351546e-023
1052.600000  -2.975520e-024
1052.800000  -2.704048e-023
1053.000000  -5.116104e-023
1053.200000  -2.893280e-023
1053.400000  -1.381019e-023
1053.600000  -4.100880e-023
1053.800000  -5.475413e-023
1054.000000  -4.437141e-023
1054.200000  -5.872056e-023
1054.400000  -9.094367e-023
1054.600000  -7.632349e-023
1054.800000  -4.953366e-023
1055.000000  -7.580735e-023
1055.200000  -7.753659e-023
1055.400000  -4.042491e-023
1055.600000  -1.200459e-023
1055.800000  -4.327567e-023
1056.000000  -5.137778e-023
1056.200000  -3.530853e-023
1056.400000  -4.343295e-023
1056.600000  -7.324799e-023
1056.800000  -5.191019e-023
1057.000000  -3.328344e-023
1057.200000  -5.994693e-023
1057.400000  -5.716390e-023
1057.600000  -2.728938e-023
1057.800000  -1.940991e-023
1058.000000  -4.913986e-023
1058.200000  -4.538753e-023
1058.400000  -1.760946e-023
1058.600000  -2.771427e-023
1058.800000  -6.503811e-023
1059.000000  -5.510310e-023
1059.200000  -2.168102e-023
1059.400000  -3.336136e-023
1059.600000  -3.376337e-023
1059.800000  -7.078250e-025
1060.000000  -1.489204e-024
1060.200000  -4.941148e-023
1060.400000  -5.698407e-023
1060.600000  -2.284463e-023
1060.800000  -3.249211e-023
1061.000000  -6.841668e-023
1061.200000  -6.671950e-023
1061.400000  -5.018877e-023
1061.600000  -7.958180e-023
1061.800000  -8.405875e-023
1062.000000  -4.982389e-023
1062.200000  -4.457659e-023
1062.400000  -7.649697e-023
1062.600000  -7.620101e-023
1062.800000  -5.246761e-023
1063.000000  -6.068432e-023
1063.200000  -8.281039e-023
1063.400000  -5.257566e-023
1063.600000  -3.802333e-023
1063.800000  -6.121500e-023
1064.000000  -6.457739e-023
1064.200000  -3.146072e-023
1064.400000  -2.250942e-023
1064.600000  -4.311739e-023
1064.800000  -3.574284e-023
1065.000000  -1.808589e-023
1065.200000  -3.395194e-023
1065.400000  -6.114076e-023
1065.600000  -3.781983e-023
1065.800000  -3.307057e-023
1066.000000  -7.229748e-023
1066.200000  -8.558665e-023
1066.400000  -6.267686e-023
1066.600000  -6.572368e-023
1066.800000  -1.018507e-022
1067.000000  -8.746931e-023
1067.200000  -4.720426e-023
1067.400000  -4.503414e-023
1067.600000  -4.281363e-023
1067.800000  -1.840790e-023
1068.000000  -4.224498e-024
1068.200000  -3.993341e-023
1068.400000  -4.339997e-023
1068.600000  -2.412899e-023
1068.800000  -3.176428e-023
1069.000000  -5.862065e-023
1069.200000  -4.810263e-023
1069.400000  -2.465325e-023
1069.600000  -4.375104e-023
1069.800000  -6.536858e-023
1070.000000  -4.189083e-023
1070.200000  -2.571876e-023
1070.400000  -5.935649e-023
1070.600000  -6.012513e-023
1070.800000  -3.728929e-023
1071.000000  -5.593245e-023
1071.200000  -8.862843e-023
1071.400000  -7.481898e-023
1071.600000  -5.511088e-023
1071.800000  -8.062483e-023
1072.000000  -9.537652e-023
1072.200000  -6.869841e-023
1072.400000  -5.303496e-023
1072.600000  -7.851987e-023
1072.800000  -6.673493e-023
1073.000000  -4.168619e-023
1073.200000  -4.890887e-023
1073.400000  -6.535861e-023
1073.600000  -4.755600e-023
1073.800000  -2.820659e-023
1074.000000  -4.850925e-023
1074.200000  -5.614990e-023
1074.400000  -3.409534e-023
1074.600000  -2.038422e-023
1074.800000  -4.119281e-023
1075.000000  -3.373114e-023
1075.200000  -1.854471e-024
1075.400000  -1.311300e-023
1075.600000  -3.858450e-023
1075.800000  -3.115094e-023
1076.000000  -1.851869e-023
1076.200000  -5.813276e-023
1076.400000  -6.530152e-023
1076.600000  -3.068117e-023
1076.800000  -2.010177e-023
1077.000000  -4.668842e-023
1077.200000  -4.022470e-023
1077.400000  -2.601937e-023
1077.600000  -4.895016e-023
1077.800000  -8.186084e-023
1078.000000  -7.322425e-023
1078.200000  -7.533422e-023
1078.400000  -9.801045e-023
1078.600000  -9.029850e-023
1078.800000  -5.668961e-023
1079.000000  -5.612086e-023
1079.200000  -8.856943e-023
1079.400000  -8.050646e-023
1079.600000  -5.414608e-023
1079.800000  -7.683329e-023
1080.000000  -8.442805e-023
1080.200000  -5.102900e-023
1080.400000  -2.840768e-023
1080.600000  -5.515035e-023
1080.800000  -5.386929e-023
1081.000000  -2.068692e-023
1081.200000  -1.843343e-023
1081.400000  -4.674341e-023
1081.600000  -4.389802e-023
1081.800000  -1.652657e-023
1082.000000  -3.479741e-023
1082.200000  -5.609650e-023
1082.400000  -3.609117e-023
1082.600000  -1.970065e-023
1082.800000  -4.807046e-023
1083.000000  -4.520714e-023
1083.200000  -2.512833e-023
1083.400000  -1.552434e-023
1083.600000  -5.275032e-023
1083.800000  -4.208978e-023
1084.000000  -1.358881e-023
1084.200000  -3.086808e-023
1084.400000  -4.341565e-023
1084.600000  -3.008318e-023
1084.800000  -1.148934e-023
1085.000000  -4.409125e-023
1085.200000  -4.283869e-023
1085.400000  -2.379475e-023
1085.600000  -4.108369e-023
1085.800000  -7.257468e-023
1086.000000  -6.066617e-023
1086.200000  -3.696628e-023
1086.400000  -6.059561e-023
1086.600000  -8.080003e-023
1086.800000  -4.759962e-023
1087.000000  -3.967356e-023
1087.200000  -6.703766e-023
1087.400000  -6.143464e-023
1087.600000  -3.978678e-023
1087.800000  -5.298666e-023
1088.000000  -7.389380e-023
1088.200000  -5.099091e-023
1088.400000  -1.512816e-023
1088.600000  -3.718245e-023
1088.800000  -3.962094e-023
1089.000000  -6.364629e-024
1089.200000  3.861474e-024
1089.400000  -3.405229e-023
1089.600000  -2.964656e-023
1089.800000  -8.505852e-024
1090.000000  -2.681125e-023
1090.200000  -4.875106e-023
1090.400000  -2.707457e-023
1090.600000  -1.643122e-023
1090.800000  -4.748460e-023
1091.000000  -6.473579e-023
1091.200000  -4.608413e-023
1091.400000  -4.343319e-023
1091.600000  -7.563106e-023
1091.800000  -4.997729e-023
1092.000000  -1.822072e-023
1092.200000  -3.291242e-023
1092.400000  -6.857668e-023
1092.600000  -5.828511e-023
1092.800000  -3.776169e-023
1093.000000  -5.840270e-023
1093.200000  -6.075149e-023
1093.400000  -4.004069e-023
1093.600000  -5.701042e-023
1093.800000  -8.965459e-023
1094.000000  -8.390151e-023
1094.200000  -5.279250e-023
1094.400000  -5.369931e-023
1094.600000  -5.605403e-023
1094.800000  -3.439017e-023
1095.000000  -7.437136e-024
1095.200000  -3.054051e-023
1095.400000  -3.250622e-023
1095.600000  -1.182581e-023
1095.800000  -2.703548e-023
1096.000000  -6.395973e-023
1096.200000  -4.996104e-023
1096.400000  -9.225524e-024
1096.600000  -2.285037e-023
1096.800000  -3.959071e-023
1097.000000  -3.361851e-023
1097.200000  -3.462300e-023
1097.400000  -7.313489e-023
1097.600000  -7.440113e-023
1097.800000  -4.693230e-023
1098.000000  -5.434765e-023
1098.200000  -9.532941e-023
1098.400000  -8.489500e-023
1098.600000  -5.440995e-023
1098.800000  -6.021889e-023
1099.000000  -6.418524e-023
1099.200000  -5.241922e-023
1099.400000  -4.020630e-023
1099.600000  -6.812560e-023
1099.800000  -6.471935e-023
1100.000000  -4.353468e-023
1100.200000  -6.060648e-023
1100.400000  -7.628409e-023
1100.600000  -3.635890e-023
1100.800000  7.843372e-024
1101.000000  -9.579803e-024
1101.200000  -2.858432e-023
1101.400000  -1.729798e-023
1101.600000  -2.624048e-023
1101.800000  -4.628559e-023
1102.000000  -3.180808e-023
1102.200000  -1.152149e-023
1102.400000  -4.294649e-023
1102.600000  -7.050941e-023
1102.800000  -3.780645e-023
1103.000000  -1.637746e-023
1103.200000  -4.410261e-023
1103.400000  -4.858580e-023
1103.600000  -1.653351e-023
1103.800000  -1.055420e-023
1104.000000  -5.418554e-023
1104.200000  -5.241869e-023
1104.400000  -3.579273e-023
1104.600000  -5.297811e-023
1104.800000  -7.046864e-023
1105.000000  -3.554382e-023
1105.200000  -1.561863e-023
1105.400000  -6.689136e-023
1105.600000  -8.280154e-023
1105.800000  -4.554017e-023
1106.000000  -2.490893e-023
1106.200000  -4.635031e-023
1106.400000  -3.481251e-023
1106.600000  -1.155481e-023
1106.800000  -2.228298e-023
1107.000000  -4.752865e-023
1107.200000  -3.279686e-023
1107.400000  -2.677311e-023
1107.600000  -5.384944e-023
1107.800000  -4.976065e-023
1108.000000  -1.828553e-023
1108.200000  -2.087133e-023
1108.400000  -5.316188e-023
1108.600000  -4.534131e-023
1108.800000  -1.994517e-023
1109.000000  -3.666439e-023
1109.200000  -4.996331e-023
1109.400000  -2.285484e-023
1109.600000  -9.766744e-024
1109.800000  -4.724839e-023
1110.000000  -5.072342e-023
1110.200000  -3.428437e-023
1110.400000  -3.701559e-023
1110.600000  -6.127506e-023
1110.800000  -3.286019e-023
1111.000000  3.155622e-025
1111.200000  -2.082970e-023
1111.400000  -4.020246e-023
1111.600000  -1.180563e-023
1111.800000  3.553981e-024
1112.000000  -3.511786e-023
1112.200000  -3.926511e-023
1112.400000  -1.246535e-023
1112.600000  -2.496494e-023
1112.800000  -5.493439e-023
1113.000000  -5.248219e-023
1113.200000  -3.560204e-023
1113.400000  -5.756630e-023
1113.600000  -6.928734e-023
1113.800000  -4.395222e-023
1114.000000  -4.062956e-023
1114.200000  -7.998212e-023
1114.400000  -6.709124e-023
1114.600000  -3.522255e-023
1114.800000  -2.422317e-023
1115.000000  -4.491660e-023
1115.200000  -3.653834e-023
1115.400000  -1.944630e-023
1115.600000  -5.112879e-023
1115.800000  -5.248373e-023
1116.000000  -2.009064e-023
1116.200000  -4.160779e-024
1116.400000  -2.601014e-023
1116.600000  -1.432002e-023
1116.800000  9.874686e-024
1117.000000  -1.464881e-023
1117.200000  -4.190042e-023
1117.400000  -2.637694e-023
1117.600000  -4.962373e-024
1117.800000  -2.851901e-023
1118.000000  -2.671973e-023
1118.200000  4.750435e-024
1118.400000  7.128477e-024
1118.600000  -2.489489e-023
1118.800000  -1.863385e-023
1119.000000  1.249508e-023
1119.200000  3.204732e-024
1119.400000  -1.001175e-023
1119.600000  -5.986867e-024
1119.800000  2.188417e-025
1120.000000  -3.035875e-023
1120.200000  -2.354245e-023
1120.400000  1.062017e-023
1120.600000  -2.087981e-024
1120.800000  -4.972428e-023
1121.000000  -2.562426e-023
1121.200000  9.396734e-024
1121.400000  -1.391012e-023
1121.600000  -3.328603e-023
1121.800000  -1.808451e-023
1122.000000  1.555810e-024
1122.200000  -3.370643e-023
1122.400000  -2.672217e-023
1122.600000  2.368795e-023
1122.800000  2.215729e-023
1123.000000  -9.517238e-024
1123.200000  -1.984073e-023
1123.400000  6.285139e-024
1123.600000  -2.545399e-024
1123.800000  -2.882452e-023
1124.000000  -2.514712e-023
1124.200000  -7.158718e-024
1124.400000  -2.941588e-023
1124.600000  -1.969000e-023
1124.800000  -6.588372e-025
1125.000000  -3.916127e-024
1125.200000  2.927027e-024
1125.400000  4.328167e-023
1125.600000  6.619718e-023
1125.800000  1.234688e-023
1126.000000  -6.199346e-024
1126.200000  2.440521e-023
1126.400000  3.194368e-023
1126.600000  -2.050793e-023
1126.800000  -4.287931e-023
1127.000000  -3.097383e-023
1127.200000  -4.745961e-023
1127.400000  -7.523293e-023
1127.600000  -3.822045e-023
1127.800000  5.074579e-025
1128.000000  -5.623709e-024
1128.200000  -1.671399e-023
1128.400000  2.169144e-023
1128.600000  3.709206e-023
1128.800000  1.752113e-023
1129.000000  8.040766e-024
1129.200000  1.950869e-023
1129.400000  4.322260e-024
1129.600000  2.730154e-024
1129.800000  1.369788e-023
1130.000000  2.182779e-023
1130.200000  -3.509484e-023
1130.400000  -5.341449e-023
1130.600000  -2.833422e-023
1130.800000  -1.870456e-023
1131.000000  -4.760394e-023
1131.200000  -3.430231e-023
1131.400000  -1.100396e-023
1131.600000  -1.783423e-023
1131.800000  -3.432360e-023
1132.000000  -2.221742e-023
1132.200000  -5.522030e-024
1132.400000  -3.547398e-023
1132.600000  -4.093469e-023
1132.800000  -1.609461e-023
1133.000000  -1.604489e-024
1133.200000  -1.710160e-023
1133.400000  9.612568e-024
1133.600000  4.750777e-023
1133.800000  5.072621e-023
1134.000000  3.155038e-023
1134.200000  4.446890e-023
1134.400000  7.028857e-023
1134.600000  6.978294e-023
1134.800000  7.749192e-023
1135.000000  8.689958e-023
1135.200000  5.567680e-023
1135.400000  3.948539e-025
1135.600000  -1.905779e-023
1135.800000  1.456709e-023
1136.000000  8.275896e-024
1136.200000  -3.038340e-023
1136.400000  -3.866161e-023
1136.600000  -3.673972e-023
1136.800000  -5.936445e-023
1137.000000  -5.196813e-023
1137.200000  -2.713671e-025
1137.400000  -4.338869e-024
1137.600000  -4.111605e-023
1137.800000  -3.556455e-023
1138.000000  -8.066054e-024
1138.200000  -2.163658e-023
1138.400000  -2.858328e-023
1138.600000  -3.685527e-024
1138.800000  -5.348446e-024
1139.000000  -3.414658e-023
1139.200000  -2.972010e-023
1139.400000  3.285756e-024
1139.600000  3.368772e-024
1139.800000  -1.605049e-023
1140.000000  3.003184e-024
1140.200000  2.797722e-023
1140.400000  7.355502e-024
1140.600000  1.756901e-023
1140.800000  5.211670e-023
1141.000000  5.591003e-023
1141.200000  1.437346e-023
1141.400000  1.685870e-023
1141.600000  4.964287e-023
1141.800000  3.199052e-023
1142.000000  4.165051e-024
1142.200000  1.673457e-023
1142.400000  2.929998e-023
1142.600000  1.046244e-023
1142.800000  -1.850289e-024
1143.000000  2.966066e-023
1143.200000  3.162643e-023
1143.400000  -8.701225e-024
1143.600000  -9.110906e-024
1143.800000  -7.822049e-024
1144.000000  -2.511706e-023
1144.200000  -3.284470e-023
1144.400000  -4.079283e-025
1144.600000  9.253228e-024
1144.800000  -3.179175e-023
1145.000000  -4.340279e-023
1145.200000  -2.073049e-023
1145.400000  -1.295350e-023
1145.600000  -4.561612e-023
1145.800000  -4.705422e-023
1146.000000  -1.194075e-023
1146.200000  -2.214370e-023
1146.400000  -1.784641e-023
1146.600000  1.464041e-023
1146.800000  3.332049e-023
1147.000000  -1.836075e-024
1147.200000  -4.559190e-025
1147.400000  3.479990e-023
1147.600000  3.623069e-023
1147.800000  -3.808093e-024
1148.000000  2.380023e-024
1148.200000  2.932702e-023
1148.400000  2.111245e-023
1148.600000  1.584184e-023
1148.800000  4.698939e-023
1149.000000  5.077620e-023
1149.200000  4.219265e-024
1149.400000  -2.847088e-024
1149.600000  4.109194e-023
1149.800000  3.803141e-023
1150.000000  2.254223e-024
