800.000000  -3.298851e-023
800.200000  -5.902678e-023
800.400000  -2.656513e-023
800.600000  -1.348497e-023
800.800000  -5.477962e-023
801.000000  -5.133502e-023
801.200000  -1.843333e-023
801.400000  -3.024786e-023
801.600000  -6.654955e-023
801.800000  -4.566566e-023
802.000000  -2.480612e-023
802.200000  -4.846669e-023
802.400000  -5.614169e-023
802.600000  -2.228042e-023
802.800000  -2.210660e-023
803.000000  -5.740404e-023
803.200000  -5.310481e-023
803.400000  -2.888565e-023
803.600000  -5.358367e-023
803.800000  -7.009080e-023
804.000000  -5.883298e-023
804.200000  -2.581765e-023
804.400000  -5.667368e-023
804.600000  -5.879620e-023
804.800000  -2.664858e-023
805.000000  -2.139424e-023
805.200000  -5.358822e-023
805.400000  -4.370542e-023
805.600000  -7.330013e-024
805.800000  -1.696765e-023
806.000000  -4.308916e-023
806.200000  -1.475317e-023
806.400000  4.801308e-024
806.600000  -1.917121e-023
806.800000  -4.032946e-023
807.000000  -1.158777e-023
807.200000  -1.497587e-023
807.400000  -4.940471e-023
807.600000  -4.043176e-023
807.800000  -7.405999e-024
808.000000  -2.895170e-023
808.200000  -5.932361e-023
808.400000  -3.419083e-023
808.600000  -2.003734e-023
808.800000  -4.397888e-023
809.000000  -3.363307e-023
809.200000  -1.987198e-024
809.400000  -1.705793e-023
809.600000  -4.744303e-023
809.800000  -4.075344e-023
810.000000  -2.199782e-023
810.200000  -4.037528e-023
810.400000  -4.995601e-023
810.600000  -1.736791e-023
810.800000  1.665186e-023
811.000000  -1.608699e-023
811.200000  -6.152309e-024
811.400000  2.131644e-023
811.600000  5.627209e-025
811.800000  -2.755660e-023
812.000000  -1.127563e-023
812.200000  4.164220e-024
812.400000  -1.734841e-023
812.600000  -4.347174e-023
812.800000  -3.124962e-024
813.000000  7.658719e-024
813.200000  -1.898208e-023
813.400000  -3.546410e-023
813.600000  -2.510513e-023
813.800000  -5.309063e-023
814.000000  -8.671424e-023
814.200000  -5.090742e-023
814.400000  -2.487644e-023
814.600000  -4.086291e-023
814.800000  -5.038720e-023
815.000000  -1.136705e-023
815.200000  -6.584199e-024
815.400000  -3.033834e-023
815.600000  -2.142688e-023
815.800000  1.529564e-023
816.000000  8.924109e-024
816.200000  -2.323590e-023
816.400000  -1.516103e-024
816.600000  1.883211e-023
816.800000  -5.981143e-024
817.000000  -1.865135e-023
817.200000  1.376321e-023
817.400000  1.473116e-023
817.600000  -1.636501e-023
817.800000  -1.951571e-023
818.000000  4.693656e-024
818.200000  -5.643939e-024
818.400000  -4.130673e-023
818.600000  -1.629400e-023
818.800000  -1.059583e-023
819.000000  -4.083638e-023
819.200000  -6.002561e-023
819.400000  -3.267671e-023
819.600000  -2.199749e-023
819.800000  -3.698408e-023
820.000000  -3.224873e-023
820.200000  -7.771205e-024
820.400000  -1.389535e-023
820.600000  -3.080530e-023
820.800000  -2.673813e-024
821.000000  2.082299e-023
821.200000  -7.003078e-024
821.400000  -2.143965e-023
821.600000  1.498557e-023
821.800000  -9.706128e-027
822.000000  -2.632446e-023
822.200000  -7.842656e-024
822.400000  2.303352e-023
822.600000  -1.062991e-024
822.800000  -2.338885e-023
823.000000  -1.770509e-023
823.200000  -1.222341e-023
823.400000  -4.070547e-023
823.600000  -5.020956e-023
823.800000  -2.241697e-023
824.000000  -4.253935e-023
824.200000  -7.091482e-023
824.400000  -5.136637e-023
824.600000  -2.447007e-023
824.800000  -3.393766e-023
825.000000  -4.856538e-023
825.200000  -1.630304e-023
825.400000  7.272797e-024
825.600000  -2.014953e-023
825.800000  -1.309317e-023
826.000000  2.183756e-023
826.200000  1.586978e-023
826.400000  -1.665100e-023
826.600000  1.367980e-024
826.800000  3.226434e-023
827.000000  1.016292e-023
827.200000  -8.605755e-024
827.400000  2.111518e-024
827.600000  -3.586314e-024
827.800000  -4.758326e-023
828.000000  -5.247876e-023
828.200000  -1.971108e-023
828.400000  -1.503562e-023
828.600000  -4.186182e-023
828.800000  -2.343702e-023
829.000000  -1.323041e-024
829.200000  -2.213935e-023
829.400000  -3.715132e-023
829.600000  -1.151114e-023
829.800000  -6.791845e-024
830.000000  -4.900122e-023
830.200000  -4.114214e-023
830.400000  -1.544038e-023
830.600000  -1.385659e-023
830.800000  -3.550374e-023
831.000000  -1.484176e-024
831.200000  2.500794e-023
831.400000  -1.309082e-023
831.600000  -3.752257e-023
831.800000  -1.808405e-023
832.000000  -1.376740e-023
832.200000  -4.334822e-023
832.400000  -4.271592e-023
832.600000  1.147798e-023
832.800000  5.037418e-024
833.000000  -1.898352e-023
833.200000  8.907666e-024
833.400000  3.269124e-023
833.600000  -5.222430e-025
833.800000  -1.668766e-023
834.000000  2.568851e-024
834.200000  -2.661667e-024
834.400000  -4.663950e-023
834.600000  -3.564422e-023
834.800000  -1.157927e-023
835.000000  -2.410266e-023
835.200000  -3.440417e-023
835.400000  -6.292480e-025
835.600000  1.651251e-023
835.800000  -9.001797e-024
836.000000  -9.567800e-024
836.200000  1.621028e-023
836.400000  4.264518e-024
836.600000  -1.752591e-023
836.800000  -6.355447e-024
837.000000  1.274900e-023
837.200000  -3.049568e-023
837.400000  -4.970403e-023
837.600000  -2.127531e-023
837.800000  9.903596e-025
838.000000  -2.611153e-023
838.200000  -2.989976e-023
838.400000  9.123871e-025
838.600000  -2.895222e-024
838.800000  -3.062325e-023
839.000000  -1.617158e-023
839.200000  9.589559e-024
839.400000  -8.555334e-024
839.600000  -1.674015e-023
839.800000  1.401850e-023
840.000000  2.404441e-023
840.200000  -9.009585e-024
840.400000  -4.434757e-024
840.600000  2.308743e-023
840.800000  2.422287e-023
841.000000  -1.637740e-023
841.200000  -6.758279e-024
841.400000  1.715673e-023
841.600000  -4.642711e-024
841.800000  -1.706745e-023
842.000000  4.161816e-024
842.200000  8.759098e-024
842.400000  -2.512214e-023
842.600000  -2.945740e-023
842.800000  5.131398e-024
843.000000  -6.315514e-024
843.200000  -3.391114e-023
843.400000  -1.993187e-023
843.600000  1.652661e-024
843.800000  -2.316499e-023
844.000000  -3.057008e-023
844.200000  1.635231e-023
844.400000  3.163108e-023
844.600000  3.820244e-024
844.800000  3.055834e-024
845.000000  2.951098e-023
845.200000  8.288914e-024
845.400000  -2.850271e-023
845.600000  -1.550433e-023
845.800000  2.418693e-024
846.000000  -2.627081e-023
846.200000  -3.098933e-023
846.400000  4.078618e-024
846.600000  9.997800e-024
846.800000  -2.607736e-023
847.000000  -2.768012e-023
847.200000  -5.393962e-024
847.400000  -1.940646e-023
847.600000  -3.824035e-023
847.800000  -9.321797e-024
848.000000  8.615112e-024
848.200000  -1.297345e-023
848.400000  -3.314554e-023
848.600000  -3.229533e-025
848.800000  4.289580e-024
849.000000  -1.982253e-023
849.200000  -9.448836e-024
849.400000  2.167186e-023
849.600000  8.129461e-024
849.800000  -1.521368e-023
850.000000  1.266568e-023
850.200000  2.077814e-023
850.400000  -1.260648e-023
850.600000  -1.380398e-023
850.800000  1.623332e-023
851.000000  6.173644e-024
851.200000  -3.612710e-023
851.400000  -3.118934e-023
851.600000  6.317696e-024
851.800000  -1.042884e-023
852.000000  -3.852282e-023
852.200000  -7.490163e-024
852.400000  1.134044e-023
852.600000  -2.149952e-023
852.800000  -2.962067e-023
853.000000  3.991413e-024
853.200000  3.391892e-024
853.400000  -2.821391e-023
853.600000  -1.718883e-023
853.800000  3.437039e-024
854.000000  -1.945734e-023
854.200000  -3.751671e-023
854.400000  -7.520950e-024
854.600000  1.330895e-023
854.800000  -1.160552e-023
855.000000  -1.669411e-023
855.200000  1.696577e-023
855.400000  2.150932e-023
855.600000  1.801513e-024
855.800000  1.056837e-023
856.000000  2.703197e-023
856.200000  3.054350e-024
856.400000  -3.399084e-023
856.600000  -7.361996e-024
856.800000  -1.724285e-024
857.000000  -2.542947e-023
857.200000  -1.931670e-023
857.400000  1.392106e-023
857.600000  -2.425994e-024
857.800000  -3.239540e-023
858.000000  -2.841141e-023
858.200000  -9.905017e-024
858.400000  -2.974939e-023
858.600000  -3.596974e-023
858.800000  -9.415325e-025
859.000000  9.943458e-025
859.200000  -2.694675e-023
859.400000  -2.551530e-023
859.600000  1.620033e-023
859.800000  1.370302e-023
860.000000  -1.020354e-023
860.200000  1.401043e-023
860.400000  2.881758e-023
860.600000  1.926506e-024
860.800000  -1.057102e-023
861.000000  1.648809e-023
861.200000  8.695575e-024
861.400000  -2.688920e-023
861.600000  -1.500063e-023
861.800000  9.799706e-024
862.000000  -8.810913e-024
862.200000  -3.752818e-023
862.400000  -5.547382e-024
862.600000  -1.173594e-024
862.800000  -2.695276e-023
863.000000  -2.764106e-023
863.200000  1.811797e-023
863.400000  1.020774e-023
863.600000  -1.544970e-023
863.800000  -7.815184e-024
864.000000  1.973003e-023
864.200000  2.861113e-024
864.400000  -1.855836e-023
864.600000  3.204404e-024
864.800000  1.881588e-023
865.000000  -1.601766e-023
865.200000  -3.410550e-023
865.400000  1.684008e-024
865.600000  1.050813e-023
865.800000  -1.784617e-023
866.000000  -1.606093e-024
866.200000  2.798315e-023
866.400000  1.279644e-023
866.600000  -2.355436e-024
866.800000  2.304680e-023
867.000000  4.432398e-023
867.200000  1.635900e-023
867.400000  1.365423e-023
867.600000  3.937152e-023
867.800000  2.133833e-023
868.000000  -1.807768e-023
868.200000  -1.588929e-023
868.400000  8.027287e-025
868.600000  -2.293923e-023
868.800000  -4.378631e-023
869.000000  -1.232895e-023
869.200000  6.309078e-024
869.400000  -1.447922e-023
869.600000  -8.572721e-024
869.800000  3.664586e-023
870.000000  3.112097e-023
870.200000  2.133212e-024
870.400000  1.529721e-023
870.600000  3.221305e-023
870.800000  6.183327e-024
871.000000  -3.426000e-024
871.200000  2.354628e-023
871.400000  3.064377e-023
871.600000  8.457878e-024
871.800000  1.021452e-023
872.000000  4.219013e-023
872.200000  2.314118e-023
872.400000  8.139184e-026
872.600000  1.563384e-023
872.800000  3.959916e-023
873.000000  7.835782e-024
873.200000  -2.942317e-024
873.400000  3.477387e-023
873.600000  4.998148e-023
873.800000  1.448947e-023
874.000000  2.996235e-023
874.200000  4.973363e-023
874.400000  2.964092e-023
874.600000  3.709653e-024
874.800000  2.748837e-023
875.000000  4.966415e-023
875.200000  2.286479e-023
875.400000  8.209922e-024
875.600000  1.918924e-023
875.800000  1.534624e-023
876.000000  -1.761626e-023
876.200000  -1.064026e-023
876.400000  2.358429e-023
876.600000  2.375551e-023
876.800000  1.309020e-023
877.000000  3.926469e-023
877.200000  5.331616e-023
877.400000  2.813133e-023
877.600000  1.875670e-023
877.800000  4.202649e-023
878.000000  4.317318e-023
878.200000  1.772278e-023
878.400000  4.032867e-023
878.600000  7.050037e-023
878.800000  5.867439e-023
879.000000  3.836581e-023
879.200000  6.723670e-023
879.400000  8.360618e-023
879.600000  4.589080e-023
879.800000  3.535065e-023
880.000000  5.695756e-023
880.200000  4.516554e-023
880.400000  1.966264e-023
880.600000  3.755110e-023
880.800000  7.156154e-023
881.000000  4.859344e-023
881.200000  2.585018e-023
881.400000  5.141828e-023
881.600000  5.857235e-023
881.800000  2.207847e-023
882.000000  2.898026e-023
882.200000  7.401545e-023
882.400000  8.217321e-023
882.600000  5.544356e-023
882.800000  7.978232e-023
883.000000  1.136334e-022
883.200000  8.831775e-023
883.400000  6.832087e-023
883.600000  1.010038e-022
883.800000  1.173151e-022
884.000000  8.938261e-023
884.200000  9.227065e-023
884.400000  1.245426e-022
884.600000  1.152853e-022
884.800000  7.623821e-023
885.000000  8.060958e-023
885.200000  9.002732e-023
885.400000  7.675099e-023
885.600000  7.145430e-023
885.800000  1.025486e-022
886.000000  1.136194e-022
886.200000  9.215151e-023
886.400000  9.795738e-023
886.600000  1.357421e-022
886.800000  1.306001e-022
887.000000  1.120554e-022
887.200000  1.323537e-022
887.400000  1.620898e-022
887.600000  1.326954e-022
887.800000  1.168776e-022
888.000000  1.398503e-022
888.200000  1.587550e-022
888.400000  1.333787e-022
888.600000  1.577136e-022
888.800000  1.848058e-022
889.000000  1.822855e-022
889.200000  1.609274e-022
889.400000  1.880076e-022
889.600000  2.043198e-022
889.800000  1.748850e-022
890.000000  1.736877e-022
890.200000  2.089055e-022
890.400000  1.996327e-022
890.600000  1.673654e-022
890.800000  1.783731e-022
891.000000  2.122813e-022
891.200000  1.962667e-022
891.400000  1.748441e-022
891.600000  2.074061e-022
891.800000  2.414432e-022
892.000000  2.253737e-022
892.200000  2.093046e-022
892.400000  2.460394e-022
892.600000  2.408227e-022
892.800000  2.057703e-022
893.000000  2.181280e-022
893.200000  2.508101e-022
893.400000  2.482880e-022
893.600000  2.444619e-022
893.800000  2.827414e-022
894.000000  3.101636e-022
894.200000  2.750042e-022
894.400000  2.656645e-022
894.600000  2.877176e-022
894.800000  2.772465e-022
895.000000  2.447107e-022
895.200000  2.613114e-022
895.400000  3.024583e-022
895.600000  2.833403e-022
895.800000  2.657029e-022
896.000000  2.971800e-022
896.200000  3.247038e-022
896.400000  2.894271e-022
896.600000  3.005819e-022
896.800000  3.200685e-022
897.000000  3.079792e-022
897.200000  2.890177e-022
897.400000  3.164194e-022
897.600000  3.669988e-022
897.800000  3.600035e-022
898.000000  3.518485e-022
898.200000  3.942085e-022
898.400000  3.985603e-022
898.600000  3.606853e-022
898.800000  3.513379e-022
899.000000  3.777265e-022
899.200000  3.656834e-022
899.400000  3.384364e-022
899.600000  3.657064e-022
899.800000  3.906107e-022
900.000000  3.610017e-022
900.200000  3.459688e-022
900.400000  3.780925e-022
900.600000  4.035131e-022
900.800000  3.829816e-022
901.000000  4.038539e-022
901.200000  4.340732e-022
901.400000  4.335279e-022
901.600000  4.290539e-022
901.800000  4.599685e-022
902.000000  4.781469e-022
902.200000  4.550454e-022
902.400000  4.543599e-022
902.600000  4.848964e-022
902.800000  4.939152e-022
903.000000  4.596080e-022
903.200000  4.864147e-022
903.400000  5.229281e-022
903.600000  5.203004e-022
903.800000  4.934131e-022
904.000000  5.346860e-022
904.200000  5.592060e-022
904.400000  5.353174e-022
904.600000  5.277581e-022
904.800000  5.577326e-022
905.000000  5.707337e-022
905.200000  5.366551e-022
905.400000  5.551766e-022
905.600000  5.912394e-022
905.800000  5.860531e-022
906.000000  5.650592e-022
906.200000  6.027577e-022
906.400000  6.321397e-022
906.600000  6.163682e-022
906.800000  6.267330e-022
907.000000  6.735876e-022
907.200000  6.795468e-022
907.400000  6.632803e-022
907.600000  6.809361e-022
907.800000  7.245958e-022
908.000000  7.181559e-022
908.200000  7.098821e-022
908.400000  7.400461e-022
908.600000  7.470838e-022
908.800000  7.092442e-022
909.000000  7.215244e-022
909.200000  7.753362e-022
909.400000  7.955837e-022
909.600000  7.801138e-022
909.800000  8.129468e-022
910.000000  8.599447e-022
910.200000  8.577210e-022
910.400000  8.531636e-022
910.600000  8.989948e-022
910.800000  9.269267e-022
911.000000  9.010743e-022
911.200000  9.184238e-022
911.400000  9.755926e-022
911.600000  9.920377e-022
911.800000  9.896794e-022
912.000000  1.026572e-021
912.200000  1.083615e-021
912.400000  1.090727e-021
912.600000  1.091845e-021
912.800000  1.146576e-021
913.000000  1.176482e-021
913.200000  1.169870e-021
913.400000  1.194359e-021
913.600000  1.254800e-021
913.800000  1.271798e-021
914.000000  1.274142e-021
914.200000  1.314245e-021
914.400000  1.361767e-021
914.600000  1.366994e-021
914.800000  1.383346e-021
915.000000  1.440616e-021
915.200000  1.482349e-021
915.400000  1.484975e-021
915.600000  1.515543e-021
915.800000  1.602364e-021
916.000000  1.631502e-021
916.200000  1.642813e-021
916.400000  1.704684e-021
916.600000  1.762787e-021
916.800000  1.776955e-021
917.000000  1.804433e-021
917.200000  1.881998e-021
917.400000  1.933938e-021
917.600000  1.961713e-021
917.800000  2.030173e-021
918.000000  2.104356e-021
918.200000  2.147055e-021
918.400000  2.156190e-021
918.600000  2.222480e-021
918.800000  2.291167e-021
919.000000  2.297509e-021
919.200000  2.319178e-021
919.400000  2.380371e-021
919.600000  2.406235e-021
919.800000  2.399228e-021
920.000000  2.429245e-021
920.200000  2.473375e-021
920.400000  2.472323e-021
920.600000  2.467290e-021
920.800000  2.515641e-021
921.000000  2.548829e-021
921.200000  2.520505e-021
921.400000  2.512772e-021
921.600000  2.548627e-021
921.800000  2.552347e-021
922.000000  2.527709e-021
922.200000  2.547228e-021
922.400000  2.582096e-021
922.600000  2.571449e-021
922.800000  2.538201e-021
923.000000  2.559509e-021
923.200000  2.565014e-021
923.400000  2.533558e-021
923.600000  2.526768e-021
923.800000  2.553637e-021
924.000000  2.538187e-021
924.200000  2.497792e-021
924.400000  2.494406e-021
924.600000  2.491980e-021
924.800000  2.446038e-021
925.000000  2.417762e-021
925.200000  2.444491e-021
925.400000  2.453540e-021
925.600000  2.404315e-021
925.800000  2.383119e-021
926.000000  2.400663e-021
926.200000  2.379589e-021
926.400000  2.331578e-021
926.600000  2.343968e-021
926.800000  2.350555e-021
927.000000  2.311106e-021
927.200000  2.277054e-021
927.400000  2.296013e-021
927.600000  2.297493e-021
927.800000  2.245075e-021
928.000000  2.232145e-021
928.200000  2.259150e-021
928.400000  2.231434e-021
928.600000  2.184090e-021
928.800000  2.178362e-021
929.000000  2.173993e-021
929.200000  2.132083e-021
929.400000  2.104189e-021
929.600000  2.130577e-021
929.800000  2.127278e-021
930.000000  2.084609e-021
930.200000  2.079951e-021
930.400000  2.104837e-021
930.600000  2.080698e-021
930.800000  2.061216e-021
931.000000  2.075847e-021
931.200000  2.080731e-021
931.400000  2.022954e-021
931.600000  1.993398e-021
931.800000  2.018080e-021
932.000000  2.012999e-021
932.200000  1.970444e-021
932.400000  1.965316e-021
932.600000  1.985267e-021
932.800000  1.960796e-021
933.000000  1.918029e-021
933.200000  1.936606e-021
933.400000  1.953827e-021
933.600000  1.918969e-021
933.800000  1.898667e-021
934.000000  1.920073e-021
934.200000  1.902664e-021
934.400000  1.881295e-021
934.600000  1.891396e-021
934.800000  1.905458e-021
935.000000  1.865254e-021
935.200000  1.827887e-021
935.400000  1.865126e-021
935.600000  1.886623e-021
935.800000  1.859535e-021
936.000000  1.842697e-021
936.200000  1.870677e-021
936.400000  1.854720e-021
936.600000  1.807020e-021
936.800000  1.815238e-021
937.000000  1.832004e-021
937.200000  1.809762e-021
937.400000  1.776444e-021
937.600000  1.793651e-021
937.800000  1.813647e-021
938.000000  1.794756e-021
938.200000  1.802537e-021
938.400000  1.820924e-021
938.600000  1.803651e-021
938.800000  1.767372e-021
939.000000  1.797255e-021
939.200000  1.827217e-021
939.400000  1.807854e-021
939.600000  1.785393e-021
939.800000  1.820912e-021
940.000000  1.824876e-021
940.200000  1.802792e-021
940.400000  1.806950e-021
940.600000  1.848678e-021
940.800000  1.840452e-021
941.000000  1.827705e-021
941.200000  1.852773e-021
941.400000  1.909440e-021
941.600000  1.898703e-021
941.800000  1.898872e-021
942.000000  1.945514e-021
942.200000  1.965762e-021
942.400000  1.930088e-021
942.600000  1.921872e-021
942.800000  1.958761e-021
943.000000  1.943066e-021
943.200000  1.924805e-021
943.400000  1.944121e-021
943.600000  1.955300e-021
943.800000  1.926084e-021
944.000000  1.913821e-021
944.200000  1.961983e-021
944.400000  1.971559e-021
944.600000  1.932488e-021
944.800000  1.938218e-021
945.000000  1.976189e-021
945.200000  1.973837e-021
945.400000  1.929372e-021
945.600000  1.943908e-021
945.800000  1.954563e-021
946.000000  1.923314e-021
946.200000  1.921516e-021
946.400000  1.956892e-021
946.600000  1.959261e-021
946.800000  1.915443e-021
947.000000  1.923754e-021
947.200000  1.961007e-021
947.400000  1.944087e-021
947.600000  1.910534e-021
947.800000  1.929562e-021
948.000000  1.948240e-021
948.200000  1.922343e-021
948.400000  1.911251e-021
948.600000  1.949792e-021
948.800000  1.945680e-021
949.000000  1.901868e-021
949.200000  1.919484e-021
949.400000  1.954381e-021
949.600000  1.944235e-021
949.800000  1.924630e-021
950.000000  1.956464e-021
950.200000  1.984194e-021
950.400000  1.947443e-021
950.600000  1.935161e-021
950.800000  1.965962e-021
951.000000  1.963114e-021
951.200000  1.924898e-021
951.400000  1.945607e-021
951.600000  1.987701e-021
951.800000  1.987063e-021
952.000000  1.980236e-021
952.200000  2.032192e-021
952.400000  2.065933e-021
952.600000  2.039621e-021
952.800000  2.045939e-021
953.000000  2.093999e-021
953.200000  2.087297e-021
953.400000  2.047221e-021
953.600000  2.064639e-021
953.800000  2.105874e-021
954.000000  2.099858e-021
954.200000  2.077820e-021
954.400000  2.114236e-021
954.600000  2.140530e-021
954.800000  2.110097e-021
955.000000  2.099893e-021
955.200000  2.114233e-021
955.400000  2.120451e-021
955.600000  2.134842e-021
955.800000  2.148134e-021
956.000000  2.165273e-021
956.200000  2.163737e-021
956.400000  2.175715e-021
956.600000  2.170148e-021
956.800000  2.172723e-021
957.000000  2.169740e-021
957.200000  2.177837e-021
957.400000  2.188932e-021
957.600000  2.213355e-021
957.800000  2.236511e-021
958.000000  2.261588e-021
958.200000  2.269810e-021
958.400000  2.274744e-021
958.600000  2.293569e-021
958.800000  2.313689e-021
959.000000  2.328171e-021
959.200000  2.336498e-021
959.400000  2.344544e-021
959.600000  2.344352e-021
959.800000  2.350375e-021
960.000000  2.358305e-021
960.200000  2.371971e-021
960.400000  2.386900e-021
960.600000  2.412181e-021
960.800000  2.441339e-021
961.000000  2.462246e-021
961.200000  2.476695e-021
961.400000  2.479816e-021
961.600000  2.499348e-021
961.800000  2.524000e-021
962.000000  2.547312e-021
962.200000  2.572095e-021
962.400000  2.593172e-021
962.600000  2.604544e-021
962.800000  2.638017e-021
963.000000  2.675559e-021
963.200000  2.721313e-021
963.400000  2.771435e-021
963.600000  2.847422e-021
963.800000  2.955247e-021
964.000000  3.081566e-021
964.200000  3.218468e-021
964.400000  3.378183e-021
964.600000  3.509440e-021
964.800000  3.556100e-021
965.000000  3.524033e-021
965.200000  3.419623e-021
965.400000  3.305347e-021
965.600000  3.202596e-021
965.800000  3.129645e-021
966.000000  3.088635e-021
966.200000  3.061515e-021
966.400000  3.039628e-021
966.600000  3.032419e-021
966.800000  3.032774e-021
967.000000  3.039829e-021
967.200000  3.049666e-021
967.400000  3.059452e-021
967.600000  3.065556e-021
967.800000  3.062963e-021
968.000000  3.077969e-021
968.200000  3.102314e-021
968.400000  3.119339e-021
968.600000  3.144537e-021
968.800000  3.159000e-021
969.000000  3.181208e-021
969.200000  3.184066e-021
969.400000  3.183258e-021
969.600000  3.187610e-021
969.800000  3.195369e-021
970.000000  3.201940e-021
970.200000  3.210844e-021
970.400000  3.221589e-021
970.600000  3.231704e-021
970.800000  3.227875e-021
971.000000  3.239416e-021
971.200000  3.242592e-021
971.400000  3.250116e-021
971.600000  3.262037e-021
971.800000  3.280921e-021
972.000000  3.292817e-021
972.200000  3.307611e-021
972.400000  3.338105e-021
972.600000  3.367871e-021
972.800000  3.396299e-021
973.000000  3.431269e-021
973.200000  3.480321e-021
973.400000  3.529498e-021
973.600000  3.574650e-021
973.800000  3.618364e-021
974.000000  3.675180e-021
974.200000  3.729015e-021
974.400000  3.785201e-021
974.600000  3.847662e-021
974.800000  3.908991e-021
975.000000  3.989283e-021
975.020000  3.989222e-021
975.040000  4.005035e-021
975.060000  4.018071e-021
975.080000  4.042589e-021
975.100000  4.027132e-021
975.120000  4.031198e-021
975.140000  4.025271e-021
975.160000  4.027432e-021
975.180000  4.034839e-021
975.200000  4.048957e-021
975.220000  4.092178e-021
975.240000  4.061760e-021
975.260000  4.072739e-021
975.280000  4.087119e-021
975.300000  4.090422e-021
975.320000  4.128654e-021
975.340000  4.150052e-021
975.360000  4.148494e-021
975.380000  4.119160e-021
975.400000  4.140986e-021
975.420000  4.146785e-021
975.440000  4.170786e-021
975.460000  4.166310e-021
975.480000  4.162816e-021
975.500000  4.179067e-021
975.520000  4.178043e-021
975.540000  4.189922e-021
975.560000  4.228387e-021
975.580000  4.222874e-021
975.600000  4.221877e-021
975.620000  4.242609e-021
975.640000  4.231592e-021
975.660000  4.257980e-021
975.680000  4.255030e-021
975.700000  4.280078e-021
975.720000  4.283255e-021
975.740000  4.276718e-021
975.760000  4.270184e-021
975.780000  4.310317e-021
975.800000  4.329578e-021
975.820000  4.336976e-021
975.840000  4.334000e-021
975.860000  4.339842e-021
975.880000  4.357651e-021
975.900000  4.341667e-021
975.920000  4.376165e-021
975.940000  4.352315e-021
975.960000  4.381112e-021
975.980000  4.411136e-021
976.000000  4.409139e-021
976.020000  4.432078e-021
976.040000  4.450878e-021
976.060000  4.464954e-021
976.080000  4.460415e-021
976.100000  4.452698e-021
976.120000  4.479561e-021
976.140000  4.494243e-021
976.160000  4.503061e-021
976.180000  4.539393e-021
976.200000  4.534758e-021
976.220000  4.551367e-021
976.240000  4.651188e-021
976.260000  4.532050e-021
976.280000  4.557920e-021
976.300000  4.567566e-021
976.320000  4.539633e-021
976.340000  4.566690e-021
976.360000  4.553967e-021
976.380000  4.585548e-021
976.400000  4.615742e-021
976.420000  4.609294e-021
976.440000  4.596230e-021
976.460000  4.618542e-021
976.480000  4.622621e-021
976.500000  4.631155e-021
976.520000  4.661516e-021
976.540000  4.672951e-021
976.560000  4.667541e-021
976.580000  4.691409e-021
976.600000  4.688234e-021
976.620000  4.716409e-021
976.640000  4.745325e-021
976.660000  4.757758e-021
976.680000  4.746716e-021
976.700000  4.744840e-021
976.720000  4.777924e-021
976.740000  4.807189e-021
976.760000  4.819760e-021
976.780000  4.816086e-021
976.800000  4.829253e-021
976.820000  4.845043e-021
976.840000  4.858542e-021
976.860000  4.898576e-021
976.880000  4.894486e-021
976.900000  4.910485e-021
976.920000  4.900473e-021
976.940000  4.908787e-021
976.960000  4.938497e-021
976.980000  4.939719e-021
977.000000  4.967823e-021
977.020000  4.984331e-021
977.040000  4.969616e-021
977.060000  4.990939e-021
977.080000  5.019628e-021
977.100000  5.015072e-021
977.120000  5.033561e-021
977.140000  5.046024e-021
977.160000  5.084271e-021
977.180000  5.078406e-021
977.200000  5.092216e-021
977.220000  5.105851e-021
977.240000  5.133812e-021
977.260000  5.102888e-021
977.280000  5.119656e-021
977.300000  5.141472e-021
977.320000  5.139666e-021
977.340000  5.162837e-021
977.360000  5.167913e-021
977.380000  5.183051e-021
977.400000  5.199506e-021
977.420000  5.218668e-021
977.440000  5.230269e-021
977.460000  5.248919e-021
977.480000  5.261234e-021
977.500000  5.299350e-021
977.520000  5.272456e-021
977.540000  5.285473e-021
977.560000  5.286274e-021
977.580000  5.326533e-021
977.600000  5.331235e-021
977.620000  5.318781e-021
977.640000  5.327115e-021
977.660000  5.339389e-021
977.680000  5.347128e-021
977.700000  5.354889e-021
977.720000  5.387062e-021
977.740000  5.381032e-021
977.760000  5.369070e-021
977.780000  5.419380e-021
977.800000  5.411977e-021
977.820000  5.448453e-021
977.840000  5.484608e-021
977.860000  5.459248e-021
977.880000  5.454197e-021
977.900000  5.459270e-021
977.920000  5.443423e-021
977.940000  5.504174e-021
977.960000  5.516885e-021
977.980000  5.498091e-021
978.000000  5.497782e-021
978.020000  5.531748e-021
978.040000  5.532073e-021
978.060000  5.544806e-021
978.080000  5.587422e-021
978.100000  5.597482e-021
978.120000  5.586625e-021
978.140000  5.588315e-021
978.160000  5.615824e-021
978.180000  5.672454e-021
978.200000  5.646568e-021
978.220000  5.643954e-021
978.240000  5.656844e-021
978.260000  5.654929e-021
978.280000  5.657955e-021
978.300000  5.667346e-021
978.320000  5.711650e-021
978.340000  5.704708e-021
978.360000  5.699203e-021
978.380000  5.658965e-021
978.400000  5.705314e-021
978.420000  5.740277e-021
978.440000  5.732193e-021
978.460000  5.745726e-021
978.480000  5.728256e-021
978.500000  5.747578e-021
978.520000  5.743801e-021
978.540000  5.782919e-021
978.560000  5.743480e-021
978.580000  5.756389e-021
978.600000  5.785447e-021
978.620000  5.783331e-021
978.640000  5.781947e-021
978.660000  5.807759e-021
978.680000  5.785777e-021
978.700000  5.783657e-021
978.720000  5.798444e-021
978.740000  5.805167e-021
978.760000  5.825235e-021
978.780000  5.828300e-021
978.800000  5.802481e-021
978.820000  5.821391e-021
978.840000  5.812188e-021
978.860000  5.823700e-021
978.880000  5.840426e-021
978.900000  5.863167e-021
978.920000  5.853869e-021
978.940000  5.853521e-021
978.960000  5.834629e-021
978.980000  5.847629e-021
979.000000  5.873316e-021
979.020000  5.882987e-021
979.040000  5.888180e-021
979.060000  5.912877e-021
979.080000  5.887349e-021
979.100000  5.902265e-021
979.120000  5.957994e-021
979.140000  5.946555e-021
979.160000  5.940440e-021
979.180000  5.945654e-021
979.200000  5.950114e-021
979.220000  5.927483e-021
979.240000  5.955381e-021
979.260000  5.962945e-021
979.280000  5.937218e-021
979.300000  5.971276e-021
979.320000  5.968224e-021
979.340000  5.971254e-021
979.360000  5.934134e-021
979.380000  5.994119e-021
979.400000  5.994112e-021
979.420000  5.994755e-021
979.440000  5.955056e-021
979.460000  6.009060e-021
979.480000  5.987518e-021
979.500000  6.031092e-021
979.520000  5.956896e-021
979.540000  6.002429e-021
979.560000  5.976390e-021
979.580000  5.959597e-021
979.600000  6.023502e-021
979.620000  5.997931e-021
979.640000  5.989998e-021
979.660000  5.975999e-021
979.680000  5.984815e-021
979.700000  6.000521e-021
979.720000  5.999450e-021
979.740000  5.988463e-021
979.760000  5.979783e-021
979.780000  5.973398e-021
979.800000  5.965504e-021
979.820000  5.954105e-021
979.840000  5.976790e-021
979.860000  5.979781e-021
979.880000  5.965316e-021
979.900000  5.972848e-021
979.920000  5.953880e-021
979.940000  5.947800e-021
979.960000  5.953035e-021
979.980000  5.985562e-021
980.000000  5.938636e-021
980.020000  5.922161e-021
980.040000  5.931931e-021
980.060000  5.908789e-021
980.080000  5.949251e-021
980.100000  5.910360e-021
980.120000  5.905191e-021
980.140000  5.896325e-021
980.160000  5.890447e-021
980.180000  5.872044e-021
980.200000  5.877997e-021
980.220000  5.909839e-021
980.240000  5.867078e-021
980.260000  5.889197e-021
980.280000  5.851114e-021
980.300000  5.862874e-021
980.320000  5.868789e-021
980.340000  5.892307e-021
980.360000  5.843422e-021
980.380000  5.834085e-021
980.400000  5.835622e-021
980.420000  5.855401e-021
980.440000  5.841104e-021
980.460000  5.852178e-021
980.480000  5.857461e-021
980.500000  5.809315e-021
980.520000  5.777380e-021
980.540000  5.813337e-021
980.560000  5.812119e-021
980.580000  5.823822e-021
980.600000  5.767645e-021
980.620000  5.757726e-021
980.640000  5.744277e-021
980.660000  5.723095e-021
980.680000  5.737876e-021
980.700000  5.718789e-021
980.720000  5.667582e-021
980.740000  5.634148e-021
980.760000  5.602284e-021
980.780000  5.629736e-021
980.800000  5.624062e-021
980.820000  5.640047e-021
980.840000  5.590306e-021
980.860000  5.556087e-021
980.880000  5.556774e-021
980.900000  5.549278e-021
980.920000  5.534994e-021
980.940000  5.520071e-021
980.960000  5.524807e-021
980.980000  5.502480e-021
981.000000  5.495051e-021
981.020000  5.496784e-021
981.040000  5.487084e-021
981.060000  5.472063e-021
981.080000  5.452452e-021
981.100000  5.434940e-021
981.120000  5.416861e-021
981.140000  5.442389e-021
981.160000  5.408498e-021
981.180000  5.404986e-021
981.200000  5.398206e-021
981.220000  5.369675e-021
981.240000  5.350377e-021
981.260000  5.330511e-021
981.280000  5.322942e-021
981.300000  5.312811e-021
981.320000  5.268863e-021
981.340000  5.254402e-021
981.360000  5.236193e-021
981.380000  5.243280e-021
981.400000  5.252917e-021
981.420000  5.201020e-021
981.440000  5.177651e-021
981.460000  5.154987e-021
981.480000  5.133639e-021
981.500000  5.115441e-021
981.520000  5.115768e-021
981.540000  5.104370e-021
981.560000  5.061721e-021
981.580000  5.024262e-021
981.600000  5.000911e-021
981.620000  5.012594e-021
981.640000  4.994086e-021
981.660000  4.986463e-021
981.680000  4.976448e-021
981.700000  4.936019e-021
981.720000  4.911300e-021
981.740000  4.916213e-021
981.760000  4.926475e-021
981.780000  4.914799e-021
981.800000  4.856742e-021
981.820000  4.850251e-021
981.840000  4.839689e-021
981.860000  4.853617e-021
981.880000  4.840127e-021
981.900000  4.802344e-021
981.920000  4.805151e-021
981.940000  4.746491e-021
981.960000  4.747534e-021
981.980000  4.737745e-021
982.000000  4.742774e-021
982.020000  4.715783e-021
982.040000  4.700807e-021
982.060000  4.657292e-021
982.080000  4.635295e-021
982.100000  4.651741e-021
982.120000  4.645347e-021
982.140000  4.625635e-021
982.160000  4.590595e-021
982.180000  4.558030e-021
982.200000  4.561054e-021
982.220000  4.568860e-021
982.240000  4.567923e-021
982.260000  4.545177e-021
982.280000  4.515530e-021
982.300000  4.496829e-021
982.320000  4.495911e-021
982.340000  4.481046e-021
982.360000  4.465167e-021
982.380000  4.446692e-021
982.400000  4.426713e-021
982.420000  4.423758e-021
982.440000  4.429784e-021
982.460000  4.398929e-021
982.480000  4.422293e-021
982.500000  4.395702e-021
982.520000  4.360453e-021
982.540000  4.376292e-021
982.560000  4.339165e-021
982.580000  4.357513e-021
982.600000  4.358782e-021
982.620000  4.324569e-021
982.640000  4.313657e-021
982.660000  4.291528e-021
982.680000  4.284775e-021
982.700000  4.284143e-021
982.720000  4.276384e-021
982.740000  4.251915e-021
982.760000  4.234632e-021
982.780000  4.223443e-021
982.800000  4.201274e-021
982.820000  4.224190e-021
982.840000  4.201458e-021
982.860000  4.172825e-021
982.880000  4.139876e-021
982.900000  4.120893e-021
982.920000  4.112774e-021
982.940000  4.124868e-021
982.960000  4.109822e-021
982.980000  4.108096e-021
983.000000  4.061695e-021
983.020000  4.046235e-021
983.040000  4.041018e-021
983.060000  4.053823e-021
983.080000  4.037395e-021
983.100000  4.002639e-021
983.120000  3.986373e-021
983.140000  3.968718e-021
983.160000  3.980820e-021
983.180000  3.955993e-021
983.200000  3.950353e-021
983.220000  3.945354e-021
983.240000  3.919963e-021
983.260000  3.896647e-021
983.280000  3.905405e-021
983.300000  3.908041e-021
983.320000  3.885328e-021
983.340000  3.897800e-021
983.360000  3.881719e-021
983.380000  3.869909e-021
983.400000  3.871612e-021
983.420000  3.859052e-021
983.440000  3.866910e-021
983.460000  3.848355e-021
983.480000  3.822989e-021
983.500000  3.818375e-021
983.520000  3.845968e-021
983.540000  3.844096e-021
983.560000  3.815556e-021
983.580000  3.814618e-021
983.600000  3.775831e-021
983.620000  3.770820e-021
983.640000  3.774430e-021
983.660000  3.792164e-021
983.680000  3.773028e-021
983.700000  3.744929e-021
983.720000  3.708035e-021
983.740000  3.702177e-021
983.760000  3.717369e-021
983.780000  3.719128e-021
983.800000  3.702496e-021
983.820000  3.676673e-021
983.840000  3.673623e-021
983.860000  3.667033e-021
983.880000  3.659136e-021
983.900000  3.667604e-021
983.920000  3.655304e-021
983.940000  3.647452e-021
983.960000  3.628233e-021
983.980000  3.633134e-021
984.000000  3.643295e-021
984.020000  3.621980e-021
984.040000  3.651862e-021
984.060000  3.628764e-021
984.080000  3.605370e-021
984.100000  3.591623e-021
984.120000  3.593912e-021
984.140000  3.627055e-021
984.160000  3.611504e-021
984.180000  3.592990e-021
984.200000  3.575857e-021
984.220000  3.567978e-021
984.240000  3.585067e-021
984.260000  3.583205e-021
984.280000  3.561134e-021
984.300000  3.546869e-021
984.320000  3.527971e-021
984.340000  3.552164e-021
984.360000  3.548181e-021
984.380000  3.538654e-021
984.400000  3.513434e-021
984.420000  3.499882e-021
984.440000  3.501568e-021
984.460000  3.481294e-021
984.480000  3.488872e-021
984.500000  3.493510e-021
984.520000  3.484628e-021
984.540000  3.474493e-021
984.560000  3.451781e-021
984.580000  3.450078e-021
984.600000  3.456767e-021
984.620000  3.450065e-021
984.640000  3.443380e-021
984.660000  3.415887e-021
984.680000  3.413423e-021
984.700000  3.394409e-021
984.720000  3.420950e-021
984.740000  3.410191e-021
984.760000  3.407736e-021
984.780000  3.397025e-021
984.800000  3.382237e-021
984.820000  3.386597e-021
984.840000  3.399206e-021
984.860000  3.403582e-021
984.880000  3.383230e-021
984.900000  3.375266e-021
984.920000  3.346898e-021
984.940000  3.359387e-021
984.960000  3.371911e-021
984.980000  3.368063e-021
985.000000  3.347891e-021
985.200000  3.259657e-021
985.400000  3.235752e-021
985.600000  3.234422e-021
985.800000  3.174649e-021
986.000000  3.118533e-021
986.200000  3.079402e-021
986.400000  3.043871e-021
986.600000  2.965517e-021
986.800000  2.898218e-021
987.000000  2.879269e-021
987.200000  2.809739e-021
987.400000  2.729561e-021
987.600000  2.703125e-021
987.800000  2.688127e-021
988.000000  2.618743e-021
988.200000  2.556378e-021
988.400000  2.534946e-021
988.600000  2.493853e-021
988.800000  2.430555e-021
989.000000  2.425433e-021
989.200000  2.439565e-021
989.400000  2.399539e-021
989.600000  2.332736e-021
989.800000  2.305109e-021
990.000000  2.284913e-021
990.200000  2.218959e-021
990.400000  2.150442e-021
990.600000  2.146206e-021
990.800000  2.125835e-021
991.000000  2.070506e-021
991.200000  2.043669e-021
991.400000  2.042111e-021
991.600000  1.988541e-021
991.800000  1.916309e-021
992.000000  1.893933e-021
992.200000  1.868925e-021
992.400000  1.777231e-021
992.600000  1.712363e-021
992.800000  1.713185e-021
993.000000  1.685867e-021
993.200000  1.608675e-021
993.400000  1.564013e-021
993.600000  1.550463e-021
993.800000  1.470546e-021
994.000000  1.401807e-021
994.200000  1.375802e-021
994.400000  1.375718e-021
994.600000  1.318352e-021
994.800000  1.287387e-021
995.000000  1.300100e-021
995.200000  1.289378e-021
995.400000  1.253123e-021
995.600000  1.248089e-021
995.800000  1.259352e-021
996.000000  1.228763e-021
996.200000  1.181272e-021
996.400000  1.197131e-021
996.600000  1.174632e-021
996.800000  1.118409e-021
997.000000  1.088162e-021
997.200000  1.119268e-021
997.400000  1.099896e-021
997.600000  1.053857e-021
997.800000  1.028270e-021
998.000000  1.028733e-021
998.200000  9.784540e-022
998.400000  9.216147e-022
998.600000  9.513894e-022
998.800000  9.737458e-022
999.000000  9.280412e-022
999.200000  9.042373e-022
999.400000  9.217709e-022
999.600000  8.950227e-022
999.800000  8.302928e-022
1000.000000  7.442987e-022
1000.200000  7.580624e-022
1000.400000  7.455750e-022
1000.600000  6.894769e-022
1000.800000  6.851895e-022
1001.000000  7.098917e-022
1001.200000  6.799778e-022
1001.400000  6.423169e-022
1001.600000  6.570919e-022
1001.800000  6.547800e-022
1002.000000  6.051143e-022
1002.200000  6.130333e-022
1002.400000  6.564733e-022
1002.600000  6.476295e-022
1002.800000  6.159223e-022
1003.000000  6.239394e-022
1003.200000  6.557305e-022
1003.400000  6.163998e-022
1003.600000  5.900143e-022
1003.800000  5.754137e-022
1004.000000  5.605978e-022
1004.200000  5.159867e-022
1004.400000  5.240854e-022
1004.600000  5.697600e-022
1004.800000  5.637447e-022
1005.000000  5.116420e-022
1005.200000  5.302836e-022
1005.400000  5.486135e-022
1005.600000  5.092227e-022
1005.800000  4.833560e-022
1006.000000  5.289279e-022
1006.200000  5.152414e-022
1006.400000  4.620163e-022
1006.600000  4.542787e-022
1006.800000  4.901573e-022
1007.000000  4.760880e-022
1007.200000  4.508638e-022
1007.400000  4.661495e-022
1007.600000  4.911125e-022
1007.800000  4.524307e-022
1008.000000  4.301781e-022
1008.200000  4.494759e-022
1008.400000  4.545299e-022
1008.600000  4.231726e-022
1008.800000  4.348609e-022
1009.000000  4.772446e-022
1009.200000  4.477958e-022
1009.400000  4.146878e-022
1009.600000  4.460922e-022
1009.800000  4.819786e-022
1010.000000  4.424973e-022
1010.200000  4.109614e-022
1010.400000  4.162238e-022
1010.600000  4.254366e-022
1010.800000  3.747627e-022
1011.000000  3.742284e-022
1011.200000  4.213077e-022
1011.400000  3.778193e-022
1011.600000  3.509433e-022
1011.800000  3.887348e-022
1012.000000  4.196380e-022
1012.200000  3.784229e-022
1012.400000  3.609410e-022
1012.600000  3.792288e-022
1012.800000  3.666794e-022
1013.000000  3.452075e-022
1013.200000  3.695198e-022
1013.400000  3.949938e-022
1013.600000  3.499288e-022
1013.800000  3.143161e-022
1014.000000  3.443941e-022
1014.200000  3.402627e-022
1014.400000  2.771968e-022
1014.600000  2.387904e-022
1014.800000  2.660496e-022
1015.000000  2.723864e-022
1015.200000  2.550376e-022
1015.400000  2.699920e-022
1015.600000  3.105038e-022
1015.800000  2.778860e-022
1016.000000  2.565863e-022
1016.200000  2.810632e-022
1016.400000  2.850307e-022
1016.600000  2.519824e-022
1016.800000  2.560795e-022
1017.000000  3.045267e-022
1017.200000  2.872050e-022
1017.400000  2.395748e-022
1017.600000  2.540888e-022
1017.800000  2.811220e-022
1018.000000  2.578111e-022
1018.200000  2.128897e-022
1018.400000  2.460246e-022
1018.600000  2.559075e-022
1018.800000  2.149873e-022
1019.000000  2.095945e-022
1019.200000  2.361144e-022
1019.400000  2.264285e-022
1019.600000  1.907224e-022
1019.800000  2.161201e-022
1020.000000  2.370065e-022
1020.200000  1.652734e-022
1020.400000  1.606963e-022
1020.600000  1.531389e-022
1020.800000  1.521263e-022
1021.000000  1.529611e-022
1021.200000  1.571238e-022
1021.400000  1.603465e-022
1021.600000  1.479167e-022
1021.800000  1.497786e-022
1022.000000  1.460868e-022
1022.200000  1.445376e-022
1022.400000  1.460582e-022
1022.600000  1.452366e-022
1022.800000  1.426962e-022
1023.000000  1.366460e-022
1023.200000  1.335331e-022
1023.400000  1.410530e-022
1023.600000  1.307199e-022
1023.800000  1.099290e-022
1024.000000  1.231916e-022
1024.200000  1.242844e-022
1024.400000  1.251607e-022
1024.600000  1.209449e-022
1024.800000  1.215658e-022
1025.000000  1.226515e-022
1025.200000  1.152509e-022
1025.400000  1.133774e-022
1025.600000  1.222307e-022
1025.800000  1.168931e-022
1026.000000  1.209617e-022
1026.200000  1.231808e-022
1026.400000  1.329394e-022
1026.600000  1.226068e-022
1026.800000  1.156790e-022
1027.000000  1.034961e-022
1027.200000  9.046509e-023
1027.400000  9.796570e-023
1027.600000  1.174836e-022
1027.800000  1.300149e-022
1028.000000  1.196303e-022
1028.200000  1.126913e-022
1028.400000  1.060492e-022
1028.600000  9.950785e-023
1028.800000  9.066900e-023
1029.000000  7.288956e-023
1029.200000  6.941843e-023
1029.400000  7.846491e-023
1029.600000  8.453625e-023
1029.800000  9.656964e-023
1030.000000  1.054623e-022
1030.200000  1.042298e-022
1030.400000  9.987466e-023
1030.600000  1.019795e-022
1030.800000  9.655378e-023
1031.000000  9.137223e-023
1031.200000  9.323603e-023
1031.400000  9.733121e-023
1031.600000  8.091141e-023
1031.800000  6.329411e-023
1032.000000  5.796832e-023
1032.200000  7.444023e-023
1032.400000  8.046309e-023
1032.600000  7.619620e-023
1032.800000  8.202906e-023
1033.000000  9.558392e-023
1033.200000  7.527005e-023
1033.400000  7.212801e-023
1033.600000  6.976717e-023
1033.800000  7.434092e-023
1034.000000  6.976839e-023
1034.200000  6.479120e-023
1034.400000  6.134789e-023
1034.600000  4.924211e-023
1034.800000  3.855250e-023
1035.000000  3.042813e-023
1035.200000  1.385802e-023
1035.400000  1.614454e-023
1035.600000  2.330896e-023
1035.800000  3.002447e-023
1036.000000  2.067886e-023
1036.200000  1.468736e-023
1036.400000  1.168381e-023
1036.600000  4.209862e-024
1036.800000  1.965771e-024
1037.000000  1.991852e-024
1037.200000  2.145257e-023
1037.400000  2.438631e-023
1037.600000  2.264996e-023
1037.800000  2.365376e-023
1038.000000  1.852193e-023
1038.200000  1.485388e-023
1038.400000  8.857687e-024
1038.600000  1.753679e-023
1038.800000  3.611477e-023
1039.000000  3.548538e-023
1039.200000  2.163100e-023
1039.400000  6.829048e-024
1039.600000  4.600666e-024
1039.800000  7.158543e-025
1040.000000  7.326262e-024
1040.200000  9.582015e-024
1040.400000  7.516603e-025
1040.600000  -1.401035e-023
1040.800000  -1.438810e-023
1041.000000  -4.532251e-024
1041.200000  -1.193215e-023
1041.400000  -2.508711e-023
1041.600000  -4.125269e-023
1041.800000  -4.013277e-023
1042.000000  -4.354876e-023
1042.200000  -3.516030e-023
1042.400000  -2.220578e-023
1042.600000  -1.841649e-023
1042.800000  -1.775049e-023
1043.000000  -2.120446e-023
1043.200000  -1.642378e-023
1043.400000  -2.856316e-023
1043.600000  -2.173341e-023
1043.800000  -1.748814e-023
1044.000000  -1.934908e-023
1044.200000  -2.788764e-023
1044.400000  -2.770906e-023
1044.600000  -1.632953e-023
1044.800000  -1.254160e-023
1045.000000  -8.850227e-024
1045.200000  -2.042383e-023
1045.400000  -2.637764e-023
1045.600000  -3.490403e-023
1045.800000  -3.011665e-023
1046.000000  -2.078164e-023
1046.200000  -2.264735e-023
1046.400000  -2.299411e-023
1046.600000  -2.129712e-023
1046.800000  -2.164031e-023
1047.000000  -3.277387e-023
1047.200000  -3.207736e-023
1047.400000  -3.549657e-023
1047.600000  -2.970598e-023
1047.800000  -2.699261e-023
1048.000000  -2.269579e-023
1048.200000  -1.637591e-023
1048.400000  -2.907706e-023
1048.600000  -4.590015e-023
1048.800000  -5.234925e-023
1049.000000  -4.399984e-023
1049.200000  -3.568865e-023
1049.400000  -3.960805e-023
1049.600000  -4.193738e-023
1049.800000  -3.825826e-023
1050.000000  -5.004011e-023
1050.200000  -5.735225e-023
1050.400000  -4.687920e-023
1050.600000  -4.212200e-023
1050.800000  -4.912298e-023
1051.000000  -4.726931e-023
1051.200000  -4.454344e-023
1051.400000  -4.605232e-023
1051.600000  -4.933528e-023
1051.800000  -3.025736e-023
1052.000000  -3.115684e-023
1052.200000  -4.281796e-023
1052.400000  -3.494306e-023
1052.600000  -2.964584e-023
1052.800000  -2.850998e-023
1053.000000  -3.811314e-023
1053.200000  -3.374052e-023
1053.400000  -2.951845e-023
1053.600000  -3.144570e-023
1053.800000  -4.507413e-023
1054.000000  -5.620812e-023
1054.200000  -7.411990e-023
1054.400000  -8.822679e-023
1054.600000  -8.065701e-023
1054.800000  -7.178656e-023
1055.000000  -7.666928e-023
1055.200000  -6.751568e-023
1055.400000  -5.529627e-023
1055.600000  -4.502964e-023
1055.800000  -5.114532e-023
1056.000000  -5.555214e-023
1056.200000  -6.449949e-023
1056.400000  -6.553569e-023
1056.600000  -7.016207e-023
1056.800000  -5.945287e-023
1057.000000  -6.225497e-023
1057.200000  -6.745739e-023
1057.400000  -6.093697e-023
1057.600000  -4.893361e-023
1057.800000  -4.477795e-023
1058.000000  -5.290393e-023
1058.200000  -4.901098e-023
1058.400000  -4.614061e-023
1058.600000  -4.554740e-023
1058.800000  -6.136488e-023
1059.000000  -6.197780e-023
1059.200000  -5.372913e-023
1059.400000  -4.759697e-023
1059.600000  -4.429166e-023
1059.800000  -3.643573e-023
1060.000000  -3.380351e-023
1060.200000  -5.284479e-023
1060.400000  -6.382694e-023
1060.600000  -5.117115e-023
1060.800000  -5.017693e-023
1061.000000  -6.788986e-023
1061.200000  -8.036411e-023
1061.400000  -8.536236e-023
1061.600000  -8.973680e-023
1061.800000  -8.340088e-023
1062.000000  -7.063123e-023
1062.200000  -6.553929e-023
1062.400000  -7.575163e-023
1062.600000  -7.886934e-023
1062.800000  -7.675025e-023
1063.000000  -7.427332e-023
1063.200000  -8.907322e-023
1063.400000  -7.660031e-023
1063.600000  -7.643535e-023
1063.800000  -7.101511e-023
1064.000000  -6.701494e-023
1064.200000  -5.909795e-023
1064.400000  -5.396786e-023
1064.600000  -5.280553e-023
1064.800000  -5.244973e-023
1065.000000  -4.911925e-023
1065.200000  -5.430409e-023
1065.400000  -6.327485e-023
1065.600000  -6.128270e-023
1065.800000  -6.393058e-023
1066.000000  -7.798089e-023
1066.200000  -9.114432e-023
1066.400000  -8.253032e-023
1066.600000  -8.204054e-023
1066.800000  -9.653332e-023
1067.000000  -8.915975e-023
1067.200000  -7.766332e-023
1067.400000  -5.766957e-023
1067.600000  -4.098412e-023
1067.800000  -3.464911e-023
1068.000000  -3.145475e-023
1068.200000  -4.541810e-023
1068.400000  -5.226494e-023
1068.600000  -5.805316e-023
1068.800000  -5.872827e-023
1069.000000  -6.735574e-023
1069.200000  -6.396688e-023
1069.400000  -5.861343e-023
1069.600000  -6.327060e-023
1069.800000  -6.669663e-023
1070.000000  -5.750834e-023
1070.200000  -4.878594e-023
1070.400000  -6.062867e-023
1070.600000  -6.120654e-023
1070.800000  -6.363534e-023
1071.000000  -7.514913e-023
1071.200000  -8.250597e-023
1071.400000  -8.297336e-023
1071.600000  -8.870024e-023
1071.800000  -9.251181e-023
1072.000000  -1.034012e-022
1072.200000  -9.827120e-023
1072.400000  -8.998345e-023
1072.600000  -9.019980e-023
1072.800000  -8.540219e-023
1073.000000  -7.481534e-023
1073.200000  -6.777076e-023
1073.400000  -6.957903e-023
1073.600000  -6.617041e-023
1073.800000  -5.782893e-023
1074.000000  -6.016100e-023
1074.200000  -6.397728e-023
1074.400000  -5.994141e-023
1074.600000  -5.380266e-023
1074.800000  -4.901561e-023
1075.000000  -4.863840e-023
1075.200000  -3.847711e-023
1075.400000  -3.544970e-023
1075.600000  -4.614064e-023
1075.800000  -5.296434e-023
1076.000000  -5.142163e-023
1076.200000  -6.920598e-023
1076.400000  -6.904143e-023
1076.600000  -6.334855e-023
1076.800000  -5.299170e-023
1077.000000  -5.043973e-023
1077.200000  -4.382000e-023
1077.400000  -5.511416e-023
1077.600000  -5.619980e-023
1077.800000  -7.446182e-023
1078.000000  -8.020000e-023
1078.200000  -9.319730e-023
1078.400000  -1.014031e-022
1078.600000  -1.007851e-022
1078.800000  -9.991305e-023
1079.000000  -1.030984e-022
1079.200000  -1.062980e-022
1079.400000  -1.090196e-022
1079.600000  -1.045314e-022
1079.800000  -1.019366e-022
1080.000000  -9.840628e-023
1080.200000  -6.854190e-023
1080.400000  -6.078900e-023
1080.600000  -6.555104e-023
1080.800000  -6.408800e-023
1081.000000  -4.915618e-023
1081.200000  -4.356826e-023
1081.400000  -4.604116e-023
1081.600000  -5.753133e-023
1081.800000  -5.212023e-023
1082.000000  -5.584285e-023
1082.200000  -6.590995e-023
1082.400000  -6.410775e-023
1082.600000  -6.260855e-023
1082.800000  -7.266950e-023
1083.000000  -6.952619e-023
1083.200000  -6.047717e-023
1083.400000  -4.742111e-023
1083.600000  -5.516372e-023
1083.800000  -5.899019e-023
1084.000000  -4.893637e-023
1084.200000  -4.435933e-023
1084.400000  -5.313744e-023
1084.600000  -6.161349e-023
1084.800000  -5.781512e-023
1085.000000  -6.457930e-023
1085.200000  -5.947866e-023
1085.400000  -6.229148e-023
1085.600000  -7.597268e-023
1085.800000  -8.904452e-023
1086.000000  -8.775738e-023
1086.200000  -7.511142e-023
1086.400000  -7.697733e-023
1086.600000  -8.239780e-023
1086.800000  -8.183409e-023
1087.000000  -7.414759e-023
1087.200000  -7.601704e-023
1087.400000  -7.019757e-023
1087.600000  -7.034959e-023
1087.800000  -6.923189e-023
1088.000000  -7.536026e-023
1088.200000  -6.327881e-023
1088.400000  -4.230855e-023
1088.600000  -4.603568e-023
1088.800000  -4.461588e-023
1089.000000  -4.420711e-023
1089.200000  -3.800844e-023
1089.400000  -4.638648e-023
1089.600000  -4.170915e-023
1089.800000  -4.254854e-023
1090.000000  -4.626835e-023
1090.200000  -5.338180e-023
1090.400000  -4.994343e-023
1090.600000  -5.041630e-023
1090.800000  -5.947967e-023
1091.000000  -7.653548e-023
1091.200000  -7.598006e-023
1091.400000  -7.355512e-023
1091.600000  -7.643801e-023
1091.800000  -5.800279e-023
1092.000000  -4.826785e-023
1092.200000  -5.203085e-023
1092.400000  -7.273483e-023
1092.600000  -6.955213e-023
1092.800000  -6.016251e-023
1093.000000  -6.631059e-023
1093.200000  -7.207872e-023
1093.400000  -7.319621e-023
1093.600000  -7.943018e-023
1093.800000  -8.993198e-023
1094.000000  -9.124638e-023
1094.200000  -7.852376e-023
1094.400000  -6.116664e-023
1094.600000  -4.877463e-023
1094.800000  -4.170200e-023
1095.000000  -2.960434e-023
1095.200000  -3.066086e-023
1095.400000  -3.617912e-023
1095.600000  -3.376863e-023
1095.800000  -4.176997e-023
1096.000000  -5.653558e-023
1096.200000  -6.068258e-023
1096.400000  -4.202292e-023
1096.600000  -3.379254e-023
1096.800000  -3.931041e-023
1097.000000  -4.780572e-023
1097.200000  -5.257922e-023
1097.400000  -6.536590e-023
1097.600000  -6.285695e-023
1097.800000  -6.103050e-023
1098.000000  -6.487429e-023
1098.200000  -8.730012e-023
1098.400000  -9.126176e-023
1098.600000  -7.924834e-023
1098.800000  -6.322669e-023
1099.000000  -6.702274e-023
1099.200000  -7.344742e-023
1099.400000  -6.866618e-023
1099.600000  -7.451298e-023
1099.800000  -6.371026e-023
1100.000000  -6.453440e-023
1100.200000  -7.077719e-023
1100.400000  -7.160181e-023
1100.600000  -5.742181e-023
1100.800000  -3.565465e-023
1101.000000  -3.104214e-023
1101.200000  -3.861817e-023
1101.400000  -5.278247e-023
1101.600000  -6.192579e-023
1101.800000  -4.877925e-023
1102.000000  -3.796317e-023
1102.200000  -2.881132e-023
1102.400000  -4.187336e-023
1102.600000  -5.447212e-023
1102.800000  -4.393262e-023
1103.000000  -3.741172e-023
1103.200000  -3.918349e-023
1103.400000  -3.606862e-023
1103.600000  -3.729299e-023
1103.800000  -3.878378e-023
1104.000000  -5.633769e-023
1104.200000  -6.552132e-023
1104.400000  -6.733895e-023
1104.600000  -6.998206e-023
1104.800000  -6.882338e-023
1105.000000  -5.619927e-023
1105.200000  -5.133750e-023
1105.400000  -7.661491e-023
1105.600000  -8.858027e-023
1105.800000  -7.755182e-023
1106.000000  -5.711669e-023
1106.200000  -5.966319e-023
1106.400000  -5.170738e-023
1106.600000  -4.716252e-023
1106.800000  -4.324853e-023
1107.000000  -5.698984e-023
1107.200000  -6.085811e-023
1107.400000  -5.123727e-023
1107.600000  -5.211152e-023
1107.800000  -4.785961e-023
1108.000000  -3.889437e-023
1108.200000  -3.770703e-023
1108.400000  -4.363195e-023
1108.600000  -4.314987e-023
1108.800000  -4.028318e-023
1109.000000  -4.211811e-023
1109.200000  -4.773331e-023
1109.400000  -4.689185e-023
1109.600000  -4.162760e-023
1109.800000  -4.895603e-023
1110.000000  -5.592683e-023
1110.200000  -6.181785e-023
1110.400000  -6.105335e-023
1110.600000  -5.886639e-023
1110.800000  -3.792967e-023
1111.000000  -2.756022e-023
1111.200000  -3.377414e-023
1111.400000  -3.774410e-023
1111.600000  -3.558732e-023
1111.800000  -2.443972e-023
1112.000000  -2.896146e-023
1112.200000  -3.672743e-023
1112.400000  -3.279360e-023
1112.600000  -3.396016e-023
1112.800000  -4.100875e-023
1113.000000  -4.977389e-023
1113.200000  -5.581097e-023
1113.400000  -6.260359e-023
1113.600000  -6.273511e-023
1113.800000  -5.634213e-023
1114.000000  -6.066793e-023
1114.200000  -7.330198e-023
1114.400000  -6.788544e-023
1114.600000  -5.497941e-023
1114.800000  -4.040995e-023
1115.000000  -4.575346e-023
1115.200000  -4.489707e-023
1115.400000  -4.301485e-023
1115.600000  -5.180357e-023
1115.800000  -4.920918e-023
1116.000000  -4.695789e-023
1116.200000  -3.139093e-023
1116.400000  -1.527304e-023
1116.600000  -7.292948e-024
1116.800000  -2.098673e-024
1117.000000  -1.519713e-023
1117.200000  -1.567529e-023
1117.400000  -1.528234e-023
1117.600000  -2.060089e-023
1117.800000  -2.896613e-023
1118.000000  -2.328527e-023
1118.200000  -3.425276e-024
1118.400000  -1.299574e-024
1118.600000  -1.777627e-023
1118.800000  -1.907704e-023
1119.000000  -1.508528e-023
1119.200000  -1.302547e-023
1119.400000  -1.818461e-023
1119.600000  -2.158830e-023
1119.800000  -3.108339e-023
1120.000000  -2.700424e-023
1120.200000  -1.631034e-023
1120.400000  -5.404688e-024
1120.600000  -2.198043e-023
1120.800000  -4.977699e-023
1121.000000  -2.942448e-023
1121.200000  -6.258651e-024
1121.400000  -1.038656e-023
1121.600000  -1.409768e-023
1121.800000  -1.434717e-023
1122.000000  -6.664249e-024
1122.200000  -1.451624e-023
1122.400000  -3.532483e-024
1122.600000  2.736946e-023
1122.800000  2.196028e-023
1123.000000  2.280680e-024
1123.200000  -2.695297e-023
1123.400000  -8.952263e-024
1123.600000  8.976561e-024
1123.800000  -1.502965e-024
1124.000000  -2.865881e-023
1124.200000  -2.607214e-023
1124.400000  -2.129093e-023
1124.600000  -1.911120e-023
1124.800000  -1.933851e-023
1125.000000  -7.451393e-024
1125.200000  3.043609e-023
1125.400000  6.280215e-023
1125.600000  6.181860e-023
1125.800000  1.234886e-023
1126.000000  1.830715e-024
1126.200000  1.281369e-023
1126.400000  8.439985e-024
1126.600000  -2.398212e-023
1126.800000  -4.611164e-023
1127.000000  -5.758210e-023
1127.200000  -5.864875e-023
1127.400000  -5.896471e-023
1127.600000  -2.988019e-023
1127.800000  -1.112900e-023
1128.000000  2.623798e-024
1128.200000  -1.203923e-023
1128.400000  6.962939e-024
1128.600000  2.600986e-023
1128.800000  3.001850e-023
1129.000000  2.060637e-023
1129.200000  4.437535e-024
1129.400000  9.149096e-025
1129.600000  2.310439e-023
1129.800000  2.612023e-023
1130.000000  2.502821e-024
1130.200000  -3.419627e-023
1130.400000  -4.824034e-023
1130.600000  -4.658999e-023
1130.800000  -4.115711e-023
1131.000000  -3.854260e-023
1131.200000  -3.692134e-023
1131.400000  -3.356531e-023
1131.600000  -2.876192e-023
1131.800000  -2.931771e-023
1132.000000  -3.705939e-023
1132.200000  -3.259772e-023
1132.400000  -4.259824e-023
1132.600000  -4.779011e-023
1132.800000  -4.686893e-023
1133.000000  -2.870412e-023
1133.200000  -1.220755e-023
1133.400000  1.444541e-023
1133.600000  3.182760e-023
1133.800000  4.698396e-023
1134.000000  3.612540e-023
1134.200000  3.689247e-023
1134.400000  7.029805e-023
1134.600000  1.069509e-022
1134.800000  1.230731e-022
1135.000000  9.529649e-023
1135.200000  5.625585e-023
1135.400000  1.768219e-023
1135.600000  -9.561150e-024
1135.800000  1.558775e-023
1136.000000  1.704531e-023
1136.200000  -9.112249e-024
1136.400000  -4.931249e-023
1136.600000  -5.529262e-023
1136.800000  -5.778398e-023
1137.000000  -5.418019e-023
1137.200000  -3.072931e-023
1137.400000  -3.135824e-023
1137.600000  -4.370902e-023
1137.800000  -4.601950e-023
1138.000000  -3.891039e-023
1138.200000  -2.855578e-023
1138.400000  -2.321925e-023
1138.600000  -2.269023e-023
1138.800000  -2.842289e-023
1139.000000  -3.272413e-023
1139.200000  -2.404495e-023
1139.400000  -1.543173e-023
1139.600000  -7.469637e-024
1139.800000  1.718605e-024
1140.000000  1.258641e-023
1140.200000  1.274894e-023
1140.400000  8.593571e-024
1140.600000  2.292885e-023
1140.800000  4.497557e-023
1141.000000  4.452760e-023
1141.200000  2.805515e-023
1141.400000  2.654409e-023
1141.600000  3.031059e-023
1141.800000  2.918873e-023
1142.000000  2.225371e-023
1142.200000  1.437394e-023
1142.400000  6.348261e-024
1142.600000  3.993600e-024
1142.800000  5.601832e-026
1143.000000  6.835619e-024
1143.200000  3.809051e-025
1143.400000  -6.829593e-024
1143.600000  -7.075939e-024
1143.800000  -1.808528e-023
1144.000000  -1.903928e-023
1144.200000  -6.080291e-024
1144.400000  5.644287e-024
1144.600000  -5.443990e-024
1144.800000  -2.138860e-023
1145.000000  -2.047190e-023
1145.200000  -1.843857e-023
1145.400000  -1.490575e-023
1145.600000  -2.674335e-023
1145.800000  -4.034257e-023
1146.000000  -3.419725e-023
1146.200000  -3.226909e-023
1146.400000  -7.301675e-024
1146.600000  1.686064e-023
1146.800000  2.300170e-023
1147.000000  8.900723e-024
1147.200000  1.870556e-023
1147.400000  2.895345e-023
1147.600000  2.182061e-023
1147.800000  6.998913e-024
1148.000000  5.140737e-024
1148.200000  1.538894e-023
1148.400000  2.778624e-023
1148.600000  3.926647e-023
1148.800000  5.378463e-023
1149.000000  3.671902e-023
1149.200000  1.113587e-023
1149.400000  1.244953e-023
1149.600000  4.361273e-023
1149.800000  4.131523e-023
1150.000000  2.173448e-023
