800.000000  NaN
800.200000  NaN
800.400000  NaN
800.600000  -2.400682e-027
800.800000  -5.384461e-027
801.000000  -4.412539e-027
801.200000  -1.004955e-027
801.400000  -2.752309e-027
801.600000  -5.071414e-027
801.800000  -3.556759e-027
802.000000  -2.095959e-027
802.200000  -5.408137e-027
802.400000  -5.879979e-027
802.600000  -2.680324e-027
802.800000  -3.418951e-027
803.000000  -7.318229e-027
803.200000  -5.969272e-027
803.400000  -2.982719e-027
803.600000  -6.434324e-027
803.800000  -8.499593e-027
804.000000  -6.357905e-027
804.200000  -4.429978e-027
804.400000  -7.129362e-027
804.600000  -7.740492e-027
804.800000  -3.658430e-027
805.000000  -4.246357e-027
805.200000  -7.699181e-027
805.400000  -6.013149e-027
805.600000  -2.259204e-027
805.800000  -4.381649e-027
806.000000  -6.352061e-027
806.200000  -2.036398e-027
806.400000  -4.748554e-028
806.600000  -3.849067e-027
806.800000  -5.058348e-027
807.000000  -6.256545e-028
807.200000  -1.552124e-027
807.400000  -5.616351e-027
807.600000  -4.412982e-027
807.800000  -6.549927e-028
808.000000  -5.429836e-027
808.200000  -9.362806e-027
808.400000  -5.517828e-027
808.600000  -4.928226e-027
808.800000  -9.369167e-027
809.000000  -7.234863e-027
809.200000  -1.617775e-027
809.400000  -3.668677e-027
809.600000  -7.946594e-027
809.800000  -5.505196e-027
810.000000  -3.547001e-027
810.200000  -8.008478e-027
810.400000  -9.976077e-027
810.600000  -3.446458e-027
810.800000  -4.895277e-028
811.000000  -4.625724e-027
811.200000  -2.405667e-027
811.400000  2.546836e-027
811.600000  5.849261e-029
811.800000  -5.000961e-027
812.000000  -1.816457e-027
812.200000  -7.576955e-028
812.400000  -6.183555e-027
812.600000  -1.056147e-026
812.800000  -3.521734e-027
813.000000  -3.547884e-027
813.200000  -9.095719e-027
813.400000  -8.688120e-027
813.600000  -6.732870e-027
813.800000  -1.293545e-026
814.000000  -1.822462e-026
814.200000  -1.037610e-026
814.400000  -6.721323e-027
814.600000  -1.180961e-026
814.800000  -1.337594e-026
815.000000  -3.149303e-027
815.200000  -3.157871e-027
815.400000  -1.029188e-026
815.600000  -6.980254e-027
815.800000  5.218966e-028
816.000000  -3.166941e-027
816.200000  -1.032241e-026
816.400000  -2.704615e-027
816.600000  -2.906509e-028
816.800000  -4.376780e-027
817.000000  -7.717164e-027
817.200000  -1.580872e-028
817.400000  -1.248311e-027
817.600000  -9.626058e-027
817.800000  -6.820521e-027
818.000000  -2.653482e-027
818.200000  -8.037683e-027
818.400000  -1.562723e-026
818.600000  -3.720199e-027
818.800000  -5.075378e-027
819.000000  -1.417368e-026
819.200000  -1.883250e-026
819.400000  -8.292912e-027
819.600000  -7.108484e-027
819.800000  -1.012112e-026
820.000000  -6.438849e-027
820.200000  -1.382528e-027
820.400000  -8.281895e-027
820.600000  -1.282785e-026
820.800000  -9.659808e-028
821.000000  4.864400e-027
821.200000  -4.788356e-027
821.400000  -7.422140e-027
821.600000  1.911052e-027
821.800000  -5.913257e-027
822.000000  -1.616716e-026
822.200000  -6.224029e-027
822.400000  3.098177e-027
822.600000  -5.408861e-027
822.800000  -1.381183e-026
823.000000  -6.239495e-027
823.200000  -5.464623e-027
823.400000  -1.712128e-026
823.600000  -1.506746e-026
823.800000  -5.840512e-027
824.000000  -1.700904e-026
824.200000  -3.238211e-026
824.400000  -2.203661e-026
824.600000  -1.415174e-026
824.800000  -2.049074e-026
825.000000  -2.343884e-026
825.200000  -5.700594e-027
825.400000  1.550459e-027
825.600000  -1.288252e-026
825.800000  -7.160989e-027
826.000000  6.376863e-027
826.200000  4.143721e-027
826.400000  -1.253900e-026
826.600000  -6.559424e-027
826.800000  7.050492e-027
827.000000  -9.421885e-027
827.200000  -1.328373e-026
827.400000  -4.904974e-027
827.600000  -9.005549e-027
827.800000  -3.057754e-026
828.000000  -2.683579e-026
828.200000  -9.301384e-027
828.400000  -1.205185e-026
828.600000  -2.608298e-026
828.800000  -1.589562e-026
829.000000  -1.025255e-026
829.200000  -2.118255e-026
829.400000  -2.006150e-026
829.600000  -4.419304e-028
829.800000  1.223346e-027
830.000000  -1.809763e-026
830.200000  -1.124198e-026
830.400000  -2.804066e-027
830.600000  -1.187393e-026
830.800000  -2.390266e-026
831.000000  -6.206111e-027
831.200000  8.366658e-027
831.400000  -1.546942e-026
831.600000  -2.668277e-026
831.800000  -1.253407e-026
832.000000  -1.863728e-026
832.200000  -3.739844e-026
832.400000  -3.370272e-026
832.600000  -2.671724e-027
832.800000  -1.283269e-026
833.000000  -2.178974e-026
833.200000  1.356216e-027
833.400000  1.782749e-026
833.600000  -6.095854e-027
833.800000  -1.235925e-026
834.000000  6.995391e-027
834.200000  -1.364710e-027
834.400000  -3.187686e-026
834.600000  -1.212777e-026
834.800000  8.043572e-027
835.000000  -3.634049e-027
835.200000  -9.832125e-027
835.400000  1.755910e-026
835.600000  1.327635e-026
835.800000  -1.599899e-026
836.000000  -1.883724e-026
836.200000  -3.799277e-028
836.400000  -1.857672e-026
836.600000  -3.776966e-026
836.800000  -1.944802e-026
837.000000  -6.564298e-027
837.200000  -4.340725e-026
837.400000  -4.941804e-026
837.600000  -1.829412e-026
837.800000  -5.510466e-027
838.000000  -3.304978e-026
838.200000  -2.983045e-026
838.400000  5.922836e-027
838.600000  -6.119973e-027
838.800000  -1.826992e-026
839.000000  2.245154e-028
839.200000  2.296616e-026
839.400000  -2.535600e-027
839.600000  -1.301929e-026
839.800000  2.136936e-026
840.000000  2.850943e-026
840.200000  -1.143764e-026
840.400000  8.336832e-027
840.600000  3.053650e-026
840.800000  8.804935e-027
841.000000  -3.265261e-026
841.200000  -6.902769e-027
841.400000  9.860628e-027
841.600000  -2.103870e-026
841.800000  -2.803526e-026
842.000000  6.017274e-027
842.200000  1.117999e-026
842.400000  -3.396656e-026
842.600000  -3.697468e-026
842.800000  3.040474e-027
843.000000  -2.368724e-026
843.200000  -5.390442e-026
843.400000  -1.147588e-026
843.600000  5.798022e-027
843.800000  -3.354863e-026
844.000000  -3.672433e-026
844.200000  3.436920e-026
844.400000  5.047625e-026
844.600000  2.639803e-026
844.800000  2.369506e-026
845.000000  5.968882e-026
845.200000  1.750889e-026
845.400000  -2.418991e-026
845.600000  9.747515e-027
845.800000  1.606429e-026
846.000000  -3.528651e-026
846.200000  -3.680593e-026
846.400000  1.648186e-026
846.600000  1.265945e-026
846.800000  -4.802914e-026
847.000000  -4.253397e-026
847.200000  -7.056420e-027
847.400000  -4.448325e-026
847.600000  -7.671417e-026
847.800000  -1.547541e-026
848.000000  5.312872e-027
848.200000  -3.920549e-026
848.400000  -5.181621e-026
848.600000  7.090626e-027
848.800000  1.312618e-026
849.000000  -7.300264e-027
849.200000  2.676463e-026
849.400000  7.718983e-026
849.600000  3.207722e-026
849.800000  7.201846e-027
850.000000  5.546540e-026
850.200000  4.590759e-026
850.400000  -2.328798e-027
850.600000  1.387843e-026
850.800000  7.081284e-026
851.000000  2.631654e-026
851.200000  -5.238147e-026
851.400000  -2.415075e-026
851.600000  2.947168e-026
851.800000  -2.702358e-026
852.000000  -6.865673e-026
852.200000  -1.853741e-027
852.400000  1.972208e-026
852.600000  -3.944768e-026
852.800000  -4.553333e-026
853.000000  1.158306e-026
853.200000  -4.273726e-026
853.400000  -1.003128e-025
853.600000  -5.221738e-026
853.800000  -1.028247e-026
854.000000  -7.172204e-026
854.200000  -7.853768e-026
854.400000  2.097407e-026
854.600000  5.868105e-026
854.800000  1.091720e-026
855.000000  3.709314e-026
855.200000  1.354559e-025
855.400000  1.075872e-025
855.600000  5.799102e-026
855.800000  8.732440e-026
856.000000  1.266099e-025
856.200000  3.229078e-026
856.400000  -4.637392e-026
856.600000  3.153029e-026
856.800000  -2.524173e-027
857.000000  -6.044686e-026
857.200000  -1.286528e-026
857.400000  7.353829e-026
857.600000  2.502774e-026
857.800000  -6.624262e-026
858.000000  -3.228810e-026
858.200000  -1.741522e-026
858.400000  -8.976134e-026
858.600000  -8.344005e-026
858.800000  1.659655e-026
859.000000  -2.855622e-026
859.200000  -1.267561e-025
859.400000  -7.073820e-026
859.600000  4.379347e-026
859.800000  -1.064660e-026
860.000000  -8.762953e-026
860.200000  6.466432e-026
860.400000  1.134421e-025
860.600000  2.594045e-026
860.800000  -1.601191e-026
861.000000  9.247601e-026
861.200000  4.893974e-026
861.400000  -7.775143e-026
861.600000  1.448070e-026
861.800000  1.262226e-025
862.000000  6.229087e-027
862.200000  -1.065750e-025
862.400000  3.614043e-026
862.600000  3.728027e-026
862.800000  -8.421428e-026
863.000000  -7.075506e-026
863.200000  6.646603e-026
863.400000  6.935905e-026
863.600000  -5.681648e-026
863.800000  2.945828e-026
864.000000  1.133388e-025
864.200000  4.038331e-026
864.400000  -7.308766e-026
864.600000  6.175228e-026
864.800000  5.744124e-026
865.000000  -1.019777e-025
865.200000  -1.293371e-025
865.400000  9.681507e-026
865.600000  2.107755e-026
865.800000  -1.152238e-025
866.000000  2.331876e-026
866.200000  1.284858e-025
866.400000  5.437005e-026
866.600000  -4.070992e-028
866.800000  1.715548e-025
867.000000  2.403397e-025
867.200000  9.729215e-026
867.400000  1.280105e-025
867.600000  2.667800e-025
867.800000  1.276686e-025
868.000000  -4.073862e-026
868.200000  3.927866e-026
868.400000  8.696921e-026
868.600000  -6.947228e-026
868.800000  -1.892748e-025
869.000000  3.796206e-026
869.200000  5.087378e-026
869.400000  -9.540520e-026
869.600000  -3.664054e-026
869.800000  1.861264e-025
870.000000  1.294156e-025
870.200000  -2.225744e-026
870.400000  1.109790e-025
870.600000  2.190289e-025
870.800000  2.938928e-026
871.000000  -5.843513e-027
871.200000  2.236683e-025
871.400000  1.919943e-025
871.600000  4.620334e-026
871.800000  1.138071e-025
872.000000  3.054005e-025
872.200000  1.493102e-025
872.400000  1.873163e-026
872.600000  2.438830e-025
872.800000  4.177970e-025
873.000000  2.224926e-025
873.200000  1.164445e-025
873.400000  3.662649e-025
873.600000  3.014901e-025
873.800000  6.837805e-026
874.000000  2.180717e-025
874.200000  4.356916e-025
874.400000  2.523812e-025
874.600000  1.462759e-025
874.800000  3.376517e-025
875.000000  4.877594e-025
875.200000  2.745832e-025
875.400000  2.230225e-025
875.600000  3.844786e-025
875.800000  2.544957e-025
876.000000  -2.360401e-026
876.200000  3.637673e-026
876.400000  2.300148e-025
876.600000  1.633377e-025
876.800000  1.061677e-025
877.000000  4.154120e-025
877.200000  4.380629e-025
877.400000  2.486963e-025
877.600000  2.387537e-025
877.800000  4.604166e-025
878.000000  3.618268e-025
878.200000  1.216789e-025
878.400000  4.207377e-025
878.600000  8.007628e-025
878.800000  6.523099e-025
879.000000  5.357632e-025
879.200000  8.758317e-025
879.400000  8.894030e-025
879.600000  5.905528e-025
879.800000  5.282288e-025
880.000000  8.062945e-025
880.200000  6.455075e-025
880.400000  4.189429e-025
880.600000  6.637149e-025
880.800000  9.600942e-025
881.000000  6.684503e-025
881.200000  4.630573e-025
881.400000  8.074442e-025
881.600000  8.066182e-025
881.800000  3.880669e-025
882.000000  4.270517e-025
882.200000  9.708193e-025
882.400000  9.353668e-025
882.600000  6.679043e-025
882.800000  9.758901e-025
883.000000  1.209280e-024
883.200000  9.041242e-025
883.400000  8.116206e-025
883.600000  1.396852e-024
883.800000  1.625136e-024
884.000000  1.590543e-024
884.200000  1.433217e-024
884.400000  1.668744e-024
884.600000  1.833776e-024
884.800000  1.480910e-024
885.000000  1.390427e-024
885.200000  1.538768e-024
885.400000  1.708999e-024
885.600000  1.478003e-024
885.800000  1.597287e-024
886.000000  1.895526e-024
886.200000  1.835677e-024
886.400000  1.821683e-024
886.600000  2.233377e-024
886.800000  2.487361e-024
887.000000  2.162931e-024
887.200000  2.190927e-024
887.400000  2.495301e-024
887.600000  2.630527e-024
887.800000  2.206635e-024
888.000000  2.410526e-024
888.200000  2.816111e-024
888.400000  2.623375e-024
888.600000  2.656100e-024
888.800000  3.010423e-024
889.000000  3.346915e-024
889.200000  3.150668e-024
889.400000  3.094942e-024
889.600000  3.489898e-024
889.800000  3.578958e-024
890.000000  3.522326e-024
890.200000  3.762246e-024
890.400000  3.931807e-024
890.600000  3.366733e-024
890.800000  3.381808e-024
891.000000  3.991995e-024
891.200000  4.274997e-024
891.400000  4.059036e-024
891.600000  4.427756e-024
891.800000  4.831763e-024
892.000000  4.971423e-024
892.200000  4.694942e-024
892.400000  5.168626e-024
892.600000  5.543219e-024
892.800000  5.206087e-024
893.000000  5.001485e-024
893.200000  5.673639e-024
893.400000  6.307469e-024
893.600000  6.109142e-024
893.800000  6.387054e-024
894.000000  7.073368e-024
894.200000  6.723714e-024
894.400000  6.390180e-024
894.600000  6.492108e-024
894.800000  6.508400e-024
895.000000  6.197381e-024
895.200000  6.364284e-024
895.400000  7.028586e-024
895.600000  7.447928e-024
895.800000  6.986212e-024
896.000000  7.538828e-024
896.200000  8.421014e-024
896.400000  8.244897e-024
896.600000  8.191540e-024
896.800000  8.570969e-024
897.000000  8.893252e-024
897.200000  8.480146e-024
897.400000  8.748111e-024
897.600000  9.992412e-024
897.800000  1.059579e-023
898.000000  1.036368e-023
898.200000  1.119628e-023
898.400000  1.191468e-023
898.600000  1.155266e-023
898.800000  1.115878e-023
899.000000  1.156168e-023
899.200000  1.194879e-023
899.400000  1.163220e-023
899.600000  1.194695e-023
899.800000  1.270887e-023
900.000000  1.257644e-023
900.200000  1.236702e-023
900.400000  1.272030e-023
900.600000  1.368208e-023
900.800000  1.373570e-023
901.000000  1.391332e-023
901.200000  1.458119e-023
901.400000  1.539498e-023
901.600000  1.547841e-023
901.800000  1.601162e-023
902.000000  1.664262e-023
902.200000  1.702832e-023
902.400000  1.680555e-023
902.600000  1.757752e-023
902.800000  1.853355e-023
903.000000  1.818953e-023
903.200000  1.849154e-023
903.400000  1.984235e-023
903.600000  2.066548e-023
903.800000  2.014520e-023
904.000000  2.058654e-023
904.200000  2.166053e-023
904.400000  2.182534e-023
904.600000  2.168736e-023
904.800000  2.240766e-023
905.000000  2.420411e-023
905.200000  2.385883e-023
905.400000  2.389060e-023
905.600000  2.537861e-023
905.800000  2.636862e-023
906.000000  2.573142e-023
906.200000  2.638789e-023
906.400000  2.802638e-023
906.600000  2.898429e-023
906.800000  2.917444e-023
907.000000  3.021655e-023
907.200000  3.137968e-023
907.400000  3.184462e-023
907.600000  3.249223e-023
907.800000  3.424746e-023
908.000000  3.547028e-023
908.200000  3.514464e-023
908.400000  3.545287e-023
908.600000  3.664063e-023
908.800000  3.632929e-023
909.000000  3.658978e-023
909.200000  3.921675e-023
909.400000  4.161332e-023
909.600000  4.127871e-023
909.800000  4.261093e-023
910.000000  4.520086e-023
910.200000  4.667339e-023
910.400000  4.733446e-023
910.600000  4.905053e-023
910.800000  5.099143e-023
911.000000  5.162999e-023
911.200000  5.223193e-023
911.400000  5.513462e-023
911.600000  5.768321e-023
911.800000  5.811732e-023
912.000000  5.927910e-023
912.200000  6.189240e-023
912.400000  6.480457e-023
912.600000  6.527232e-023
912.800000  6.802798e-023
913.000000  7.100621e-023
913.200000  7.254987e-023
913.400000  7.346856e-023
913.600000  7.681012e-023
913.800000  7.983995e-023
914.000000  8.060610e-023
914.200000  8.261323e-023
914.400000  8.608100e-023
914.600000  8.858162e-023
914.800000  8.969445e-023
915.000000  9.293951e-023
915.200000  9.723882e-023
915.400000  9.871186e-023
915.600000  1.008332e-022
915.800000  1.059794e-022
916.000000  1.105580e-022
916.200000  1.129679e-022
916.400000  1.171856e-022
916.600000  1.216955e-022
916.800000  1.244571e-022
917.000000  1.259191e-022
917.200000  1.302050e-022
917.400000  1.354529e-022
917.600000  1.388329e-022
917.800000  1.432828e-022
918.000000  1.486165e-022
918.200000  1.530916e-022
918.400000  1.552950e-022
918.600000  1.603430e-022
918.800000  1.671579e-022
919.000000  1.709746e-022
919.200000  1.733382e-022
919.400000  1.772058e-022
919.600000  1.831252e-022
919.800000  1.854511e-022
920.000000  1.879467e-022
920.200000  1.921853e-022
920.400000  1.962231e-022
920.600000  1.979043e-022
920.800000  2.020019e-022
921.000000  2.068907e-022
921.200000  2.091737e-022
921.400000  2.102623e-022
921.600000  2.140321e-022
921.800000  2.181551e-022
922.000000  2.192983e-022
922.200000  2.205431e-022
922.400000  2.249769e-022
922.600000  2.283115e-022
922.800000  2.274701e-022
923.000000  2.299845e-022
923.200000  2.329503e-022
923.400000  2.341701e-022
923.600000  2.348960e-022
923.800000  2.385093e-022
924.000000  2.425793e-022
924.200000  2.431061e-022
924.400000  2.440743e-022
924.600000  2.454922e-022
924.800000  2.462422e-022
925.000000  2.450686e-022
925.200000  2.494516e-022
925.400000  2.537723e-022
925.600000  2.545664e-022
925.800000  2.529153e-022
926.000000  2.554782e-022
926.200000  2.582966e-022
926.400000  2.569153e-022
926.600000  2.569762e-022
926.800000  2.607383e-022
927.000000  2.628467e-022
927.200000  2.619315e-022
927.400000  2.658452e-022
927.600000  2.687440e-022
927.800000  2.671303e-022
928.000000  2.672516e-022
928.200000  2.719559e-022
928.400000  2.742179e-022
928.600000  2.705904e-022
928.800000  2.697136e-022
929.000000  2.700435e-022
929.200000  2.716494e-022
929.400000  2.706190e-022
929.600000  2.749512e-022
929.800000  2.803678e-022
930.000000  2.803768e-022
930.200000  2.795518e-022
930.400000  2.833071e-022
930.600000  2.864518e-022
930.800000  2.862265e-022
931.000000  2.878151e-022
931.200000  2.915198e-022
931.400000  2.894912e-022
931.600000  2.865956e-022
931.800000  2.881460e-022
932.000000  2.936276e-022
932.200000  2.922734e-022
932.400000  2.909069e-022
932.600000  2.948283e-022
932.800000  2.979903e-022
933.000000  2.948724e-022
933.200000  2.979125e-022
933.400000  3.043949e-022
933.600000  3.072211e-022
933.800000  3.071188e-022
934.000000  3.096899e-022
934.200000  3.134884e-022
934.400000  3.136865e-022
934.600000  3.146872e-022
934.800000  3.178957e-022
935.000000  3.182464e-022
935.200000  3.159858e-022
935.400000  3.212240e-022
935.600000  3.289790e-022
935.800000  3.305268e-022
936.000000  3.301334e-022
936.200000  3.351610e-022
936.400000  3.413725e-022
936.600000  3.397344e-022
936.800000  3.413280e-022
937.000000  3.484344e-022
937.200000  3.510890e-022
937.400000  3.475948e-022
937.600000  3.486420e-022
937.800000  3.562167e-022
938.000000  3.585592e-022
938.200000  3.590688e-022
938.400000  3.615010e-022
938.600000  3.652277e-022
938.800000  3.648757e-022
939.000000  3.704151e-022
939.200000  3.777685e-022
939.400000  3.843546e-022
939.600000  3.819733e-022
939.800000  3.868668e-022
940.000000  3.950291e-022
940.200000  3.980110e-022
940.400000  4.009223e-022
940.600000  4.094511e-022
940.800000  4.167345e-022
941.000000  4.180862e-022
941.200000  4.229862e-022
941.400000  4.378201e-022
941.600000  4.460193e-022
941.800000  4.472180e-022
942.000000  4.567178e-022
942.200000  4.653626e-022
942.400000  4.650684e-022
942.600000  4.643557e-022
942.800000  4.724952e-022
943.000000  4.815246e-022
943.200000  4.817505e-022
943.400000  4.862728e-022
943.600000  4.928853e-022
943.800000  4.961555e-022
944.000000  4.971680e-022
944.200000  5.083701e-022
944.400000  5.224315e-022
944.600000  5.243877e-022
944.800000  5.260068e-022
945.000000  5.400249e-022
945.200000  5.508292e-022
945.400000  5.458385e-022
945.600000  5.502376e-022
945.800000  5.582937e-022
946.000000  5.657389e-022
946.200000  5.671494e-022
946.400000  5.775928e-022
946.600000  5.874926e-022
946.800000  5.862781e-022
947.000000  5.867176e-022
947.200000  5.984478e-022
947.400000  6.045758e-022
947.600000  6.022795e-022
947.800000  6.074519e-022
948.000000  6.209113e-022
948.200000  6.256885e-022
948.400000  6.251504e-022
948.600000  6.419548e-022
948.800000  6.557333e-022
949.000000  6.535158e-022
949.200000  6.578520e-022
949.400000  6.696151e-022
949.600000  6.786566e-022
949.800000  6.791656e-022
950.000000  6.863376e-022
950.200000  7.033489e-022
950.400000  7.056217e-022
950.600000  7.028267e-022
950.800000  7.141955e-022
951.000000  7.249156e-022
951.200000  7.226300e-022
951.400000  7.296984e-022
951.600000  7.474440e-022
951.800000  7.622255e-022
952.000000  7.654947e-022
952.200000  7.843781e-022
952.400000  8.085942e-022
952.600000  8.161703e-022
952.800000  8.191661e-022
953.000000  8.384869e-022
953.200000  8.497017e-022
953.400000  8.461266e-022
953.600000  8.536340e-022
953.800000  8.778245e-022
954.000000  8.987222e-022
954.200000  8.970269e-022
954.400000  9.163682e-022
954.600000  9.397707e-022
954.800000  9.457028e-022
955.000000  9.410771e-022
955.200000  9.597861e-022
955.400000  9.780544e-022
955.600000  9.832472e-022
955.800000  9.977401e-022
956.000000  1.022369e-021
956.200000  1.031341e-021
956.400000  1.028664e-021
956.600000  1.039845e-021
956.800000  1.059361e-021
957.000000  1.058756e-021
957.200000  1.064160e-021
957.400000  1.088992e-021
957.600000  1.117356e-021
957.800000  1.121630e-021
958.000000  1.143103e-021
958.200000  1.169995e-021
958.400000  1.183803e-021
958.600000  1.190149e-021
958.800000  1.220895e-021
959.000000  1.254397e-021
959.200000  1.260049e-021
959.400000  1.265773e-021
959.600000  1.296245e-021
959.800000  1.318307e-021
960.000000  1.322678e-021
960.200000  1.345681e-021
960.400000  1.383766e-021
960.600000  1.408470e-021
960.800000  1.422687e-021
961.000000  1.454994e-021
961.200000  1.491360e-021
961.400000  1.495996e-021
961.600000  1.514501e-021
961.800000  1.558532e-021
962.000000  1.590112e-021
962.200000  1.596899e-021
962.400000  1.625868e-021
962.600000  1.668047e-021
962.800000  1.696442e-021
963.000000  1.720918e-021
963.200000  1.770128e-021
963.400000  1.829362e-021
963.600000  1.862903e-021
963.800000  1.917667e-021
964.000000  2.000271e-021
964.200000  2.078417e-021
964.400000  2.144339e-021
964.600000  2.247675e-021
964.800000  2.365091e-021
965.000000  2.448820e-021
965.200000  2.478207e-021
965.400000  2.500777e-021
965.600000  2.497478e-021
965.800000  2.458225e-021
966.000000  2.437674e-021
966.200000  2.445070e-021
966.400000  2.447923e-021
966.600000  2.436556e-021
966.800000  2.460099e-021
967.000000  2.509512e-021
967.200000  2.529554e-021
967.400000  2.545827e-021
967.600000  2.587176e-021
967.800000  2.627345e-021
968.000000  2.647043e-021
968.200000  2.686174e-021
968.400000  2.750942e-021
968.600000  2.798878e-021
968.800000  2.809364e-021
969.000000  2.861016e-021
969.200000  2.917954e-021
969.400000  2.942839e-021
969.600000  2.972731e-021
969.800000  3.042422e-021
970.000000  3.094494e-021
970.200000  3.115161e-021
970.400000  3.160620e-021
970.600000  3.231943e-021
970.800000  3.279575e-021
971.000000  3.300361e-021
971.200000  3.361499e-021
971.400000  3.430815e-021
971.600000  3.466380e-021
971.800000  3.518706e-021
972.000000  3.603411e-021
972.200000  3.686970e-021
972.400000  3.736268e-021
972.600000  3.802484e-021
972.800000  3.910672e-021
973.000000  3.983454e-021
973.200000  4.050054e-021
973.400000  4.155506e-021
973.600000  4.263664e-021
973.800000  4.334377e-021
974.000000  4.416454e-021
974.200000  4.543194e-021
974.400000  4.658045e-021
974.600000  4.727284e-021
974.800000  4.843155e-021
975.000000  4.998659e-021
975.200000  5.099026e-021
975.400000  5.276868e-021
975.600000  5.333938e-021
975.800000  5.486844e-021
976.000000  5.609415e-021
976.200000  5.754960e-021
976.400000  5.850506e-021
976.600000  5.999895e-021
976.800000  6.152009e-021
977.000000  6.342900e-021
977.200000  6.482070e-021
977.400000  6.599139e-021
977.600000  6.753162e-021
977.800000  6.881638e-021
978.000000  7.045027e-021
978.200000  7.163027e-021
978.400000  7.226770e-021
978.600000  7.296169e-021
978.800000  7.342956e-021
979.000000  7.456306e-021
979.200000  7.603162e-021
979.400000  7.567435e-021
979.600000  7.623697e-021
979.800000  7.701912e-021
980.000000  7.651869e-021
980.200000  7.651452e-021
980.400000  7.700772e-021
980.600000  7.609867e-021
980.800000  7.484134e-021
981.000000  7.416045e-021
981.200000  7.394801e-021
981.400000  7.282141e-021
981.600000  7.148585e-021
981.800000  7.051422e-021
982.000000  6.902024e-021
982.200000  6.853602e-021
982.400000  6.768052e-021
982.600000  6.685022e-021
982.800000  6.636682e-021
983.000000  6.500110e-021
983.200000  6.326916e-021
983.400000  6.341566e-021
983.600000  6.328609e-021
983.800000  6.144100e-021
984.000000  6.151953e-021
984.200000  6.199383e-021
984.400000  6.082953e-021
984.600000  5.989358e-021
984.800000  6.006311e-021
985.000000  5.968868e-021
985.200000  5.890456e-021
985.400000  5.887871e-021
985.600000  5.867312e-021
985.800000  5.852525e-021
986.000000  5.834298e-021
986.200000  5.779716e-021
986.400000  5.708726e-021
986.600000  5.645371e-021
986.800000  5.598129e-021
987.000000  5.545508e-021
987.200000  5.453046e-021
987.400000  5.400349e-021
987.600000  5.385401e-021
987.800000  5.356398e-021
988.000000  5.297014e-021
988.200000  5.277329e-021
988.400000  5.232640e-021
988.600000  5.157164e-021
988.800000  5.133770e-021
989.000000  5.200807e-021
989.200000  5.210041e-021
989.400000  5.166722e-021
989.600000  5.129579e-021
989.800000  5.086548e-021
990.000000  5.022326e-021
990.200000  4.945372e-021
990.400000  4.903894e-021
990.600000  4.896871e-021
990.800000  4.887528e-021
991.000000  4.856083e-021
991.200000  4.869691e-021
991.400000  4.849484e-021
991.600000  4.796835e-021
991.800000  4.755226e-021
992.000000  4.741266e-021
992.200000  4.659250e-021
992.400000  4.535216e-021
992.600000  4.478720e-021
992.800000  4.463140e-021
993.000000  4.402321e-021
993.200000  4.327474e-021
993.400000  4.294708e-021
993.600000  4.218545e-021
993.800000  4.088306e-021
994.000000  3.929173e-021
994.200000  3.896518e-021
994.400000  3.873991e-021
994.600000  3.828893e-021
994.800000  3.723883e-021
995.000000  3.708834e-021
995.200000  3.681450e-021
995.400000  3.633727e-021
995.600000  3.605479e-021
995.800000  3.598941e-021
996.000000  3.579310e-021
996.200000  3.545090e-021
996.400000  3.523173e-021
996.600000  3.502665e-021
996.800000  3.466794e-021
997.000000  3.428656e-021
997.200000  3.433558e-021
997.400000  3.423834e-021
997.600000  3.390652e-021
997.800000  3.365463e-021
998.000000  3.357096e-021
998.200000  3.337691e-021
998.400000  3.310155e-021
998.600000  3.304640e-021
998.800000  3.297636e-021
999.000000  3.274390e-021
999.200000  3.251093e-021
999.400000  3.255087e-021
999.600000  3.243552e-021
999.800000  3.218662e-021
1000.000000  3.204835e-021
1000.200000  3.211009e-021
1000.400000  3.194912e-021
1000.600000  3.154246e-021
1000.800000  3.145493e-021
1001.000000  3.147148e-021
1001.200000  3.129415e-021
1001.400000  3.107165e-021
1001.600000  3.106534e-021
1001.800000  3.112628e-021
1002.000000  3.096272e-021
1002.200000  3.074635e-021
1002.400000  3.074703e-021
1002.600000  3.080025e-021
1002.800000  3.066562e-021
1003.000000  3.049308e-021
1003.200000  3.059127e-021
1003.400000  3.063686e-021
1003.600000  3.055421e-021
1003.800000  3.053179e-021
1004.000000  3.066808e-021
1004.200000  3.058510e-021
1004.400000  3.036556e-021
1004.600000  3.056264e-021
1004.800000  3.065381e-021
1005.000000  3.041077e-021
1005.200000  3.045625e-021
1005.400000  3.063885e-021
1005.600000  3.066171e-021
1005.800000  3.060066e-021
1006.000000  3.062346e-021
1006.200000  3.076094e-021
1006.400000  3.067674e-021
1006.600000  3.063830e-021
1006.800000  3.086043e-021
1007.000000  3.086039e-021
1007.200000  3.073740e-021
1007.400000  3.070641e-021
1007.600000  3.084467e-021
1007.800000  3.084447e-021
1008.000000  3.072083e-021
1008.200000  3.088257e-021
1008.400000  3.109870e-021
1008.600000  3.112181e-021
1008.800000  3.107524e-021
1009.000000  3.126884e-021
1009.200000  3.126880e-021
1009.400000  3.121437e-021
1009.600000  3.127640e-021
1009.800000  3.159533e-021
1010.000000  3.161105e-021
1010.200000  3.154879e-021
1010.400000  3.158003e-021
1010.600000  3.171287e-021
1010.800000  3.166606e-021
1011.000000  3.168174e-021
1011.200000  3.183063e-021
1011.400000  3.183075e-021
1011.600000  3.171305e-021
1011.800000  3.184658e-021
1012.000000  3.197248e-021
1012.200000  3.204346e-021
1012.400000  3.197265e-021
1012.600000  3.217784e-021
1012.800000  3.230441e-021
1013.000000  3.217819e-021
1013.200000  3.207543e-021
1013.400000  3.220216e-021
1013.600000  3.218638e-021
1013.800000  3.209114e-021
1014.000000  3.205925e-021
1014.200000  3.221813e-021
1014.400000  3.209069e-021
1014.600000  3.196296e-021
1014.800000  3.198650e-021
1015.000000  3.197811e-021
1015.200000  3.173788e-021
1015.400000  3.161715e-021
1015.600000  3.168033e-021
1015.800000  3.172757e-021
1016.000000  3.150205e-021
1016.200000  3.162945e-021
1016.400000  3.159627e-021
1016.600000  3.141813e-021
1016.800000  3.119933e-021
1017.000000  3.113326e-021
1017.200000  3.105088e-021
1017.400000  3.085520e-021
1017.600000  3.078040e-021
1017.800000  3.083495e-021
1018.000000  3.080853e-021
1018.200000  3.056303e-021
1018.400000  3.043879e-021
1018.600000  3.036304e-021
1018.800000  3.026270e-021
1019.000000  3.000740e-021
1019.200000  2.999611e-021
1019.400000  2.991132e-021
1019.600000  2.967116e-021
1019.800000  2.968392e-021
1020.000000  2.959030e-021
1020.200000  2.955379e-021
1020.400000  2.939419e-021
1020.600000  2.934093e-021
1020.800000  2.946827e-021
1021.000000  2.920111e-021
1021.200000  2.908156e-021
1021.400000  2.911005e-021
1021.600000  2.911382e-021
1021.800000  2.903500e-021
1022.000000  2.889816e-021
1022.200000  2.888508e-021
1022.400000  2.871464e-021
1022.600000  2.860184e-021
1022.800000  2.857174e-021
1023.000000  2.856647e-021
1023.200000  2.846972e-021
1023.400000  2.828955e-021
1023.600000  2.831720e-021
1023.800000  2.839490e-021
1024.000000  2.818899e-021
1024.200000  2.801605e-021
1024.400000  2.808522e-021
1024.600000  2.808754e-021
1024.800000  2.796417e-021
1025.000000  2.806694e-021
1025.200000  2.802718e-021
1025.400000  2.804613e-021
1025.600000  2.795575e-021
1025.800000  2.812613e-021
1026.000000  2.820412e-021
1026.200000  2.813040e-021
1026.400000  2.820004e-021
1026.600000  2.818527e-021
1026.800000  2.817889e-021
1027.000000  2.816401e-021
1027.200000  2.834401e-021
1027.400000  2.854130e-021
1027.600000  2.845020e-021
1027.800000  2.835038e-021
1028.000000  2.853114e-021
1028.200000  2.863556e-021
1028.400000  2.850996e-021
1028.600000  2.860597e-021
1028.800000  2.873630e-021
1029.000000  2.871293e-021
1029.200000  2.863814e-021
1029.400000  2.867455e-021
1029.600000  2.868526e-021
1029.800000  2.852429e-021
1030.000000  2.847467e-021
1030.200000  2.860553e-021
1030.400000  2.837504e-021
1030.600000  2.816130e-021
1030.800000  2.815414e-021
1031.000000  2.825053e-021
1031.200000  2.808781e-021
1031.400000  2.803720e-021
1031.600000  2.806440e-021
1031.800000  2.792693e-021
1032.000000  2.777181e-021
1032.200000  2.762504e-021
1032.400000  2.773874e-021
1032.600000  2.753939e-021
1032.800000  2.737446e-021
1033.000000  2.728764e-021
1033.200000  2.722680e-021
1033.400000  2.712214e-021
1033.600000  2.685112e-021
1033.800000  2.694712e-021
1034.000000  2.681551e-021
1034.200000  2.656962e-021
1034.400000  2.640222e-021
1034.600000  2.641897e-021
1034.800000  2.615430e-021
1035.000000  2.589789e-021
1035.200000  2.584362e-021
1035.400000  2.579804e-021
1035.600000  2.557577e-021
1035.800000  2.529119e-021
1036.000000  2.531561e-021
1036.200000  2.518954e-021
1036.400000  2.493026e-021
1036.600000  2.483013e-021
1036.800000  2.472977e-021
1037.000000  2.455810e-021
1037.200000  2.429709e-021
1037.400000  2.417804e-021
1037.600000  2.408547e-021
1037.800000  2.381425e-021
1038.000000  2.356927e-021
1038.200000  2.353835e-021
1038.400000  2.341786e-021
1038.600000  2.315379e-021
1038.800000  2.310437e-021
1039.000000  2.309072e-021
1039.200000  2.288838e-021
1039.400000  2.278454e-021
1039.600000  2.274346e-021
1039.800000  2.269328e-021
1040.000000  2.251673e-021
1040.200000  2.234884e-021
1040.400000  2.231612e-021
1040.600000  2.232853e-021
1040.800000  2.207843e-021
1041.000000  2.209059e-021
1041.200000  2.204833e-021
1041.400000  2.195150e-021
1041.600000  2.179084e-021
1041.800000  2.177539e-021
1042.000000  2.174167e-021
1042.200000  2.153471e-021
1042.400000  2.142767e-021
1042.600000  2.146650e-021
1042.800000  2.146882e-021
1043.000000  2.132474e-021
1043.200000  2.122616e-021
1043.400000  2.130151e-021
1043.600000  2.130358e-021
1043.800000  2.114952e-021
1044.000000  2.116979e-021
1044.200000  2.117167e-021
1044.400000  2.104459e-021
1044.600000  2.097256e-021
1044.800000  2.094651e-021
1045.000000  2.098504e-021
1045.200000  2.082022e-021
1045.400000  2.085866e-021
1045.600000  2.087862e-021
1045.800000  2.065753e-021
1046.000000  2.061233e-021
1046.200000  2.053914e-021
1046.400000  2.054949e-021
1046.600000  2.039229e-021
1046.800000  2.037452e-021
1047.000000  2.030074e-021
1047.200000  2.019879e-021
1047.400000  2.020875e-021
1047.600000  2.018129e-021
1047.800000  2.000398e-021
1048.000000  2.004182e-021
1048.200000  1.998592e-021
1048.400000  1.977031e-021
1048.600000  1.971400e-021
1048.800000  1.967638e-021
1049.000000  1.964807e-021
1049.200000  1.945007e-021
1049.400000  1.941202e-021
1049.600000  1.941164e-021
1049.800000  1.924113e-021
1050.000000  1.909866e-021
1050.200000  1.905057e-021
1050.400000  1.894551e-021
1050.600000  1.873588e-021
1050.800000  1.854482e-021
1051.000000  1.861950e-021
1051.200000  1.847549e-021
1051.400000  1.823596e-021
1051.600000  1.823425e-021
1051.800000  1.809894e-021
1052.000000  1.802066e-021
1052.200000  1.787529e-021
1052.400000  1.773920e-021
1052.600000  1.760282e-021
1052.800000  1.741824e-021
1053.000000  1.729086e-021
1053.200000  1.727848e-021
1053.400000  1.704493e-021
1053.600000  1.687829e-021
1053.800000  1.676910e-021
1054.000000  1.664040e-021
1054.200000  1.643424e-021
1054.400000  1.619870e-021
1054.600000  1.604003e-021
1054.800000  1.595847e-021
1055.000000  1.574112e-021
1055.200000  1.557182e-021
1055.400000  1.544101e-021
1055.600000  1.529050e-021
1055.800000  1.512996e-021
1056.000000  1.489125e-021
1056.200000  1.477871e-021
1056.400000  1.461718e-021
1056.600000  1.441629e-021
1056.800000  1.432247e-021
1057.000000  1.423824e-021
1057.200000  1.401680e-021
1057.400000  1.384391e-021
1057.600000  1.370010e-021
1057.800000  1.356581e-021
1058.000000  1.341161e-021
1058.200000  1.321777e-021
1058.400000  1.313182e-021
1058.600000  1.297673e-021
1058.800000  1.283119e-021
1059.000000  1.271498e-021
1059.200000  1.257877e-021
1059.400000  1.231372e-021
1059.600000  1.220655e-021
1059.800000  1.212889e-021
1060.000000  1.195188e-021
1060.200000  1.168518e-021
1060.400000  1.160677e-021
1060.600000  1.154810e-021
1060.800000  1.133995e-021
1061.000000  1.123106e-021
1061.200000  1.120175e-021
1061.400000  1.110249e-021
1061.600000  1.085311e-021
1061.800000  1.069329e-021
1062.000000  1.060324e-021
1062.200000  1.047292e-021
1062.400000  1.031225e-021
1062.600000  1.021151e-021
1062.800000  1.012062e-021
1063.000000  1.001044e-021
1063.200000  9.819481e-022
1063.400000  9.778327e-022
1063.600000  9.709847e-022
1063.800000  9.519047e-022
1064.000000  9.423895e-022
1064.200000  9.339682e-022
1064.400000  9.257326e-022
1064.600000  9.137304e-022
1064.800000  9.036322e-022
1065.000000  8.950372e-022
1065.200000  8.825628e-022
1065.400000  8.832899e-022
1065.600000  8.651782e-022
1065.800000  8.633403e-022
1066.000000  8.471125e-022
1066.200000  8.461714e-022
1066.400000  8.340861e-022
1066.600000  8.313899e-022
1066.800000  8.188566e-022
1067.000000  8.016862e-022
1067.200000  8.013092e-022
1067.400000  7.891206e-022
1067.600000  7.859540e-022
1067.800000  7.698167e-022
1068.000000  7.675513e-022
1068.200000  7.492001e-022
1068.400000  7.468063e-022
1068.600000  7.395534e-022
1068.800000  7.247400e-022
1069.000000  7.177616e-022
1069.200000  7.052805e-022
1069.400000  7.057331e-022
1069.600000  6.958098e-022
1069.800000  6.819207e-022
1070.000000  6.789200e-022
1070.200000  6.733117e-022
1070.400000  6.594645e-022
1070.600000  6.589341e-022
1070.800000  6.510981e-022
1071.000000  6.445000e-022
1071.200000  6.342301e-022
1071.400000  6.344038e-022
1071.600000  6.259891e-022
1071.800000  6.108489e-022
1072.000000  6.042839e-022
1072.200000  6.046378e-022
1072.400000  5.975278e-022
1072.600000  5.887204e-022
1072.800000  5.816864e-022
1073.000000  5.711598e-022
1073.200000  5.647282e-022
1073.400000  5.602906e-022
1073.600000  5.547871e-022
1073.800000  5.549866e-022
1074.000000  5.396170e-022
1074.200000  5.331230e-022
1074.400000  5.297995e-022
1074.600000  5.193535e-022
1074.800000  5.144154e-022
1075.000000  5.146813e-022
1075.200000  5.039774e-022
1075.400000  5.002887e-022
1075.600000  4.939252e-022
1075.800000  4.837044e-022
1076.000000  4.737848e-022
1076.200000  4.671633e-022
1076.400000  4.593508e-022
1076.600000  4.638513e-022
1076.800000  4.574152e-022
1077.000000  4.471003e-022
1077.200000  4.480531e-022
1077.400000  4.442728e-022
1077.600000  4.354233e-022
1077.800000  4.219216e-022
1078.000000  4.163788e-022
1078.200000  4.107173e-022
1078.400000  4.067744e-022
1078.600000  3.990369e-022
1078.800000  3.973493e-022
1079.000000  3.899130e-022
1079.200000  3.871280e-022
1079.400000  3.841202e-022
1079.600000  3.794759e-022
1079.800000  3.696002e-022
1080.000000  3.624283e-022
1080.200000  3.634180e-022
1080.400000  3.584085e-022
1080.600000  3.525156e-022
1080.800000  3.503279e-022
1081.000000  3.470417e-022
1081.200000  3.322506e-022
1081.400000  3.321196e-022
1081.600000  3.301229e-022
1081.800000  3.287810e-022
1082.000000  3.218306e-022
1082.200000  3.205880e-022
1082.400000  3.105332e-022
1082.600000  3.099384e-022
1082.800000  3.065842e-022
1083.000000  3.047694e-022
1083.200000  3.002983e-022
1083.400000  2.899554e-022
1083.600000  2.846866e-022
1083.800000  2.830653e-022
1084.000000  2.770033e-022
1084.200000  2.758155e-022
1084.400000  2.705130e-022
1084.600000  2.688714e-022
1084.800000  2.627728e-022
1085.000000  2.606747e-022
1085.200000  2.620306e-022
1085.400000  2.572477e-022
1085.600000  2.556968e-022
1085.800000  2.450821e-022
1086.000000  2.502342e-022
1086.200000  2.419478e-022
1086.400000  2.413854e-022
1086.600000  2.310542e-022
1086.800000  2.354248e-022
1087.000000  2.287803e-022
1087.200000  2.260638e-022
1087.400000  2.233420e-022
1087.600000  2.203893e-022
1087.800000  2.140443e-022
1088.000000  2.115292e-022
1088.200000  2.087831e-022
1088.400000  2.079562e-022
1088.600000  2.087139e-022
1088.800000  2.052765e-022
1089.000000  2.004703e-022
1089.200000  2.059947e-022
1089.400000  1.920819e-022
1089.600000  1.890711e-022
1089.800000  1.903840e-022
1090.000000  1.836024e-022
1090.200000  1.827436e-022
1090.400000  1.811976e-022
1090.600000  1.846801e-022
1090.800000  1.766085e-022
1091.000000  1.733336e-022
1091.200000  1.815193e-022
1091.400000  1.718152e-022
1091.600000  1.639312e-022
1091.800000  1.690257e-022
1092.000000  1.663034e-022
1092.200000  1.591985e-022
1092.400000  1.602667e-022
1092.600000  1.545278e-022
1092.800000  1.554778e-022
1093.000000  1.536547e-022
1093.200000  1.465048e-022
1093.400000  1.518511e-022
1093.600000  1.431791e-022
1093.800000  1.462110e-022
1094.000000  1.407697e-022
1094.200000  1.355508e-022
1094.400000  1.391655e-022
1094.600000  1.327707e-022
1094.800000  1.359229e-022
1095.000000  1.332468e-022
1095.200000  1.341860e-022
1095.400000  1.299836e-022
1095.600000  1.330272e-022
1095.800000  1.244829e-022
1096.000000  1.215490e-022
1096.200000  1.201348e-022
1096.400000  1.230627e-022
1096.600000  1.183561e-022
1096.800000  1.191699e-022
1097.000000  1.096468e-022
1097.200000  1.226873e-022
1097.400000  1.098469e-022
1097.600000  1.124029e-022
1097.800000  1.075773e-022
1098.000000  1.100174e-022
1098.200000  1.115975e-022
1098.400000  1.055253e-022
1098.600000  1.057400e-022
1098.800000  9.880824e-023
1099.000000  9.914773e-023
1099.200000  1.012242e-022
1099.400000  9.526898e-023
1099.600000  9.981187e-023
1099.800000  9.695699e-023
1100.000000  9.333288e-023
1100.200000  9.936763e-023
1100.400000  8.613633e-023
1100.600000  9.168459e-023
1100.800000  8.831764e-023
1101.000000  8.511236e-023
1101.200000  8.137307e-023
1101.400000  8.452228e-023
1101.600000  8.515214e-023
1101.800000  8.300306e-023
1102.000000  8.325910e-023
1102.200000  8.493820e-023
1102.400000  8.137092e-023
1102.600000  7.959676e-023
1102.800000  7.875018e-023
1103.000000  8.325034e-023
1103.200000  7.527182e-023
1103.400000  7.213979e-023
1103.600000  7.560251e-023
1103.800000  7.284142e-023
1104.000000  7.487660e-023
1104.200000  7.145271e-023
1104.400000  6.831481e-023
1104.600000  6.821824e-023
1104.800000  7.159826e-023
1105.000000  6.524040e-023
1105.200000  7.193573e-023
1105.400000  6.176219e-023
1105.600000  6.600541e-023
1105.800000  6.798912e-023
1106.000000  6.191773e-023
1106.200000  6.234204e-023
1106.400000  6.188232e-023
1106.600000  5.861751e-023
1106.800000  5.608536e-023
1107.000000  6.387385e-023
1107.200000  5.470688e-023
1107.400000  5.500318e-023
1107.600000  5.565825e-023
1107.800000  5.546120e-023
1108.000000  5.759064e-023
1108.200000  5.629231e-023
1108.400000  5.364004e-023
1108.600000  5.209989e-023
1108.800000  5.300401e-023
1109.000000  5.146040e-023
1109.200000  5.309969e-023
1109.400000  5.413156e-023
1109.600000  5.037802e-023
1109.800000  5.263204e-023
1110.000000  5.120575e-023
1110.200000  4.598921e-023
1110.400000  4.371598e-023
1110.600000  5.148205e-023
1110.800000  4.697848e-023
1111.000000  4.518913e-023
1111.200000  4.462709e-023
1111.400000  4.736943e-023
1111.600000  4.004049e-023
1111.800000  4.808427e-023
1112.000000  4.444771e-023
1112.200000  4.547155e-023
1112.400000  4.233099e-023
1112.600000  4.322832e-023
1112.800000  4.019384e-023
1113.000000  3.998945e-023
1113.200000  3.981000e-023
1113.400000  3.554669e-023
1113.600000  4.271213e-023
1113.800000  3.638556e-023
1114.000000  3.555356e-023
1114.200000  3.694731e-023
1114.400000  3.528623e-023
1114.600000  3.470590e-023
1114.800000  3.436696e-023
1115.000000  3.895778e-023
1115.200000  3.349540e-023
1115.400000  3.204111e-023
1115.600000  3.614261e-023
1115.800000  3.300875e-023
1116.000000  3.587386e-023
1116.200000  3.047389e-023
1116.400000  3.116958e-023
1116.600000  3.552013e-023
1116.800000  3.431581e-023
1117.000000  3.138231e-023
1117.200000  3.108792e-023
1117.400000  2.691965e-023
1117.600000  3.325001e-023
1117.800000  3.406876e-023
1118.000000  2.964589e-023
1118.200000  3.882033e-023
1118.400000  2.691063e-023
1118.600000  3.064715e-023
1118.800000  2.585445e-023
1119.000000  2.686586e-023
1119.200000  3.363187e-023
1119.400000  2.239352e-023
1119.600000  3.195787e-023
1119.800000  2.510888e-023
1120.000000  2.809639e-023
1120.200000  2.515376e-023
1120.400000  2.257224e-023
1120.600000  2.538206e-023
1120.800000  2.317624e-023
1121.000000  2.010050e-023
1121.200000  1.788597e-023
1121.400000  1.896658e-023
1121.600000  2.121995e-023
1121.800000  2.658481e-023
1122.000000  2.580459e-023
1122.200000  2.569569e-023
1122.400000  2.348736e-023
1122.600000  2.649474e-023
1122.800000  2.248438e-023
1123.000000  2.001569e-023
1123.200000  1.966253e-023
1123.400000  1.942807e-023
1123.600000  2.350700e-023
1123.800000  1.817403e-023
1124.000000  2.378822e-023
1124.200000  1.969698e-023
1124.400000  1.681061e-023
1124.600000  1.619894e-023
1124.800000  1.920248e-023
1125.000000  2.384080e-023
1125.200000  1.745870e-023
1125.400000  1.858475e-023
1125.600000  1.897625e-023
1125.800000  2.399271e-023
1126.000000  2.483238e-023
1126.200000  2.235691e-023
1126.400000  1.425931e-023
1126.600000  2.540977e-023
1126.800000  1.812171e-023
1127.000000  1.925625e-023
1127.200000  1.827529e-023
1127.400000  1.312669e-023
1127.600000  1.301268e-023
1127.800000  1.327576e-023
1128.000000  1.328753e-023
1128.200000  1.126588e-023
1128.400000  1.215179e-023
1128.600000  1.579695e-023
1128.800000  2.158385e-023
1129.000000  1.592013e-023
1129.200000  1.805699e-023
1129.400000  1.631608e-023
1129.600000  1.558080e-023
1129.800000  1.443489e-023
1130.000000  1.696031e-023
1130.200000  1.709834e-023
1130.400000  1.547189e-023
1130.600000  1.369194e-023
1130.800000  1.458111e-023
1131.000000  1.410023e-023
1131.200000  1.360475e-023
1131.400000  1.408396e-023
1131.600000  1.296870e-023
1131.800000  5.544443e-024
1132.000000  1.132601e-023
1132.200000  1.070585e-023
1132.400000  5.924889e-024
1132.600000  1.173454e-023
1132.800000  1.272515e-023
1133.000000  8.070252e-024
1133.200000  1.463955e-023
1133.400000  1.477724e-023
1133.600000  1.488740e-023
1133.800000  1.161631e-023
1134.000000  1.225758e-023
1134.200000  1.492684e-023
1134.400000  7.073182e-024
1134.600000  1.339933e-023
1134.800000  1.176666e-023
1135.000000  1.722719e-023
1135.200000  1.340406e-023
1135.400000  7.593890e-024
1135.600000  1.292099e-023
1135.800000  1.153840e-023
1136.000000  1.545230e-023
1136.200000  5.828488e-024
1136.400000  8.117622e-024
1136.600000  9.266369e-024
1136.800000  6.845784e-024
1137.000000  1.712600e-023
1137.200000  9.142842e-024
1137.400000  1.471534e-023
1137.600000  1.218367e-023
1137.800000  1.016199e-024
1138.000000  9.408454e-024
1138.200000  6.982903e-024
1138.400000  7.623892e-024
1138.600000  1.348118e-023
1138.800000  6.109836e-024
1139.000000  5.339436e-024
1139.200000  8.397303e-024
1139.400000  3.310631e-024
1139.600000  8.538842e-024
1139.800000  1.132668e-023
1140.000000  1.146363e-023
1140.200000  1.185648e-023
1140.400000  1.122929e-023
1140.600000  3.575634e-024
1140.800000  5.368872e-024
1141.000000  8.700354e-024
1141.200000  5.505970e-024
1141.400000  9.483796e-024
1141.600000  9.620010e-024
1141.800000  7.959932e-024
1142.000000  3.469506e-024
1142.200000  1.028939e-023
1142.400000  7.980868e-024
1142.600000  4.380764e-024
1142.800000  6.189002e-024
1143.000000  6.194420e-024
1143.200000  5.554386e-024
1143.400000  6.593458e-024
1143.600000  7.634342e-024
1143.800000  2.590053e-024
1144.000000  1.179686e-023
1144.200000  6.616556e-024
1144.400000  7.661082e-024
1144.600000  1.598789e-023
1144.800000  6.910821e-024
1145.000000  8.091064e-024
1145.200000  9.664618e-024
1145.400000  4.183379e-024
1145.600000  5.234157e-024
1145.800000  7.071331e-024
1146.000000  6.028551e-024
1146.200000  9.706888e-024
1146.400000  6.827168e-024
1146.600000  7.228248e-024
1146.800000  2.893234e-024
1147.000000  6.187328e-024
1147.200000  3.952740e-024
1147.400000  5.142748e-024
1147.600000  0.000000e+000
1147.800000  5.020304e-024
1148.000000  0.000000e+000
1148.200000  5.029058e-024
1148.400000  1.245036e-023
1148.600000  4.108790e-024
1148.800000  7.695305e-024
1149.000000  8.233383e-024
1149.200000  5.050996e-024
1149.400000  6.650815e-024
1149.600000  1.331470e-024
1149.800000  6.410676e-024
1150.000000  4.144327e-024
