800.000000  -4.461807e-023
800.200000  -6.920806e-023
800.400000  -4.517883e-023
800.600000  -2.524274e-023
800.800000  -5.627765e-023
801.000000  -5.425318e-023
801.200000  -2.327769e-023
801.400000  -2.396418e-023
801.600000  -5.558704e-023
801.800000  -4.487199e-023
802.000000  -1.850842e-023
802.200000  -4.216826e-023
802.400000  -5.997441e-023
802.600000  -3.591377e-023
802.800000  -2.558259e-023
803.000000  -6.682377e-023
803.200000  -6.803413e-023
803.400000  -4.716512e-023
803.600000  -5.753678e-023
803.800000  -8.274543e-023
804.000000  -7.150191e-023
804.200000  -4.323849e-023
804.400000  -5.595484e-023
804.600000  -8.017982e-023
804.800000  -5.148177e-023
805.000000  -3.608852e-023
805.200000  -5.848732e-023
805.400000  -5.509675e-023
805.600000  -2.539169e-023
805.800000  -2.522165e-023
806.000000  -5.132225e-023
806.200000  -2.766221e-023
806.400000  -1.196001e-024
806.600000  -1.626215e-023
806.800000  -4.058401e-023
807.000000  -1.884173e-023
807.200000  -1.862742e-024
807.400000  -4.183666e-023
807.600000  -4.630752e-023
807.800000  -1.570598e-023
808.000000  -3.024965e-023
808.200000  -7.070515e-023
808.400000  -5.440608e-023
808.600000  -3.344648e-023
808.800000  -5.404717e-023
809.000000  -5.388994e-023
809.200000  -2.563155e-023
809.400000  -2.537808e-023
809.600000  -5.012400e-023
809.800000  -4.208214e-023
810.000000  -2.803581e-023
810.200000  -4.079966e-023
810.400000  -6.238020e-023
810.600000  -3.313657e-023
810.800000  8.642016e-024
811.000000  -1.051511e-023
811.200000  -1.317307e-023
811.400000  1.002950e-023
811.600000  4.715633e-024
811.800000  -2.473014e-023
812.000000  -1.587991e-023
812.200000  1.361901e-024
812.400000  -1.547333e-023
812.600000  -4.804725e-023
812.800000  -2.306399e-023
813.000000  -7.694807e-024
813.200000  -3.237775e-023
813.400000  -5.062632e-023
813.600000  -4.078927e-023
813.800000  -5.349113e-023
814.000000  -8.892498e-023
814.200000  -6.973695e-023
814.400000  -3.364908e-023
814.600000  -4.405829e-023
814.800000  -5.587527e-023
815.000000  -2.345527e-023
815.200000  -1.359345e-023
815.400000  -3.826866e-023
815.600000  -3.906517e-023
815.800000  -6.669457e-024
816.000000  -5.573094e-024
816.200000  -4.178791e-023
816.400000  -2.928158e-023
816.600000  -1.141843e-024
816.800000  -1.704280e-023
817.000000  -2.969329e-023
817.200000  -1.262038e-023
817.400000  4.066437e-024
817.600000  -3.335781e-023
817.800000  -3.688686e-023
818.000000  -2.481352e-023
818.200000  -2.227520e-023
818.400000  -5.420450e-023
818.600000  -3.246056e-023
818.800000  -2.079538e-023
819.000000  -3.989561e-023
819.200000  -7.052310e-023
819.400000  -4.785032e-023
819.600000  -2.750790e-023
819.800000  -3.372880e-023
820.000000  -3.772297e-023
820.200000  -1.099715e-023
820.400000  -2.452930e-023
820.600000  -4.455439e-023
820.800000  -1.557663e-023
821.000000  1.200385e-023
821.200000  -1.526533e-023
821.400000  -3.336273e-023
821.600000  -5.345234e-024
821.800000  -2.804560e-024
822.000000  -3.371815e-023
822.200000  -2.719778e-023
822.400000  4.948885e-024
822.600000  -7.581955e-024
822.800000  -3.811332e-023
823.000000  -3.153419e-023
823.200000  -1.652805e-023
823.400000  -3.338827e-023
823.600000  -4.242573e-023
823.800000  -2.020013e-023
824.000000  -2.414278e-023
824.200000  -6.036384e-023
824.400000  -5.877469e-023
824.600000  -2.872523e-023
824.800000  -3.358639e-023
825.000000  -5.549959e-023
825.200000  -2.555634e-023
825.400000  1.084662e-023
825.600000  -1.880962e-023
825.800000  -2.141530e-023
826.000000  6.535862e-024
826.200000  1.626377e-023
826.400000  -2.683435e-023
826.600000  -2.032011e-023
826.800000  9.510084e-024
827.000000  -3.855400e-024
827.200000  -2.800570e-023
827.400000  -2.237167e-023
827.600000  -1.065405e-023
827.800000  -4.807293e-023
828.000000  -5.613208e-023
828.200000  -2.439311e-023
828.400000  -7.301583e-024
828.600000  -4.052780e-023
828.800000  -3.216579e-023
829.000000  -8.284489e-024
829.200000  -1.945446e-023
829.400000  -3.439837e-023
829.600000  -1.014486e-023
829.800000  6.003356e-024
830.000000  -2.750665e-023
830.200000  -3.104095e-023
830.400000  -9.494073e-024
830.600000  -5.185908e-024
830.800000  -3.048360e-023
831.000000  -1.576454e-023
831.200000  1.343505e-023
831.400000  -1.907835e-023
831.600000  -4.530356e-023
831.800000  -3.419395e-023
832.000000  -1.618865e-023
832.200000  -5.028834e-023
832.400000  -5.240193e-023
832.600000  -8.902013e-024
832.800000  -6.067591e-024
833.000000  -3.274340e-023
833.200000  -5.810545e-024
833.400000  2.293372e-023
833.600000  -1.002232e-024
833.800000  -2.032053e-023
834.000000  -2.940143e-024
834.200000  2.759117e-024
834.400000  -3.612829e-023
834.600000  -2.693669e-023
834.800000  3.912674e-024
835.000000  5.897003e-024
835.200000  -7.626323e-024
835.400000  8.560957e-024
835.600000  2.433581e-023
835.800000  -6.934880e-024
836.000000  -1.850691e-023
836.200000  1.226692e-024
836.400000  -2.209708e-024
836.600000  -3.268107e-023
836.800000  -2.901943e-023
837.000000  -9.167696e-024
837.200000  -3.829151e-023
837.400000  -5.745869e-023
837.600000  -3.003511e-023
837.800000  -1.227633e-024
838.000000  -2.833539e-023
838.200000  -3.567806e-023
838.400000  1.246000e-024
838.600000  1.526573e-023
838.800000  -1.067974e-023
839.000000  -1.597836e-024
839.200000  2.143451e-023
839.400000  1.048444e-023
839.600000  -1.074632e-023
839.800000  1.408027e-023
840.000000  3.085756e-023
840.200000  4.154133e-024
840.400000  1.088350e-024
840.600000  1.370850e-023
840.800000  1.976219e-023
841.000000  -2.075415e-023
841.200000  -1.835444e-023
841.400000  9.093863e-024
841.600000  -5.913331e-024
841.800000  -1.919302e-023
842.000000  -1.153312e-024
842.200000  1.558192e-023
842.400000  -2.093702e-023
842.600000  -3.551546e-023
842.800000  -6.389697e-024
843.000000  -9.759715e-024
843.200000  -3.055455e-023
843.400000  -2.283158e-023
843.600000  3.152914e-024
843.800000  -7.779802e-024
844.000000  -2.454440e-023
844.200000  1.336621e-023
844.400000  4.474053e-023
844.600000  1.828300e-023
844.800000  5.441601e-025
845.000000  2.603057e-023
845.200000  1.692577e-023
845.400000  -1.492031e-023
845.600000  -3.702416e-024
845.800000  1.866366e-023
846.000000  -5.570725e-024
846.200000  -2.095062e-023
846.400000  7.945141e-025
846.600000  1.956425e-023
846.800000  -1.648214e-023
847.000000  -3.178553e-023
847.200000  -1.397651e-023
847.400000  -1.865686e-023
847.600000  -4.317658e-023
847.800000  -2.361991e-023
848.000000  3.496006e-024
848.200000  -1.180782e-023
848.400000  -2.619431e-023
848.600000  -2.698608e-024
848.800000  1.960651e-023
849.000000  8.158360e-025
849.200000  1.870885e-024
849.400000  3.607572e-023
849.600000  2.431589e-023
849.800000  1.868394e-024
850.000000  1.602208e-023
850.200000  3.208218e-023
850.400000  5.352154e-024
850.600000  -2.005567e-024
850.800000  2.491007e-023
851.000000  2.148159e-023
851.200000  -1.948825e-023
851.400000  -2.500637e-023
851.600000  3.331788e-024
851.800000  -9.481465e-024
852.000000  -3.797056e-023
852.200000  -2.347292e-023
852.400000  9.203641e-024
852.600000  -1.444952e-023
852.800000  -2.686365e-023
853.000000  -4.628179e-024
853.200000  -1.807109e-024
853.400000  -2.852690e-023
853.600000  -2.056109e-023
853.800000  4.770630e-024
854.000000  -8.944009e-024
854.200000  -2.872280e-023
854.400000  -4.358463e-024
854.600000  2.469258e-023
854.800000  1.061806e-023
855.000000  6.805515e-024
855.200000  4.394409e-023
855.400000  5.327548e-023
855.600000  2.615708e-023
855.800000  1.767108e-023
856.000000  4.231321e-023
856.200000  2.050056e-023
856.400000  -1.354586e-023
856.600000  3.658843e-024
856.800000  2.171116e-023
857.000000  -7.986084e-024
857.200000  -6.986040e-024
857.400000  2.538110e-023
857.600000  2.910290e-023
857.800000  -8.999842e-024
858.000000  -1.523514e-023
858.200000  -3.152795e-024
858.400000  -1.446111e-023
858.600000  -3.085333e-023
858.800000  -6.943973e-024
859.000000  5.587943e-024
859.200000  -2.823018e-023
859.400000  -2.847321e-023
859.600000  1.019096e-023
859.800000  1.283852e-023
860.000000  -1.188826e-023
860.200000  1.527007e-023
860.400000  3.813673e-023
860.600000  1.677856e-023
860.800000  -4.549166e-024
861.000000  1.446623e-023
861.200000  2.649633e-023
861.400000  -4.044674e-024
861.600000  3.638230e-024
861.800000  2.843497e-023
862.000000  1.822909e-023
862.200000  -1.890011e-023
862.400000  4.959059e-025
862.600000  1.744729e-023
862.800000  -8.335476e-024
863.000000  -1.738576e-023
863.200000  1.573854e-023
863.400000  2.881424e-023
863.600000  3.153219e-024
863.800000  2.434015e-024
864.000000  2.996737e-023
864.200000  2.981164e-023
864.400000  -8.303447e-024
864.600000  9.655091e-025
864.800000  2.068045e-023
865.000000  -9.897303e-024
865.200000  -2.381588e-023
865.400000  1.194557e-023
865.600000  2.491857e-023
865.800000  -3.431144e-024
866.000000  4.532968e-024
866.200000  3.405740e-023
866.400000  3.134908e-023
866.600000  3.785029e-024
866.800000  2.085028e-023
867.000000  5.037156e-023
867.200000  3.074482e-023
867.400000  1.560351e-023
867.600000  4.128456e-023
867.800000  4.401833e-023
868.000000  4.582453e-024
868.200000  -1.488981e-024
868.400000  1.518330e-023
868.600000  3.834201e-024
868.800000  -3.349675e-023
869.000000  -1.027904e-023
869.200000  1.245136e-023
869.400000  -8.304433e-024
869.600000  -6.501550e-024
869.800000  2.632524e-023
870.000000  3.723685e-023
870.200000  1.240568e-023
870.400000  1.738594e-023
870.600000  4.247036e-023
870.800000  2.056500e-023
871.000000  2.791671e-024
871.200000  3.383267e-023
871.400000  4.910679e-023
871.600000  3.100940e-023
871.800000  1.642971e-023
872.000000  4.425020e-023
872.200000  3.750175e-023
872.400000  1.039358e-023
872.600000  1.780951e-023
872.800000  5.396083e-023
873.000000  3.033857e-023
873.200000  7.378990e-024
873.400000  3.289809e-023
873.600000  5.210786e-023
873.800000  2.075113e-023
874.000000  2.407367e-023
874.200000  5.597645e-023
874.400000  5.614418e-023
874.600000  2.614883e-023
874.800000  3.782753e-023
875.000000  6.806275e-023
875.200000  4.930745e-023
875.400000  3.061180e-023
875.600000  4.964282e-023
875.800000  5.384008e-023
876.000000  2.083575e-023
876.200000  7.736881e-024
876.400000  2.989214e-023
876.600000  4.615509e-023
876.800000  2.743854e-023
877.000000  4.555032e-023
877.200000  5.959821e-023
877.400000  4.248420e-023
877.600000  2.512305e-023
877.800000  4.036085e-023
878.000000  4.545350e-023
878.200000  2.007559e-023
878.400000  3.872795e-023
878.600000  8.483180e-023
878.800000  8.100034e-023
879.000000  5.669294e-023
879.200000  8.156878e-023
879.400000  9.792712e-023
879.600000  7.218640e-023
879.800000  5.366349e-023
880.000000  6.728765e-023
880.200000  7.144289e-023
880.400000  4.989409e-023
880.600000  6.779022e-023
880.800000  9.384425e-023
881.000000  7.884799e-023
881.200000  4.811074e-023
881.400000  6.571487e-023
881.600000  8.483226e-023
881.800000  4.831226e-023
882.000000  4.725385e-023
882.200000  8.033365e-023
882.400000  1.004397e-022
882.600000  6.574984e-023
882.800000  7.412665e-023
883.000000  1.038693e-022
883.200000  8.663140e-023
883.400000  6.668730e-023
883.600000  1.033056e-022
883.800000  1.395594e-022
884.000000  1.155922e-022
884.200000  1.184767e-022
884.400000  1.467801e-022
884.600000  1.495467e-022
884.800000  1.104505e-022
885.000000  1.028174e-022
885.200000  1.202524e-022
885.400000  1.069498e-022
885.600000  8.966375e-023
885.800000  1.087459e-022
886.000000  1.318217e-022
886.200000  1.103503e-022
886.400000  1.241469e-022
886.600000  1.539338e-022
886.800000  1.608310e-022
887.000000  1.342352e-022
887.200000  1.465318e-022
887.400000  1.802672e-022
887.600000  1.588863e-022
887.800000  1.390394e-022
888.000000  1.580171e-022
888.200000  1.769182e-022
888.400000  1.475355e-022
888.600000  1.518184e-022
888.800000  1.788613e-022
889.000000  1.964087e-022
889.200000  1.710405e-022
889.400000  1.860590e-022
889.600000  2.103462e-022
889.800000  1.930198e-022
890.000000  1.877893e-022
890.200000  2.148864e-022
890.400000  2.218095e-022
890.600000  1.854859e-022
890.800000  1.884116e-022
891.000000  2.303947e-022
891.200000  2.265349e-022
891.400000  2.010365e-022
891.600000  2.255088e-022
891.800000  2.513858e-022
892.000000  2.434694e-022
892.200000  2.273966e-022
892.400000  2.641279e-022
892.600000  2.711839e-022
892.800000  2.360806e-022
893.000000  2.362059e-022
893.200000  2.770726e-022
893.400000  2.868590e-022
893.600000  2.707252e-022
893.800000  2.966890e-022
894.000000  3.240916e-022
894.200000  2.971808e-022
894.400000  2.796055e-022
894.600000  2.933949e-022
894.800000  2.994327e-022
895.000000  2.627531e-022
895.200000  2.710819e-022
895.400000  3.121928e-022
895.600000  3.055123e-022
895.800000  2.837311e-022
896.000000  3.110684e-022
896.200000  3.427249e-022
896.400000  3.198776e-022
896.600000  3.185959e-022
896.800000  3.339183e-022
897.000000  3.343116e-022
897.200000  3.070211e-022
897.400000  3.302626e-022
897.600000  3.808179e-022
897.800000  3.863381e-022
898.000000  3.781631e-022
898.200000  4.121942e-022
898.400000  4.333090e-022
898.600000  3.953642e-022
898.800000  3.818195e-022
899.000000  3.998834e-022
899.200000  4.045992e-022
899.400000  3.814513e-022
899.600000  3.961987e-022
899.800000  4.295576e-022
900.000000  3.999033e-022
900.200000  3.806193e-022
900.400000  4.044391e-022
900.600000  4.290609e-022
900.800000  4.135652e-022
901.000000  4.243233e-022
901.200000  4.498847e-022
901.400000  4.612193e-022
901.600000  4.478281e-022
901.800000  4.778904e-022
902.000000  5.012029e-022
902.200000  4.871067e-022
902.400000  4.765521e-022
902.600000  5.040948e-022
902.800000  5.234885e-022
903.000000  4.904367e-022
903.200000  5.095011e-022
903.400000  5.460425e-022
903.600000  5.555733e-022
903.800000  5.251731e-022
904.000000  5.451595e-022
904.200000  5.718404e-022
904.400000  5.562522e-022
904.600000  5.416981e-022
904.800000  5.756015e-022
905.000000  6.088436e-022
905.200000  5.782205e-022
905.400000  5.848762e-022
905.600000  6.249543e-022
905.800000  6.263904e-022
906.000000  5.969490e-022
906.200000  6.206019e-022
906.400000  6.553076e-022
906.600000  6.523658e-022
906.800000  6.534313e-022
907.000000  6.891867e-022
907.200000  7.103451e-022
907.400000  6.972413e-022
907.600000  7.145097e-022
907.800000  7.582588e-022
908.000000  7.563738e-022
908.200000  7.385674e-022
908.400000  7.546779e-022
908.600000  7.694336e-022
908.800000  7.338611e-022
909.000000  7.425009e-022
909.200000  7.972448e-022
909.400000  8.294724e-022
909.600000  8.066261e-022
909.800000  8.233577e-022
910.000000  8.800429e-022
910.200000  8.885266e-022
910.400000  8.774496e-022
910.600000  9.176976e-022
910.800000  9.546142e-022
911.000000  9.396315e-022
911.200000  9.480398e-022
911.400000  1.010100e-021
911.600000  1.035282e-021
911.800000  1.017058e-021
912.000000  1.036566e-021
912.200000  1.088159e-021
912.400000  1.105027e-021
912.600000  1.103670e-021
912.800000  1.148428e-021
913.000000  1.187213e-021
913.200000  1.181586e-021
913.400000  1.188444e-021
913.600000  1.244110e-021
913.800000  1.275735e-021
914.000000  1.271398e-021
914.200000  1.300072e-021
914.400000  1.351948e-021
914.600000  1.361747e-021
914.800000  1.369625e-021
915.000000  1.420794e-021
915.200000  1.468553e-021
915.400000  1.467236e-021
915.600000  1.489424e-021
915.800000  1.567310e-021
916.000000  1.605961e-021
916.200000  1.618154e-021
916.400000  1.675053e-021
916.600000  1.726299e-021
916.800000  1.738940e-021
917.000000  1.738912e-021
917.200000  1.795522e-021
917.400000  1.848073e-021
917.600000  1.866010e-021
917.800000  1.920580e-021
918.000000  1.984687e-021
918.200000  2.018835e-021
918.400000  2.023895e-021
918.600000  2.078065e-021
918.800000  2.146716e-021
919.000000  2.149728e-021
919.200000  2.158154e-021
919.400000  2.203717e-021
919.600000  2.251560e-021
919.800000  2.244205e-021
920.000000  2.268758e-021
920.200000  2.306351e-021
920.400000  2.323178e-021
920.600000  2.311576e-021
920.800000  2.341739e-021
921.000000  2.382935e-021
921.200000  2.364061e-021
921.400000  2.355672e-021
921.600000  2.391920e-021
921.800000  2.411779e-021
922.000000  2.381767e-021
922.200000  2.391772e-021
922.400000  2.429263e-021
922.600000  2.425505e-021
922.800000  2.384424e-021
923.000000  2.400935e-021
923.200000  2.414833e-021
923.400000  2.390819e-021
923.600000  2.372132e-021
923.800000  2.392485e-021
924.000000  2.397189e-021
924.200000  2.357255e-021
924.400000  2.355567e-021
924.600000  2.358922e-021
924.800000  2.324189e-021
925.000000  2.290733e-021
925.200000  2.315624e-021
925.400000  2.335113e-021
925.600000  2.295217e-021
925.800000  2.262129e-021
926.000000  2.280399e-021
926.200000  2.269806e-021
926.400000  2.225087e-021
926.600000  2.218761e-021
926.800000  2.238228e-021
927.000000  2.220115e-021
927.200000  2.185016e-021
927.400000  2.201631e-021
927.600000  2.203753e-021
927.800000  2.162520e-021
928.000000  2.136531e-021
928.200000  2.162761e-021
928.400000  2.146111e-021
928.600000  2.106136e-021
928.800000  2.083904e-021
929.000000  2.077725e-021
929.200000  2.053867e-021
929.400000  2.024175e-021
929.600000  2.052494e-021
929.800000  2.071370e-021
930.000000  2.030516e-021
930.200000  2.015558e-021
930.400000  2.033996e-021
930.600000  2.020791e-021
930.800000  1.986034e-021
931.000000  1.990839e-021
931.200000  2.003095e-021
931.400000  1.948843e-021
931.600000  1.913943e-021
931.800000  1.923154e-021
932.000000  1.935843e-021
932.200000  1.901364e-021
932.400000  1.878951e-021
932.600000  1.899168e-021
932.800000  1.885751e-021
933.000000  1.846943e-021
933.200000  1.859449e-021
933.400000  1.884932e-021
933.600000  1.867881e-021
933.800000  1.843351e-021
934.000000  1.862460e-021
934.200000  1.861453e-021
934.400000  1.828930e-021
934.600000  1.819958e-021
934.800000  1.839558e-021
935.000000  1.810209e-021
935.200000  1.772292e-021
935.400000  1.796063e-021
935.600000  1.825581e-021
935.800000  1.793723e-021
936.000000  1.776169e-021
936.200000  1.802508e-021
936.400000  1.811418e-021
936.600000  1.770092e-021
936.800000  1.773333e-021
937.000000  1.796427e-021
937.200000  1.780287e-021
937.400000  1.740632e-021
937.600000  1.751358e-021
937.800000  1.778325e-021
938.000000  1.754583e-021
938.200000  1.748039e-021
938.400000  1.760349e-021
938.600000  1.752898e-021
938.800000  1.719700e-021
939.000000  1.734808e-021
939.200000  1.766075e-021
939.400000  1.756650e-021
939.600000  1.732177e-021
939.800000  1.754808e-021
940.000000  1.774951e-021
940.200000  1.754571e-021
940.400000  1.751109e-021
940.600000  1.788275e-021
940.800000  1.792118e-021
941.000000  1.771768e-021
941.200000  1.784605e-021
941.400000  1.848431e-021
941.600000  1.852685e-021
941.800000  1.828693e-021
942.000000  1.859273e-021
942.200000  1.890030e-021
942.400000  1.851711e-021
942.600000  1.835597e-021
942.800000  1.870970e-021
943.000000  1.871589e-021
943.200000  1.838956e-021
943.400000  1.850095e-021
943.600000  1.872293e-021
943.800000  1.842731e-021
944.000000  1.829287e-021
944.200000  1.869592e-021
944.400000  1.891852e-021
944.600000  1.865592e-021
944.800000  1.868723e-021
945.000000  1.912026e-021
945.200000  1.917509e-021
945.400000  1.878397e-021
945.600000  1.877843e-021
945.800000  1.895596e-021
946.000000  1.878684e-021
946.200000  1.862401e-021
946.400000  1.899223e-021
946.600000  1.907214e-021
946.800000  1.866787e-021
947.000000  1.861734e-021
947.200000  1.893027e-021
947.400000  1.882290e-021
947.600000  1.848984e-021
947.800000  1.863921e-021
948.000000  1.898631e-021
948.200000  1.881618e-021
948.400000  1.869352e-021
948.600000  1.914430e-021
948.800000  1.933411e-021
949.000000  1.891999e-021
949.200000  1.891149e-021
949.400000  1.923506e-021
949.600000  1.917209e-021
949.800000  1.888104e-021
950.000000  1.902400e-021
950.200000  1.942185e-021
950.400000  1.910289e-021
950.600000  1.891379e-021
950.800000  1.919899e-021
951.000000  1.920341e-021
951.200000  1.884610e-021
951.400000  1.890773e-021
951.600000  1.928399e-021
951.800000  1.926045e-021
952.000000  1.910804e-021
952.200000  1.953444e-021
952.400000  1.996806e-021
952.600000  1.982135e-021
952.800000  1.983356e-021
953.000000  2.018703e-021
953.200000  2.024972e-021
953.400000  1.986913e-021
953.600000  1.997797e-021
953.800000  2.045518e-021
954.000000  2.051574e-021
954.200000  2.027864e-021
954.400000  2.064628e-021
954.600000  2.095096e-021
954.800000  2.071183e-021
955.000000  2.054724e-021
955.200000  2.087965e-021
955.400000  2.084318e-021
955.600000  2.103064e-021
955.800000  2.135412e-021
956.000000  2.133570e-021
956.200000  2.118134e-021
956.400000  2.129056e-021
956.600000  2.125920e-021
956.800000  2.113278e-021
957.000000  2.098519e-021
957.200000  2.121593e-021
957.400000  2.128976e-021
957.600000  2.140267e-021
957.800000  2.154747e-021
958.000000  2.190645e-021
958.200000  2.200649e-021
958.400000  2.191617e-021
958.600000  2.221213e-021
958.800000  2.255092e-021
959.000000  2.256834e-021
959.200000  2.262846e-021
959.400000  2.292140e-021
959.600000  2.297585e-021
959.800000  2.288374e-021
960.000000  2.306707e-021
960.200000  2.329893e-021
960.400000  2.338840e-021
960.600000  2.350915e-021
960.800000  2.388696e-021
961.000000  2.410918e-021
961.200000  2.422040e-021
961.400000  2.422189e-021
961.600000  2.464282e-021
961.800000  2.487072e-021
962.000000  2.493053e-021
962.200000  2.509051e-021
962.400000  2.543677e-021
962.600000  2.551829e-021
962.800000  2.569110e-021
963.000000  2.620161e-021
963.200000  2.664730e-021
963.400000  2.694303e-021
963.600000  2.743141e-021
963.800000  2.829906e-021
964.000000  2.905244e-021
964.200000  2.983951e-021
964.400000  3.103309e-021
964.600000  3.238911e-021
964.800000  3.338187e-021
965.000000  3.401601e-021
965.200000  3.416567e-021
965.400000  3.367996e-021
965.600000  3.276084e-021
965.800000  3.205475e-021
966.000000  3.169641e-021
966.200000  3.126685e-021
966.400000  3.088964e-021
966.600000  3.086782e-021
966.800000  3.092051e-021
967.000000  3.086147e-021
967.200000  3.089018e-021
967.400000  3.116880e-021
967.600000  3.122244e-021
967.800000  3.113163e-021
968.000000  3.132075e-021
968.200000  3.174637e-021
968.400000  3.190955e-021
968.600000  3.203339e-021
968.800000  3.218774e-021
969.000000  3.245501e-021
969.200000  3.246848e-021
969.400000  3.245623e-021
969.600000  3.279179e-021
969.800000  3.304805e-021
970.000000  3.298754e-021
970.200000  3.313451e-021
970.400000  3.345495e-021
970.600000  3.356121e-021
970.800000  3.351926e-021
971.000000  3.384923e-021
971.200000  3.405390e-021
971.400000  3.416001e-021
971.600000  3.427058e-021
971.800000  3.473036e-021
972.000000  3.498992e-021
972.200000  3.520021e-021
972.400000  3.561527e-021
972.600000  3.616276e-021
972.800000  3.639330e-021
973.000000  3.669884e-021
973.200000  3.723944e-021
973.400000  3.779786e-021
973.600000  3.820148e-021
973.800000  3.851052e-021
974.000000  3.923919e-021
974.200000  3.981578e-021
974.400000  4.024963e-021
974.600000  4.084337e-021
974.800000  4.163401e-021
975.000000  4.229986e-021
975.020000  4.238407e-021
975.040000  4.248141e-021
975.060000  4.276850e-021
975.080000  4.290700e-021
975.100000  4.293044e-021
975.120000  4.283852e-021
975.140000  4.272177e-021
975.160000  4.317738e-021
975.180000  4.309500e-021
975.200000  4.310349e-021
975.220000  4.309725e-021
975.240000  4.311623e-021
975.260000  4.333759e-021
975.280000  4.358042e-021
975.300000  4.368120e-021
975.320000  4.359819e-021
975.340000  4.355612e-021
975.360000  4.365678e-021
975.380000  4.378323e-021
975.400000  4.400765e-021
975.420000  4.379845e-021
975.440000  4.386640e-021
975.460000  4.385740e-021
975.480000  4.395657e-021
975.500000  4.412349e-021
975.520000  4.391799e-021
975.540000  4.393483e-021
975.560000  4.422179e-021
975.580000  4.436449e-021
975.600000  4.412079e-021
975.620000  4.442053e-021
975.640000  4.452753e-021
975.660000  4.444525e-021
975.680000  4.437353e-021
975.700000  4.437535e-021
975.720000  4.455632e-021
975.740000  4.468526e-021
975.760000  4.488926e-021
975.780000  4.461508e-021
975.800000  4.476040e-021
975.820000  4.468702e-021
975.840000  4.530252e-021
975.860000  4.519582e-021
975.880000  4.536327e-021
975.900000  4.548803e-021
975.920000  4.544557e-021
975.940000  4.558666e-021
975.960000  4.560354e-021
975.980000  4.578297e-021
976.000000  4.602848e-021
976.020000  4.623311e-021
976.040000  4.586960e-021
976.060000  4.606792e-021
976.080000  4.598293e-021
976.100000  4.652212e-021
976.120000  4.648015e-021
976.140000  4.637779e-021
976.160000  4.659460e-021
976.180000  4.680131e-021
976.200000  4.685325e-021
976.220000  4.709142e-021
976.240000  4.693976e-021
976.260000  4.689404e-021
976.280000  4.679275e-021
976.300000  4.685821e-021
976.320000  4.694616e-021
976.340000  4.762593e-021
976.360000  4.729152e-021
976.380000  4.717797e-021
976.400000  4.727260e-021
976.420000  4.711719e-021
976.440000  4.733329e-021
976.460000  4.766428e-021
976.480000  4.775771e-021
976.500000  4.746424e-021
976.520000  4.765961e-021
976.540000  4.782737e-021
976.560000  4.790981e-021
976.580000  4.798097e-021
976.600000  4.821367e-021
976.620000  4.814844e-021
976.640000  4.822166e-021
976.660000  4.829495e-021
976.680000  4.853649e-021
976.700000  4.870337e-021
976.720000  4.860823e-021
976.740000  4.858304e-021
976.760000  4.889595e-021
976.780000  4.886466e-021
976.800000  4.913814e-021
976.820000  4.936263e-021
976.840000  4.951697e-021
976.860000  4.917484e-021
976.880000  4.957703e-021
976.900000  4.963677e-021
976.920000  4.979185e-021
976.940000  5.013330e-021
976.960000  4.988192e-021
976.980000  4.975105e-021
977.000000  5.023609e-021
977.020000  5.028118e-021
977.040000  5.038059e-021
977.060000  5.058924e-021
977.080000  5.035024e-021
977.100000  5.054049e-021
977.120000  5.035609e-021
977.140000  5.069791e-021
977.160000  5.101788e-021
977.180000  5.106357e-021
977.200000  5.106026e-021
977.220000  5.093247e-021
977.240000  5.093310e-021
977.260000  5.119095e-021
977.280000  5.149367e-021
977.300000  5.159341e-021
977.320000  5.163127e-021
977.340000  5.153269e-021
977.360000  5.168842e-021
977.380000  5.167041e-021
977.400000  5.197031e-021
977.420000  5.200336e-021
977.440000  5.208658e-021
977.460000  5.210087e-021
977.480000  5.211515e-021
977.500000  5.234332e-021
977.520000  5.240182e-021
977.540000  5.254897e-021
977.560000  5.252532e-021
977.580000  5.247007e-021
977.600000  5.252234e-021
977.620000  5.268564e-021
977.640000  5.303524e-021
977.660000  5.289938e-021
977.680000  5.284041e-021
977.700000  5.290289e-021
977.720000  5.299761e-021
977.740000  5.318282e-021
977.760000  5.345986e-021
977.780000  5.360838e-021
977.800000  5.371832e-021
977.820000  5.333011e-021
977.840000  5.348207e-021
977.860000  5.357594e-021
977.880000  5.396582e-021
977.900000  5.360731e-021
977.920000  5.362958e-021
977.940000  5.392156e-021
977.960000  5.387819e-021
977.980000  5.394704e-021
978.000000  5.396973e-021
978.020000  5.410630e-021
978.040000  5.405730e-021
978.060000  5.406134e-021
978.080000  5.413160e-021
978.100000  5.437475e-021
978.120000  5.451202e-021
978.140000  5.466968e-021
978.160000  5.453967e-021
978.180000  5.473074e-021
978.200000  5.486194e-021
978.220000  5.487740e-021
978.240000  5.504782e-021
978.260000  5.506333e-021
978.280000  5.484314e-021
978.300000  5.481830e-021
978.320000  5.511667e-021
978.340000  5.503766e-021
978.360000  5.536474e-021
978.380000  5.497429e-021
978.400000  5.521270e-021
978.420000  5.522972e-021
978.440000  5.476081e-021
978.460000  5.515524e-021
978.480000  5.544454e-021
978.500000  5.510779e-021
978.520000  5.500273e-021
978.540000  5.514852e-021
978.560000  5.504324e-021
978.580000  5.534641e-021
978.600000  5.547338e-021
978.620000  5.566598e-021
978.640000  5.510386e-021
978.660000  5.496762e-021
978.680000  5.521939e-021
978.700000  5.525338e-021
978.720000  5.555534e-021
978.740000  5.523249e-021
978.760000  5.523915e-021
978.780000  5.500682e-021
978.800000  5.525933e-021
978.820000  5.521040e-021
978.840000  5.527098e-021
978.860000  5.551007e-021
978.880000  5.509835e-021
978.900000  5.546651e-021
978.920000  5.553401e-021
978.940000  5.571173e-021
978.960000  5.558656e-021
978.980000  5.546876e-021
979.000000  5.572846e-021
979.020000  5.586771e-021
979.040000  5.543645e-021
979.060000  5.584275e-021
979.080000  5.580964e-021
979.100000  5.579721e-021
979.120000  5.582607e-021
979.140000  5.586868e-021
979.160000  5.607689e-021
979.180000  5.596767e-021
979.200000  5.618304e-021
979.220000  5.646018e-021
979.240000  5.604317e-021
979.260000  5.591137e-021
979.280000  5.605537e-021
979.300000  5.620685e-021
979.320000  5.631719e-021
979.340000  5.601151e-021
979.360000  5.589346e-021
979.380000  5.581005e-021
979.400000  5.588491e-021
979.420000  5.586456e-021
979.440000  5.609253e-021
979.460000  5.612043e-021
979.480000  5.589300e-021
979.500000  5.607251e-021
979.520000  5.569467e-021
979.540000  5.565401e-021
979.560000  5.573646e-021
979.580000  5.611488e-021
979.600000  5.579878e-021
979.620000  5.565208e-021
979.640000  5.589553e-021
979.660000  5.611280e-021
979.680000  5.613044e-021
979.700000  5.587944e-021
979.720000  5.564354e-021
979.740000  5.585270e-021
979.760000  5.543982e-021
979.780000  5.560701e-021
979.800000  5.576805e-021
979.820000  5.568618e-021
979.840000  5.537996e-021
979.860000  5.561160e-021
979.880000  5.530603e-021
979.900000  5.563945e-021
979.920000  5.552388e-021
979.940000  5.546298e-021
979.960000  5.523972e-021
979.980000  5.529414e-021
980.000000  5.506514e-021
980.020000  5.522268e-021
980.040000  5.487593e-021
980.060000  5.478514e-021
980.080000  5.505546e-021
980.100000  5.471072e-021
980.120000  5.484003e-021
980.140000  5.524462e-021
980.160000  5.479219e-021
980.180000  5.435820e-021
980.200000  5.442040e-021
980.220000  5.455671e-021
980.240000  5.471309e-021
980.260000  5.466438e-021
980.280000  5.479428e-021
980.300000  5.462007e-021
980.320000  5.438134e-021
980.340000  5.422252e-021
980.360000  5.454086e-021
980.380000  5.453861e-021
980.400000  5.465442e-021
980.420000  5.423323e-021
980.440000  5.396475e-021
980.460000  5.412357e-021
980.480000  5.348448e-021
980.500000  5.420200e-021
980.520000  5.386336e-021
980.540000  5.389274e-021
980.560000  5.383856e-021
980.580000  5.328737e-021
980.600000  5.325321e-021
980.620000  5.342642e-021
980.640000  5.335208e-021
980.660000  5.296135e-021
980.680000  5.260471e-021
980.700000  5.227518e-021
980.720000  5.269487e-021
980.740000  5.233288e-021
980.760000  5.249636e-021
980.780000  5.236587e-021
980.800000  5.212957e-021
980.820000  5.172563e-021
980.840000  5.208372e-021
980.860000  5.189627e-021
980.880000  5.187027e-021
980.900000  5.164041e-021
980.920000  5.141165e-021
980.940000  5.112301e-021
980.960000  5.119477e-021
980.980000  5.130340e-021
981.000000  5.102735e-021
981.020000  5.088748e-021
981.040000  5.088124e-021
981.060000  5.059755e-021
981.080000  5.069980e-021
981.100000  5.077806e-021
981.120000  5.065757e-021
981.140000  5.065151e-021
981.160000  5.031070e-021
981.180000  5.018014e-021
981.200000  5.043609e-021
981.220000  5.028784e-021
981.240000  5.011634e-021
981.260000  5.002222e-021
981.280000  4.972812e-021
981.300000  4.944758e-021
981.320000  4.937799e-021
981.340000  4.969428e-021
981.360000  4.924485e-021
981.380000  4.903064e-021
981.400000  4.900778e-021
981.420000  4.894491e-021
981.440000  4.875515e-021
981.460000  4.881334e-021
981.480000  4.861218e-021
981.500000  4.839442e-021
981.520000  4.810900e-021
981.540000  4.816592e-021
981.560000  4.774536e-021
981.580000  4.816010e-021
981.600000  4.789201e-021
981.620000  4.752536e-021
981.640000  4.720644e-021
981.660000  4.724120e-021
981.680000  4.718639e-021
981.700000  4.690305e-021
981.720000  4.695422e-021
981.740000  4.690522e-021
981.760000  4.637001e-021
981.780000  4.641495e-021
981.800000  4.645995e-021
981.820000  4.633757e-021
981.840000  4.623191e-021
981.860000  4.602811e-021
981.880000  4.576545e-021
981.900000  4.533205e-021
981.920000  4.580040e-021
981.940000  4.584782e-021
981.960000  4.552107e-021
981.980000  4.522346e-021
982.000000  4.486919e-021
982.020000  4.490941e-021
982.040000  4.499764e-021
982.060000  4.500060e-021
982.080000  4.478536e-021
982.100000  4.455540e-021
982.120000  4.431623e-021
982.140000  4.440325e-021
982.160000  4.464353e-021
982.180000  4.443020e-021
982.200000  4.413952e-021
982.220000  4.425619e-021
982.240000  4.400699e-021
982.260000  4.396170e-021
982.280000  4.410397e-021
982.300000  4.397523e-021
982.320000  4.370704e-021
982.340000  4.333280e-021
982.360000  4.310946e-021
982.380000  4.315182e-021
982.400000  4.325556e-021
982.420000  4.339122e-021
982.440000  4.289402e-021
982.460000  4.303362e-021
982.480000  4.288396e-021
982.500000  4.246337e-021
982.520000  4.287392e-021
982.540000  4.258913e-021
982.560000  4.257168e-021
982.580000  4.226923e-021
982.600000  4.212274e-021
982.620000  4.215131e-021
982.640000  4.192711e-021
982.660000  4.211410e-021
982.680000  4.201866e-021
982.700000  4.178528e-021
982.720000  4.155807e-021
982.740000  4.156174e-021
982.760000  4.169794e-021
982.780000  4.162795e-021
982.800000  4.124075e-021
982.820000  4.098571e-021
982.840000  4.101673e-021
982.860000  4.097991e-021
982.880000  4.090428e-021
982.900000  4.092555e-021
982.920000  4.071431e-021
982.940000  4.018250e-021
982.960000  3.999759e-021
982.980000  3.998900e-021
983.000000  4.019548e-021
983.020000  4.014385e-021
983.040000  3.996326e-021
983.060000  3.957475e-021
983.080000  3.952355e-021
983.100000  3.945820e-021
983.120000  3.936462e-021
983.140000  3.933234e-021
983.160000  3.925301e-021
983.180000  3.873471e-021
983.200000  3.860980e-021
983.220000  3.876637e-021
983.240000  3.887201e-021
983.260000  3.880090e-021
983.280000  3.870223e-021
983.300000  3.866862e-021
983.320000  3.854752e-021
983.340000  3.849584e-021
983.360000  3.848559e-021
983.380000  3.879293e-021
983.400000  3.864417e-021
983.420000  3.810016e-021
983.440000  3.814995e-021
983.460000  3.808165e-021
983.480000  3.822235e-021
983.500000  3.808130e-021
983.520000  3.804938e-021
983.540000  3.781421e-021
983.560000  3.789976e-021
983.580000  3.778688e-021
983.600000  3.790848e-021
983.620000  3.781797e-021
983.640000  3.753458e-021
983.660000  3.727961e-021
983.680000  3.728805e-021
983.700000  3.726085e-021
983.720000  3.718026e-021
983.740000  3.709977e-021
983.760000  3.686451e-021
983.780000  3.671836e-021
983.800000  3.662094e-021
983.820000  3.668337e-021
983.840000  3.656136e-021
983.860000  3.670269e-021
983.880000  3.671672e-021
983.900000  3.623307e-021
983.920000  3.626893e-021
983.940000  3.624404e-021
983.960000  3.628853e-021
983.980000  3.641118e-021
984.000000  3.631242e-021
984.020000  3.612343e-021
984.040000  3.613766e-021
984.060000  3.611308e-021
984.080000  3.615749e-021
984.100000  3.605107e-021
984.120000  3.612125e-021
984.140000  3.596775e-021
984.160000  3.608078e-021
984.180000  3.609068e-021
984.200000  3.618671e-021
984.220000  3.582907e-021
984.240000  3.571250e-021
984.260000  3.546471e-021
984.280000  3.561621e-021
984.300000  3.560640e-021
984.320000  3.559235e-021
984.340000  3.535801e-021
984.360000  3.536095e-021
984.380000  3.523733e-021
984.400000  3.503017e-021
984.420000  3.492945e-021
984.440000  3.503815e-021
984.460000  3.489548e-021
984.480000  3.471148e-021
984.500000  3.465283e-021
984.520000  3.451113e-021
984.540000  3.453564e-021
984.560000  3.443561e-021
984.580000  3.433573e-021
984.600000  3.419473e-021
984.620000  3.412919e-021
984.640000  3.414608e-021
984.660000  3.408069e-021
984.680000  3.434489e-021
984.700000  3.395036e-021
984.720000  3.396723e-021
984.740000  3.394317e-021
984.760000  3.383749e-021
984.780000  3.405875e-021
984.800000  3.415763e-021
984.820000  3.391446e-021
984.840000  3.383538e-021
984.860000  3.367520e-021
984.880000  3.375893e-021
984.900000  3.368016e-021
984.920000  3.380457e-021
984.940000  3.368512e-021
984.960000  3.360650e-021
984.980000  3.340692e-021
985.000000  3.353052e-021
985.200000  3.271154e-021
985.400000  3.233861e-021
985.600000  3.236416e-021
985.800000  3.184176e-021
986.000000  3.110998e-021
986.200000  3.070681e-021
986.400000  3.040987e-021
986.600000  2.956015e-021
986.800000  2.876028e-021
987.000000  2.858685e-021
987.200000  2.801027e-021
987.400000  2.711985e-021
987.600000  2.677152e-021
987.800000  2.679390e-021
988.000000  2.619391e-021
988.200000  2.545065e-021
988.400000  2.519334e-021
988.600000  2.496156e-021
988.800000  2.440529e-021
989.000000  2.417475e-021
989.200000  2.439076e-021
989.400000  2.414546e-021
989.600000  2.335077e-021
989.800000  2.293069e-021
990.000000  2.283206e-021
990.200000  2.218077e-021
990.400000  2.145083e-021
990.600000  2.138050e-021
990.800000  2.144423e-021
991.000000  2.085088e-021
991.200000  2.048687e-021
991.400000  2.058973e-021
991.600000  2.025882e-021
991.800000  1.956109e-021
992.000000  1.928137e-021
992.200000  1.918045e-021
992.400000  1.837006e-021
992.600000  1.761685e-021
992.800000  1.755044e-021
993.000000  1.739907e-021
993.200000  1.670015e-021
993.400000  1.618913e-021
993.600000  1.612333e-021
993.800000  1.555994e-021
994.000000  1.473203e-021
994.200000  1.436060e-021
994.400000  1.452566e-021
994.600000  1.409664e-021
994.800000  1.363160e-021
995.000000  1.371374e-021
995.200000  1.381403e-021
995.400000  1.348207e-021
995.600000  1.329625e-021
995.800000  1.351234e-021
996.000000  1.332301e-021
996.200000  1.273388e-021
996.400000  1.279630e-021
996.600000  1.275645e-021
996.800000  1.210409e-021
997.000000  1.170115e-021
997.200000  1.204415e-021
997.400000  1.205622e-021
997.600000  1.154286e-021
997.800000  1.117616e-021
998.000000  1.134322e-021
998.200000  1.091864e-021
998.400000  1.023970e-021
998.600000  1.043454e-021
998.800000  1.073169e-021
999.000000  1.025102e-021
999.200000  9.914055e-022
999.400000  1.013868e-021
999.600000  1.008524e-021
999.800000  9.358374e-022
1000.000000  8.991676e-022
1000.200000  9.062490e-022
1000.400000  9.117453e-022
1000.600000  8.571898e-022
1000.800000  8.408159e-022
1001.000000  8.741264e-022
1001.200000  8.622210e-022
1001.400000  8.170059e-022
1001.600000  8.164470e-022
1001.800000  8.215123e-022
1002.000000  7.919372e-022
1002.200000  7.767564e-022
1002.400000  8.067660e-022
1002.600000  8.047138e-022
1002.800000  7.699254e-022
1003.000000  7.612401e-022
1003.200000  7.983890e-022
1003.400000  7.699518e-022
1003.600000  7.311419e-022
1003.800000  7.121147e-022
1004.000000  7.055372e-022
1004.200000  6.685044e-022
1004.400000  6.679056e-022
1004.600000  7.057515e-022
1004.800000  7.202856e-022
1005.000000  6.672387e-022
1005.200000  6.652363e-022
1005.400000  6.919285e-022
1005.600000  6.723891e-022
1005.800000  6.417170e-022
1006.000000  6.753674e-022
1006.200000  6.779780e-022
1006.400000  6.281516e-022
1006.600000  6.078744e-022
1006.800000  6.401783e-022
1007.000000  6.502672e-022
1007.200000  6.161378e-022
1007.400000  6.232792e-022
1007.600000  6.450815e-022
1007.800000  6.100862e-022
1008.000000  5.751159e-022
1008.200000  5.823729e-022
1008.400000  5.915859e-022
1008.600000  5.636973e-022
1008.800000  5.553315e-022
1009.000000  5.900319e-022
1009.200000  5.765253e-022
1009.400000  5.429940e-022
1009.600000  5.465562e-022
1009.800000  5.986916e-022
1010.000000  5.669733e-022
1010.200000  5.311172e-022
1010.400000  5.326454e-022
1010.600000  5.499025e-022
1010.800000  5.144408e-022
1011.000000  5.095606e-022
1011.200000  5.610941e-022
1011.400000  5.370628e-022
1011.600000  5.133851e-022
1011.800000  5.354558e-022
1012.000000  5.744706e-022
1012.200000  5.367278e-022
1012.400000  4.991170e-022
1012.600000  5.017726e-022
1012.800000  5.012132e-022
1013.000000  4.871074e-022
1013.200000  4.956073e-022
1013.400000  5.135699e-022
1013.600000  4.837987e-022
1013.800000  4.476462e-022
1014.000000  4.699674e-022
1014.200000  4.853930e-022
1014.400000  4.292192e-022
1014.600000  3.786200e-022
1014.800000  3.947170e-022
1015.000000  4.051646e-022
1015.200000  3.988680e-022
1015.400000  4.021320e-022
1015.600000  4.431661e-022
1015.800000  4.259674e-022
1016.000000  3.811381e-022
1016.200000  3.941314e-022
1016.400000  4.098701e-022
1016.600000  3.877781e-022
1016.800000  3.838041e-022
1017.000000  4.249848e-022
1017.200000  4.228828e-022
1017.400000  3.747132e-022
1017.600000  3.697632e-022
1017.800000  4.010060e-022
1018.000000  3.963672e-022
1018.200000  3.545131e-022
1018.400000  3.726311e-022
1018.600000  3.753154e-022
1018.800000  3.378533e-022
1019.000000  3.170019e-022
1019.200000  3.438426e-022
1019.400000  3.569519e-022
1019.600000  3.055706e-022
1019.800000  3.195517e-022
1020.000000  3.443970e-022
1020.200000  2.874556e-022
1020.400000  2.787107e-022
1020.600000  2.599574e-022
1020.800000  2.778154e-022
1021.000000  2.816529e-022
1021.200000  2.742360e-022
1021.400000  2.631390e-022
1021.600000  2.620373e-022
1021.800000  2.521861e-022
1022.000000  2.298147e-022
1022.200000  2.398484e-022
1022.400000  2.526076e-022
1022.600000  2.477815e-022
1022.800000  2.378585e-022
1023.000000  2.392598e-022
1023.200000  2.432707e-022
1023.400000  2.246986e-022
1023.600000  2.108473e-022
1023.800000  2.047303e-022
1024.000000  2.177165e-022
1024.200000  2.152702e-022
1024.400000  2.239873e-022
1024.600000  2.380879e-022
1024.800000  2.346100e-022
1025.000000  2.247049e-022
1025.200000  2.322957e-022
1025.400000  2.225902e-022
1025.600000  2.128689e-022
1025.800000  2.077869e-022
1026.000000  2.117872e-022
1026.200000  2.098442e-022
1026.400000  2.087015e-022
1026.600000  2.134871e-022
1026.800000  2.174784e-022
1027.000000  1.828497e-022
1027.200000  1.663167e-022
1027.400000  1.850988e-022
1027.600000  2.118799e-022
1027.800000  2.133525e-022
1028.000000  2.031984e-022
1028.200000  2.109505e-022
1028.400000  1.964472e-022
1028.600000  1.715254e-022
1028.800000  1.627314e-022
1029.000000  1.667897e-022
1029.200000  1.484636e-022
1029.400000  1.431055e-022
1029.600000  1.604509e-022
1029.800000  1.723260e-022
1030.000000  1.664303e-022
1030.200000  1.726513e-022
1030.400000  1.866503e-022
1030.600000  1.847497e-022
1030.800000  1.647404e-022
1031.000000  1.707677e-022
1031.200000  1.761687e-022
1031.400000  1.654184e-022
1031.600000  1.416605e-022
1031.800000  1.314192e-022
1032.000000  1.295460e-022
1032.200000  1.387020e-022
1032.400000  1.485334e-022
1032.600000  1.588183e-022
1032.800000  1.497383e-022
1033.000000  1.414378e-022
1033.200000  1.358399e-022
1033.400000  1.435873e-022
1033.600000  1.265542e-022
1033.800000  1.275914e-022
1034.000000  1.449941e-022
1034.200000  1.433231e-022
1034.400000  1.288549e-022
1034.600000  1.132995e-022
1034.800000  1.207965e-022
1035.000000  1.088403e-022
1035.200000  8.500453e-023
1035.400000  9.837849e-023
1035.600000  1.017110e-022
1035.800000  1.010674e-022
1036.000000  8.820272e-023
1036.200000  9.679495e-023
1036.400000  8.996642e-023
1036.600000  7.154919e-023
1036.800000  6.586390e-023
1037.000000  8.391735e-023
1037.200000  8.510119e-023
1037.400000  7.365346e-023
1037.600000  8.661616e-023
1037.800000  9.110370e-023
1038.000000  7.848596e-023
1038.200000  7.139146e-023
1038.400000  7.995052e-023
1038.600000  9.208299e-023
1038.800000  8.530251e-023
1039.000000  9.207827e-023
1039.200000  8.892674e-023
1039.400000  6.658507e-023
1039.600000  5.004521e-023
1039.800000  5.705586e-023
1040.000000  6.345992e-023
1040.200000  5.133668e-023
1040.400000  4.988470e-023
1040.600000  6.752005e-023
1040.800000  6.697286e-023
1041.000000  6.243088e-023
1041.200000  5.888051e-023
1041.400000  4.195537e-023
1041.600000  1.831997e-023
1041.800000  1.242277e-023
1042.000000  1.981900e-023
1042.200000  2.451210e-023
1042.400000  1.594573e-023
1042.600000  1.984268e-023
1042.800000  4.224462e-023
1043.000000  2.771868e-023
1043.200000  2.532357e-023
1043.400000  2.049181e-023
1043.600000  3.798907e-023
1043.800000  3.136653e-023
1044.000000  1.875726e-023
1044.200000  2.462774e-023
1044.400000  2.105331e-023
1044.600000  1.450285e-023
1044.800000  2.556976e-023
1045.000000  4.359052e-023
1045.200000  3.189169e-023
1045.400000  1.524723e-023
1045.600000  2.832381e-023
1045.800000  4.020417e-023
1046.000000  3.868095e-023
1046.200000  2.986529e-023
1046.400000  4.409435e-023
1046.600000  4.191400e-023
1046.800000  3.080095e-023
1047.000000  2.341168e-023
1047.200000  3.854220e-023
1047.400000  2.782084e-023
1047.600000  2.284483e-023
1047.800000  3.299355e-023
1048.000000  5.159395e-023
1048.200000  3.978960e-023
1048.400000  1.997801e-023
1048.600000  1.392361e-023
1048.800000  8.925234e-026
1049.000000  -1.675866e-023
1049.200000  -8.376738e-024
1049.400000  5.771436e-024
1049.600000  -3.906218e-024
1049.800000  -1.098426e-023
1050.000000  -1.188600e-023
1050.200000  -4.967767e-024
1050.400000  -8.916459e-024
1050.600000  -4.125917e-024
1050.800000  6.863800e-024
1051.000000  4.919011e-024
1051.200000  -3.121706e-024
1051.400000  -4.506283e-024
1051.600000  -7.477685e-025
1051.800000  4.009190e-024
1052.000000  3.167051e-024
1052.200000  1.314548e-023
1052.400000  1.379550e-023
1052.600000  1.089422e-024
1052.800000  -1.313765e-024
1053.000000  1.072595e-023
1053.200000  7.732818e-024
1053.400000  -5.962877e-024
1053.600000  6.555634e-024
1053.800000  7.219722e-024
1054.000000  -1.115119e-023
1054.200000  -3.266323e-023
1054.400000  -2.530439e-023
1054.600000  -2.503472e-023
1054.800000  -3.761526e-023
1055.000000  -4.956481e-023
1055.200000  -2.611821e-023
1055.400000  -6.880765e-024
1055.600000  -3.660053e-024
1055.800000  -9.693973e-024
1056.000000  -1.414674e-023
1056.200000  -3.747855e-023
1056.400000  -3.848186e-023
1056.600000  -2.870267e-023
1056.800000  -2.884825e-023
1057.000000  -4.593790e-023
1057.200000  -4.757109e-023
1057.400000  -2.321831e-023
1057.600000  -7.660765e-024
1057.800000  -1.775650e-023
1058.000000  -1.510439e-023
1058.200000  -5.334075e-025
1058.400000  -4.944197e-024
1058.600000  -1.500889e-023
1058.800000  -2.365139e-023
1059.000000  -2.793637e-023
1059.200000  -3.033664e-023
1059.400000  -2.417168e-023
1059.600000  -1.373361e-023
1059.800000  -2.728927e-023
1060.000000  -4.252322e-023
1060.200000  -4.375950e-023
1060.400000  -3.324585e-023
1060.600000  -2.420532e-023
1060.800000  -3.392307e-023
1061.000000  -3.017664e-023
1061.200000  -4.274477e-023
1061.400000  -5.844593e-023
1061.600000  -5.560309e-023
1061.800000  -3.487374e-023
1062.000000  -3.295280e-023
1062.200000  -4.214232e-023
1062.400000  -3.798866e-023
1062.600000  -3.046490e-023
1062.800000  -4.981191e-023
1063.000000  -5.088355e-023
1063.200000  -4.414493e-023
1063.400000  -3.540276e-023
1063.600000  -4.596789e-023
1063.800000  -4.404782e-023
1064.000000  -2.933333e-023
1064.200000  -3.217377e-023
1064.400000  -4.494014e-023
1064.600000  -2.943012e-023
1064.800000  -1.476316e-023
1065.000000  -2.579302e-023
1065.200000  -3.453859e-023
1065.400000  -2.920422e-023
1065.600000  -3.087248e-023
1065.800000  -5.488977e-023
1066.000000  -6.539198e-023
1066.200000  -6.783194e-023
1066.400000  -7.705096e-023
1066.600000  -8.371562e-023
1066.800000  -7.321877e-023
1067.000000  -5.874870e-023
1067.200000  -5.795217e-023
1067.400000  -4.510691e-023
1067.600000  -2.125537e-023
1067.800000  -2.568387e-023
1068.000000  -3.327440e-023
1068.200000  -3.289626e-023
1068.400000  -2.895254e-023
1068.600000  -3.120195e-023
1068.800000  -3.901329e-023
1069.000000  -3.325331e-023
1069.200000  -2.989836e-023
1069.400000  -4.250225e-023
1069.600000  -4.716273e-023
1069.800000  -3.260745e-023
1070.000000  -2.707436e-023
1070.200000  -3.628186e-023
1070.400000  -3.733100e-023
1070.600000  -2.717646e-023
1070.800000  -4.038099e-023
1071.000000  -6.265524e-023
1071.200000  -5.921539e-023
1071.400000  -5.972285e-023
1071.600000  -6.903468e-023
1071.800000  -7.283730e-023
1072.000000  -5.856981e-023
1072.200000  -6.429805e-023
1072.400000  -7.033723e-023
1072.600000  -6.333240e-023
1072.800000  -5.140852e-023
1073.000000  -5.876374e-023
1073.200000  -5.891938e-023
1073.400000  -4.273408e-023
1073.600000  -3.934716e-023
1073.800000  -5.257215e-023
1074.000000  -5.859377e-023
1074.200000  -5.155475e-023
1074.400000  -5.469454e-023
1074.600000  -5.582366e-023
1074.800000  -3.299378e-023
1075.000000  -1.816443e-023
1075.200000  -1.886190e-023
1075.400000  -3.029331e-023
1075.600000  -2.289812e-023
1075.800000  -2.976825e-023
1076.000000  -4.621960e-023
1076.200000  -5.681960e-023
1076.400000  -4.943063e-023
1076.600000  -4.375648e-023
1076.800000  -4.422445e-023
1077.000000  -2.718921e-023
1077.200000  -2.421932e-023
1077.400000  -4.635681e-023
1077.600000  -4.747055e-023
1077.800000  -4.395947e-023
1078.000000  -5.339409e-023
1078.200000  -7.723163e-023
1078.400000  -7.455724e-023
1078.600000  -5.949648e-023
1078.800000  -6.952655e-023
1079.000000  -7.269053e-023
1079.200000  -6.860980e-023
1079.400000  -6.050699e-023
1079.600000  -6.330261e-023
1079.800000  -7.146721e-023
1080.000000  -6.069391e-023
1080.200000  -4.899383e-023
1080.400000  -6.296770e-023
1080.600000  -5.689627e-023
1080.800000  -4.816523e-023
1081.000000  -4.047683e-023
1081.200000  -4.585387e-023
1081.400000  -3.741842e-023
1081.600000  -3.074759e-023
1081.800000  -3.259233e-023
1082.000000  -3.266857e-023
1082.200000  -2.097500e-023
1082.400000  -3.010328e-023
1082.600000  -4.671546e-023
1082.800000  -4.950214e-023
1083.000000  -3.913456e-023
1083.200000  -4.459396e-023
1083.400000  -4.244344e-023
1083.600000  -4.655839e-023
1083.800000  -3.948903e-023
1084.000000  -4.032513e-023
1084.200000  -3.579534e-023
1084.400000  -2.630564e-023
1084.600000  -3.848204e-023
1084.800000  -4.195826e-023
1085.000000  -3.049251e-023
1085.200000  -1.449292e-023
1085.400000  -2.830531e-023
1085.600000  -4.923613e-023
1085.800000  -4.409376e-023
1086.000000  -4.661237e-023
1086.200000  -5.566530e-023
1086.400000  -6.114681e-023
1086.600000  -5.569641e-023
1086.800000  -5.518248e-023
1087.000000  -5.832694e-023
1087.200000  -4.926920e-023
1087.400000  -4.349999e-023
1087.600000  -5.453882e-023
1087.800000  -7.159484e-023
1088.000000  -6.319328e-023
1088.200000  -5.110261e-023
1088.400000  -4.105353e-023
1088.600000  -4.119073e-023
1088.800000  -2.882483e-023
1089.000000  -3.566568e-023
1089.200000  -4.041006e-023
1089.400000  -4.154522e-023
1089.600000  -3.319005e-023
1089.800000  -3.764809e-023
1090.000000  -3.777459e-023
1090.200000  -1.939628e-023
1090.400000  -1.599259e-023
1090.600000  -3.828892e-023
1090.800000  -4.736813e-023
1091.000000  -4.621289e-023
1091.200000  -5.298212e-023
1091.400000  -6.507183e-023
1091.600000  -5.338391e-023
1091.800000  -2.401204e-023
1092.000000  -2.159890e-023
1092.200000  -2.898660e-023
1092.400000  -2.415463e-023
1092.600000  -2.840675e-023
1092.800000  -3.716588e-023
1093.000000  -4.327314e-023
1093.200000  -3.814246e-023
1093.400000  -4.659721e-023
1093.600000  -6.736147e-023
1093.800000  -6.692662e-023
1094.000000  -6.465723e-023
1094.200000  -7.007396e-023
1094.400000  -5.274513e-023
1094.600000  -2.579499e-023
1094.800000  -1.873192e-023
1095.000000  -2.120524e-023
1095.200000  -1.863419e-023
1095.400000  -2.049644e-023
1095.600000  -3.625967e-023
1095.800000  -6.251328e-023
1096.000000  -5.183110e-023
1096.200000  -4.501302e-023
1096.400000  -2.635664e-023
1096.600000  -1.446390e-023
1096.800000  -9.007179e-024
1097.000000  -2.851206e-023
1097.200000  -4.784710e-023
1097.400000  -5.336896e-023
1097.600000  -4.721034e-023
1097.800000  -5.629880e-023
1098.000000  -6.018361e-023
1098.200000  -6.072341e-023
1098.400000  -5.385184e-023
1098.600000  -5.998402e-023
1098.800000  -4.759973e-023
1099.000000  -2.947181e-023
1099.200000  -3.597544e-023
1099.400000  -4.211856e-023
1099.600000  -4.429362e-023
1099.800000  -3.349417e-023
1100.000000  -5.256744e-023
1100.200000  -6.615101e-023
1100.400000  -4.500412e-023
1100.600000  -2.351199e-023
1100.800000  -9.053943e-024
1101.000000  -6.795788e-025
1101.200000  2.740977e-024
1101.400000  -1.162733e-023
1101.600000  -3.536680e-023
1101.800000  -2.217574e-023
1102.000000  -1.136294e-023
1102.200000  -2.790895e-023
1102.400000  -5.212182e-023
1102.600000  -4.628670e-023
1102.800000  -3.573117e-023
1103.000000  -4.391444e-023
1103.200000  -3.842604e-023
1103.400000  -2.420499e-023
1103.600000  -2.541979e-023
1103.800000  -3.426429e-023
1104.000000  -3.711097e-023
1104.200000  -3.895706e-023
1104.400000  -4.813796e-023
1104.600000  -5.444998e-023
1104.800000  -4.220130e-023
1105.000000  -4.067373e-023
1105.200000  -4.688909e-023
1105.400000  -6.852722e-023
1105.600000  -6.193225e-023
1105.800000  -5.833185e-023
1106.000000  -4.532478e-023
1106.200000  -2.925525e-023
1106.400000  -2.134206e-023
1106.600000  -2.424486e-023
1106.800000  -2.401535e-023
1107.000000  -1.158729e-023
1107.200000  -1.182406e-023
1107.400000  -2.455962e-023
1107.600000  -2.536746e-023
1107.800000  -1.366142e-023
1108.000000  -1.595365e-023
1108.200000  -1.850000e-023
1108.400000  -9.426935e-024
1108.600000  -1.276794e-023
1108.800000  -2.854025e-023
1109.000000  -4.159943e-023
1109.200000  -3.600677e-023
1109.400000  -3.888255e-023
1109.600000  -5.229027e-023
1109.800000  -4.477984e-023
1110.000000  -2.550156e-023
1110.200000  -2.774145e-023
1110.400000  -3.813192e-023
1110.600000  -3.218127e-023
1110.800000  -1.875512e-023
1111.000000  -2.710065e-023
1111.200000  -4.092195e-023
1111.400000  -3.358396e-023
1111.600000  -3.137068e-023
1111.800000  -3.155714e-023
1112.000000  -2.489179e-023
1112.200000  -2.131936e-023
1112.400000  -2.868996e-023
1112.600000  -3.367406e-023
1112.800000  -2.181971e-023
1113.000000  -2.683464e-023
1113.200000  -4.419298e-023
1113.400000  -5.100241e-023
1113.600000  -3.220728e-023
1113.800000  -2.962861e-023
1114.000000  -5.283339e-023
1114.200000  -5.792648e-023
1114.400000  -3.741127e-023
1114.600000  -3.584337e-023
1114.800000  -3.260872e-023
1115.000000  -1.901877e-023
1115.200000  -1.818603e-023
1115.400000  -3.143268e-023
1115.600000  -4.023141e-023
1115.800000  -3.008593e-023
1116.000000  -2.034069e-023
1116.200000  -1.982178e-023
1116.400000  6.665160e-026
1116.600000  1.184447e-023
1116.800000  -1.894482e-024
1117.000000  -2.260147e-023
1117.200000  -7.953993e-024
1117.400000  -1.131073e-023
1117.600000  -3.548467e-023
1117.800000  -2.884629e-023
1118.000000  -1.557698e-023
1118.200000  -1.095162e-023
1118.400000  -2.422623e-023
1118.600000  -1.397891e-023
1118.800000  -1.142308e-023
1119.000000  -1.508130e-023
1119.200000  -2.079685e-023
1119.400000  4.787814e-024
1119.600000  1.339169e-024
1119.800000  -1.962753e-023
1120.000000  -2.714220e-023
1120.200000  -1.262323e-023
1120.400000  -1.321659e-023
1120.600000  -2.595658e-023
1120.800000  -2.300225e-023
1121.000000  5.000651e-024
1121.200000  -2.513987e-024
1121.400000  -1.832041e-023
1121.600000  -1.430399e-023
1121.800000  -6.811835e-024
1122.000000  -1.467173e-023
1122.200000  -1.871341e-023
1122.400000  -3.808625e-024
1122.600000  1.935224e-023
1122.800000  1.007622e-023
1123.000000  9.803583e-024
1123.200000  -7.905579e-024
1123.400000  -1.674990e-023
1123.600000  -1.477592e-023
1123.800000  -5.779979e-024
1124.000000  -1.729558e-023
1124.200000  -3.003675e-023
1124.400000  -2.538155e-023
1124.600000  -1.159318e-023
1124.800000  -2.327807e-023
1125.000000  -2.699218e-023
1125.200000  1.027774e-023
1125.400000  3.458172e-023
1125.600000  1.797318e-023
1125.800000  -1.547588e-023
1126.000000  1.352232e-024
1126.200000  1.237543e-023
1126.400000  4.084729e-024
1126.600000  -8.808029e-024
1126.800000  -1.927523e-023
1127.000000  -3.854025e-023
1127.200000  -5.127218e-023
1127.400000  -4.380357e-023
1127.600000  -2.648538e-023
1127.800000  -1.563430e-023
1128.000000  2.010544e-024
1128.200000  1.877125e-023
1128.400000  3.378419e-023
1128.600000  2.943201e-023
1128.800000  3.337198e-023
1129.000000  2.396757e-023
1129.200000  -7.801486e-024
1129.400000  -2.325817e-023
1129.600000  1.049925e-023
1129.800000  1.746224e-023
1130.000000  -6.025180e-024
1130.200000  -3.478648e-023
1130.400000  -2.922126e-023
1130.600000  -4.313548e-023
1130.800000  -5.720234e-023
1131.000000  -3.911658e-023
1131.200000  -2.182172e-023
1131.400000  -2.630733e-023
1131.600000  -2.549778e-023
1131.800000  -1.818187e-023
1132.000000  -2.197270e-023
1132.200000  -3.728472e-023
1132.400000  -3.943611e-023
1132.600000  -2.081743e-023
1132.800000  -2.784109e-023
1133.000000  -2.554048e-023
1133.200000  -5.134554e-024
1133.400000  1.748956e-023
1133.600000  1.475898e-023
1133.800000  1.758845e-023
1134.000000  2.289157e-023
1134.200000  1.567715e-023
1134.400000  3.225109e-023
1134.600000  6.383147e-023
1134.800000  9.230166e-023
1135.000000  7.755018e-023
1135.200000  4.693892e-023
1135.400000  3.674352e-023
1135.600000  9.462617e-024
1135.800000  2.432773e-024
1136.000000  -4.619362e-024
1136.200000  -1.441597e-023
1136.400000  -4.629402e-023
1136.600000  -6.814164e-023
1136.800000  -5.477196e-023
1137.000000  -3.518658e-023
1137.200000  -1.572663e-023
1137.400000  -2.439876e-023
1137.600000  -2.064207e-023
1137.800000  -1.897227e-023
1138.000000  -2.793487e-023
1138.200000  -2.168652e-023
1138.400000  -4.163582e-024
1138.600000  -3.657339e-024
1138.800000  -2.153995e-023
1139.000000  -2.181498e-023
1139.200000  -1.312733e-023
1139.400000  -1.257641e-023
1139.600000  -2.090260e-023
1139.800000  3.030533e-025
1140.000000  7.103281e-024
1140.200000  3.186313e-024
1140.400000  7.120557e-024
1140.600000  3.375666e-023
1140.800000  4.344804e-023
1141.000000  3.062859e-023
1141.200000  2.647282e-023
1141.400000  3.324298e-023
1141.600000  2.472218e-023
1141.800000  1.120491e-023
1142.000000  2.481886e-023
1142.200000  2.519995e-023
1142.400000  4.938327e-024
1142.600000  6.621053e-024
1142.800000  1.087237e-023
1143.000000  5.416022e-024
1143.200000  -5.153775e-024
1143.400000  3.961136e-024
1143.600000  1.192761e-023
1143.800000  -1.136918e-023
1144.000000  -2.060229e-023
1144.200000  5.250107e-025
1144.400000  8.146619e-024
1144.600000  -1.934479e-023
1144.800000  -3.116855e-023
1145.000000  -1.791896e-023
1145.200000  -1.997292e-023
1145.400000  -2.879141e-023
1145.600000  -2.422410e-023
1145.800000  -2.138239e-023
1146.000000  -2.751655e-023
1146.200000  -3.386751e-023
1146.400000  3.408483e-024
1146.600000  2.342733e-023
1146.800000  2.129684e-023
1147.000000  1.547721e-023
1147.200000  3.354717e-023
1147.400000  3.553159e-023
1147.600000  2.422283e-023
1147.800000  2.183088e-023
1148.000000  2.822166e-023
1148.200000  2.197036e-023
1148.400000  1.773038e-023
1148.600000  4.160361e-023
1148.800000  5.201510e-023
1149.000000  3.085069e-023
1149.200000  1.351239e-023
1149.400000  2.310332e-023
1149.600000  2.096962e-023
1149.800000  -2.163773e-024
1150.000000  -5.014372e-024
