800.000000  -3.915425e-039
800.200000  -3.915425e-039
800.400000  -3.915425e-039
800.600000  -3.915425e-039
800.800000  -9.569283e-039
801.000000  -8.136617e-039
801.200000  -3.412900e-039
801.400000  -6.380713e-039
801.600000  -1.021643e-038
801.800000  -5.671992e-039
802.000000  -2.976103e-039
802.200000  -9.192538e-039
802.400000  -1.008954e-038
802.600000  -4.299980e-039
802.800000  -5.382930e-039
803.000000  -1.483725e-038
803.200000  -1.211707e-038
803.400000  -1.028874e-038
803.600000  -1.895767e-038
803.800000  -2.533786e-038
804.000000  -1.785411e-038
804.200000  -1.321396e-038
804.400000  -2.150325e-038
804.600000  -2.152001e-038
804.800000  -8.516897e-039
805.000000  -1.223836e-038
805.200000  -2.379202e-038
805.400000  -1.554143e-038
805.600000  -5.112072e-039
805.800000  -1.073854e-038
806.000000  -1.972627e-038
806.200000  3.426447e-039
806.400000  1.089571e-038
806.600000  -4.705898e-039
806.800000  -4.109908e-039
807.000000  7.775417e-039
807.200000  -8.649625e-040
807.400000  -3.499706e-038
807.600000  -3.069447e-038
807.800000  -1.213095e-038
808.000000  -4.241881e-038
808.200000  -6.154781e-038
808.400000  -3.152291e-038
808.600000  -2.696916e-038
808.800000  -4.687580e-038
809.000000  -2.753792e-038
809.200000  9.494489e-039
809.400000  -1.282530e-038
809.600000  -4.431885e-038
809.800000  -2.224497e-038
810.000000  -8.613291e-039
810.200000  -4.488296e-038
810.400000  -5.104967e-038
810.600000  5.514736e-040
810.800000  2.474718e-038
811.000000  -3.585603e-038
811.200000  -3.558885e-039
811.400000  3.605327e-038
811.600000  -9.033743e-039
811.800000  -5.386742e-038
812.000000  1.065985e-038
812.200000  8.826455e-039
812.400000  -7.740512e-038
812.600000  -1.279292e-037
812.800000  -3.194592e-039
813.000000  -2.197485e-038
813.200000  -1.033551e-037
813.400000  -1.442886e-037
813.600000  -1.162740e-037
813.800000  -2.608526e-037
814.000000  -3.240043e-037
814.200000  -1.321990e-037
814.400000  -5.625780e-038
814.600000  -1.557454e-037
814.800000  -2.016106e-037
815.000000  4.072443e-039
815.200000  -1.385726e-038
815.400000  -1.399494e-037
815.600000  -1.860948e-038
815.800000  1.547959e-037
816.000000  7.188969e-038
816.200000  -1.175222e-037
816.400000  1.063651e-037
816.600000  1.865463e-037
816.800000  -3.102648e-038
817.000000  -7.188433e-038
817.200000  1.718508e-037
817.400000  1.264213e-037
817.600000  -2.023454e-037
817.800000  -5.645429e-038
818.000000  2.599877e-038
818.200000  -2.007575e-037
818.400000  -4.614291e-037
818.600000  -1.316989e-037
818.800000  -1.489994e-037
819.000000  -5.856024e-037
819.200000  -6.818773e-037
819.400000  -3.324810e-037
819.600000  -3.850555e-037
819.800000  -4.972455e-037
820.000000  -2.239509e-037
820.200000  4.041317e-038
820.400000  -2.776287e-037
820.600000  -3.557528e-037
820.800000  3.420045e-037
821.000000  6.040365e-037
821.200000  6.835058e-038
821.400000  3.106582e-038
821.600000  9.709026e-037
821.800000  1.561036e-037
822.000000  -5.186591e-037
822.200000  5.540780e-038
822.400000  7.876323e-037
822.600000  7.030229e-038
822.800000  -4.423029e-037
823.000000  1.257230e-037
823.200000  -2.735078e-037
823.400000  -1.244217e-036
823.600000  -1.059785e-036
823.800000  -7.111692e-037
824.000000  -1.498772e-036
824.200000  -2.661529e-036
824.400000  -1.942411e-036
824.600000  -2.026103e-036
824.800000  -1.853888e-036
825.000000  -2.840220e-036
825.200000  -1.069586e-036
825.400000  9.057323e-037
825.600000  -4.283990e-037
825.800000  -1.079872e-037
826.000000  1.689751e-036
826.200000  1.776777e-036
826.400000  -1.342283e-036
826.600000  7.841069e-038
826.800000  2.470396e-036
827.000000  8.224950e-037
827.200000  -9.163233e-037
827.400000  -3.698776e-037
827.600000  -1.123002e-037
827.800000  -3.746720e-036
828.000000  -5.563139e-036
828.200000  -2.568487e-036
828.400000  -1.763973e-036
828.600000  -5.890175e-036
828.800000  -3.952738e-036
829.000000  -1.552182e-037
829.200000  -2.904452e-036
829.400000  -4.393237e-036
829.600000  -1.228133e-036
829.800000  2.678080e-036
830.000000  -3.559999e-036
830.200000  -4.619500e-036
830.400000  -9.702246e-037
830.600000  -1.282011e-036
830.800000  -8.365784e-036
831.000000  -2.101412e-036
831.200000  3.942747e-036
831.400000  -3.923042e-036
831.600000  -6.475297e-036
831.800000  -1.667786e-036
832.000000  -6.313420e-036
832.200000  -1.417171e-035
832.400000  -1.111752e-035
832.600000  1.235893e-036
832.800000  -1.021117e-036
833.000000  -7.139290e-036
833.200000  6.704211e-036
833.400000  1.279747e-035
833.600000  6.043142e-037
833.800000  -1.379593e-036
834.000000  6.983190e-036
834.200000  -1.828431e-036
834.400000  -2.109017e-035
834.600000  -1.569512e-035
834.800000  -1.056621e-035
835.000000  -2.083382e-035
835.200000  -2.397379e-035
835.400000  -1.376750e-036
835.600000  1.440290e-036
835.800000  -1.341596e-035
836.000000  -3.403606e-036
836.200000  1.267079e-035
836.400000  -7.699283e-036
836.600000  -2.023121e-035
836.800000  8.435346e-036
837.000000  2.038691e-035
837.200000  -1.965970e-035
837.400000  -3.112335e-035
837.600000  -3.165152e-036
837.800000  1.413726e-036
838.000000  -3.035667e-035
838.200000  -2.598558e-035
838.400000  7.066166e-036
838.600000  -1.453603e-035
838.800000  -3.559196e-035
839.000000  6.283310e-036
839.200000  3.100912e-035
839.400000  -5.933650e-036
839.600000  -1.520985e-035
839.800000  4.486917e-035
840.000000  3.596877e-035
840.200000  -7.578897e-036
840.400000  3.448430e-035
840.600000  8.432822e-035
840.800000  6.189457e-035
841.000000  -1.189635e-035
841.200000  2.841573e-035
841.400000  3.808216e-035
841.600000  -2.716847e-035
841.800000  -4.979614e-035
842.000000  -6.079804e-036
842.200000  -3.439729e-037
842.400000  -7.312382e-035
842.600000  -4.223120e-035
842.800000  3.003004e-035
843.000000  -6.353078e-035
843.200000  -1.200681e-034
843.400000  -4.632257e-035
843.600000  -3.064371e-035
843.800000  -1.013157e-034
844.000000  -8.647387e-035
844.200000  1.093032e-034
844.400000  9.177358e-035
844.600000  -2.238841e-035
844.800000  -2.599217e-036
845.000000  1.182634e-034
845.200000  1.680260e-036
845.400000  -1.229912e-034
845.600000  5.176445e-035
845.800000  1.018054e-034
846.000000  -5.890549e-035
846.200000  -2.284049e-035
846.400000  1.870873e-034
846.600000  1.369537e-034
846.800000  -1.080851e-034
847.000000  -4.645051e-035
847.200000  2.074721e-035
847.400000  -2.476025e-034
847.600000  -3.363877e-034
847.800000  -8.313644e-035
848.000000  -4.970844e-035
848.200000  -3.149532e-034
848.400000  -3.829469e-034
848.600000  -1.056113e-035
848.800000  -1.843084e-034
849.000000  -2.854953e-034
849.200000  -3.803848e-035
849.400000  3.362497e-034
849.600000  4.267066e-035
849.800000  -1.040388e-034
850.000000  4.062948e-034
850.200000  3.774724e-034
850.400000  -7.590192e-035
850.600000  4.928987e-035
850.800000  4.952603e-034
851.000000  6.918033e-035
851.200000  -5.161260e-034
851.400000  -1.624190e-034
851.600000  3.433654e-034
851.800000  -1.117081e-034
852.000000  -6.219289e-034
852.200000  1.779545e-034
852.400000  1.892809e-034
852.600000  -8.590893e-034
852.800000  -9.636110e-034
853.000000  9.597802e-035
853.200000  -2.715953e-034
853.400000  -7.717166e-034
853.600000  7.901953e-036
853.800000  2.298152e-034
854.000000  -9.910325e-034
854.200000  -1.441011e-033
854.400000  3.599919e-035
854.600000  4.050058e-034
854.800000  -6.787477e-034
855.000000  -1.915962e-034
855.200000  1.643808e-033
855.400000  1.170380e-033
855.600000  6.247172e-034
855.800000  1.267762e-033
856.000000  1.647316e-033
856.200000  8.182233e-035
856.400000  -1.278976e-033
856.600000  8.300746e-034
856.800000  -1.782337e-034
857.000000  -2.049815e-033
857.200000  -7.233490e-034
857.400000  1.184856e-033
857.600000  -8.400838e-034
857.800000  -3.517672e-033
858.000000  -2.117894e-033
858.200000  -2.287418e-033
858.400000  -4.911976e-033
858.600000  -4.906519e-033
858.800000  -9.276054e-034
859.000000  -1.605247e-033
859.200000  -4.392676e-033
859.400000  -2.720710e-033
859.600000  1.218024e-033
859.800000  -5.174211e-034
860.000000  -2.003436e-033
860.200000  3.857292e-033
860.400000  3.814765e-033
860.600000  -1.233578e-034
860.800000  -8.982868e-034
861.000000  4.505234e-033
861.200000  1.777858e-033
861.400000  -4.549148e-033
861.600000  -1.119383e-033
861.800000  1.722183e-033
862.000000  -4.841307e-033
862.200000  -9.224334e-033
862.400000  -3.293468e-033
862.600000  -3.396284e-033
862.800000  -1.350902e-032
863.000000  -1.047497e-032
863.200000  9.318672e-034
863.400000  -1.605211e-033
863.600000  -9.136884e-033
863.800000  -2.245491e-033
864.000000  3.363996e-033
864.200000  -4.769985e-033
864.400000  -1.040574e-032
864.600000  2.060500e-033
864.800000  3.520698e-033
865.000000  -1.061220e-032
865.200000  -1.384597e-032
865.400000  3.799756e-033
865.600000  -2.332303e-033
865.800000  -1.590152e-032
866.000000  -2.366575e-033
866.200000  7.851355e-033
866.400000  1.257523e-033
866.600000  -3.204779e-033
866.800000  1.405286e-032
867.000000  1.504140e-032
867.200000  -5.144045e-033
867.400000  2.140374e-033
867.600000  1.979739e-032
867.800000  5.383255e-033
868.000000  -1.473227e-032
868.200000  -1.862657e-033
868.400000  -1.798869e-033
868.600000  -2.578388e-032
868.800000  -4.448927e-032
869.000000  -7.404530e-033
869.200000  -9.851373e-033
869.400000  -2.527512e-032
869.600000  -1.392694e-032
869.800000  1.756592e-032
870.000000  5.249240e-033
870.200000  -1.798044e-032
870.400000  1.878729e-032
870.600000  2.670269e-032
870.800000  -1.369342e-032
871.000000  -1.678576e-032
871.200000  4.382670e-032
871.400000  1.414398e-032
871.600000  -1.195552e-032
871.800000  -9.008540e-034
872.000000  5.641510e-032
872.200000  9.292714e-033
872.400000  -1.454440e-032
872.600000  4.975205e-032
872.800000  6.098258e-032
873.000000  -7.035366e-033
873.200000  -3.590974e-032
873.400000  4.463698e-032
873.600000  4.347012e-032
873.800000  -1.247819e-032
874.000000  7.356373e-032
874.200000  1.284245e-031
874.400000  6.566971e-032
874.600000  4.689507e-033
874.800000  1.082480e-031
875.000000  1.520206e-031
875.200000  6.695048e-032
875.400000  5.867338e-032
875.600000  1.092167e-031
875.800000  4.138572e-032
876.000000  -5.738436e-032
876.200000  -2.523800e-032
876.400000  4.714858e-032
876.600000  4.996221e-032
876.800000  1.463212e-032
877.000000  1.687595e-031
877.200000  1.642502e-031
877.400000  8.822759e-032
877.600000  1.354108e-031
877.800000  3.024342e-031
878.000000  2.070090e-031
878.200000  5.470841e-032
878.400000  2.982826e-031
878.600000  4.604316e-031
878.800000  2.781612e-031
879.000000  2.143858e-031
879.200000  5.283786e-031
879.400000  5.551260e-031
879.600000  2.787626e-031
879.800000  3.046640e-031
880.000000  5.095394e-031
880.200000  3.070439e-031
880.400000  1.577885e-031
880.600000  4.840995e-031
880.800000  6.880161e-031
881.000000  4.072229e-031
881.200000  2.165738e-031
881.400000  5.393601e-031
881.600000  4.312753e-031
881.800000  5.816471e-032
882.000000  1.739288e-031
882.200000  9.567490e-031
882.400000  9.286262e-031
882.600000  6.911807e-031
882.800000  1.346335e-030
883.000000  1.603226e-030
883.200000  1.306493e-030
883.400000  1.183298e-030
883.600000  2.074172e-030
883.800000  2.359999e-030
884.000000  1.864139e-030
884.200000  2.222006e-030
884.400000  2.861360e-030
884.600000  2.496608e-030
884.800000  1.803195e-030
885.000000  2.134152e-030
885.200000  2.014705e-030
885.400000  1.659697e-030
885.600000  2.091019e-030
885.800000  3.006569e-030
886.000000  3.101063e-030
886.200000  2.392646e-030
886.400000  3.376456e-030
886.600000  4.773258e-030
886.800000  4.747530e-030
887.000000  4.644089e-030
887.200000  6.376503e-030
887.400000  6.927222e-030
887.600000  6.518076e-030
887.800000  6.581121e-030
888.000000  8.370567e-030
888.200000  8.416995e-030
888.400000  7.217398e-030
888.600000  9.055670e-030
888.800000  1.043002e-029
889.000000  9.588223e-030
889.200000  9.023679e-030
889.400000  1.111935e-029
889.600000  1.189929e-029
889.800000  1.001992e-029
890.000000  1.099313e-029
890.200000  1.416062e-029
890.400000  1.353274e-029
890.600000  1.215669e-029
890.800000  1.533573e-029
891.000000  1.904692e-029
891.200000  1.811232e-029
891.400000  1.780458e-029
891.600000  2.325777e-029
891.800000  2.537576e-029
892.000000  2.541159e-029
892.200000  2.699845e-029
892.400000  3.256734e-029
892.600000  3.199705e-029
892.800000  2.991483e-029
893.000000  3.492525e-029
893.200000  3.898823e-029
893.400000  3.947651e-029
893.600000  4.041084e-029
893.800000  4.823196e-029
894.000000  5.072539e-029
894.200000  4.671925e-029
894.400000  5.004605e-029
894.600000  5.500655e-029
894.800000  5.217845e-029
895.000000  4.775025e-029
895.200000  5.561252e-029
895.400000  6.402194e-029
895.600000  6.066117e-029
895.800000  6.390542e-029
896.000000  7.533103e-029
896.200000  7.920599e-029
896.400000  7.421917e-029
896.600000  8.331743e-029
896.800000  9.034362e-029
897.000000  8.425228e-029
897.200000  8.238754e-029
897.400000  9.890930e-029
897.600000  1.160282e-028
897.800000  1.196558e-028
898.000000  1.279882e-028
898.200000  1.479206e-028
898.400000  1.502512e-028
898.600000  1.405065e-028
898.800000  1.436224e-028
899.000000  1.585092e-028
899.200000  1.541869e-028
899.400000  1.522848e-028
899.600000  1.740325e-028
899.800000  1.883950e-028
900.000000  1.801709e-028
900.200000  1.884311e-028
900.400000  2.172940e-028
900.600000  2.319234e-028
900.800000  2.294602e-028
901.000000  2.574456e-028
901.200000  2.873443e-028
901.400000  2.910060e-028
901.600000  3.065573e-028
901.800000  3.491086e-028
902.000000  3.635337e-028
902.200000  3.550280e-028
902.400000  3.735763e-028
902.600000  4.144786e-028
902.800000  4.208925e-028
903.000000  4.042285e-028
903.200000  4.545470e-028
903.400000  5.064907e-028
903.600000  5.211618e-028
903.800000  5.284430e-028
904.000000  5.966465e-028
904.200000  6.283696e-028
904.400000  6.176558e-028
904.600000  6.402046e-028
904.800000  7.063505e-028
905.000000  7.387621e-028
905.200000  7.325977e-028
905.400000  8.018224e-028
905.600000  8.739435e-028
905.800000  8.853617e-028
906.000000  9.040028e-028
906.200000  1.011026e-027
906.400000  1.072273e-027
906.600000  1.091946e-027
906.800000  1.182258e-027
907.000000  1.316017e-027
907.200000  1.367715e-027
907.400000  1.394918e-027
907.600000  1.500608e-027
907.800000  1.608014e-027
908.000000  1.635036e-027
908.200000  1.691063e-027
908.400000  1.883388e-027
908.600000  1.924637e-027
908.800000  1.897817e-027
909.000000  2.035889e-027
909.200000  2.319504e-027
909.400000  2.456341e-027
909.600000  2.503026e-027
909.800000  2.796622e-027
910.000000  3.036063e-027
910.200000  3.150266e-027
910.400000  3.349056e-027
910.600000  3.754896e-027
910.800000  3.957349e-027
911.000000  4.072445e-027
911.200000  4.407766e-027
911.400000  4.876434e-027
911.600000  5.165429e-027
911.800000  5.396395e-027
912.000000  5.933329e-027
912.200000  6.470476e-027
912.400000  6.836844e-027
912.600000  7.206171e-027
912.800000  7.906914e-027
913.000000  8.403155e-027
913.200000  8.874343e-027
913.400000  9.563691e-027
913.600000  1.047456e-026
913.800000  1.106757e-026
914.000000  1.171506e-026
914.200000  1.280927e-026
914.400000  1.392402e-026
914.600000  1.474280e-026
914.800000  1.584099e-026
915.000000  1.745701e-026
915.200000  1.878325e-026
915.400000  1.996719e-026
915.600000  2.179038e-026
915.800000  2.419579e-026
916.000000  2.621037e-026
916.200000  2.838996e-026
916.400000  3.140199e-026
916.600000  3.434954e-026
916.800000  3.712796e-026
917.000000  4.052902e-026
917.200000  4.490504e-026
917.400000  4.888630e-026
917.600000  5.313857e-026
917.800000  5.825202e-026
918.000000  6.339960e-026
918.200000  6.791968e-026
918.400000  7.227162e-026
918.600000  7.755152e-026
918.800000  8.264930e-026
919.000000  8.629643e-026
919.200000  9.060201e-026
919.400000  9.532913e-026
919.600000  9.915517e-026
919.800000  1.022810e-025
920.000000  1.064607e-025
920.200000  1.103013e-025
920.400000  1.136092e-025
920.600000  1.174655e-025
920.800000  1.229211e-025
921.000000  1.277186e-025
921.200000  1.317529e-025
921.400000  1.367468e-025
921.600000  1.435047e-025
921.800000  1.494943e-025
922.000000  1.560984e-025
922.200000  1.639811e-025
922.400000  1.717456e-025
922.600000  1.762914e-025
922.800000  1.802893e-025
923.000000  1.854561e-025
923.200000  1.888805e-025
923.400000  1.916284e-025
923.600000  1.962866e-025
923.800000  2.026140e-025
924.000000  2.061272e-025
924.200000  2.103742e-025
924.400000  2.165992e-025
924.600000  2.210219e-025
924.800000  2.245314e-025
925.000000  2.295500e-025
925.200000  2.389025e-025
925.400000  2.459537e-025
925.600000  2.494721e-025
925.800000  2.562103e-025
926.000000  2.652720e-025
926.200000  2.705138e-025
926.400000  2.760292e-025
926.600000  2.880487e-025
926.800000  2.972395e-025
927.000000  3.053434e-025
927.200000  3.149554e-025
927.400000  3.285109e-025
927.600000  3.376838e-025
927.800000  3.447455e-025
928.000000  3.591033e-025
928.200000  3.758471e-025
928.400000  3.865016e-025
928.600000  3.974104e-025
928.800000  4.151558e-025
929.000000  4.284965e-025
929.200000  4.396846e-025
929.400000  4.544470e-025
929.600000  4.782250e-025
929.800000  4.952533e-025
930.000000  5.107401e-025
930.200000  5.319553e-025
930.400000  5.553788e-025
930.600000  5.738439e-025
930.800000  5.935447e-025
931.000000  6.216651e-025
931.200000  6.437722e-025
931.400000  6.532902e-025
931.600000  6.723009e-025
931.800000  7.014617e-025
932.000000  7.261541e-025
932.200000  7.452878e-025
932.400000  7.788011e-025
932.600000  8.089684e-025
932.800000  8.287408e-025
933.000000  8.544570e-025
933.200000  8.944912e-025
933.400000  9.326400e-025
933.600000  9.598392e-025
933.800000  9.955915e-025
934.000000  1.042968e-024
934.200000  1.073228e-024
934.400000  1.105082e-024
934.600000  1.148427e-024
934.800000  1.186536e-024
935.000000  1.200826e-024
935.200000  1.217963e-024
935.400000  1.272664e-024
935.600000  1.309127e-024
935.800000  1.325057e-024
936.000000  1.353790e-024
936.200000  1.396390e-024
936.400000  1.407924e-024
936.600000  1.415199e-024
936.800000  1.451493e-024
937.000000  1.481093e-024
937.200000  1.491194e-024
937.400000  1.509869e-024
937.600000  1.558446e-024
937.800000  1.608494e-024
938.000000  1.660747e-024
938.200000  1.750400e-024
938.400000  1.845491e-024
938.600000  1.918700e-024
938.800000  2.002387e-024
939.000000  2.165848e-024
939.200000  2.328024e-024
939.400000  2.459143e-024
939.600000  2.622460e-024
939.800000  2.829279e-024
940.000000  3.005696e-024
940.200000  3.174967e-024
940.400000  3.382642e-024
940.600000  3.615752e-024
940.800000  3.791053e-024
941.000000  3.969388e-024
941.200000  4.191257e-024
941.400000  4.420441e-024
941.600000  4.589177e-024
941.800000  4.761501e-024
942.000000  5.000013e-024
942.200000  5.185598e-024
942.400000  5.285071e-024
942.600000  5.471520e-024
942.800000  5.712136e-024
943.000000  5.868812e-024
943.200000  6.046309e-024
943.400000  6.301121e-024
943.600000  6.496578e-024
943.800000  6.608509e-024
944.000000  6.807603e-024
944.200000  7.115478e-024
944.400000  7.322249e-024
944.600000  7.478373e-024
944.800000  7.768051e-024
945.000000  8.132741e-024
945.200000  8.405369e-024
945.400000  8.649136e-024
945.600000  9.042425e-024
945.800000  9.341356e-024
946.000000  9.561481e-024
946.200000  9.838805e-024
946.400000  1.019435e-023
946.600000  1.042005e-023
946.800000  1.059299e-023
947.000000  1.096968e-023
947.200000  1.143768e-023
947.400000  1.169838e-023
947.600000  1.197940e-023
947.800000  1.251831e-023
948.000000  1.299657e-023
948.200000  1.331258e-023
948.400000  1.379075e-023
948.600000  1.445912e-023
948.800000  1.484225e-023
949.000000  1.517157e-023
949.200000  1.588510e-023
949.400000  1.657671e-023
949.600000  1.701831e-023
949.800000  1.754594e-023
950.000000  1.839712e-023
950.200000  1.904572e-023
950.400000  1.950976e-023
950.600000  2.022034e-023
950.800000  2.124588e-023
951.000000  2.196403e-023
951.200000  2.248302e-023
951.400000  2.352906e-023
951.600000  2.451694e-023
951.800000  2.522055e-023
952.000000  2.620403e-023
952.200000  2.769484e-023
952.400000  2.891649e-023
952.600000  2.980329e-023
952.800000  3.122795e-023
953.000000  3.284307e-023
953.200000  3.389438e-023
953.400000  3.480740e-023
953.600000  3.636144e-023
953.800000  3.822225e-023
954.000000  3.951236e-023
954.200000  4.098860e-023
954.400000  4.317377e-023
954.600000  4.498068e-023
954.800000  4.623780e-023
955.000000  4.810118e-023
955.200000  5.015486e-023
955.400000  5.194260e-023
955.600000  5.410703e-023
955.800000  5.667679e-023
956.000000  5.903367e-023
956.200000  6.105912e-023
956.400000  6.367761e-023
956.600000  6.625776e-023
956.800000  6.862814e-023
957.000000  7.107889e-023
957.200000  7.442972e-023
957.400000  7.751678e-023
957.600000  8.078074e-023
957.800000  8.447710e-023
958.000000  8.882737e-023
958.200000  9.260610e-023
958.400000  9.610277e-023
958.600000  1.004359e-022
958.800000  1.053958e-022
959.000000  1.095168e-022
959.200000  1.136152e-022
959.400000  1.187075e-022
959.600000  1.234661e-022
959.800000  1.278029e-022
960.000000  1.326382e-022
960.200000  1.382531e-022
960.400000  1.429214e-022
960.600000  1.473933e-022
960.800000  1.531042e-022
961.000000  1.580655e-022
961.200000  1.619896e-022
961.400000  1.648156e-022
961.600000  1.698149e-022
961.800000  1.741543e-022
962.000000  1.777632e-022
962.200000  1.824195e-022
962.400000  1.884449e-022
962.600000  1.938726e-022
962.800000  1.995510e-022
963.000000  2.175365e-022
963.200000  2.698123e-022
963.400000  3.376354e-022
963.600000  3.812271e-022
963.800000  3.493735e-022
964.000000  2.959514e-022
964.200000  2.616267e-022
964.400000  2.483595e-022
964.600000  2.490375e-022
964.800000  2.533117e-022
965.000000  2.589605e-022
965.200000  2.667096e-022
965.400000  2.744651e-022
965.600000  2.808143e-022
965.800000  2.882182e-022
966.000000  2.983433e-022
966.200000  3.054538e-022
966.400000  3.113191e-022
966.600000  3.192952e-022
966.800000  3.283610e-022
967.000000  3.366701e-022
967.200000  3.420745e-022
967.400000  3.497742e-022
967.600000  3.559928e-022
967.800000  3.601465e-022
968.000000  3.672939e-022
968.200000  3.788123e-022
968.400000  3.869116e-022
968.600000  3.912337e-022
968.800000  3.944893e-022
969.000000  3.991160e-022
969.200000  3.978897e-022
969.400000  3.961315e-022
969.600000  4.002260e-022
969.800000  4.054654e-022
970.000000  4.060690e-022
970.200000  4.082958e-022
970.400000  4.183673e-022
970.600000  4.232261e-022
970.800000  4.231477e-022
971.000000  4.309746e-022
971.200000  4.393002e-022
971.400000  4.470610e-022
971.600000  4.557806e-022
971.800000  4.738672e-022
972.000000  4.852817e-022
972.200000  4.911270e-022
972.400000  5.029154e-022
972.600000  5.224659e-022
972.800000  5.403439e-022
973.000000  5.604555e-022
973.200000  5.940243e-022
973.400000  6.307261e-022
973.600000  6.517917e-022
973.800000  6.679582e-022
974.000000  6.961215e-022
974.200000  7.239775e-022
974.400000  7.508585e-022
974.600000  7.956366e-022
974.800000  8.614231e-022
975.000000  9.319567e-022
975.200000  9.818803e-022
975.400000  1.072350e-021
975.600000  1.127714e-021
975.800000  1.210443e-021
976.000000  1.315786e-021
976.200000  1.453983e-021
976.400000  1.560315e-021
976.600000  1.725996e-021
976.800000  1.934377e-021
977.000000  2.170081e-021
977.200000  2.437781e-021
977.400000  2.772447e-021
977.600000  3.241297e-021
977.800000  3.838790e-021
978.000000  4.427352e-021
978.200000  4.975439e-021
978.400000  5.520435e-021
978.600000  6.102338e-021
978.800000  6.881151e-021
979.000000  7.974253e-021
979.200000  9.411998e-021
979.400000  1.130566e-020
979.600000  1.406272e-020
979.800000  1.728685e-020
980.000000  2.050920e-020
980.200000  2.312871e-020
980.400000  2.553112e-020
980.600000  2.749153e-020
980.800000  2.452159e-020
981.000000  1.934178e-020
981.200000  1.503738e-020
981.400000  1.226165e-020
981.600000  1.075878e-020
981.800000  9.824930e-021
982.000000  8.426899e-021
982.200000  6.660796e-021
982.400000  5.221817e-021
982.600000  4.243676e-021
982.800000  3.743592e-021
983.000000  3.425204e-021
983.200000  3.253594e-021
983.400000  3.441612e-021
983.600000  3.702024e-021
983.800000  4.065515e-021
984.000000  4.753704e-021
984.200000  5.651975e-021
984.400000  6.562163e-021
984.600000  7.277942e-021
984.800000  7.744881e-021
985.000000  7.859771e-021
985.200000  7.629787e-021
985.400000  7.654849e-021
985.600000  7.874914e-021
985.800000  8.040935e-021
986.000000  8.180724e-021
986.200000  8.364379e-021
986.400000  8.465824e-021
986.600000  8.301336e-021
986.800000  8.022789e-021
987.000000  7.923332e-021
987.200000  7.669176e-021
987.400000  7.298394e-021
987.600000  7.109468e-021
987.800000  7.097142e-021
988.000000  6.843472e-021
988.200000  6.603218e-021
988.400000  6.558312e-021
988.600000  6.630637e-021
988.800000  6.533539e-021
989.000000  6.728935e-021
989.200000  7.094267e-021
989.400000  7.319925e-021
989.600000  7.318797e-021
989.800000  7.611249e-021
990.000000  8.100640e-021
990.200000  8.329639e-021
990.400000  8.492934e-021
990.600000  9.095198e-021
990.800000  9.682560e-021
991.000000  9.859799e-021
991.200000  1.003844e-020
991.400000  1.039299e-020
991.600000  1.026381e-020
991.800000  9.711127e-021
992.000000  9.527973e-021
992.200000  9.407200e-021
992.400000  8.662395e-021
992.600000  7.940759e-021
992.800000  7.813064e-021
993.000000  7.197542e-021
993.200000  6.577789e-021
993.400000  6.132296e-021
993.600000  5.891286e-021
993.800000  5.406505e-021
994.000000  4.872370e-021
994.200000  4.991920e-021
994.400000  4.825080e-021
994.600000  4.678781e-021
994.800000  4.535168e-021
995.000000  4.450051e-021
995.200000  4.394679e-021
995.400000  4.320220e-021
995.600000  4.272592e-021
995.800000  4.227863e-021
996.000000  4.163011e-021
996.200000  4.073964e-021
996.400000  3.977710e-021
996.600000  3.878243e-021
996.800000  3.756452e-021
997.000000  3.623340e-021
997.200000  3.525219e-021
997.400000  3.400676e-021
997.600000  3.274869e-021
997.800000  3.162952e-021
998.000000  3.049796e-021
998.200000  2.949573e-021
998.400000  2.835968e-021
998.600000  2.736337e-021
998.800000  2.653768e-021
999.000000  2.555780e-021
999.200000  2.445382e-021
999.400000  2.379580e-021
999.600000  2.296310e-021
999.800000  2.217973e-021
1000.000000  2.191584e-021
1000.200000  2.154912e-021
1000.400000  2.096666e-021
1000.600000  2.055721e-021
1000.800000  2.023925e-021
1001.000000  2.008492e-021
1001.200000  2.009471e-021
1001.400000  1.979584e-021
1001.600000  1.969202e-021
1001.800000  1.970138e-021
1002.000000  1.974169e-021
1002.200000  1.962711e-021
1002.400000  1.955364e-021
1002.600000  1.960421e-021
1002.800000  1.965485e-021
1003.000000  1.961223e-021
1003.200000  1.976676e-021
1003.400000  1.975529e-021
1003.600000  1.972297e-021
1003.800000  1.965933e-021
1004.000000  1.976231e-021
1004.200000  1.983417e-021
1004.400000  1.979127e-021
1004.600000  2.003052e-021
1004.800000  2.016558e-021
1005.000000  2.022756e-021
1005.200000  2.022672e-021
1005.400000  2.039379e-021
1005.600000  2.040358e-021
1005.800000  2.052905e-021
1006.000000  2.069685e-021
1006.200000  2.094926e-021
1006.400000  2.093845e-021
1006.600000  2.103317e-021
1006.800000  2.131831e-021
1007.000000  2.150877e-021
1007.200000  2.163604e-021
1007.400000  2.178474e-021
1007.600000  2.208227e-021
1007.800000  2.242285e-021
1008.000000  2.256207e-021
1008.200000  2.294632e-021
1008.400000  2.335262e-021
1008.600000  2.370637e-021
1008.800000  2.397540e-021
1009.000000  2.451207e-021
1009.200000  2.479308e-021
1009.400000  2.506391e-021
1009.600000  2.550671e-021
1009.800000  2.591819e-021
1010.000000  2.626601e-021
1010.200000  2.660375e-021
1010.400000  2.695288e-021
1010.600000  2.751808e-021
1010.800000  2.795500e-021
1011.000000  2.824167e-021
1011.200000  2.887454e-021
1011.400000  2.916262e-021
1011.600000  2.936464e-021
1011.800000  2.982706e-021
1012.000000  3.016021e-021
1012.200000  3.041800e-021
1012.400000  3.062193e-021
1012.600000  3.108728e-021
1012.800000  3.139019e-021
1013.000000  3.154108e-021
1013.200000  3.180133e-021
1013.400000  3.225862e-021
1013.600000  3.259654e-021
1013.800000  3.270530e-021
1014.000000  3.302235e-021
1014.200000  3.336190e-021
1014.400000  3.363624e-021
1014.600000  3.371336e-021
1014.800000  3.401050e-021
1015.000000  3.430819e-021
1015.200000  3.438608e-021
1015.400000  3.450819e-021
1015.600000  3.470778e-021
1015.800000  3.483037e-021
1016.000000  3.474300e-021
1016.200000  3.479935e-021
1016.400000  3.498877e-021
1016.600000  3.511196e-021
1016.800000  3.511320e-021
1017.000000  3.530336e-021
1017.200000  3.550499e-021
1017.400000  3.546194e-021
1017.600000  3.574208e-021
1017.800000  3.611200e-021
1018.000000  3.635973e-021
1018.200000  3.667500e-021
1018.400000  3.695727e-021
1018.600000  3.735208e-021
1018.800000  3.752334e-021
1019.000000  3.767244e-021
1019.200000  3.797909e-021
1019.400000  3.824132e-021
1019.600000  3.852654e-021
1019.800000  3.882354e-021
1020.000000  3.918876e-021
1020.200000  3.944173e-021
1020.400000  3.971777e-021
1020.600000  4.013006e-021
1020.800000  4.065637e-021
1021.000000  4.071888e-021
1021.200000  4.096303e-021
1021.400000  4.134390e-021
1021.600000  4.178232e-021
1021.800000  4.185738e-021
1022.000000  4.218315e-021
1022.200000  4.227005e-021
1022.400000  4.247122e-021
1022.600000  4.244422e-021
1022.800000  4.256580e-021
1023.000000  4.280204e-021
1023.200000  4.285535e-021
1023.400000  4.273668e-021
1023.600000  4.299659e-021
1023.800000  4.316503e-021
1024.000000  4.272406e-021
1024.200000  4.259308e-021
1024.400000  4.245026e-021
1024.600000  4.224944e-021
1024.800000  4.177100e-021
1025.000000  4.155746e-021
1025.200000  4.125089e-021
1025.400000  4.086260e-021
1025.600000  4.045031e-021
1025.800000  4.016483e-021
1026.000000  3.983228e-021
1026.200000  3.960368e-021
1026.400000  3.950262e-021
1026.600000  3.963432e-021
1026.800000  3.964962e-021
1027.000000  3.975829e-021
1027.200000  4.018260e-021
1027.400000  4.045565e-021
1027.600000  4.084626e-021
1027.800000  4.101493e-021
1028.000000  4.154751e-021
1028.200000  4.208107e-021
1028.400000  4.247460e-021
1028.600000  4.316295e-021
1028.800000  4.388792e-021
1029.000000  4.454353e-021
1029.200000  4.518856e-021
1029.400000  4.587022e-021
1029.600000  4.600937e-021
1029.800000  4.669306e-021
1030.000000  4.734249e-021
1030.200000  4.775601e-021
1030.400000  4.792106e-021
1030.600000  4.834771e-021
1030.800000  4.848977e-021
1031.000000  4.858443e-021
1031.200000  4.882219e-021
1031.400000  4.910806e-021
1031.600000  4.931087e-021
1031.800000  4.934674e-021
1032.000000  4.981319e-021
1032.200000  5.005302e-021
1032.400000  5.008954e-021
1032.600000  5.016207e-021
1032.800000  5.048681e-021
1033.000000  5.059581e-021
1033.200000  5.051248e-021
1033.400000  5.064568e-021
1033.600000  5.064649e-021
1033.800000  5.063519e-021
1034.000000  5.053927e-021
1034.200000  5.061234e-021
1034.400000  5.054031e-021
1034.600000  4.988672e-021
1034.800000  4.923182e-021
1035.000000  4.858773e-021
1035.200000  4.767512e-021
1035.400000  4.644457e-021
1035.600000  4.551585e-021
1035.800000  4.451218e-021
1036.000000  4.334801e-021
1036.200000  4.203508e-021
1036.400000  4.081730e-021
1036.600000  3.982948e-021
1036.800000  3.857040e-021
1037.000000  3.754165e-021
1037.200000  3.663351e-021
1037.400000  3.567448e-021
1037.600000  3.472584e-021
1037.800000  3.382454e-021
1038.000000  3.308151e-021
1038.200000  3.206589e-021
1038.400000  3.134432e-021
1038.600000  3.079420e-021
1038.800000  3.014410e-021
1039.000000  2.931952e-021
1039.200000  2.877813e-021
1039.400000  2.832244e-021
1039.600000  2.797749e-021
1039.800000  2.759459e-021
1040.000000  2.719849e-021
1040.200000  2.678916e-021
1040.400000  2.640392e-021
1040.600000  2.629217e-021
1040.800000  2.588070e-021
1041.000000  2.593056e-021
1041.200000  2.580544e-021
1041.400000  2.559246e-021
1041.600000  2.544167e-021
1041.800000  2.526549e-021
1042.000000  2.532740e-021
1042.200000  2.511302e-021
1042.400000  2.496108e-021
1042.600000  2.506056e-021
1042.800000  2.505940e-021
1043.000000  2.499517e-021
1043.200000  2.508226e-021
1043.400000  2.518212e-021
1043.600000  2.524421e-021
1043.800000  2.530638e-021
1044.000000  2.552071e-021
1044.200000  2.578616e-021
1044.400000  2.602669e-021
1044.600000  2.614058e-021
1044.800000  2.647090e-021
1045.000000  2.668723e-021
1045.200000  2.691670e-021
1045.400000  2.726138e-021
1045.600000  2.749177e-021
1045.800000  2.773536e-021
1046.000000  2.809452e-021
1046.200000  2.863362e-021
1046.400000  2.903272e-021
1046.600000  2.931708e-021
1046.800000  2.952490e-021
1047.000000  2.995161e-021
1047.200000  3.004456e-021
1047.400000  3.020206e-021
1047.600000  3.056609e-021
1047.800000  3.077593e-021
1048.000000  3.076656e-021
1048.200000  3.077008e-021
1048.400000  3.095473e-021
1048.600000  3.091950e-021
1048.800000  3.062486e-021
1049.000000  3.074492e-021
1049.200000  3.065732e-021
1049.400000  3.041350e-021
1049.600000  3.022123e-021
1049.800000  3.013279e-021
1050.000000  3.005718e-021
1050.200000  2.996835e-021
1050.400000  2.961801e-021
1050.600000  2.943698e-021
1050.800000  2.921631e-021
1051.000000  2.895587e-021
1051.200000  2.866868e-021
1051.400000  2.826277e-021
1051.600000  2.782977e-021
1051.800000  2.725125e-021
1052.000000  2.711919e-021
1052.200000  2.696050e-021
1052.400000  2.643217e-021
1052.600000  2.588959e-021
1052.800000  2.563669e-021
1053.000000  2.526423e-021
1053.200000  2.479835e-021
1053.400000  2.433157e-021
1053.600000  2.416896e-021
1053.800000  2.374047e-021
1054.000000  2.308520e-021
1054.200000  2.265482e-021
1054.400000  2.223690e-021
1054.600000  2.149830e-021
1054.800000  2.097172e-021
1055.000000  2.059100e-021
1055.200000  2.002242e-021
1055.400000  1.943936e-021
1055.600000  1.900247e-021
1055.800000  1.848432e-021
1056.000000  1.796516e-021
1056.200000  1.736442e-021
1056.400000  1.695071e-021
1056.600000  1.644202e-021
1056.800000  1.594581e-021
1057.000000  1.562389e-021
1057.200000  1.520689e-021
1057.400000  1.474857e-021
1057.600000  1.437048e-021
1057.800000  1.403225e-021
1058.000000  1.386945e-021
1058.200000  1.343924e-021
1058.400000  1.319004e-021
1058.600000  1.288196e-021
1058.800000  1.264261e-021
1059.000000  1.243138e-021
1059.200000  1.211621e-021
1059.400000  1.193404e-021
1059.600000  1.170785e-021
1059.800000  1.130774e-021
1060.000000  1.116528e-021
1060.200000  1.105401e-021
1060.400000  1.085485e-021
1060.600000  1.066902e-021
1060.800000  1.055419e-021
1061.000000  1.042402e-021
1061.200000  1.016159e-021
1061.400000  1.003904e-021
1061.600000  9.916244e-022
1061.800000  9.674622e-022
1062.000000  9.646471e-022
1062.200000  9.452472e-022
1062.400000  9.331387e-022
1062.600000  9.189303e-022
1062.800000  9.037242e-022
1063.000000  8.945903e-022
1063.200000  8.708637e-022
1063.400000  8.590399e-022
1063.600000  8.466367e-022
1063.800000  8.375500e-022
1064.000000  8.278880e-022
1064.200000  8.136048e-022
1064.400000  8.057151e-022
1064.600000  7.961329e-022
1064.800000  7.828957e-022
1065.000000  7.757922e-022
1065.200000  7.721773e-022
1065.400000  7.598595e-022
1065.600000  7.549578e-022
1065.800000  7.331848e-022
1066.000000  7.286692e-022
1066.200000  7.238628e-022
1066.400000  7.032651e-022
1066.600000  7.035017e-022
1066.800000  6.937149e-022
1067.000000  6.863111e-022
1067.200000  6.795999e-022
1067.400000  6.723091e-022
1067.600000  6.642954e-022
1067.800000  6.488906e-022
1068.000000  6.531897e-022
1068.200000  6.422914e-022
1068.400000  6.399060e-022
1068.600000  6.217129e-022
1068.800000  6.238624e-022
1069.000000  6.248742e-022
1069.200000  6.063283e-022
1069.400000  6.031802e-022
1069.600000  5.967358e-022
1069.800000  5.917104e-022
1070.000000  5.889678e-022
1070.200000  5.787608e-022
1070.400000  5.734154e-022
1070.600000  5.625988e-022
1070.800000  5.626930e-022
1071.000000  5.619229e-022
1071.200000  5.484694e-022
1071.400000  5.486932e-022
1071.600000  5.444411e-022
1071.800000  5.433597e-022
1072.000000  5.340310e-022
1072.200000  5.287381e-022
1072.400000  5.257534e-022
1072.600000  5.320459e-022
1072.800000  5.219436e-022
1073.000000  5.196692e-022
1073.200000  5.131717e-022
1073.400000  5.081176e-022
1073.600000  5.059680e-022
1073.800000  4.950621e-022
1074.000000  4.975673e-022
1074.200000  4.870706e-022
1074.400000  4.824046e-022
1074.600000  4.827074e-022
1074.800000  4.715798e-022
1075.000000  4.745123e-022
1075.200000  4.533717e-022
1075.400000  4.520301e-022
1075.600000  4.473024e-022
1075.800000  4.431544e-022
1076.000000  4.341351e-022
1076.200000  4.340962e-022
1076.400000  4.206217e-022
1076.600000  4.164316e-022
1076.800000  4.076480e-022
1077.000000  4.143928e-022
1077.200000  3.916604e-022
1077.400000  3.866845e-022
1077.600000  3.800657e-022
1077.800000  3.717997e-022
1078.000000  3.705087e-022
1078.200000  3.611755e-022
1078.400000  2.637567e-022
1078.600000  6.256981e-023
1078.800000  0.000000e+000
1079.000000  0.000000e+000
1079.200000  0.000000e+000
1079.400000  1.833914e-024
1079.600000  0.000000e+000
1079.800000  9.996491e-025
1080.000000  4.002301e-024
1080.200000  3.338841e-025
1080.400000  0.000000e+000
1080.600000  3.170400e-024
1080.800000  0.000000e+000
1081.000000  4.346636e-024
1081.200000  4.673712e-024
1081.400000  0.000000e+000
1081.600000  0.000000e+000
1081.800000  0.000000e+000
1082.000000  5.015279e-025
1082.200000  0.000000e+000
1082.400000  6.683723e-025
1082.600000  0.000000e+000
1082.800000  6.025409e-024
1083.000000  0.000000e+000
1083.200000  0.000000e+000
1083.400000  4.019948e-024
1083.600000  1.340965e-023
1083.800000  0.000000e+000
1084.000000  8.042303e-024
1084.200000  0.000000e+000
1084.400000  3.349103e-024
1084.600000  0.000000e+000
1084.800000  0.000000e+000
1085.000000  3.525837e-024
1085.200000  1.006136e-024
1085.400000  2.014743e-024
1085.600000  1.344143e-024
1085.800000  3.187282e-024
1086.000000  1.847456e-024
1086.200000  0.000000e+000
1086.400000  0.000000e+000
1086.600000  0.000000e+000
1086.800000  1.849623e-024
1087.000000  3.535195e-024
1087.200000  0.000000e+000
1087.400000  1.346003e-024
1087.600000  0.000000e+000
1087.800000  0.000000e+000
1088.000000  1.683841e-025
1088.200000  0.000000e+000
1088.400000  3.028998e-024
1088.600000  2.021188e-024
1088.800000  0.000000e+000
1089.000000  1.079740e-023
1089.200000  0.000000e+000
1089.400000  0.000000e+000
1089.600000  0.000000e+000
1089.800000  1.179833e-024
1090.000000  1.349595e-024
1090.200000  0.000000e+000
1090.400000  2.866365e-024
1090.600000  0.000000e+000
1090.800000  3.378105e-024
1091.000000  3.373307e-025
1091.200000  0.000000e+000
1091.400000  0.000000e+000
1091.600000  0.000000e+000
1091.800000  0.000000e+000
1092.000000  0.000000e+000
1092.200000  5.233942e-024
1092.400000  3.549180e-024
1092.600000  0.000000e+000
1092.800000  0.000000e+000
1093.000000  0.000000e+000
1093.200000  1.015377e-024
1093.400000  5.082329e-025
1093.600000  1.690865e-025
1093.800000  0.000000e+000
1094.000000  2.203108e-024
1094.200000  2.368584e-024
1094.400000  6.775403e-025
1094.600000  0.000000e+000
1094.800000  0.000000e+000
1095.000000  1.355582e-024
1095.200000  0.000000e+000
1095.400000  7.452573e-024
1095.600000  5.085281e-025
1095.800000  3.054277e-024
1096.000000  3.727616e-024
1096.200000  0.000000e+000
1096.400000  3.056173e-024
1096.600000  0.000000e+000
1096.800000  0.000000e+000
1097.000000  0.000000e+000
1097.200000  0.000000e+000
1097.400000  0.000000e+000
1097.600000  1.189297e-024
1097.800000  0.000000e+000
1098.000000  3.905243e-024
1098.200000  2.890391e-024
1098.400000  5.274745e-024
1098.600000  0.000000e+000
1098.800000  5.101065e-024
1099.000000  0.000000e+000
1099.200000  2.888819e-024
1099.400000  2.722425e-024
1099.600000  0.000000e+000
1099.800000  1.530391e-024
1100.000000  0.000000e+000
1100.200000  3.738651e-024
1100.400000  0.000000e+000
1100.600000  0.000000e+000
1100.800000  0.000000e+000
1101.000000  0.000000e+000
1101.200000  2.039975e-024
1101.400000  5.443220e-024
1101.600000  0.000000e+000
1101.800000  0.000000e+000
1102.000000  0.000000e+000
1102.200000  0.000000e+000
1102.400000  2.714857e-024
1102.600000  0.000000e+000
1102.800000  2.713120e-024
1103.000000  4.413653e-024
1103.200000  6.272538e-024
1103.400000  6.617454e-024
1103.600000  0.000000e+000
1103.800000  5.087606e-025
1104.000000  0.000000e+000
1104.200000  4.068744e-024
1104.400000  3.394251e-025
1104.600000  0.000000e+000
1104.800000  0.000000e+000
1105.000000  1.185495e-024
1105.200000  0.000000e+000
1105.400000  0.000000e+000
1105.600000  2.879387e-024
1105.800000  0.000000e+000
1106.000000  8.467804e-025
1106.200000  0.000000e+000
1106.400000  6.262404e-024
1106.600000  3.217958e-024
1106.800000  1.691719e-025
1107.000000  1.015881e-024
1107.200000  0.000000e+000
1107.400000  3.215994e-024
1107.600000  0.000000e+000
1107.800000  0.000000e+000
1108.000000  0.000000e+000
1108.200000  0.000000e+000
1108.400000  0.000000e+000
1108.600000  1.351893e-024
1108.800000  0.000000e+000
1109.000000  0.000000e+000
1109.200000  0.000000e+000
1109.400000  2.700849e-024
1109.600000  0.000000e+000
1109.800000  5.399403e-024
1110.000000  0.000000e+000
1110.200000  1.690464e-024
1110.400000  6.752426e-025
1110.600000  5.068451e-024
1110.800000  4.228089e-024
1111.000000  0.000000e+000
1111.200000  0.000000e+000
1111.400000  6.259660e-024
1111.600000  0.000000e+000
1111.800000  0.000000e+000
1112.000000  3.384104e-025
1112.200000  2.879424e-024
1112.400000  0.000000e+000
1112.600000  0.000000e+000
1112.800000  3.220203e-024
1113.000000  0.000000e+000
1113.200000  1.693691e-024
1113.400000  3.052328e-024
1113.600000  0.000000e+000
1113.800000  0.000000e+000
1114.000000  0.000000e+000
1114.200000  0.000000e+000
1114.400000  0.000000e+000
1114.600000  0.000000e+000
1114.800000  8.489907e-024
1115.000000  0.000000e+000
1115.200000  3.394305e-024
1115.400000  2.039116e-024
1115.600000  0.000000e+000
1115.800000  3.905304e-024
1116.000000  0.000000e+000
1116.200000  4.762042e-024
1116.400000  0.000000e+000
1116.600000  5.270693e-024
1116.800000  5.616223e-024
1117.000000  4.768472e-024
1117.200000  3.231026e-024
1117.400000  0.000000e+000
1117.600000  0.000000e+000
1117.800000  1.531240e-024
1118.000000  3.405009e-024
1118.200000  3.408055e-025
1118.400000  0.000000e+000
1118.600000  0.000000e+000
1118.800000  3.410045e-024
1119.000000  0.000000e+000
1119.200000  0.000000e+000
1119.400000  0.000000e+000
1119.600000  0.000000e+000
1119.800000  0.000000e+000
1120.000000  5.630524e-024
1120.200000  0.000000e+000
1120.400000  1.367486e-024
1120.600000  0.000000e+000
1120.800000  4.613412e-024
1121.000000  0.000000e+000
1121.200000  0.000000e+000
1121.400000  3.076602e-024
1121.600000  1.026449e-024
1121.800000  2.397788e-024
1122.000000  0.000000e+000
1122.200000  0.000000e+000
1122.400000  2.569827e-024
1122.600000  0.000000e+000
1122.800000  8.560092e-025
1123.000000  1.713544e-024
1123.200000  3.601830e-024
1123.400000  0.000000e+000
1123.600000  0.000000e+000
1123.800000  3.431986e-024
1124.000000  0.000000e+000
1124.200000  2.407036e-024
1124.400000  3.088595e-024
1124.600000  0.000000e+000
1124.800000  4.642979e-024
1125.000000  0.000000e+000
1125.200000  0.000000e+000
1125.400000  3.096821e-024
1125.600000  4.476752e-024
1125.800000  1.033801e-024
1126.000000  1.891901e-024
1126.200000  6.371172e-024
1126.400000  0.000000e+000
1126.600000  0.000000e+000
1126.800000  0.000000e+000
1127.000000  3.447691e-025
1127.200000  0.000000e+000
1127.400000  2.757841e-024
1127.600000  0.000000e+000
1127.800000  2.934243e-024
1128.000000  2.765187e-024
1128.200000  4.485742e-024
1128.400000  5.181308e-025
1128.600000  1.382907e-024
1128.800000  1.384133e-024
1129.000000  6.909930e-025
1129.200000  0.000000e+000
1129.400000  3.462029e-025
1129.600000  0.000000e+000
1129.800000  0.000000e+000
1130.000000  0.000000e+000
1130.200000  0.000000e+000
1130.400000  0.000000e+000
1130.600000  3.810764e-024
1130.800000  0.000000e+000
1131.000000  0.000000e+000
1131.200000  0.000000e+000
1131.400000  0.000000e+000
1131.600000  0.000000e+000
1131.800000  1.737151e-024
1132.000000  0.000000e+000
1132.200000  0.000000e+000
1132.400000  0.000000e+000
1132.600000  3.478982e-024
1132.800000  8.683219e-025
1133.000000  2.086881e-024
1133.200000  0.000000e+000
1133.400000  0.000000e+000
1133.600000  0.000000e+000
1133.800000  2.262719e-024
1134.000000  2.787784e-024
1134.200000  0.000000e+000
1134.400000  1.218809e-024
1134.600000  8.714004e-025
1134.800000  0.000000e+000
1135.000000  6.981961e-024
1135.200000  0.000000e+000
1135.400000  0.000000e+000
1135.600000  4.715839e-024
1135.800000  0.000000e+000
1136.000000  0.000000e+000
1136.200000  0.000000e+000
1136.400000  3.671346e-024
1136.600000  3.500151e-025
1136.800000  4.717531e-024
1137.000000  2.797674e-024
1137.200000  7.001311e-024
1137.400000  0.000000e+000
1137.600000  0.000000e+000
1137.800000  4.728575e-024
1138.000000  2.453142e-024
1138.200000  0.000000e+000
1138.400000  3.854183e-024
1138.600000  0.000000e+000
1138.800000  0.000000e+000
1139.000000  4.906335e-024
1139.200000  0.000000e+000
1139.400000  1.053233e-024
1139.600000  0.000000e+000
1139.800000  0.000000e+000
1140.000000  0.000000e+000
1140.200000  0.000000e+000
1140.400000  1.759032e-024
1140.600000  0.000000e+000
1140.800000  6.342918e-024
1141.000000  5.467241e-024
1141.200000  0.000000e+000
1141.400000  0.000000e+000
1141.600000  0.000000e+000
1141.800000  0.000000e+000
1142.000000  0.000000e+000
1142.200000  2.659636e-024
1142.400000  6.920314e-024
1142.600000  7.103463e-025
1142.800000  0.000000e+000
1143.000000  0.000000e+000
1143.200000  1.780733e-025
1143.400000  1.603982e-024
1143.600000  0.000000e+000
1143.800000  0.000000e+000
1144.000000  2.502482e-024
1144.200000  1.073201e-024
1144.400000  0.000000e+000
1144.600000  3.044985e-024
1144.800000  3.774902e-024
1145.000000  0.000000e+000
1145.200000  0.000000e+000
1145.400000  0.000000e+000
1145.600000  0.000000e+000
1145.800000  7.221653e-024
1146.000000  0.000000e+000
1146.200000  3.436226e-024
1146.400000  3.801356e-024
1146.600000  0.000000e+000
1146.800000  0.000000e+000
1147.000000  0.000000e+000
1147.200000  1.452973e-024
1147.400000  0.000000e+000
1147.600000  5.639406e-024
1147.800000  0.000000e+000
1148.000000  2.369300e-024
1148.200000  0.000000e+000
1148.400000  0.000000e+000
1148.600000  0.000000e+000
1148.800000  2.195620e-024
1149.000000  0.000000e+000
1149.200000  2.930546e-024
1149.400000  0.000000e+000
1149.600000  2.753069e-024
1149.800000  2.576832e-024
1150.000000  0.000000e+000
